{"lowlevel":{"average_loudness":0.759998440742,"barkbands":{"dmean":[0.0000117204235721,0.00102994334884,0.00101867388003,0.000704407400917,0.000749171944335,0.000222128786845,0.00012747150322,0.000123953082948,0.000380767567549,0.000398994307034,0.00022785559122,0.00024987681536,0.000327660265611,0.000252240482951,0.000301838590531,0.000260077154962,0.000330317590851,0.000282809603959,0.000201675080461,0.00020760994812,0.000188757010619,0.0000698062576703,0.0000472926985822,0.000072063114203,0.0000519520253874,0.0000156558598974,0.00000874281158758],"dmean2":[0.0000193614378077,0.00169548974372,0.00172081775963,0.00112933991477,0.00126308156177,0.000332621915732,0.000194281063159,0.000186256045708,0.000578179431614,0.000611341616604,0.000366868305719,0.00039413527702,0.000510346784722,0.000389485649066,0.000488523510285,0.000419934018282,0.000517555628903,0.000442166085122,0.000310698203975,0.00031394493999,0.000282044435153,0.000108495783934,0.0000691157838446,0.0000980369659374,0.0000691118621035,0.0000201217135327,0.0000115571328934],"dvar":[1.05850661569e-9,0.00000604283013672,0.00000562690820516,0.00000313790610562,0.00000617785826762,1.64952439263e-7,6.73388953487e-8,6.35342516375e-8,7.84437645507e-7,9.78949742603e-7,3.31744331561e-7,6.15837507212e-7,9.16104170301e-7,7.65431252603e-7,5.86910630318e-7,3.9697857801e-7,6.48199090847e-7,4.42265132961e-7,1.85955755683e-7,1.77652850653e-7,1.76126235374e-7,4.61753124625e-8,1.69464584587e-8,3.36806031953e-8,1.99632808062e-8,1.29059096743e-9,5.6230131662e-10],"dvar2":[2.64969490793e-9,0.0000152571092258,0.000015643398001,0.00000824446942715,0.0000171429346665,3.99837148279e-7,1.46085994857e-7,1.42544877235e-7,0.00000188312947103,0.00000238257189267,8.75992725469e-7,0.00000152875452386,0.00000235154925576,0.00000174135004727,0.00000153787482304,9.99451003736e-7,0.00000155708096372,0.00000109003497073,4.22243147113e-7,4.218977665e-7,3.96718093043e-7,1.10473521886e-7,3.6671700343e-8,5.80125174565e-8,3.91337806604e-8,2.2208823669e-9,1.06595487992e-9],"max":[0.000649620895274,0.0552742667496,0.0498167984188,0.0254926290363,0.0422950461507,0.0086466204375,0.0108101498336,0.006494094152,0.0290316045284,0.0192413330078,0.0131562855095,0.0182387214154,0.0199698619545,0.020407339558,0.016285456717,0.0143696041778,0.0151959294453,0.0138619234785,0.00694964593276,0.00775760691613,0.00829720497131,0.00409853924066,0.00366828660481,0.00538826268166,0.00520395487547,0.00050504115643,0.000488808494993],"mean":[0.0000140359015859,0.00151118263602,0.00142749294173,0.00121164461598,0.00114742561709,0.000456541863969,0.000263115827693,0.000237579224631,0.000650882313494,0.000676342810038,0.000360873353202,0.00041433039587,0.000535097206011,0.000388821150409,0.000467165169539,0.000434831250459,0.000616253353655,0.000562737288419,0.000399412820116,0.000429947482189,0.000374384690076,0.000103964965092,0.0000816037427285,0.00014516164083,0.000101478435681,0.0000283723147732,0.0000123767204059],"median":[0.00000374832529815,0.000488723395392,0.000446650083177,0.000366450549336,0.000423375284299,0.000246997980867,0.000126011611428,0.000126187282149,0.000281526823528,0.000245813163929,0.000141296492075,0.000136926930281,0.00015763042029,0.00010173204646,0.000191436673049,0.000177648602403,0.000272465404123,0.00021304746042,0.000137525465107,0.000103644284536,0.0000582585707889,0.0000222466824198,0.0000141954278661,0.000019916362362,0.0000140602833198,0.0000039409069359,7.68882500779e-7],"min":[2.52666408979e-24,5.96259923566e-24,2.50319015305e-24,3.29158991977e-25,5.8720013217e-24,6.60558319342e-24,3.42845339182e-24,1.15732205683e-23,2.78417475554e-23,1.46186386033e-23,6.96199883344e-24,3.35866239422e-23,3.23186152341e-23,4.35548249573e-23,3.62556496181e-23,5.05330664368e-23,1.01442369038e-22,1.01489309418e-22,1.38847016653e-22,1.81836427134e-22,2.50940566701e-22,3.1422520995e-22,4.43700054178e-22,6.33412847243e-22,9.15838076983e-22,1.3501520243e-21,2.00662243014e-21],"var":[1.05026265462e-9,0.00000791753700469,0.00000631956118013,0.00000455998133475,0.00000544575823369,3.931899073e-7,1.91231450231e-7,1.41073655868e-7,0.00000130514354169,0.00000198089128389,5.6673599147e-7,0.00000115515013022,0.0000018524619918,0.00000136644291615,9.33579826778e-7,7.13904057648e-7,0.00000136952917273,0.00000108002893739,4.60019890625e-7,5.34258390417e-7,4.95450649396e-7,5.91670605843e-8,3.25034790194e-8,1.04883028484e-7,5.70282523427e-8,3.43175465822e-9,1.12060949409e-9]},"barkbands_crest":{"dmean":1.93226754665,"dmean2":3.09650278091,"dvar":3.4214682579,"dvar2":8.5660161972,"max":22.1876850128,"mean":7.81212949753,"median":7.09995079041,"min":2.30013942719,"var":10.5597505569},"barkbands_flatness_db":{"dmean":0.0144257089123,"dmean2":0.0213797315955,"dvar":0.000198441848624,"dvar2":0.000438624527305,"max":0.389460206032,"mean":0.118028022349,"median":0.102250039577,"min":0.0164675023407,"var":0.00342007377185},"barkbands_kurtosis":{"dmean":0.813230395317,"dmean2":1.28081679344,"dvar":1.99540579319,"dvar2":5.12437105179,"max":67.7307815552,"mean":0.285464584827,"median":-0.458476960659,"min":-1.87417006493,"var":5.85460233688},"barkbands_skewness":{"dmean":0.348158180714,"dmean2":0.522928655148,"dvar":0.119145549834,"dvar2":0.265863567591,"max":6.87411117554,"mean":0.616313159466,"median":0.563771903515,"min":-2.30222773552,"var":0.692795395851},"barkbands_spread":{"dmean":4.9683599472,"dmean2":7.37472581863,"dvar":33.3124008179,"dvar2":68.6712646484,"max":125.153129578,"mean":29.7324581146,"median":27.5589981079,"min":1.04976248741,"var":254.013183594},"dissonance":{"dmean":0.0126866260543,"dmean2":0.0212556663901,"dvar":0.000203263771255,"dvar2":0.000549636897631,"max":0.499939441681,"mean":0.46969422698,"median":0.480534493923,"min":0.292711555958,"var":0.000799182918854},"dynamic_complexity":4.79089641571,"erbbands":{"dmean":[0.0178050659597,0.280309796333,1.08683526516,1.63383185863,3.0466003418,2.08506393433,1.80247473717,2.13993239403,1.97636210918,1.58500611782,2.81918597221,9.93334770203,12.3627309799,8.70232868195,9.50716018677,10.6644744873,14.9202384949,12.9139003754,16.56599617,12.352643013,13.9398994446,14.745850563,15.5311260223,13.625787735,6.99805355072,8.95028877258,10.7385721207,4.24046707153,2.75991106033,1.84625828266,1.24806141853,1.30492377281,1.32377099991,0.763343930244,0.285662978888,0.0802133008838,0.0261626224965,0.00945329014212,0.00158051180188,0.0000685067498125],"dmean2":[0.0274004004896,0.467366069555,1.83281290531,2.63506555557,5.0952038765,3.49475455284,2.81967616081,3.16248297691,2.95239281654,2.39881682396,4.3065032959,14.900103569,18.7863330841,13.4586420059,15.168800354,16.769859314,23.1336860657,20.003484726,26.7084083557,19.5463409424,22.1061229706,22.7867336273,24.2209911346,20.9662075043,10.6079158783,13.5117702484,15.9337730408,6.36922264099,4.31696271896,2.74914169312,1.81959533691,1.81190848351,1.83395540714,1.0181388855,0.38647839427,0.105955198407,0.0339318439364,0.0123717458919,0.00210669706576,0.0000899382794159],"dvar":[0.00227530812845,0.433365404606,6.07057762146,15.2687911987,97.6571121216,45.1366767883,15.8209171295,15.8073291779,16.8552570343,8.92860603333,34.9648628235,502.125701904,1051.83654785,466.272277832,746.134643555,1306.07275391,1889.0703125,1652.54711914,2085.39233398,1122.76074219,987.22845459,1045.92956543,1527.38000488,938.631958008,178.985870361,314.537445068,586.029907227,105.367774963,73.469543457,30.9863109589,11.0431318283,9.77415752411,13.3218050003,4.58191871643,0.522672057152,0.0331864729524,0.00376453972422,0.000640072626993,0.0000183764859685,3.11736059189e-8],"dvar2":[0.00493879010901,1.1346269846,16.8519058228,40.257396698,271.670166016,125.79132843,40.1192245483,36.3438491821,36.0443153381,19.1697006226,82.625038147,1179.81445312,2523.73120117,1075.36743164,1941.24377441,3276.69555664,4881.02929688,3862.59570312,5576.56347656,2661.89282227,2387.3112793,2442.54296875,3742.79858398,2215.74121094,383.521026611,738.753112793,1329.03149414,230.509887695,178.324508667,71.2258911133,23.5963897705,17.9349498749,24.1555805206,8.77788448334,0.989029347897,0.0597406663001,0.00675555085763,0.00115312775597,0.0000350997470377,6.09517911698e-8],"max":[0.991140544415,14.2693777084,53.84532547,60.4383621216,161.839401245,110.887107849,91.9535751343,88.4846038818,169.062286377,89.8481521606,162.938293457,682.268859863,675.139343262,773.354553223,677.48815918,894.245849609,858.976806641,1154.20947266,1041.23461914,738.963195801,571.625061035,593.428283691,965.281066895,496.213592529,265.341796875,298.847503662,542.105529785,171.073913574,177.724304199,133.887817383,81.7980117798,89.4236755371,115.100769043,82.2741088867,20.6785240173,3.62777638435,0.937225759029,0.576037824154,0.0876631587744,0.0028643431142],"mean":[0.0274049136788,0.403405606747,1.53048336506,2.89210605621,4.48175191879,3.3014922142,3.40442895889,4.37561130524,4.34578847885,3.4405298233,5.83828353882,17.452878952,21.1758232117,16.1386928558,16.299413681,18.6623687744,25.232875824,22.6999530792,26.299659729,21.8588638306,26.8725643158,31.0972576141,31.8829631805,27.232339859,15.4160709381,19.4889068604,23.0208835602,8.01697540283,4.1774187088,2.90060400963,2.19727730751,2.62808585167,2.50826597214,1.4405516386,0.55733525753,0.157478988171,0.0450739786029,0.0142850913107,0.00222196313553,0.00010937940533],"median":[0.00590636720881,0.140662834048,0.543327569962,1.22735512257,1.02256464958,1.24135839939,1.94911658764,2.15097427368,2.13205242157,2.06732130051,3.42920875549,7.73981571198,7.23694467545,7.59426498413,6.46422576904,6.50431728363,8.1861371994,7.37959384918,9.88124465942,9.26345825195,12.4208574295,14.5245428085,12.5082416534,9.33942222595,5.62277984619,5.06480979919,3.3855137825,1.60319542885,0.929154932499,0.523752629757,0.408753931522,0.397464394569,0.325550794601,0.166682630777,0.0847497284412,0.0245765596628,0.00578873744234,0.0011324401712,0.000141302065458,0.0000231062149396],"min":[1.594391388e-22,1.44877937791e-21,3.18776061422e-21,5.7481943989e-21,1.72099143124e-20,1.22876702565e-20,4.67748922908e-20,5.83866663217e-20,8.43514392347e-20,2.29886313528e-19,3.36131976344e-19,7.21589094505e-19,3.57944522302e-19,5.90397008584e-19,9.05096786955e-19,1.47512328388e-18,1.61324776372e-18,1.91810280033e-18,3.52190054255e-18,3.33020246956e-18,2.78711538403e-18,5.54312215958e-18,6.19407525136e-18,5.49529829888e-18,9.13329901707e-18,8.78501544734e-18,7.96165640921e-18,1.07781079605e-17,1.06387429165e-17,1.35062910685e-17,1.21458246335e-17,1.2702284748e-17,9.65298599026e-18,8.73626638512e-18,6.97829334366e-18,4.50318903912e-18,2.32503575025e-18,9.89741558652e-19,2.75877839929e-19,2.91257369952e-20],"var":[0.00345582840964,0.538496494293,6.86410713196,19.9248638153,93.9047470093,41.1882324219,24.0095233917,41.3017120361,49.8658561707,24.7828006744,69.685005188,891.825378418,1961.4206543,1105.35583496,1352.99719238,2495.11035156,3734.36303711,3093.5546875,3488.76855469,1981.41589355,2103.69824219,2826.56030273,3704.18408203,2310.69238281,550.118286133,1020.29595947,1873.57995605,223.257568359,92.3299179077,46.8604125977,22.1690921783,28.3519172668,38.4136276245,13.0692167282,1.49197721481,0.0968622416258,0.00922683253884,0.00136803870555,0.0000359207006113,6.14903612473e-8]},"erbbands_crest":{"dmean":2.18362498283,"dmean2":3.46244716644,"dvar":4.82292079926,"dvar2":11.8203287125,"max":28.9735412598,"mean":8.56896495819,"median":7.39540481567,"min":2.38571286201,"var":18.3329963684},"erbbands_flatness_db":{"dmean":0.0145333707333,"dmean2":0.0202564727515,"dvar":0.000228642413276,"dvar2":0.00042683686479,"max":0.434190928936,"mean":0.180254787207,"median":0.164895743132,"min":0.0278828497976,"var":0.0056167691946},"erbbands_kurtosis":{"dmean":0.672045111656,"dmean2":1.04739975929,"dvar":0.675498127937,"dvar2":1.5979475975,"max":15.194021225,"mean":0.273467212915,"median":-0.100201368332,"min":-1.79042100906,"var":2.18016529083},"erbbands_skewness":{"dmean":0.279999673367,"dmean2":0.420992434025,"dvar":0.0659776255488,"dvar2":0.145864337683,"max":2.56675362587,"mean":-0.21253401041,"median":-0.275382101536,"min":-2.7982237339,"var":0.45908036828},"erbbands_spread":{"dmean":5.75758457184,"dmean2":8.83495044708,"dvar":48.3863487244,"dvar2":112.893295288,"max":104.937644958,"mean":31.6970500946,"median":28.4910125732,"min":3.59154009819,"var":232.516387939},"gfcc":{"cov":[[27363.75,-3090.28198242,681.864807129,2945.58203125,-419.288024902,1552.65307617,-164.001831055,868.104248047,-1055.8392334,238.766372681,-322.371673584,-124.735328674,-136.38923645],[-3090.28198242,2350.37084961,-1247.48291016,-692.998474121,264.159729004,-574.237243652,192.448410034,-281.574554443,287.911529541,-170.10369873,70.9726257324,-98.3408355713,-14.6814584732],[681.864807129,-1247.48291016,1685.83862305,473.980773926,67.185798645,533.564880371,-202.841873169,180.280593872,-185.325134277,108.058235168,-82.7995452881,111.042098999,-10.6182012558],[2945.58203125,-692.998474121,473.980773926,820.14453125,35.8469467163,342.751220703,72.4339447021,130.822097778,-148.747329712,64.6247177124,-80.0664596558,8.20118141174,-15.2111587524],[-419.288024902,264.159729004,67.185798645,35.8469467163,312.490814209,66.6173248291,97.0349807739,-22.8337020874,7.26339054108,1.69365680218,-21.3223400116,7.91932916641,-12.9906539917],[1552.65307617,-574.237243652,533.564880371,342.751220703,66.6173248291,461.245239258,20.4732570648,98.6583480835,-120.145233154,75.7491912842,-29.9206943512,1.76145040989,-18.7502708435],[-164.001831055,192.448410034,-202.841873169,72.4339447021,97.0349807739,20.4732570648,266.915100098,-38.2684593201,55.0317955017,4.98441743851,-11.9976873398,-46.9119644165,-45.4224433899],[868.104248047,-281.574554443,180.280593872,130.822097778,-22.8337020874,98.6583480835,-38.2684593201,211.175979614,-27.0847740173,37.6147537231,2.41149044037,-13.7679748535,19.369966507],[-1055.8392334,287.911529541,-185.325134277,-148.747329712,7.26339054108,-120.145233154,55.0317955017,-27.0847740173,190.597320557,-1.08291709423,14.6379642487,-5.7913684845,-27.0991039276],[238.766372681,-170.10369873,108.058235168,64.6247177124,1.69365680218,75.7491912842,4.98441743851,37.6147537231,-1.08291709423,111.022712708,33.1373748779,-5.31067752838,-7.50896883011],[-322.371673584,70.9726257324,-82.7995452881,-80.0664596558,-21.3223400116,-29.9206943512,-11.9976873398,2.41149044037,14.6379642487,33.1373748779,110.545562744,4.66000080109,3.71109819412],[-124.735328674,-98.3408355713,111.042098999,8.20118141174,7.91932916641,1.76145040989,-46.9119644165,-13.7679748535,-5.7913684845,-5.31067752838,4.66000080109,116.975845337,29.9129276276],[-136.38923645,-14.6814584732,-10.6182012558,-15.2111587524,-12.9906539917,-18.7502708435,-45.4224433899,19.369966507,-27.0991039276,-7.50896883011,3.71109819412,29.9129276276,100.105201721]],"icov":[[0.00010797152936,-0.0000171786432475,0.000236546737142,-0.000309857307002,0.00012638165208,-0.000254324084381,0.000255824823398,-0.000279182509985,0.000364725361578,-0.000103174555989,0.000243361631874,-0.00013129839499,0.000382665573852],[-0.0000171786432475,0.00141389924102,0.000507401302457,0.000312727526762,-0.00155574211385,0.000548609532416,0.000168354963535,0.000706207298208,-0.000988402287476,0.00117183336988,-0.000752769235987,0.0010343529284,-0.000334931333782],[0.000236546737142,0.000507401302457,0.00210922257975,-0.000741503143217,-0.000626047956757,-0.00155892479233,0.00186389766168,-0.000712362641934,0.000509152072482,-0.000398857315304,0.00112502975389,-0.000955503666773,0.00146981782746],[-0.000309857307002,0.000312727526762,-0.000741503143217,0.00324426125735,-0.000307855603751,0.0000502256189066,-0.00190090527758,0.0000140902875501,0.0000522087648278,-0.000188641977729,0.000521340116393,-0.000145209924085,-0.000833736325148],[0.00012638165208,-0.00155574211385,-0.000626047956757,-0.000307855603751,0.00576611049473,-0.00130282959435,-0.00175121193752,-0.000733926950488,0.00145186588634,-0.00122929667123,0.00150024460163,-0.00188602029812,0.000491258106194],[-0.000254324084381,0.000548609532416,-0.00155892479233,0.0000502256189066,-0.00130282959435,0.00589825026691,-0.00173573661596,0.000225533367484,0.000614637508988,-0.000820866553113,-0.000939900521189,0.00116146588698,-0.00052669562865],[0.000255824823398,0.000168354963535,0.00186389766168,-0.00190090527758,-0.00175121193752,-0.00173573661596,0.00747896078974,0.000495762506034,-0.00133204553276,-0.000330820243107,0.000796649197582,0.00129918509629,0.00222420343198],[-0.000279182509985,0.000706207298208,-0.000712362641934,0.0000140902875501,-0.000733926950488,0.000225533367484,0.000495762506034,0.00748956529424,-0.00242178281769,0.0000774497966631,-0.00170017045457,0.00283182132989,-0.00306041468866],[0.000364725361578,-0.000988402287476,0.000509152072482,0.0000522087648278,0.00145186588634,0.000614637508988,-0.00133204553276,-0.00242178281769,0.00995995756239,-0.00273901224136,0.00195461581461,-0.00252499245107,0.0037544418592],[-0.000103174555989,0.00117183336988,-0.000398857315304,-0.000188641977729,-0.00122929667123,-0.000820866553113,-0.000330820243107,0.0000774497966631,-0.00273901224136,0.0138673344627,-0.00584800867364,0.00212930142879,-0.000638792815153],[0.000243361631874,-0.000752769235987,0.00112502975389,0.000521340116393,0.00150024460163,-0.000939900521189,0.000796649197582,-0.00170017045457,0.00195461581461,-0.00584800867364,0.013168358244,-0.00251861917786,0.00148369837552],[-0.00013129839499,0.0010343529284,-0.000955503666773,-0.000145209924085,-0.00188602029812,0.00116146588698,0.00129918509629,0.00283182132989,-0.00252499245107,0.00212930142879,-0.00251861917786,0.0123182563111,-0.00424756947905],[0.000382665573852,-0.000334931333782,0.00146981782746,-0.000833736325148,0.000491258106194,-0.00052669562865,0.00222420343198,-0.00306041468866,0.0037544418592,-0.000638792815153,0.00148369837552,-0.00424756947905,0.0142401224002]],"mean":[-61.9789657593,85.9309082031,-140.411026001,20.3861351013,-42.2492294312,1.82576370239,-33.5594444275,8.54197978973,-24.9953804016,-6.82375431061,-16.8480453491,-7.15048074722,-7.61396932602]},"hfc":{"dmean":5.22795820236,"dmean2":6.88059139252,"dvar":82.6765975952,"dvar2":141.866729736,"max":136.331344604,"mean":18.1866416931,"median":8.73035812378,"min":1.08570995731e-16,"var":448.491394043},"melbands":{"dmean":[0.000222450442379,0.000493753992487,0.000326693756506,0.000183210911928,0.0000672034948366,0.0000450440529676,0.0000292280765279,0.0000190299688256,0.0000239826949837,0.0000666480918881,0.0000622444204055,0.0000370211892005,0.0000288449100481,0.0000297051919915,0.0000263129059022,0.000036757770431,0.000025790748623,0.0000280279382423,0.0000170743278431,0.0000212523009395,0.0000183320007636,0.0000189259426406,0.0000167536436493,0.0000120506974781,0.0000125463247969,0.00000622484731139,0.0000052167283684,0.00000699035354046,0.00000791570892034,0.00000524025563209,0.00000194950735022,0.00000178379752924,0.00000111040014872,0.00000106179538761,7.29133830646e-7,7.60512875786e-7,8.7399308768e-7,0.00000101590489976,7.85995325714e-7,6.59320789964e-7],"dmean2":[0.000357126962626,0.000827762123663,0.000527264550328,0.000308568764012,0.000106144623714,0.0000668521388434,0.0000437188464275,0.0000288030023512,0.0000367190841644,0.00010028660472,0.0000949745735852,0.0000575296180614,0.0000460924202343,0.0000466940437036,0.000041516366764,0.0000572918797843,0.0000401006473112,0.0000451575906482,0.0000272904235317,0.0000342922321579,0.0000290695406875,0.0000297001624858,0.000026540385079,0.0000189619986486,0.0000195834600163,0.0000096754374681,0.0000080326499301,0.0000108288468255,0.0000120438926388,0.00000800641191745,0.00000302921034745,0.00000286093427349,0.00000170999328475,0.00000160571732977,0.00000110437770218,0.00000111403960545,0.00000123524466744,0.00000145329829593,0.00000108075494154,9.1436419325e-7],"dvar":[3.07515932718e-7,0.00000121031780509,6.53953009078e-7,3.89226499919e-7,2.40622082259e-8,6.83116674338e-9,3.55839735455e-9,1.35375932686e-9,2.2934933952e-9,2.39176305428e-8,2.7060510277e-8,9.08483244189e-9,5.87259796347e-9,7.14850401096e-9,7.13361458793e-9,1.36649713767e-8,8.23408452533e-9,6.57679732896e-9,1.74233127925e-9,3.01994451668e-9,2.08699368898e-9,1.97619054454e-9,1.89342208579e-9,8.35060853799e-10,8.33210944684e-10,1.75070069552e-10,1.08006513455e-10,2.25232346662e-10,3.33637728556e-10,1.51380352698e-10,2.99897121026e-11,3.19727508358e-11,1.18816701269e-11,1.00765749911e-11,4.11899420821e-12,3.83704830062e-12,4.28393995625e-12,7.8843728421e-12,5.02691811788e-12,3.67902279821e-12],"dvar2":[7.33437786948e-7,0.00000330962348016,0.00000172991337877,0.00000108493418338,6.18594100388e-8,1.59036268599e-8,7.57320517408e-9,2.81469914043e-9,5.41019362643e-9,5.66376989752e-8,6.53136638107e-8,2.11404973527e-8,1.53062522656e-8,1.77505921073e-8,1.80604775579e-8,3.59726683996e-8,1.89986906207e-8,1.72957097533e-8,4.22607238093e-9,7.63535901172e-9,5.09642061886e-9,4.71506078625e-9,4.66209737482e-9,2.04584016394e-9,1.99304062143e-9,4.00949634605e-10,2.45302472779e-10,5.65322288981e-10,7.7665329723e-10,3.44005851582e-10,7.058481577e-11,7.99609059521e-11,2.80802291142e-11,2.33631291396e-11,9.33368660139e-12,8.00571154508e-12,8.19755287956e-12,1.53062493236e-11,9.1942764166e-12,7.84428598466e-12],"max":[0.0131468558684,0.0224599801004,0.0117895854637,0.0105246854946,0.0031606820412,0.00186357449275,0.00255095120519,0.00111896835733,0.00122488534544,0.00502358470112,0.00339247030206,0.00335098803043,0.00183241150808,0.00187123834621,0.00229532038793,0.00276050320826,0.00257365894504,0.00173989695031,0.00100525189191,0.00146663433407,0.000993301393464,0.00082535733236,0.00116100476589,0.00081003154628,0.000486943376018,0.000307197100483,0.000203955321922,0.000274871155852,0.000397228839574,0.000184058124432,0.0000970550609054,0.000137106442708,0.0000691455134074,0.0000830885692267,0.0000525016439497,0.0000628785637673,0.0000530897814315,0.0000888956565177,0.0000731471736799,0.0000679166187183],"mean":[0.000337000965374,0.000730605155695,0.000587313610595,0.00027417569072,0.000129689869937,0.0000924384585232,0.0000636853947071,0.0000399323471356,0.0000487348115712,0.000113346191938,0.00010387472139,0.0000651639493299,0.0000479484442621,0.0000506123542436,0.0000421863114752,0.0000598363840254,0.0000402472869609,0.0000419972748205,0.0000278592760878,0.0000337211822625,0.0000324773718603,0.0000347297936969,0.0000315643228532,0.0000237287003984,0.0000226349984587,0.0000116827204693,0.00000997534971248,0.0000138817322295,0.0000160640283866,0.00000979618926067,0.00000296003076983,0.00000251974802268,0.00000162582466601,0.00000161914283581,0.00000119323851777,0.00000135467792006,0.00000172156796907,0.0000018472744614,0.00000143985266732,0.000001175711418],"median":[0.0000969317916315,0.000268630887149,0.000223844952416,0.0000816864339868,0.000072344300861,0.0000462767566205,0.0000308065027639,0.000022780506697,0.000027335685445,0.000048484216677,0.0000334265896527,0.0000283828485408,0.0000191224862647,0.0000184255350177,0.0000138827372211,0.0000168367569131,0.0000111432163976,0.00001363642059,0.0000126965587697,0.0000125261476569,0.0000143298730109,0.0000152414759214,0.0000134740166686,0.0000087759390226,0.00000720695925338,0.00000389138767787,0.00000351632661477,0.00000312619704346,0.00000234324488702,0.00000120750701171,6.66653249937e-7,4.75038689274e-7,3.30769552193e-7,2.39280382175e-7,2.19594980422e-7,2.24831296691e-7,2.35726858477e-7,2.40825784203e-7,1.68712375626e-7,1.26397836198e-7],"min":[1.94997718579e-24,1.80811692085e-24,1.21794759512e-24,9.90700828583e-25,1.45891935812e-24,1.19738011778e-24,9.51503119064e-25,2.5861864061e-24,2.16236812376e-24,4.44720256432e-24,1.28424326838e-24,1.87602206757e-24,1.51471992728e-24,3.72069756379e-24,2.43917882376e-24,3.04881920878e-24,3.00928169743e-24,4.56134758186e-24,2.65882097117e-24,3.29399993914e-24,2.95103694135e-24,4.92301900766e-24,3.61465966977e-24,4.08430840412e-24,3.66730114683e-24,5.95414816878e-24,5.94761758377e-24,4.97353884333e-24,4.38038052362e-24,4.6777759573e-24,5.41411844775e-24,5.43613042802e-24,6.49260332344e-24,6.15376784312e-24,6.28060484377e-24,7.08050546293e-24,7.15050424649e-24,5.73819039623e-24,7.37275318476e-24,6.87218307508e-24],"var":[4.30619905956e-7,0.0000014372529904,8.75442879078e-7,3.39496949664e-7,3.48171518283e-8,1.77276628932e-8,1.0854004806e-8,3.81526232829e-9,4.85478368617e-9,4.08122922124e-8,5.00006507309e-8,2.08324575368e-8,1.07237401181e-8,1.32960380483e-8,1.32401050124e-8,2.78545329024e-8,1.40365621348e-8,1.08957838307e-8,2.74200107064e-9,5.12699926958e-9,3.97122246198e-9,4.24566781732e-9,4.05769950973e-9,2.00605443368e-9,1.81856363302e-9,4.1887046609e-10,2.4723345593e-10,6.11096562242e-10,9.6325192267e-10,3.93353460915e-10,4.07178492312e-11,3.72557540373e-11,1.52021711192e-11,1.54114082607e-11,6.92418258147e-12,8.62315861078e-12,1.21358418106e-11,2.07459830565e-11,1.40233796797e-11,9.06638392834e-12]},"melbands_crest":{"dmean":2.83025288582,"dmean2":4.48560714722,"dvar":7.08074331284,"dvar2":18.7425251007,"max":31.3406124115,"mean":12.346157074,"median":11.6173610687,"min":1.65224802494,"var":22.0169963837},"melbands_flatness_db":{"dmean":0.0190172027797,"dmean2":0.028314281255,"dvar":0.000370675988961,"dvar2":0.000838451436721,"max":0.528664290905,"mean":0.172248199582,"median":0.163077175617,"min":0.00366771500558,"var":0.00467538461089},"melbands_kurtosis":{"dmean":2.49577498436,"dmean2":3.98935556412,"dvar":18.5966358185,"dvar2":48.18334198,"max":114.872024536,"mean":4.25323677063,"median":2.06072950363,"min":-1.75759017467,"var":45.1378860474},"melbands_skewness":{"dmean":0.475984781981,"dmean2":0.728226542473,"dvar":0.272574782372,"dvar2":0.657470226288,"max":9.44110488892,"mean":1.65906763077,"median":1.49338674545,"min":-1.31679868698,"var":1.30680608749},"melbands_spread":{"dmean":8.4204750061,"dmean2":12.7379016876,"dvar":119.968658447,"dvar2":242.133605957,"max":231.006530762,"mean":38.2163352966,"median":32.007648468,"min":0.869146585464,"var":585.756958008},"mfcc":{"cov":[[14983.6132812,-2030.25866699,1177.47631836,1476.44030762,484.324157715,816.56439209,1087.5390625,314.035858154,317.183898926,82.1966781616,-215.077590942,163.092330933,-122.987335205],[-2030.25866699,2003.06787109,-930.760131836,-242.380691528,-105.192558289,-246.428237915,-221.997009277,-48.0197486877,-64.2424926758,25.770111084,74.3933105469,-46.9457244873,-32.6670951843],[1177.47631836,-930.760131836,1085.60754395,128.161743164,294.413726807,217.523605347,137.357879639,75.3676223755,28.1694107056,-6.61739063263,-42.4543228149,-0.531976640224,32.5031166077],[1476.44030762,-242.380691528,128.161743164,467.774627686,51.2360534668,154.074020386,131.027755737,67.481918335,77.0510177612,-5.41983222961,-10.3580617905,18.6303005219,-0.621080756187],[484.324157715,-105.192558289,294.413726807,51.2360534668,297.416534424,76.5421447754,90.5537796021,46.3366355896,26.6315326691,-2.60647249222,-28.1135959625,7.36059856415,4.10915231705],[816.56439209,-246.428237915,217.523605347,154.074020386,76.5421447754,399.656677246,151.161834717,81.6822052002,51.4796295166,-10.7053184509,61.2766990662,-24.1504535675,4.77199363708],[1087.5390625,-221.997009277,137.357879639,131.027755737,90.5537796021,151.161834717,282.301727295,38.1171989441,31.7342090607,39.5334320068,-14.091337204,31.5133037567,-25.9006443024],[314.035858154,-48.0197486877,75.3676223755,67.481918335,46.3366355896,81.6822052002,38.1171989441,131.186416626,54.0578575134,-10.9167613983,13.2349233627,-13.7872695923,12.3473491669],[317.183898926,-64.2424926758,28.1694107056,77.0510177612,26.6315326691,51.4796295166,31.7342090607,54.0578575134,123.18523407,36.0971107483,8.34420871735,-1.10965931416,-7.69307947159],[82.1966781616,25.770111084,-6.61739063263,-5.41983222961,-2.60647249222,-10.7053184509,39.5334320068,-10.9167613983,36.0971107483,134.819488525,42.5145721436,20.4215335846,-20.5604133606],[-215.077590942,74.3933105469,-42.4543228149,-10.3580617905,-28.1135959625,61.2766990662,-14.091337204,13.2349233627,8.34420871735,42.5145721436,150.647888184,27.2867927551,-0.105953320861],[163.092330933,-46.9457244873,-0.531976640224,18.6303005219,7.36059856415,-24.1504535675,31.5133037567,-13.7872695923,-1.10965931416,20.4215335846,27.2867927551,101.720222473,11.6271362305],[-122.987335205,-32.6670951843,32.5031166077,-0.621080756187,4.10915231705,4.77199363708,-25.9006443024,12.3473491669,-7.69307947159,-20.5604133606,-0.105953320861,11.6271362305,79.9643630981]],"icov":[[0.000129518215545,0.0000509545352543,-0.0000119011092465,-0.000273138750345,-0.0000177902038558,-0.0000526162402821,-0.00023108786263,-0.0000959962198976,0.00000779709534982,-0.0000565287737118,0.000184377189726,-0.000144751946209,0.000174268818228],[0.0000509545352543,0.00108623621054,0.00105034327134,0.00000450050538348,-0.00091941509163,0.0000829277414596,0.00039350942825,-0.000392798654502,0.000597875157837,-0.000457417540019,-0.000294070108794,0.000490439590067,0.000193836458493],[-0.0000119011092465,0.00105034327134,0.0024535660632,0.0000401371726184,-0.00209354725666,-0.000561710970942,0.000642986036837,-0.000520905596204,0.000952029426116,-0.000821343739517,0.000205661955988,0.000416185386712,-0.000336240715114],[-0.000273138750345,0.00000450050538348,0.0000401371726184,0.00350647396408,0.000208561163163,-0.000551421369892,-0.000249313219683,-0.000229234094149,-0.00137653888669,0.000682976853568,0.0000831044162624,-0.000439305731561,-0.000323341577314],[-0.0000177902038558,-0.00091941509163,-0.00209354725666,0.000208561163163,0.00580567028373,0.00000380880373996,-0.0013558419887,-0.000569341762457,-0.00101186044049,0.000687819207087,0.000884693930857,-0.000909173628315,0.0000126834165712],[-0.0000526162402821,0.0000829277414596,-0.000561710970942,-0.000551421369892,0.00000380880373996,0.00522399600595,-0.00272647687234,-0.000315378943924,-0.00106441788375,0.00201125442982,-0.00370836886577,0.00295508699492,-0.000989237218164],[-0.00023108786263,0.00039350942825,0.000642986036837,-0.000249313219683,-0.0013558419887,-0.00272647687234,0.00746210804209,-0.00120972807053,0.00164980255067,-0.00293354853056,0.00253564654849,-0.00274687726051,0.00218543014489],[-0.0000959962198976,-0.000392798654502,-0.000520905596204,-0.000229234094149,-0.000569341762457,-0.000315378943924,-0.00120972807053,0.0118868397549,-0.00512903137133,0.00272497721016,-0.00212712469511,0.00220533763058,-0.00239365315065],[0.00000779709534982,0.000597875157837,0.000952029426116,-0.00137653888669,-0.00101186044049,-0.00106441788375,0.00164980255067,-0.00512903137133,0.0129315024242,-0.00479133008048,0.00142999296077,-0.000301153515466,0.00135827390477],[-0.0000565287737118,-0.000457417540019,-0.000821343739517,0.000682976853568,0.000687819207087,0.00201125442982,-0.00293354853056,0.00272497721016,-0.00479133008048,0.0115443151444,-0.00425466895103,0.000110335568024,0.00102466414683],[0.000184377189726,-0.000294070108794,0.000205661955988,0.0000831044162624,0.000884693930857,-0.00370836886577,0.00253564654849,-0.00212712469511,0.00142999296077,-0.00425466895103,0.0111860781908,-0.00472638942301,0.00115175906103],[-0.000144751946209,0.000490439590067,0.000416185386712,-0.000439305731561,-0.000909173628315,0.00295508699492,-0.00274687726051,0.00220533763058,-0.000301153515466,0.000110335568024,-0.00472638942301,0.0139419026673,-0.00358880753629],[0.000174268818228,0.000193836458493,-0.000336240715114,-0.000323341577314,0.0000126834165712,-0.000989237218164,0.00218543014489,-0.00239365315065,0.00135827390477,0.00102466414683,0.00115175906103,-0.00358880753629,0.0150402905419]],"mean":[-689.734924316,115.765304565,-29.8086910248,17.6116504669,8.54245376587,-6.25637769699,4.41463375092,2.64876794815,2.97783041,0.854036450386,-7.03034305573,-0.274867773056,-7.95371103287]},"pitch_salience":{"dmean":0.0555875562131,"dmean2":0.0887349769473,"dvar":0.0025564962998,"dvar2":0.00655558751896,"max":0.969672143459,"mean":0.569410264492,"median":0.572447240353,"min":0.121275030077,"var":0.00878808926791},"silence_rate_20dB":{"dmean":0,"dmean2":0,"dvar":0,"dvar2":0,"max":1,"mean":1,"median":1,"min":1,"var":0},"silence_rate_30dB":{"dmean":0,"dmean2":0,"dvar":0,"dvar2":0,"max":1,"mean":1,"median":1,"min":1,"var":0},"silence_rate_60dB":{"dmean":0.0401152744889,"dmean2":0.0802397951484,"dvar":0.038506038487,"dvar2":0.0850995033979,"max":1,"mean":0.243430152535,"median":0,"min":0,"var":0.184171915054},"spectral_centroid":{"dmean":207.737319946,"dmean2":307.981384277,"dvar":63709.0664062,"dvar2":129628.132812,"max":11596.7353516,"mean":1869.97290039,"median":1803.88000488,"min":168.837432861,"var":814968.5625},"spectral_complexity":{"dmean":3.05360221863,"dmean2":4.51625537872,"dvar":13.5889425278,"dvar2":25.0346107483,"max":57,"mean":19.6863765717,"median":17,"min":0,"var":161.443023682},"spectral_contrast_coeffs":{"dmean":[0.0432919077575,0.0366629101336,0.0342141911387,0.0301302522421,0.0226440057158,0.0177012421191],"dmean2":[0.0702582225204,0.0597890652716,0.0534143596888,0.0474723391235,0.0352207608521,0.0274095050991],"dvar":[0.00146575330291,0.00100163859315,0.000867474125698,0.000672850816045,0.000412383844377,0.0003021096054],"dvar2":[0.00385128962807,0.00260578840971,0.00209603062831,0.00158264162019,0.000915835320484,0.00066491519101],"max":[-0.389243870974,-0.495630502701,-0.491630375385,-0.547618091106,-0.585896611214,-0.578323185444],"mean":[-0.642863512039,-0.737872183323,-0.744959294796,-0.744928598404,-0.754339694977,-0.76835334301],"median":[-0.647244572639,-0.742159128189,-0.751834988594,-0.747724294662,-0.755177140236,-0.765812397003],"min":[-0.980511248112,-0.969837903976,-0.9739112854,-0.973920404911,-0.969566226006,-0.964781582355],"var":[0.00639856653288,0.00429589953274,0.00476320041344,0.00343556399457,0.0029038307257,0.00321778375655]},"spectral_contrast_valleys":{"dmean":[0.404618471861,0.320537000895,0.272447556257,0.248614639044,0.236537903547,0.279765158892],"dmean2":[0.644621670246,0.513311564922,0.430308580399,0.385787665844,0.34018650651,0.352620691061],"dvar":[0.15266340971,0.105807363987,0.083915732801,0.0822334364057,0.0903666615486,0.132328748703],"dvar2":[0.337447822094,0.219213619828,0.168638020754,0.151726558805,0.152749553323,0.205629214644],"max":[-5.54323387146,-5.36419534683,-5.27714300156,-5.91159343719,-5.39282274246,-7.35434770584],"mean":[-8.44865322113,-7.7214846611,-7.83583593369,-8.26180267334,-8.09737110138,-11.0857200623],"median":[-7.71870040894,-7.34952831268,-7.49727916718,-7.88194036484,-7.50115966797,-10.4730110168],"min":[-28.1575546265,-28.1748046875,-27.6885509491,-27.6657485962,-27.474237442,-27.3740158081],"var":[4.84811258316,3.20051813126,3.41046786308,3.43354725838,4.56468343735,5.27042913437]},"spectral_decrease":{"dmean":9.317316918e-10,"dmean2":1.40579858865e-9,"dvar":2.96343451507e-18,"dvar2":6.86327677462e-18,"max":1.85150466873e-28,"mean":-3.02141023312e-9,"median":-2.08322026296e-9,"min":-2.40191724288e-8,"var":8.8838693208e-18},"spectral_energy":{"dmean":0.00387161900289,"dmean2":0.0057429317385,"dvar":0.0000492762956128,"dvar2":0.000110255248728,"max":0.0941658392549,"mean":0.013053085655,"median":0.00889260694385,"min":1.01613265593e-20,"var":0.000166281693964},"spectral_energyband_high":{"dmean":0.000470000377391,"dmean2":0.00064485083567,"dvar":8.8788146968e-7,"dvar2":0.00000176434082277,"max":0.0140627510846,"mean":0.00112732965499,"median":0.000229787954595,"min":7.28570666896e-21,"var":0.00000307947834699},"spectral_energyband_low":{"dmean":0.00199034321122,"dmean2":0.00324527313933,"dvar":0.0000193048836081,"dvar2":0.0000497047985846,"max":0.0811484754086,"mean":0.0034641881939,"median":0.00147130689584,"min":2.87794286481e-23,"var":0.0000271469198196},"spectral_energyband_middle_high":{"dmean":0.00140195339918,"dmean2":0.00198070495389,"dvar":0.00000524227561982,"dvar2":0.0000102435560621,"max":0.0365265980363,"mean":0.00486669875681,"median":0.00261607719585,"min":1.06875814499e-21,"var":0.000032252719393},"spectral_energyband_middle_low":{"dmean":0.00177727418486,"dmean2":0.00278960354626,"dvar":0.0000167090329342,"dvar2":0.0000445073128503,"max":0.0616615265608,"mean":0.00427668215707,"median":0.00300506851636,"min":2.07872509943e-22,"var":0.0000226925621973},"spectral_entropy":{"dmean":0.121649459004,"dmean2":0.167293146253,"dvar":0.0194824151695,"dvar2":0.0357486493886,"max":9.81818771362,"mean":7.49745368958,"median":7.6195230484,"min":5.65146923065,"var":0.331614196301},"spectral_flux":{"dmean":0.0140561945736,"dmean2":0.0213749371469,"dvar":0.000358134508133,"dvar2":0.000727507460397,"max":0.248580768704,"mean":0.053715236485,"median":0.0433883368969,"min":6.45452927217e-11,"var":0.00164130027406},"spectral_kurtosis":{"dmean":2.59922790527,"dmean2":4.47013664246,"dvar":15.4013500214,"dvar2":47.2217025757,"max":60.9680709839,"mean":7.08019638062,"median":4.761469841,"min":-1.30510520935,"var":47.8071861267},"spectral_rms":{"dmean":0.000446749676485,"dmean2":0.000643224455416,"dvar":4.05432587058e-7,"dvar2":8.44669841626e-7,"max":0.00958483759314,"mean":0.00312412297353,"median":0.00294545665383,"min":3.14856951275e-12,"var":0.00000297457336274},"spectral_rolloff":{"dmean":508.977905273,"dmean2":813.847839355,"dvar":680168.25,"dvar2":1352787.25,"max":19509.0820312,"mean":2502.02368164,"median":2153.3203125,"min":129.19921875,"var":4193958.75},"spectral_skewness":{"dmean":0.257861852646,"dmean2":0.430968135595,"dvar":0.0949843302369,"dvar2":0.275581419468,"max":5.84921646118,"mean":1.61452043056,"median":1.4485039711,"min":-0.1624212116,"var":0.41874781251},"spectral_spread":{"dmean":444387.875,"dmean2":610855.5625,"dvar":652468224000,"dvar2":1045943287810,"max":42534932,"mean":4023676.75,"median":3659338,"min":1091560.125,"var":9340914237440},"spectral_strongpeak":{"dmean":0.518286705017,"dmean2":0.892489314079,"dvar":1.11109507084,"dvar2":3.01060605049,"max":15.7750787735,"mean":0.810232043266,"median":0.360574811697,"min":0,"var":1.40905475616},"zerocrossingrate":{"dmean":0.0100525151938,"dmean2":0.0112726315856,"dvar":0.00021052028751,"dvar2":0.000232167803915,"max":0.52001953125,"mean":0.0834975019097,"median":0.07177734375,"min":0.00537109375,"var":0.00282425805926}},"metadata":{"audio_properties":{"analysis_sample_rate":44100,"bit_rate":0,"codec":"flac","downmix":"mix","equal_loudness":0,"length":201.42666626,"lossless":true,"md5_encoded":"51e62cf9bf66369c21145075056d8a38","replay_gain":-11.3640823364},"tags":{"acoustid_id":["17cfcca5-4ee1-4b48-ba9f-c3fb35c29443"],"album":["Gold: Greatest Hits"],"albumartist":["ABBA"],"albumartistsort":["ABBA"],"artist":["ABBA"],"artists":["ABBA"],"artistsort":["ABBA"],"asin":["B003DZB8K0"],"barcode":["619659055189"],"catalognumber":["SDCM-14792-A57"],"composer":["Benny Andersson","Stig Anderson","Björn Ulvaeus"],"date":["2008-10-15"],"discnumber":["1"],"disctotal":["1"],"file_name":"10 S.O.S..flac","genre":["Disco"],"grouping":["Pop"],"isrc":["SEAYD7501040"],"label":["SanDisk"],"language":["eng"],"lyricist":["Benny Andersson","Stig Anderson","Björn Ulvaeus"],"media":["slotMusic"],"mood":["Sad; Lovesongs; Uplifting; Upbeat"],"musicbrainz_albumartistid":["d87e52c5-bb8d-4da8-b941-9f4928627dc8"],"musicbrainz_albumid":["34c6ee74-3c53-4423-97ee-d6c796a49d72"],"musicbrainz_artistid":["d87e52c5-bb8d-4da8-b941-9f4928627dc8"],"musicbrainz_recordingid":["f2ada1c9-fa39-4d15-aa11-9bd798a885a9"],"musicbrainz_releasegroupid":["b69d665a-3eee-39f3-b156-58b122232304"],"musicbrainz_releasetrackid":["b8a1bb24-9d6c-3c62-bb77-b5d527c13f49"],"musicbrainz_workid":["2d0f59be-7b2d-300a-895e-c8c9f0f2d8ee"],"originaldate":["1992"],"originalyear":["2008"],"releasecountry":["US"],"releasestatus":["official"],"releasetype":["album","compilation"],"replaygain_album_gain":["-2.52 dB"],"replaygain_album_peak":["0.982910"],"replaygain_track_gain":["-4.11 dB"],"replaygain_track_peak":["0.967285"],"script":["Latn"],"title":["S.O.S."],"totaldiscs":["1"],"totaltracks":["19"],"tracknumber":["10"],"tracktotal":["19"],"work":["SOS"],"writer":["Benny Andersson","Stig Anderson","Björn Ulvaeus"]