{"lowlevel":{"average_loudness":0.967231094837,"barkbands":{"dmean":[0.0000193358264369,0.0101966699585,0.00233097025193,0.00355216208845,0.00142222293653,0.000249970587902,0.000318175647408,0.000256992614595,0.000249757140409,0.000280823529465,0.000154440815095,0.00026861243532,0.000402581994422,0.000416259194026,0.000358989345841,0.000322983891238,0.000301794090774,0.000188080826774,0.000210108162719,0.000242117195739,0.000102116537164,0.000052687148127,0.0000601080573688,0.0000966383013292,0.000072360438935,0.0000201239436137,0.00000238692587118],"dmean2":[0.0000316882833431,0.0157088693231,0.00378443533555,0.00553331058472,0.002438246971,0.000415001239162,0.000528832431883,0.000420439668233,0.000405816972489,0.000444518111181,0.0002488605096,0.00042812677566,0.000657106051221,0.000679382763337,0.000580781896133,0.000528196513187,0.000488721474539,0.000303314125631,0.000322072010022,0.000371063651983,0.00015987714869,0.0000850752185215,0.0000936537326197,0.000137512659421,0.000101589372207,0.0000303752003674,0.00000363123376701],"dvar":[1.82817971872e-9,0.000582022359595,0.0000125446849779,0.0000772552157287,0.0000120749182315,1.49069947497e-7,4.98056351717e-7,3.40481108196e-7,2.55411862327e-7,1.96205263592e-7,9.3535007295e-8,2.24702517926e-7,5.77079674713e-7,6.64707386022e-7,3.56013771352e-7,3.44838667843e-7,3.09960910272e-7,1.36116227623e-7,2.02418931394e-7,5.21151548583e-7,1.15748058249e-7,4.04634121765e-8,3.5314151603e-8,7.52560325168e-8,5.00355739064e-8,3.88209731028e-9,5.15204545692e-11],"dvar2":[4.53922188726e-9,0.00128501933068,0.0000318580205203,0.000176063025719,0.0000331477094733,3.87723019912e-7,0.00000126509189613,9.12040889034e-7,6.05920945418e-7,4.75090701002e-7,2.2525773602e-7,5.0521907724e-7,0.00000143804891195,0.00000174419255927,8.97502445696e-7,8.4836494807e-7,7.45183854178e-7,3.31498256401e-7,4.77494950246e-7,0.00000122025141991,2.77234676105e-7,1.06293008173e-7,8.7768398771e-8,1.56538121132e-7,1.0605520373e-7,9.34157906585e-9,1.34679628561e-10],"max":[0.00101428863127,0.194402903318,0.0425802543759,0.0824511796236,0.0402201525867,0.00742973806337,0.0120059978217,0.0138724539429,0.0111838467419,0.00800584629178,0.0088306479156,0.0117558753118,0.0206196587533,0.0172802880406,0.012928025797,0.0134371807799,0.0162033792585,0.00902251526713,0.00642156228423,0.0122220283374,0.0102057522163,0.00602366216481,0.00340369786136,0.00784612912685,0.00880226865411,0.00201554270461,0.000336633180268],"mean":[0.0000186305369425,0.0100827906281,0.00391219137236,0.00449819909409,0.0017671053065,0.000402640522225,0.000450801482657,0.000410108710639,0.000375145929866,0.000497727363836,0.000262640736764,0.000481468450744,0.000660877034534,0.000675510789733,0.000622036692221,0.000579726300202,0.00058702082606,0.000336997502018,0.000352728675352,0.000318240112392,0.000127441278892,0.0000635282631265,0.0000754439533921,0.000129156411276,0.0000919911981327,0.0000251245819527,0.00000333137313646],"median":[0.0000063306829361,0.00182358850725,0.00319908186793,0.00228691380471,0.00102408172097,0.000263595109573,0.000181727955351,0.000230275196373,0.00020481388492,0.000297881779261,0.000157048387337,0.000277377257589,0.00032809577533,0.000349360285327,0.000415585149312,0.000386244821129,0.000379334640456,0.000180995339178,0.00016594157205,0.0000787276294432,0.0000275827642326,0.0000160278850672,0.0000139075982588,0.0000191598755919,0.0000157277136168,0.00000675139426676,0.00000192985635294],"min":[1.74524253734e-24,3.19678427105e-24,5.85774384413e-25,1.31417501771e-24,4.23922885299e-24,6.37104025237e-24,6.30895137711e-24,6.26159171823e-24,1.2910201752e-23,1.91665084966e-23,2.04909617803e-23,1.8301902745e-23,2.39693413899e-23,3.53924433057e-23,4.4453640451e-23,5.96747273944e-23,7.71737953521e-23,6.77099572899e-23,1.00959497812e-22,1.74598003551e-22,2.18784324285e-22,3.03224020823e-22,4.30526910098e-22,5.60193580054e-22,8.32277739473e-22,1.24762363361e-21,1.96096169682e-21],"var":[1.70951131029e-9,0.000627275148872,0.0000152292213897,0.0000820536588435,0.00000912660198082,2.41174660687e-7,7.17590580734e-7,4.50559326737e-7,4.15176458546e-7,3.97284253495e-7,1.65669305829e-7,5.41551514743e-7,0.00000110518124075,0.00000111358872346,6.27280257959e-7,6.17796104052e-7,6.12280530277e-7,2.70314160389e-7,2.98646028796e-7,6.04010153893e-7,1.25852167798e-7,3.59370737613e-8,4.07457285689e-8,1.12102135574e-7,6.43769837438e-8,4.17860368529e-9,4.92880458669e-11]},"barkbands_crest":{"dmean":3.21323871613,"dmean2":4.93385696411,"dvar":11.2714004517,"dvar2":22.3617630005,"max":26.7326183319,"mean":10.327337265,"median":8.65442562103,"min":2.64036655426,"var":28.1752243042},"barkbands_flatness_db":{"dmean":0.0255987346172,"dmean2":0.038777410984,"dvar":0.000772782368585,"dvar2":0.0015905048931,"max":0.516753256321,"mean":0.127601280808,"median":0.115146510303,"min":0.0289251860231,"var":0.0028480340261},"barkbands_kurtosis":{"dmean":6.57743024826,"dmean2":9.63686561584,"dvar":1390.4519043,"dvar2":2684.84765625,"max":1410.12988281,"mean":6.38352251053,"median":0.357766628265,"min":-1.81638348103,"var":2011.33813477},"barkbands_skewness":{"dmean":0.808216035366,"dmean2":1.18346619606,"dvar":1.43465328217,"dvar2":2.47555136681,"max":33.8470039368,"mean":1.54324018955,"median":1.18159723282,"min":-2.12117385864,"var":4.41307973862},"barkbands_spread":{"dmean":6.7203669548,"dmean2":10.6055469513,"dvar":51.9608879089,"dvar2":124.606086731,"max":91.2981872559,"mean":26.7536869049,"median":26.2099723816,"min":0.257309705019,"var":155.628936768},"dissonance":{"dmean":0.0113773113117,"dmean2":0.019442692399,"dvar":0.000146613383549,"dvar2":0.000404170132242,"max":0.500000178814,"mean":0.483085483313,"median":0.487162202597,"min":0.342586815357,"var":0.000225345502258},"dynamic_complexity":2.78027105331,"erbbands":{"dmean":[0.181608781219,2.62013030052,3.36917448044,6.53399324417,10.0061721802,3.17141795158,2.09019899368,2.03213453293,3.39703655243,5.94094848633,4.22745800018,6.46511363983,6.44955253601,9.336769104,5.70552635193,11.7459287643,18.3137969971,16.9283657074,18.0806274414,18.4265403748,16.2972221375,14.3743467331,10.3925123215,9.09341716766,11.3878297806,11.6758069992,6.74097490311,2.66993045807,1.91518962383,1.81615889072,1.74913215637,1.77962458134,1.76911568642,1.07984697819,0.36551630497,0.0933357402682,0.0460481159389,0.00471117254347,0.00044573211926,0.0000360710582754],"dmean2":[0.278867393732,4.04989814758,5.37710809708,10.209192276,16.0960712433,5.29101514816,3.48556637764,3.35733556747,5.617166996,9.95042800903,6.8781747818,10.5016412735,10.2589893341,14.6921024323,9.10199928284,18.6037006378,29.8131484985,27.2293701172,28.9638614655,29.9054775238,26.7184486389,22.8510513306,16.6191806793,14.2779989243,17.4269218445,17.9255485535,10.3944444656,4.24146318436,3.07456564903,2.95654082298,2.69363117218,2.62286281586,2.51385259628,1.52660441399,0.51556634903,0.136047407985,0.0722720324993,0.00721798092127,0.000676187919453,0.0000522880545759],"dvar":[0.18611164391,38.2932929993,37.5174293518,191.345825195,705.532287598,36.819393158,11.3185501099,10.2791385651,47.6444511414,179.98828125,76.3279953003,201.99597168,98.1497268677,297.838317871,99.1994781494,447.748260498,1245.24841309,1145.00146484,937.104370117,903.477905273,1034.5333252,709.157043457,437.005279541,326.865631104,777.961791992,1218.59509277,464.598266602,83.0986404419,55.7258682251,41.4900817871,29.1056842804,28.9699802399,23.6174221039,11.7098560333,1.34155488014,0.0965790897608,0.0229544695467,0.000192417297512,0.00000220219249059,5.30081933903e-9],"dvar2":[0.398670941591,84.9795455933,84.4325485229,429.272888184,1784.62133789,99.8393936157,29.2031230927,25.9742965698,119.104125977,472.375793457,187.792709351,478.485321045,243.446212769,720.088623047,233.517593384,1003.75531006,3114.77905273,2887.90039062,2324.5559082,2265.52929688,2605.57177734,1682.49157715,1045.14306641,805.245361328,1855.22192383,2853.29907227,1092.45483398,203.873977661,144.092956543,110.442214966,70.9754180908,65.4211349487,46.7871704102,25.197347641,2.85785794258,0.227120637894,0.0566983558238,0.000476526474813,0.00000588533202972,1.30549491217e-8],"max":[3.93263244629,49.2649078369,56.5382270813,141.361572266,238.90196228,98.0006713867,60.9373130798,60.1289978027,158.086090088,287.954711914,195.634735107,325.617004395,183.312164307,309.736297607,256.979034424,555.33807373,1056.74609375,748.114196777,661.160827637,622.865112305,904.08782959,664.95526123,546.932678223,345.791717529,451.363769531,466.056854248,523.448486328,272.706939697,264.178253174,119.459220886,107.622085571,127.618690491,137.146392822,125.780059814,52.240688324,14.3342685699,3.27005243301,0.462433576584,0.0722360014915,0.00292422459461],"mean":[0.1742503196,2.65792179108,5.1797618866,9.46315193176,12.0627508163,4.64288568497,3.2751584053,3.3377468586,4.90143251419,8.99376869202,7.46503973007,9.70922756195,11.6594667435,16.8071060181,11.7520236969,21.5979099274,31.7691612244,30.6849212646,33.9071121216,35.360710144,32.5099220276,29.9661712646,20.4843997955,16.6941490173,17.8273067474,15.4111785889,8.47633361816,3.40129733086,2.30509185791,2.20738220215,2.20909619331,2.35404634476,2.28281450272,1.34581172466,0.471186369658,0.124208167195,0.0523007586598,0.00610857782885,0.000633441202808,0.0000627256304142],"median":[0.0292425230145,0.554853320122,3.48082828522,5.80104255676,6.08303642273,3.06288337708,2.0558552742,2.16845059395,2.16905403137,4.75060272217,4.63177347183,5.08232593536,7.12837219238,8.58001232147,8.37718772888,12.4719734192,16.8371944427,16.3346996307,21.5599327087,25.9238796234,23.2648391724,18.3243408203,11.076883316,9.71658706665,6.90654659271,3.76298069954,1.86743545532,0.745688319206,0.59772336483,0.478463351727,0.390995413065,0.363138377666,0.322893112898,0.203929752111,0.0920295640826,0.0350050851703,0.0111722853035,0.00251267594285,0.000366844848031,0.0000405168648285],"min":[1.31755952287e-22,5.96348400627e-22,1.51942991204e-21,6.2171335087e-21,1.69229892686e-20,1.32030312304e-20,2.38339524239e-20,4.42400263842e-20,1.25595433596e-19,1.00539829111e-19,2.05151907153e-19,3.5226747836e-19,5.13664322843e-19,5.74514572136e-19,9.4329226533e-19,1.28788733332e-18,1.46215009335e-18,2.01479463047e-18,2.21331508235e-18,3.55028648604e-18,4.03832635617e-18,5.07733551589e-18,4.08936629509e-18,6.4466846299e-18,7.259361044e-18,7.87174766689e-18,8.35413872062e-18,1.03705122321e-17,1.02665836056e-17,1.06908056643e-17,1.16668903676e-17,1.06719699345e-17,9.94181512628e-18,7.62137250318e-18,6.29886166417e-18,4.36481578471e-18,2.27026646753e-18,9.54002599901e-19,2.5027918491e-19,2.87156072765e-20],"var":[0.204663276672,41.0397148132,43.2811927795,217.277984619,629.045227051,35.4090919495,17.7333774567,16.7552146912,77.5309371948,224.36289978,124.271896362,323.690093994,188.829193115,617.419799805,215.828979492,1084.53869629,2391.61181641,2276.87084961,1876.96166992,1594.64685059,1728.24853516,1693.42944336,961.156677246,502.507324219,989.245666504,1416.12988281,518.853393555,87.9388885498,50.4398536682,38.0429725647,34.8629684448,40.4645347595,35.3723297119,14.7326316833,1.68833947182,0.106578111649,0.0225168205798,0.000198325433303,0.00000192296715795,6.02598593247e-9]},"erbbands_crest":{"dmean":2.26375842094,"dmean2":3.75154995918,"dvar":4.62961006165,"dvar2":11.8877124786,"max":24.9966449738,"mean":7.72407102585,"median":6.96530866623,"min":1.95674312115,"var":11.0100593567},"erbbands_flatness_db":{"dmean":0.0157177913934,"dmean2":0.0236538928002,"dvar":0.000202706127311,"dvar2":0.000448121194495,"max":0.385197103024,"mean":0.142868995667,"median":0.140214636922,"min":0.0252894982696,"var":0.00150368607137},"erbbands_kurtosis":{"dmean":0.905432224274,"dmean2":1.44325911999,"dvar":1.16227579117,"dvar2":2.87023019791,"max":16.3808193207,"mean":0.643555223942,"median":0.301240921021,"min":-1.85944914818,"var":2.60635781288},"erbbands_skewness":{"dmean":0.303817778826,"dmean2":0.472536623478,"dvar":0.0848460644484,"dvar2":0.185033127666,"max":4.19748306274,"mean":-0.588995635509,"median":-0.583756506443,"min":-2.80470561981,"var":0.307262539864},"erbbands_spread":{"dmean":9.48082351685,"dmean2":14.2342338562,"dvar":109.640304565,"dvar2":230.546432495,"max":176.578125,"mean":37.3649215698,"median":32.7858772278,"min":5.0254817009,"var":402.737243652},"gfcc":{"cov":[[29867.0371094,2076.11401367,-2434.02905273,916.147277832,-648.281066895,538.075683594,-1015.89135742,322.434936523,-729.73651123,-181.879562378,-500.573120117,-444.697631836,-491.645294189],[2076.11401367,1287.47216797,-545.333374023,-266.709747314,239.068634033,-35.8358802795,26.5161476135,26.398525238,113.001068115,-37.5858879089,80.0134735107,13.3691062927,31.3550796509],[-2434.02905273,-545.333374023,877.840454102,242.483184814,38.3680305481,80.7206726074,130.270172119,38.3709983826,76.2498245239,76.631072998,7.70408439636,41.5742034912,10.1718959808],[916.147277832,-266.709747314,242.483184814,470.953613281,-44.9561271667,62.9682769775,-1.96582627296,45.7972221375,-32.4543914795,21.826669693,-17.6764812469,-54.0831756592,-18.550743103],[-648.281066895,239.068634033,38.3680305481,-44.9561271667,265.182128906,31.1530799866,103.831542969,29.2644958496,92.7281494141,15.1242237091,48.712562561,60.5003318787,41.5213356018],[538.075683594,-35.8358802795,80.7206726074,62.9682769775,31.1530799866,149.717422485,40.8977432251,24.2397518158,-27.8900814056,4.59493160248,-4.13493061066,9.54250907898,2.35045838356],[-1015.89135742,26.5161476135,130.270172119,-1.96582627296,103.831542969,40.8977432251,158.550460815,14.9783802032,37.1920967102,6.86436510086,33.3694992065,41.5063171387,37.4125366211],[322.434936523,26.398525238,38.3709983826,45.7972221375,29.2644958496,24.2397518158,14.9783802032,94.7203598022,50.8475341797,12.9267873764,9.35415554047,1.69988656044,-4.42883110046],[-729.73651123,113.001068115,76.2498245239,-32.4543914795,92.7281494141,-27.8900814056,37.1920967102,50.8475341797,155.550582886,45.0985527039,44.1513404846,21.656288147,16.989151001],[-181.879562378,-37.5858879089,76.631072998,21.826669693,15.1242237091,4.59493160248,6.86436510086,12.9267873764,45.0985527039,68.4874649048,25.6422367096,5.64880657196,-1.65236520767],[-500.573120117,80.0134735107,7.70408439636,-17.6764812469,48.712562561,-4.13493061066,33.3694992065,9.35415554047,44.1513404846,25.6422367096,88.7297897339,28.1459960938,20.9347743988],[-444.697631836,13.3691062927,41.5742034912,-54.0831756592,60.5003318787,9.54250907898,41.5063171387,1.69988656044,21.656288147,5.64880657196,28.1459960938,79.1792602539,35.855682373],[-491.645294189,31.3550796509,10.1718959808,-18.550743103,41.5213356018,2.35045838356,37.4125366211,-4.42883110046,16.989151001,-1.65236520767,20.9347743988,35.855682373,70.8178024292]],"icov":[[0.000231802128837,-0.000598137790803,0.000464911194285,-0.000729122722987,0.000423353514634,-0.000876135251019,0.000900429964531,-0.000858305895235,0.000751137267798,-0.000770276179537,0.00108783284668,-0.000915427342989,0.000811554607935],[-0.000598137790803,0.00321095460095,-0.000178630652954,0.00217902893201,-0.00236750789918,0.00194818619639,-0.00238089985214,0.00220417138189,-0.00303506851196,0.00294533465058,-0.00367376627401,0.00331082008779,-0.00205207779072],[0.000464911194285,-0.000178630652954,0.00353532400914,-0.00240201014094,0.000859283201862,-0.0024676269386,0.0000996519956971,-0.000944640079979,-0.000573341560084,-0.00227387039922,0.00280312914401,-0.00302070216276,0.00242130807601],[-0.000729122722987,0.00217902893201,-0.00240201014094,0.00574663747102,-0.00186260626651,0.00231384206563,-0.00225365813822,0.000593055970967,-0.000566614849959,0.00181419600267,-0.00415319995955,0.00619834428653,-0.00366561254486],[0.000423353514634,-0.00236750789918,0.000859283201862,-0.00186260626651,0.00890059396625,-0.00308514852077,-0.00147164263763,-0.000717890972737,-0.00218031997792,-0.00100045150612,0.00242428435013,-0.00548541825265,0.00155279575847],[-0.000876135251019,0.00194818619639,-0.0024676269386,0.00231384206563,-0.00308514852077,0.012969779782,-0.00511703919619,-0.000472561601782,0.00242360704578,0.000514801766258,-0.00333557487465,0.00296576297842,-0.00301732937805],[0.000900429964531,-0.00238089985214,0.0000996519956971,-0.00225365813822,-0.00147164263763,-0.00511703919619,0.014775596559,-0.0036752242595,0.00329896900803,-0.00102326599881,0.00194431096315,-0.00364852277562,0.000154852416017],[-0.000858305895235,0.00220417138189,-0.000944640079979,0.000593055970967,-0.000717890972737,-0.000472561601782,-0.0036752242595,0.0193099696189,-0.0108101703227,0.00498363189399,-0.00348082347773,0.00175944948569,-0.000209984573303],[0.000751137267798,-0.00303506851196,-0.000573341560084,-0.000566614849959,-0.00218031997792,0.00242360704578,0.00329896900803,-0.0108101703227,0.0193460583687,-0.0100782811642,0.00157092360314,-0.00074952468276,0.000310295232339],[-0.000770276179537,0.00294533465058,-0.00227387039922,0.00181419600267,-0.00100045150612,0.000514801766258,-0.00102326599881,0.00498363189399,-0.0100782811642,0.0253184251487,-0.00923167262226,0.00308843399398,-0.000254217127804],[0.00108783284668,-0.00367376627401,0.00280312914401,-0.00415319995955,0.00242428435013,-0.00333557487465,0.00194431096315,-0.00348082347773,0.00157092360314,-0.00923167262226,0.0218408796936,-0.00861631240696,0.00244643585756],[-0.000915427342989,0.00331082008779,-0.00302070216276,0.00619834428653,-0.00548541825265,0.00296576297842,-0.00364852277562,0.00175944948569,-0.00074952468276,0.00308843399398,-0.00861631240696,0.0266156811267,-0.0112851345912],[0.000811554607935,-0.00205207779072,0.00242130807601,-0.00366561254486,0.00155279575847,-0.00301732937805,0.000154852416017,-0.000209984573303,0.000310295232339,-0.000254217127804,0.00244643585756,-0.0112851345912,0.0233604311943]],"mean":[-24.4652328491,83.8048782349,-113.730636597,32.9045524597,-25.719865799,18.6167812347,-37.1290855408,12.4575824738,-26.2353496552,-2.82253527641,-17.3764896393,-9.34230518341,-14.6204404831]},"hfc":{"dmean":7.03685045242,"dmean2":9.95322132111,"dvar":182.000793457,"dvar2":356.034332275,"max":350.984436035,"mean":17.6376533508,"median":11.7000436783,"min":1.05557689256e-16,"var":343.865631104},"melbands":{"dmean":[0.00238469289616,0.00241444655694,0.00133028731216,0.000433853885625,0.0000757897723815,0.0000451767919003,0.0000572320459469,0.0000654954856145,0.0000313448581437,0.0000419457865064,0.0000324224020005,0.0000391011635656,0.0000195753291337,0.0000286237736873,0.0000304947097902,0.0000453950669907,0.000033931217331,0.0000347411150869,0.0000281429402094,0.0000262091525656,0.0000185495791811,0.0000166691388586,0.0000150783616846,0.00000733694059818,0.00000768020709074,0.00000890684077604,0.00000855194684846,0.00000793434901425,0.0000049591694733,0.00000245047385761,0.00000131497688471,0.00000110849555313,0.00000104119726529,0.00000104674222712,0.00000105175456611,9.76244450612e-7,0.00000116285536933,0.00000128736621718,0.000001153245762,8.62203137331e-7],"dmean2":[0.00364790274762,0.00373392133042,0.00207609706558,0.000705934420694,0.000126102022477,0.0000747039666749,0.000094881404948,0.000108768668724,0.000050891576393,0.0000681059245835,0.0000517095904797,0.0000616030301899,0.000031484545616,0.0000456630041299,0.000048123736633,0.0000746268196963,0.0000551246521354,0.0000568565446883,0.0000461932686449,0.0000427383638453,0.0000306959809677,0.0000268302719633,0.0000242461283051,0.0000118135139928,0.0000122168194139,0.0000138016894198,0.0000132368795676,0.000012313620573,0.00000770304086473,0.00000393388427256,0.00000209945960705,0.00000178683364993,0.00000172065153947,0.00000170923840415,0.00000163941274423,0.00000148740139139,0.00000173722730779,0.00000185959277132,0.00000166596043982,0.00000124046073324],"dvar":[0.0000318382262776,0.0000258358140854,0.0000094320921562,0.00000113905070975,1.3527320597e-8,4.9859454343e-9,1.42196308062e-8,2.09766781722e-8,3.69867425576e-9,8.6087945661e-9,2.60148436126e-9,5.3098956343e-9,1.38284639295e-9,2.6795041741e-9,2.85639334408e-9,7.69147412427e-9,5.40344968769e-9,3.71634523155e-9,2.30170726923e-9,2.2055246518e-9,1.44780043509e-9,9.73724323394e-10,8.60334914421e-10,2.10096398612e-10,2.35960334605e-10,3.80866532756e-10,5.93518345582e-10,5.8769583644e-10,2.4306470725e-10,7.78789949196e-11,1.93331461951e-11,1.96953512527e-11,1.60656470766e-11,1.30668011133e-11,1.07585815257e-11,9.1877590605e-12,1.32410740358e-11,1.2750477757e-11,1.18982558181e-11,7.70575964149e-12],"dvar2":[0.0000692114699632,0.000056591223256,0.000021955680495,0.0000029551949865,3.51162370293e-8,1.26746213525e-8,3.56227189968e-8,5.56981838429e-8,9.00965968498e-9,2.0292093339e-8,6.45208286798e-9,1.28329142868e-8,3.38271477496e-9,6.36607433435e-9,6.52750742347e-9,1.9644462057e-8,1.38457307841e-8,9.47180911481e-9,5.95424332062e-9,5.33238164735e-9,3.62043772739e-9,2.36332664549e-9,2.05726191638e-9,5.26159171788e-10,5.92856874704e-10,9.09523567572e-10,1.45174494648e-9,1.40066713783e-9,5.77526637624e-10,1.87593190981e-10,4.84753071017e-11,5.07210870526e-11,4.36440571183e-11,3.48616135959e-11,2.68243257467e-11,2.173789794e-11,3.06482721146e-11,2.56380854047e-11,2.59368464206e-11,1.63877193066e-11],"max":[0.0465164296329,0.0402494706213,0.0285022240132,0.0110446345061,0.00203824765049,0.00132294499781,0.00219254661351,0.00332102761604,0.00128775357734,0.00215462176129,0.000903890642803,0.0013496252941,0.00111369125079,0.00116157531738,0.00138064462226,0.00237935665064,0.0017521912232,0.00129676610231,0.000960534263868,0.00109997647814,0.00125176867004,0.000743426207919,0.000658931850921,0.000373408256564,0.000315741199302,0.000282565946691,0.000552598619834,0.000325525528751,0.000293880468234,0.000310471397825,0.0000961712212302,0.000167932797922,0.000100206721982,0.0000525393079442,0.0000673164686305,0.0000654503965052,0.0000930727474042,0.0000905315391719,0.000113206362585,0.000101536948932],"mean":[0.00232799747027,0.00312402052805,0.00187814305536,0.000572041957639,0.00012217805488,0.000073576477007,0.0000815623134258,0.000102789788798,0.0000546352166566,0.0000613365191384,0.0000564829097129,0.0000682395912008,0.0000363721192116,0.0000512679180247,0.0000552210913156,0.0000725238423911,0.0000559820982744,0.0000583943183301,0.0000472948668175,0.0000480486814922,0.0000351089183823,0.0000316399673466,0.0000272012021014,0.0000130174066726,0.0000132559925987,0.0000141057362271,0.0000115590237328,0.00000991742126644,0.00000600199200562,0.00000296971461466,0.00000160031584073,0.00000128982026126,0.00000121843231682,0.00000123911490846,0.00000128767953811,0.00000122733604258,0.0000015153991626,0.00000164621815202,0.00000141392774822,0.00000105840604192],"median":[0.000389387452742,0.0015369632747,0.00113119592424,0.00032626176835,0.000083004735643,0.0000479853042634,0.0000339168800565,0.0000583145229029,0.0000347517125192,0.0000318260135828,0.0000326239169226,0.0000332235249516,0.000024211130949,0.0000294532001135,0.0000327453381033,0.0000350625268766,0.0000260940287262,0.0000347042077919,0.0000315042670991,0.000033146036003,0.0000249863151112,0.0000195852717297,0.0000133728772198,0.00000744766384742,0.00000764918331697,0.00000611794030192,0.00000343925216839,0.00000209060772249,0.00000122015262605,6.77989021369e-7,3.32719821472e-7,3.29115636077e-7,3.06238149506e-7,2.55315228515e-7,2.20448114874e-7,2.03323210712e-7,2.25372701834e-7,2.30456549843e-7,1.86308895422e-7,1.62843235785e-7],"min":[1.19146297073e-24,7.22306288369e-25,1.95692330328e-24,1.66035144039e-24,7.79934944078e-25,1.14019243531e-24,1.75619251835e-24,1.06616641822e-24,9.93060015728e-25,2.16831297954e-24,1.89072308219e-24,1.82314787654e-24,3.03796763817e-24,2.88163000068e-24,2.8361042462e-24,3.09650880873e-24,3.15366947271e-24,2.83537691644e-24,2.97979782388e-24,4.7601058201e-24,3.76293672652e-24,4.51108057612e-24,3.92236314889e-24,2.92719618429e-24,3.68161305581e-24,3.91647627438e-24,4.92639888221e-24,4.16109099704e-24,4.35388031923e-24,5.69768238874e-24,5.8708704896e-24,4.98249793663e-24,3.5623743634e-24,5.06541747296e-24,6.76343781043e-24,5.88975700296e-24,5.39157083093e-24,6.38434044724e-24,5.82574409594e-24,5.93318419022e-24],"var":[0.0000348735266016,0.0000293660577881,0.00000998268387775,0.00000100502279565,2.06841992423e-8,8.23749957135e-9,2.2358383589e-8,2.65118593745e-8,6.1942380114e-9,1.36079423285e-8,4.96709606779e-9,1.08411830624e-8,2.57670418335e-9,5.62869262311e-9,6.56019327749e-9,1.3994055692e-8,9.69814895058e-9,6.54592957616e-9,3.78346554086e-9,3.96533161862e-9,2.28768226584e-9,2.05138506182e-9,1.88724280648e-9,3.70361546986e-10,3.41512124136e-10,5.35547606262e-10,6.50396791979e-10,6.59749255227e-10,2.66334759802e-10,8.03068028743e-11,1.9727870379e-11,1.75638149857e-11,1.32953145021e-11,1.22517967993e-11,1.26312909784e-11,1.10607807635e-11,1.7907961572e-11,1.87191321471e-11,1.52286083049e-11,9.66039748196e-12]},"melbands_crest":{"dmean":3.64560079575,"dmean2":5.74671077728,"dvar":11.7526512146,"dvar2":26.0033836365,"max":38.6592063904,"mean":15.7207746506,"median":15.3732566833,"min":1.59400331974,"var":29.0777435303},"melbands_flatness_db":{"dmean":0.0339494980872,"dmean2":0.050570461899,"dvar":0.00124754128046,"dvar2":0.00257941824384,"max":0.64701884985,"mean":0.201432108879,"median":0.192199006677,"min":0.00286203459837,"var":0.00519736437127},"melbands_kurtosis":{"dmean":13.4915037155,"dmean2":20.5287284851,"dvar":1234.67944336,"dvar2":2449.53540039,"max":1247.86743164,"mean":20.4329814911,"median":6.20449066162,"min":-1.71045970917,"var":4429.2109375},"melbands_skewness":{"dmean":1.11509811878,"dmean2":1.6638559103,"dvar":1.73904013634,"dvar2":3.56343102455,"max":24.4557590485,"mean":3.08542370796,"median":2.53321218491,"min":-1.13749289513,"var":6.63330936432},"melbands_spread":{"dmean":9.48822402954,"dmean2":14.958565712,"dvar":111.473472595,"dvar2":267.728027344,"max":179.922958374,"mean":28.5329971313,"median":24.6301422119,"min":0.296853840351,"var":463.414916992},"mfcc":{"cov":[[11145.6142578,1398.66186523,-355.043243408,160.969787598,413.349090576,-3.56818151474,153.645904541,15.4222583771,-53.1665611267,76.5388946533,-133.658355713,-66.5486526489,-130.453079224],[1398.66186523,1530.17126465,-536.187683105,-107.743583679,163.887619019,14.4508800507,-1.27435290813,121.975349426,38.979183197,28.7602615356,78.741394043,16.8040351868,44.1105995178],[-355.043243408,-536.187683105,608.211608887,181.628967285,-1.36559736729,62.2488479614,42.8674201965,-14.7390842438,38.5958404541,25.9284725189,10.1550092697,45.2718582153,9.85803699493],[160.969787598,-107.743583679,181.628967285,307.266052246,80.9655761719,46.3539886475,45.114528656,18.3934688568,38.5024795532,36.8469543457,13.5093050003,26.8952693939,24.0190258026],[413.349090576,163.887619019,-1.36559736729,80.9655761719,160.785614014,35.6436042786,17.7486114502,45.3028869629,36.7454299927,33.5571022034,39.9608001709,21.9337749481,19.9132995605],[-3.56818151474,14.4508800507,62.2488479614,46.3539886475,35.6436042786,130.732025146,73.4323959351,27.6704406738,25.4176979065,-1.29205489159,2.00594425201,9.83187484741,9.43104553223],[153.645904541,-1.27435290813,42.8674201965,45.114528656,17.7486114502,73.4323959351,137.020629883,45.4198646545,8.38735389709,-8.81134986877,-6.74517393112,3.91782784462,4.2214717865],[15.4222583771,121.975349426,-14.7390842438,18.3934688568,45.3028869629,27.6704406738,45.4198646545,102.579338074,39.5195198059,5.12499094009,17.3020782471,11.3298473358,20.0648269653],[-53.1665611267,38.979183197,38.5958404541,38.5024795532,36.7454299927,25.4176979065,8.38735389709,39.5195198059,83.9884109497,27.3420124054,12.667675972,11.1790084839,14.3019857407],[76.5388946533,28.7602615356,25.9284725189,36.8469543457,33.5571022034,-1.29205489159,-8.81134986877,5.12499094009,27.3420124054,68.3208312988,38.9814720154,16.1427783966,8.59197425842],[-133.658355713,78.741394043,10.1550092697,13.5093050003,39.9608001709,2.00594425201,-6.74517393112,17.3020782471,12.667675972,38.9814720154,87.2291793823,34.8533439636,13.8127613068],[-66.5486526489,16.8040351868,45.2718582153,26.8952693939,21.9337749481,9.83187484741,3.91782784462,11.3298473358,11.1790084839,16.1427783966,34.8533439636,55.8652267456,24.9107551575],[-130.453079224,44.1105995178,9.85803699493,24.0190258026,19.9132995605,9.43104553223,4.2214717865,20.0648269653,14.3019857407,8.59197425842,13.8127613068,24.9107551575,54.7903518677]],"icov":[[0.000145111829625,-0.000171741252416,-0.0000653868337395,-0.0000271389362752,-0.000425348378485,0.000207219127333,-0.000262982241111,0.000161551652127,0.000250367273111,-0.000376017123926,0.000642505765427,-0.000153505330672,0.000488880381454],[-0.000171741252416,0.00144893804099,0.00117929466069,0.000221723254072,-0.000323855201714,-0.000578589853831,0.000430510670412,-0.000881966494489,-0.000482467759866,0.000342982762959,-0.00125740712974,-0.000128528132336,-0.000930101959966],[-0.0000653868337395,0.00117929466069,0.00334181985818,-0.00114392465912,0.000463675649371,-0.00108119600918,-0.0000201609127544,0.000145882775541,-0.00118936947547,-0.0000506509568368,-0.000604929518886,-0.00205369782634,0.000165445249877],[-0.0000271389362752,0.000221723254072,-0.00114392465912,0.00511902943254,-0.00243277684785,0.0000816560495878,-0.00119344855193,0.00059118954232,-0.000439600989921,-0.00161583931185,0.00110855535604,-0.000280118430965,-0.00131978129502],[-0.000425348378485,-0.000323855201714,0.000463675649371,-0.00243277684785,0.011589708738,-0.002496201545,0.00177869794425,-0.00280531262979,-0.00140255864244,-0.000590874115005,-0.00402594497427,0.000265886017587,-0.00130837969482],[0.000207219127333,-0.000578589853831,-0.00108119600918,0.0000816560495878,-0.002496201545,0.0128889698535,-0.00688565941527,0.00209283153526,-0.0028424935881,0.0016369544901,0.000645984895527,-0.000290590891382,0.0000252341524174],[-0.000262982241111,0.000430510670412,-0.0000201609127544,-0.00119344855193,0.00177869794425,-0.00688565941527,0.0134571380913,-0.00642792368308,0.00285426503979,0.000607340480201,0.000360053934855,-0.000204888478038,0.000572061224375],[0.000161551652127,-0.000881966494489,0.000145882775541,0.00059118954232,-0.00280531262979,0.00209283153526,-0.00642792368308,0.017709504813,-0.00731077091768,0.00341332727112,-0.00214508199133,0.000783761264756,-0.00296401837841],[0.000250367273111,-0.000482467759866,-0.00118936947547,-0.000439600989921,-0.00140255864244,-0.0028424935881,0.00285426503979,-0.00731077091768,0.0196894183755,-0.00808964949101,0.00429237168282,-0.000352511822712,0.0000548324278498],[-0.000376017123926,0.000342982762959,-0.0000506509568368,-0.00161583931185,-0.000590874115005,0.0016369544901,0.000607340480201,0.00341332727112,-0.00808964949101,0.0256921630353,-0.0117691364139,0.00170175440144,-0.00154171756003],[0.000642505765427,-0.00125740712974,-0.000604929518886,0.00110855535604,-0.00402594497427,0.000645984895527,0.000360053934855,-0.00214508199133,0.00429237168282,-0.0117691364139,0.024346165359,-0.0114930896088,0.00408760970458],[-0.000153505330672,-0.000128528132336,-0.00205369782634,-0.000280118430965,0.000265886017587,-0.000290590891382,-0.000204888478038,0.000783761264756,-0.000352511822712,0.00170175440144,-0.0114930896088,0.0312712416053,-0.0115826260298],[0.000488880381454,-0.000930101959966,0.000165445249877,-0.00131978129502,-0.00130837969482,0.0000252341524174,0.000572061224375,-0.00296401837841,0.0000548324278498,-0.00154171756003,0.00408760970458,-0.0115826260298,0.0266886204481]],"mean":[-657.499633789,118.170150757,-15.8142690659,23.7756214142,27.9547634125,7.41873121262,11.384718895,5.84918403625,2.23665332794,6.55588436127,-2.07319402695,-1.80600118637,-1.45712602139]},"pitch_salience":{"dmean":0.0898410454392,"dmean2":0.142160385847,"dvar":0.00801350548863,"dvar2":0.0183579642326,"max":0.885195612907,"mean":0.500565290451,"median":0.522167086601,"min":0.0384410694242,"var":0.019716558978},"silence_rate_20dB":{"dmean":0,"dmean2":0,"dvar":0,"dvar2":0,"max":1,"mean":1,"median":1,"min":1,"var":0},"silence_rate_30dB":{"dmean":0.0412687584758,"dmean2":0.0825515910983,"dvar":0.0395684763789,"dvar2":0.100297681987,"max":1,"mean":0.971014499664,"median":1,"min":0,"var":0.0281445756555},"silence_rate_60dB":{"dmean":0.0061391540803,"dmean2":0.0122804027051,"dvar":0.00610191421583,"dvar2":0.0131547013298,"max":1,"mean":0.06990621984,"median":0,"min":0,"var":0.0650200024247},"spectral_centroid":{"dmean":273.274993896,"dmean2":436.51651001,"dvar":102394.617188,"dvar2":241358.15625,"max":11512.0019531,"mean":1667.5715332,"median":1496.32519531,"min":135.17175293,"var":1485460.125},"spectral_complexity":{"dmean":4.1572303772,"dmean2":6.06174325943,"dvar":24.7774238586,"dvar2":42.6468086243,"max":60,"mean":22.4352931976,"median":22,"min":0,"var":119.256576538},"spectral_contrast_coeffs":{"dmean":[0.0547281503677,0.0419661179185,0.0358119495213,0.0290211625397,0.0214087963104,0.0143521558493],"dmean2":[0.089190416038,0.0695966109633,0.0592280142009,0.0474361181259,0.0347170904279,0.0244426690042],"dvar":[0.00231891521253,0.00115485384595,0.000865289999638,0.000539132335689,0.000336184108164,0.0002051510819],"dvar2":[0.00570860039443,0.00309421680868,0.00219050352462,0.00142540514935,0.000841430271976,0.000576783029828],"max":[-0.327659964561,-0.544794559479,-0.552775025368,-0.616913378239,-0.599411785603,-0.676564574242],"mean":[-0.636310696602,-0.78689032793,-0.793307900429,-0.782316863537,-0.786613821983,-0.81140846014],"median":[-0.63624727726,-0.788307964802,-0.798080801964,-0.781743764877,-0.786496162415,-0.809373021126],"min":[-0.981759130955,-0.986759901047,-0.975748240948,-0.976216316223,-0.967493772507,-0.965040326118],"var":[0.00744585273787,0.0033706324175,0.00394030800089,0.00251097651199,0.00194576533977,0.000886718800757]},"spectral_contrast_valleys":{"dmean":[0.424392640591,0.351368159056,0.314621061087,0.259593904018,0.234534159303,0.302455663681],"dmean2":[0.70430791378,0.577227652073,0.504239737988,0.403832614422,0.360635817051,0.423223048449],"dvar":[0.178430393338,0.16964673996,0.142703995109,0.116691976786,0.158023461699,0.192450106144],"dvar2":[0.396875202656,0.380130946636,0.299799054861,0.230029642582,0.29331818223,0.325487077236],"max":[-5.28356456757,-5.40288305283,-5.78654050827,-5.76414012909,-5.20296955109,-7.07181453705],"mean":[-7.52029132843,-7.38544178009,-7.68147039413,-7.58895683289,-7.70246839523,-10.3922710419],"median":[-7.00711250305,-6.88933849335,-7.14525127411,-7.05968332291,-7.34128570557,-10.1690139771],"min":[-28.1167182922,-28.0133705139,-27.859577179,-27.6717720032,-27.4679012299,-27.4315776825],"var":[7.01340055466,6.78246927261,6.72487878799,6.76966667175,6.52060031891,5.3122587204]},"spectral_decrease":{"dmean":4.09448430716e-9,"dmean2":6.09563111098e-9,"dvar":4.63555456346e-17,"dvar2":9.86286685795e-17,"max":9.79016851817e-19,"mean":-6.94413371249e-9,"median":-4.4360191076e-9,"min":-5.82847654584e-8,"var":6.02155986901e-17},"spectral_energy":{"dmean":0.0159515328705,"dmean2":0.0235832594335,"dvar":0.000679921300616,"dvar2":0.00144051201642,"max":0.223018720746,"mean":0.0278085581958,"median":0.0179766546935,"min":1.00596051544e-20,"var":0.000902327999938},"spectral_energyband_high":{"dmean":0.000476876244647,"dmean2":0.000698380055837,"dvar":0.00000196540099751,"dvar2":0.00000420358674091,"max":0.0442151799798,"mean":0.000679382006638,"median":0.000147425147588,"min":7.03928762578e-21,"var":0.00000270020723292},"spectral_energyband_low":{"dmean":0.0123678166419,"dmean2":0.0187749285251,"dvar":0.000618422986008,"dvar2":0.00131786253769,"max":0.211056485772,"mean":0.0158779155463,"median":0.0075440662913,"min":1.34192118845e-23,"var":0.00073218945181},"spectral_energyband_middle_high":{"dmean":0.00165330630261,"dmean2":0.00245375721715,"dvar":0.00000469279666504,"dvar2":0.000010208634194,"max":0.0329740270972,"mean":0.00515927933156,"median":0.00413712719455,"min":1.07511487452e-21,"var":0.0000164289231179},"spectral_energyband_middle_low":{"dmean":0.00488901743665,"dmean2":0.00754133053124,"dvar":0.000128297833726,"dvar2":0.000298277125694,"max":0.100955180824,"mean":0.00804716628045,"median":0.005196493119,"min":1.4171407797e-22,"var":0.000140470132465},"spectral_entropy":{"dmean":0.115799076855,"dmean2":0.178121119738,"dvar":0.0166444815695,"dvar2":0.0349849946797,"max":9.82591629028,"mean":7.72302532196,"median":7.66983222961,"min":6.17671966553,"var":0.142575800419},"spectral_flux":{"dmean":0.0357694365084,"dmean2":0.0572215169668,"dvar":0.00221910211258,"dvar2":0.00560687156394,"max":0.361772358418,"mean":0.0872521996498,"median":0.0705590695143,"min":6.416005921e-11,"var":0.0035665363539},"spectral_kurtosis":{"dmean":1.38437306881,"dmean2":2.27959823608,"dvar":3.09798169136,"dvar2":8.61907672882,"max":44.6703414917,"mean":5.9529337883,"median":5.99572277069,"min":-1.24774813652,"var":11.0856075287},"spectral_rms":{"dmean":0.00121018942446,"dmean2":0.00169715401717,"dvar":0.00000249398112828,"dvar2":0.00000474810394735,"max":0.0147505672649,"mean":0.00465246336535,"median":0.00418786332011,"min":3.13277030185e-12,"var":0.00000548492243979},"spectral_rolloff":{"dmean":571.955871582,"dmean2":966.238098145,"dvar":666482.1875,"dvar2":1599870.125,"max":19659.8144531,"mean":1806.9074707,"median":1571.92382812,"min":21.533203125,"var":5331311},"spectral_skewness":{"dmean":0.176999241114,"dmean2":0.28799289465,"dvar":0.0402276962996,"dvar2":0.098672196269,"max":4.54059696198,"mean":1.69197249413,"median":1.76494562626,"min":-0.063804551959,"var":0.191708937287},"spectral_spread":{"dmean":541394.375,"dmean2":790754.0625,"dvar":694242574336,"dvar2":1397350072320,"max":42700160,"mean":4665994,"median":3814866,"min":1120844.875,"var":19882989060100},"spectral_strongpeak":{"dmean":0.360768824816,"dmean2":0.604276180267,"dvar":0.462740033865,"dvar2":1.25226855278,"max":7.83525800705,"mean":0.495501309633,"median":0.276948183775,"min":0,"var":0.443586826324},"zerocrossingrate":{"dmean":0.0106424326077,"dmean2":0.0129245044664,"dvar":0.000144008445204,"dvar2":0.000197804707568,"max":0.51416015625,"mean":0.0635355040431,"median":0.05419921875,"min":0,"var":0.00349148223177}},"metadata":{"audio_properties":{"analysis_sample_rate":44100,"bit_rate":0,"codec":"flac","downmix":"mix","equal_loudness":0,"length":136.160003662,"lossless":true,"md5_encoded":"34e96faa172ffa9fc022038c6adb9394","replay_gain":-9.99080657959,"sample_rate":44100},"tags":{"acoustid_id":["9b6af24e-54a5-4e9d-9316-f08d41937da7"],"album":["Unknown Pleasures"],"albumartist":["Joy Division"],"albumartistsort":["Joy Division"],"artist":["Joy Division"],"artistsort":["Joy Division"],"asin":["B000042O1H"],"barcode":["639842822329"],"catalognumber":["3984 28223-2","3984 28223-2"],"composer":["Joy Division"],"date":["1992"],"discnumber":["1"],"disctotal":["1"],"engineer":["Chris Nagle"],"file_name":"09 Interzone.flac","genre":["Rock Pop, Post-Punk, Alternative And Punk"],"isrc":["GBAAP9700176"],"label":["CentreDate","London Records 90"],"language":["eng"],"lyricist":["Joy Division"],"media":["CD"],"musicbrainz_albumartistid":["9a58fda3-f4ed-4080-a3a5-f457aac9fcdd"],"musicbrainz_albumid":["cb9adb70-52a2-37da-a323-e3a1377daa14"],"musicbrainz_artistid":["9a58fda3-f4ed-4080-a3a5-f457aac9fcdd"],"musicbrainz_recordingid":["f2bbc062-2387-41fd-b079-2ecd7e5b3ca6"],"musicbrainz_workid":["b42aea79-6933-365a-839d-67ea7e77dc20"],"originaldate":["1979-06"],"producer":["Martin Hannett"],"releasecountry":["GB"],"releasestatus":["official"],"releasetype":["album"],"replaygain_album_gain":["-4.47 dB"],"replaygain_album_peak":["0.97726440"],"replaygain_reference_loudness":["89.0 dB"],"replaygain_track_gain":["-4.51 dB"],"replaygain_track_peak":["0.97726440"],"script":["Latn"],"title":["Interzone"],"totaldiscs":["1"],"totaltracks":["10"],"tracknumber":["9"],"tracktotal":["10"]},"version":{"essentia":"2.1-beta1","essentia_build_sha":"ca57ba49d9b1854bd80e60cf9ccf267278fb7d6b","essentia_git_sha":"v2.1_beta1-28-g21ef5f4-dirty","extractor":"music 1.0"}},"rhythm":{"beats_count":353,"beats_loudness":{"dmean":0.0255406554788,"dmean2":0.0452735051513,"dvar":0.000382170837838,"dvar2":0.00105764286127,"max":0.1