{"lowlevel":{"average_loudness":0.916364192963,"barkbands":{"dmean":[0.0094494977966,0.0163769908249,0.00932457484305,0.00285636237822,0.00609384849668,0.00212500430644,0.000650943431538,0.000495954533108,0.000889739545528,0.00110252411105,0.000694474845659,0.000469995109597,0.000256975908997,0.000117486466479,0.0000890456722118,0.000133084860863,0.0000849770876812,0.0000327404886775,0.000071696806117,0.0000597045072936,0.0000643494931865,0.0000663041209918,0.0000749133250793,0.0000162516626006,0.0000036195890516,0.0000409962449339,0.000111660898256],"dmean2":[0.0140638947487,0.0256507918239,0.0159753039479,0.00482608983293,0.00983309000731,0.00340750138275,0.00105013186112,0.000815565523226,0.0014161899453,0.00174002407584,0.0011121048592,0.000764997617807,0.000404742371757,0.000184210366569,0.000140172240208,0.000203141578822,0.000130812230054,0.0000498489898746,0.000104486374767,0.0000859514984768,0.0000956017902354,0.0000980865079327,0.000110831868369,0.0000240479566855,0.00000582433403906,0.0000603296793997,0.000157901245984],"dvar":[0.000507101067342,0.00160373584367,0.000249310629442,0.0000284566522168,0.000109227163193,0.0000190184146049,0.00000187639886917,0.00000127490886825,0.00000424957670475,0.00000690134947945,0.00000212955364987,8.96187486887e-7,4.16129097403e-7,5.45480851599e-8,2.55784051717e-8,7.27599882566e-8,2.80397944863e-8,4.48331372027e-9,2.6345894355e-8,2.44080240464e-8,1.92713631719e-8,1.287556195e-8,2.05844443713e-8,8.92626028648e-10,3.5792830505e-11,5.83806469834e-9,3.50706983454e-8],"dvar2":[0.00113235018216,0.00366776646115,0.000654302770272,0.0000714510824764,0.000256277096923,0.000044925531256,0.00000491349373988,0.00000323629797094,0.0000102687827166,0.0000168427159224,0.00000520670027981,0.00000224750260713,0.00000106201537164,1.35681290203e-7,6.16554416411e-8,1.63061855574e-7,6.76730422811e-8,1.07202087207e-8,5.88888013908e-8,4.81785420448e-8,4.19402326202e-8,2.81288095039e-8,4.54302835351e-8,2.01041783221e-9,8.70225488891e-11,1.29492994105e-8,7.29306890435e-8],"max":[0.335312843323,0.415559351444,0.159111455083,0.111831821501,0.209073469043,0.0861426517367,0.0272629745305,0.0366821140051,0.0439463928342,0.0627694875002,0.0366402454674,0.0228607039899,0.0183202084154,0.0072326771915,0.00353439105675,0.0102573335171,0.00630014855415,0.0033709241543,0.00776759814471,0.0055462513119,0.00494728563353,0.00239157350734,0.0013464554213,0.000422463461291,0.0000907899448066,0.000914758013096,0.00932873785496],"mean":[0.0121661042795,0.0185044240206,0.00889529380947,0.00291628297418,0.00774298701435,0.00257060467266,0.000858989718836,0.000556127168238,0.00109086511657,0.001384057221,0.0008927998133,0.000647094740998,0.000365965155652,0.000170066690771,0.000139874653541,0.000200817987206,0.000128834319185,0.0000517121297889,0.000110007546027,0.0000872024393175,0.0000821208304842,0.0000795504602138,0.0000781510898378,0.0000176504036062,0.00000420279366153,0.0000465389384772,0.000191637227545],"median":[0.000740641902667,0.00355230062269,0.00306659657508,0.00120758078992,0.00387969892472,0.00106385874096,0.000347434426658,0.000200492737349,0.000317133497447,0.000425004574936,0.00035645411117,0.000308080896502,0.000136677845148,0.0000785372321843,0.0000647067718091,0.0000834558813949,0.0000635886826785,0.0000255903360085,0.0000459322618553,0.0000315203906212,0.0000255996346823,0.0000191964300029,0.0000118458137877,0.00000446508965979,0.00000201740886041,0.0000118144062071,0.0000762331110309],"min":[2.02632981466e-14,1.68531401128e-14,4.22570422528e-15,2.42517010095e-15,1.66309995814e-15,2.6601082414e-15,1.84134692459e-15,6.65199855072e-16,1.3888698651e-15,5.99246852244e-16,4.33778860118e-16,2.21121000199e-15,6.15805764027e-16,1.14571730501e-15,3.52715869478e-15,9.19909798564e-15,1.49149339119e-14,9.71977167941e-15,9.95058138128e-15,1.09802786777e-14,1.05364977878e-14,2.50913673112e-14,1.32337183543e-14,4.08934733678e-14,3.46320228625e-14,4.49774596636e-14,7.57645899144e-14],"var":[0.000752220803406,0.00184724433348,0.000226949065109,0.0000301826567011,0.000144815436215,0.0000232917482208,0.0000026088487175,0.00000133350442866,0.00000567715323996,0.00000848839317769,0.00000281875941255,0.00000124114126265,6.34530010757e-7,7.75225785787e-8,4.63563196718e-8,1.18097830182e-7,4.07664337843e-8,6.67546551369e-9,4.6823036115e-8,5.32106945172e-8,3.13143324604e-8,1.98405647467e-8,2.37558364091e-8,1.01841257649e-9,4.21220835989e-11,7.05787117639e-9,1.1319500004e-7]},"barkbands_crest":{"dmean":3.67189693451,"dmean2":6.03937721252,"dvar":8.52739429474,"dvar2":22.1124897003,"max":26.1739597321,"mean":11.779135704,"median":11.226647377,"min":2.33108639717,"var":19.2273807526},"barkbands_flatness_db":{"dmean":0.0367761738598,"dmean2":0.0563626363873,"dvar":0.00104561122134,"dvar2":0.00238285213709,"max":0.438806951046,"mean":0.172493845224,"median":0.167579397559,"min":0.0228382553905,"var":0.00397964334115},"barkbands_kurtosis":{"dmean":13.6298627853,"dmean2":21.6002178192,"dvar":647.574279785,"dvar2":1520.31481934,"max":389.053466797,"mean":18.6600246429,"median":8.74513339996,"min":-1.82567131519,"var":952.893859863},"barkbands_skewness":{"dmean":1.187743783,"dmean2":1.7846044302,"dvar":1.64750540257,"dvar2":3.5362508297,"max":17.0606250763,"mean":2.91132831573,"median":2.42734932899,"min":-2.23684120178,"var":4.51152038574},"barkbands_spread":{"dmean":7.10705280304,"dmean2":10.9656991959,"dvar":118.110160828,"dvar2":247.350082397,"max":111.134857178,"mean":14.8600912094,"median":10.2598638535,"min":0.28034439683,"var":238.846557617},"dissonance":{"dmean":0.0256051067263,"dmean2":0.0424964204431,"dvar":0.000653314753436,"dvar2":0.00172150239814,"max":0.500000119209,"mean":0.459407150745,"median":0.468678206205,"min":0.21203429997,"var":0.00114775670227},"dynamic_complexity":2.78530287743,"erbbands":{"dmean":[0.864058256149,2.83014845848,9.33579921722,10.9559354782,9.09030151367,26.564447403,29.5256309509,13.8271846771,10.3489513397,7.72044658661,11.8081731796,19.2183418274,28.8662509918,35.975276947,22.3271999359,16.6244182587,11.7277164459,6.87868976593,4.32228326797,5.2548584938,7.22452306747,4.61084842682,1.8344322443,3.16634464264,3.14425134659,2.79360032082,3.24532580376,2.21278452873,1.90624833107,3.2475104332,1.78448116779,0.653833985329,0.16602730751,0.0464420206845,0.0243507064879,0.0256893821061,0.0772037655115,0.0854675918818,0.0175757911056,0.00213210424408],"dmean2":[1.36839318275,4.67609262466,15.929441452,18.5302295685,14.9706659317,43.6097717285,47.1247673035,21.9483985901,16.5821170807,12.4742574692,19.3573913574,30.4619045258,46.0571060181,56.0033149719,35.3573226929,26.6701183319,18.3347129822,10.5555562973,6.70107603073,8.12798404694,10.8888044357,7.04613542557,2.73173904419,4.62719345093,4.62059307098,4.00761795044,4.83427143097,3.23644804955,2.78838443756,4.95139360428,2.61619400978,0.974413156509,0.248936593533,0.07385841012,0.0392240472138,0.039270568639,0.114170707762,0.125093877316,0.0252355094999,0.00295422924682],"dvar":[5.06430530548,53.8520202637,260.375244141,323.741912842,284.633514404,2332.95385742,3461.12988281,877.849609375,491.528686523,262.062591553,822.143371582,1951.85192871,4578.41015625,8131.40136719,2203.00952148,911.396362305,954.43359375,178.455688477,47.0725975037,108.264480591,207.416809082,81.1868515015,11.9187297821,40.418170929,83.1945800781,49.2694091797,63.4925193787,20.0739269257,11.2398929596,35.5011253357,11.9644403458,1.75728821754,0.0817533135414,0.00516559556127,0.0017348586116,0.00154048914555,0.0241519790143,0.0225796606392,0.000987755134702,0.0000144104133142],"dvar2":[12.3875713348,136.541442871,690.677429199,831.231445312,714.418273926,5638.08300781,7933.01708984,2081.16796875,1292.92285156,649.036193848,2117.22338867,4730.9375,11034.5908203,19981.4003906,5490.91113281,2243.53808594,2446.20336914,432.34866333,114.016288757,244.149185181,469.679382324,192.670455933,26.8941841125,87.2845535278,198.084060669,97.0397262573,136.920593262,42.0598182678,23.9708461761,83.1888961792,26.436372757,4.10096216202,0.180597260594,0.0123688224703,0.0042235981673,0.00347278709523,0.0561177246273,0.0500240810215,0.0020817623008,0.0000278343159152],"max":[21.36510849,79.324256897,142.00440979,272.976501465,461.809570312,841.991882324,1294.75878906,952.790222168,467.337432861,383.771636963,911.59362793,1013.39935303,1469.64135742,2218.31738281,1265.5255127,780.923706055,1009.22265625,401.175750732,170.231933594,361.831329346,317.232574463,355.334136963,112.538818359,207.203094482,529.647827148,234.546783447,353.36831665,140.922698975,84.036567688,58.1888656616,36.1790390015,15.6033153534,3.49370574951,1.03438293934,0.639728009701,0.45035725832,2.00945806503,2.36833381653,0.935402214527,0.222238123417],"mean":[0.898314058781,2.92937016487,9.00137233734,11.4643859863,10.9949836731,31.8053951263,34.8007736206,17.7994995117,13.9394617081,10.1417646408,13.7287530899,24.1254463196,37.0997047424,46.9666023254,31.9849586487,24.6366481781,17.7054004669,10.7100505829,7.1977763176,8.69266605377,11.1550788879,7.17123508453,3.03920722008,4.90101861954,4.80239391327,4.09081840515,4.21118354797,2.86508870125,2.37303829193,3.42218184471,1.87985610962,0.687066733837,0.17964206636,0.0546997636557,0.02790745534,0.0304559301585,0.0866615846753,0.0990109071136,0.0244177058339,0.00578964967281],"median":[0.102803587914,0.783879160881,3.3545062542,4.94959592819,5.64099931717,15.2855148315,12.8130941391,8.33594417572,5.83094739914,4.67692375183,5.02984762192,7.25767040253,12.5584449768,17.069278717,14.3286104202,12.1180810928,7.23702430725,4.96826124191,3.79667210579,3.86088633537,4.80142116547,3.62258410454,1.57894086838,2.08716201782,2.02320671082,1.51365637779,1.34530329704,0.857468187809,0.627803742886,0.557576775551,0.307675033808,0.142467826605,0.0507616996765,0.0269222669303,0.0129785984755,0.0135832931846,0.0232580341399,0.021022990346,0.00835855305195,0.00321945827454],"min":[8.02523032837e-13,2.72686192203e-12,4.9746292155e-12,7.1656452473e-12,6.53623682956e-12,4.74163546968e-12,1.07217281928e-11,2.53363718894e-11,3.20598443626e-11,1.36382736701e-11,2.06529897351e-11,2.54619294399e-11,3.57175539145e-11,9.23163108457e-12,4.51560976111e-11,8.14583747677e-11,3.32224837918e-11,6.60125357155e-11,9.1334773078e-11,4.42858971716e-10,4.51373716182e-10,9.04142816172e-10,6.0997684681e-10,6.88146539751e-10,3.07309955261e-10,5.87088488935e-10,2.65881122674e-10,5.28384336285e-10,9.4044627641e-10,6.70837108085e-10,3.33994165658e-10,8.11067824014e-10,6.58423426891e-10,3.93551857769e-10,2.59888638388e-10,1.69559422059e-10,6.40077019165e-11,5.63510522966e-11,9.7146049885e-12,8.88474135843e-13],"var":[5.18153572083,47.6744003296,226.607513428,333.640319824,317.09161377,2810.90258789,4633.45605469,1099.7956543,702.140441895,329.952087402,853.345947266,2637.32617188,5961.50927734,9726.41894531,3006.26757812,1496.37414551,1440.35266113,288.98336792,91.8523254395,197.492340088,349.901763916,119.823852539,19.9302825928,75.8674316406,127.6664505,104.80368042,107.87562561,34.873462677,18.9173908234,40.2592086792,13.7080821991,1.83957076073,0.0964918732643,0.00626038247719,0.00200126715936,0.00190710416064,0.0264188945293,0.0303868260235,0.00176747085061,0.0000815044040792]},"erbbands_crest":{"dmean":3.33327078819,"dmean2":5.46755886078,"dvar":9.18118667603,"dvar2":23.1800708771,"max":29.1341075897,"mean":9.11755943298,"median":7.99630594254,"min":2.09280133247,"var":18.5485916138},"erbbands_flatness_db":{"dmean":0.027934057638,"dmean2":0.040686160326,"dvar":0.0006177109899,"dvar2":0.0012456845725,"max":0.363666057587,"mean":0.141403764486,"median":0.137828156352,"min":0.0414320491254,"var":0.00204218854196},"erbbands_kurtosis":{"dmean":1.75854182243,"dmean2":2.84152960777,"dvar":10.2690162659,"dvar2":23.7389583588,"max":89.5354537964,"mean":1.25130307674,"median":0.275541782379,"min":-1.84096479416,"var":15.5483570099},"erbbands_skewness":{"dmean":0.540010869503,"dmean2":0.824280917645,"dvar":0.298930257559,"dvar2":0.65611666441,"max":7.26018428802,"mean":0.530864238739,"median":0.485823005438,"min":-5.3412232399,"var":0.827224671841},"erbbands_spread":{"dmean":12.9890823364,"dmean2":19.1940803528,"dvar":201.691497803,"dvar2":417.234802246,"max":170.38092041,"mean":36.554309845,"median":30.8617839813,"min":1.73469233513,"var":474.220245361},"gfcc":{"cov":[[5176.94873047,-459.591278076,-296.395080566,-47.5798606873,-87.2370300293,52.3588676453,108.759162903,-9.31797409058,179.643951416,-3.98773431778,0.0104050422087,83.9649810791,-123.443603516],[-459.591278076,1216.54162598,88.3997573853,-423.060119629,139.095291138,33.2922477722,-133.353622437,113.066268921,-76.1309890747,22.808467865,76.2433853149,-107.420860291,164.834274292],[-296.395080566,88.3997573853,485.060852051,253.95942688,-4.5890750885,145.054718018,20.9444446564,69.213973999,33.0571708679,54.7476654053,28.0836467743,3.89497351646,0.0100537771359],[-47.5798606873,-423.060119629,253.95942688,519.504821777,89.7704620361,56.2431182861,123.847610474,-6.69263505936,83.6616210938,13.0142412186,-25.9758758545,61.5738983154,-96.9517822266],[-87.2370300293,139.095291138,-4.5890750885,89.7704620361,273.292510986,60.4494895935,71.6895599365,33.0424232483,23.9785881042,-1.10447597504,28.3497409821,-16.9300346375,30.397436142],[52.3588676453,33.2922477722,145.054718018,56.2431182861,60.4494895935,241.738296509,51.0588150024,64.3261947632,-7.66487216949,11.9174585342,13.4014339447,2.43105602264,11.864159584],[108.759162903,-133.353622437,20.9444446564,123.847610474,71.6895599365,51.0588150024,212.501113892,5.3154463768,51.0623435974,-14.534538269,-10.4296789169,26.1196975708,-29.752363205],[-9.31797409058,113.066268921,69.213973999,-6.69263505936,33.0424232483,64.3261947632,5.3154463768,171.362991333,43.6062889099,42.6918029785,24.0962505341,-27.020898819,31.332857132],[179.643951416,-76.1309890747,33.0571708679,83.6616210938,23.9785881042,-7.66487216949,51.0623435974,43.6062889099,143.812332153,51.2660140991,16.6957187653,16.3289299011,-26.6831417084],[-3.98773431778,22.808467865,54.7476654053,13.0142412186,-1.10447597504,11.9174585342,-14.534538269,42.6918029785,51.2660140991,87.9454269409,47.2172584534,-1.93470001221,13.5958490372],[0.0104050422087,76.2433853149,28.0836467743,-25.9758758545,28.3497409821,13.4014339447,-10.4296789169,24.0962505341,16.6957187653,47.2172584534,79.1008987427,19.8140487671,29.0720558167],[83.9649810791,-107.420860291,3.89497351646,61.5738983154,-16.9300346375,2.43105602264,26.1196975708,-27.020898819,16.3289299011,-1.93470001221,19.8140487671,74.6547470093,3.43269300461],[-123.443603516,164.834274292,0.0100537771359,-96.9517822266,30.397436142,11.864159584,-29.752363205,31.332857132,-26.6831417084,13.5958490372,29.0720558167,3.43269300461,101.173057556]],"icov":[[0.000231771657127,0.0000396472278226,0.00017364876112,0.0000855729740579,0.0000877934799064,-0.000223213559366,0.00000727347605789,-0.000008306379641,-0.000366860767826,0.000157538685016,-0.000123322723084,-0.000155042638653,0.00022746186005],[0.0000396472278226,0.00330455088988,-0.0042340583168,0.00588540639728,-0.0048748748377,0.00199400004931,0.000639568199404,-0.00120887428056,0.00105298799463,-0.00104517512955,0.00251331203617,-0.00276596331969,0.00188786908984],[0.00017364876112,-0.0042340583168,0.0114939473569,-0.0128358053043,0.0105448281392,-0.00599755067378,-0.000365404644981,0.00207548448816,-0.00314304488711,0.00394637230784,-0.00930746272206,0.0107679376379,-0.00745648052543],[0.0000855729740579,0.00588540639728,-0.0128358053043,0.0195847935975,-0.0150688597932,0.00621846178547,0.000344023806974,-0.00351441465318,0.00397381512448,-0.00819083303213,0.0145301865414,-0.0176519006491,0.0128448521718],[0.0000877934799064,-0.0048748748377,0.0105448281392,-0.0150688597932,0.0172194615006,-0.00632760021836,-0.00219648866914,0.00339859956875,-0.00541966501623,0.00921239051968,-0.0147302588448,0.0167384073138,-0.0115243336186],[-0.000223213559366,0.00199400004931,-0.00599755067378,0.00621846178547,-0.00632760021836,0.00869556330144,-0.00109977205284,-0.00353748886846,0.00440563960001,-0.00374874612316,0.00540792848915,-0.00700978375971,0.00444169668481],[0.00000727347605789,0.000639568199404,-0.000365404644981,0.000344023806974,-0.00219648866914,-0.00109977205284,0.00711891008541,-0.000256761617493,-0.00229611294344,0.0019924629014,0.00102819816675,-0.00217106752098,0.00116336811334],[-0.000008306379641,-0.00120887428056,0.00207548448816,-0.00351441465318,0.00339859956875,-0.00353748886846,-0.000256761617493,0.0101649528369,-0.00470235291868,0.00106048735324,-0.00403788266703,0.00810658093542,-0.00573587883264],[-0.000366860767826,0.00105298799463,-0.00314304488711,0.00397381512448,-0.00541966501623,0.00440563960001,-0.00229611294344,-0.00470235291868,0.0157100576907,-0.0121031589806,0.00723943859339,-0.00947533268481,0.00754894595593],[0.000157538685016,-0.00104517512955,0.00394637230784,-0.00819083303213,0.00921239051968,-0.00374874612316,0.0019924629014,0.00106048735324,-0.0121031589806,0.0321973115206,-0.0232249051332,0.0168465618044,-0.00944190192968],[-0.000123322723084,0.00251331203617,-0.00930746272206,0.0145301865414,-0.0147302588448,0.00540792848915,0.00102819816675,-0.00403788266703,0.00723943859339,-0.0232249051332,0.0393740460277,-0.0261596124619,0.00962781719863],[-0.000155042638653,-0.00276596331969,0.0107679376379,-0.0176519006491,0.0167384073138,-0.00700978375971,-0.00217106752098,0.00810658093542,-0.00947533268481,0.0168465618044,-0.0261596124619,0.0416124276817,-0.0186131075025],[0.00022746186005,0.00188786908984,-0.00745648052543,0.0128448521718,-0.0115243336186,0.00444169668481,0.00116336811334,-0.00573587883264,0.00754894595593,-0.00944190192968,0.00962781719863,-0.0186131075025,0.0255803279579]],"mean":[-7.19080734253,98.6430358887,-72.2604141235,5.70411729813,-25.2691001892,-6.92973423004,-4.36205005646,-19.2650279999,-13.766166687,-14.6068344116,-13.0161123276,4.74058532715,-7.24035787582]},"hfc":{"dmean":41.6128044128,"dmean2":60.8334312439,"dvar":3368.20410156,"dvar2":7589.17529297,"max":1126.59692383,"mean":107.269935608,"median":63.0165481567,"min":3.47327366867e-9,"var":15879.6552734},"melbands":{"dmean":[0.00604690797627,0.0043665333651,0.00174932705704,0.00120917079039,0.00110059499275,0.000320852675941,0.000147821469,0.0000869987343322,0.0000981308767223,0.000132552682771,0.00014958641259,0.000152722073835,0.0000837481638882,0.000056906221289,0.0000348391658918,0.0000240371646214,0.0000124372263599,0.00000740777068131,0.00000705963293512,0.00000821854609967,0.00000892329444468,0.00000566429389437,0.00000226126235248,0.00000151294341322,0.00000281701181848,0.00000272400711765,0.00000178482207502,0.0000020569782464,0.00000238341704062,0.00000128283602407,0.00000139424093959,0.00000109913776214,0.00000134528545459,0.00000195296411221,0.00000105767367131,7.02980173628e-7,3.183507431e-7,1.27145341366e-7,5.50361498597e-8,3.40927570619e-8],"dmean2":[0.00925333984196,0.00730355642736,0.0029145902954,0.00199250224978,0.00175684387796,0.000509169069119,0.000237418906181,0.000141000826261,0.000160357085406,0.000210513797356,0.000239523360506,0.000239146218519,0.000133185414597,0.0000925292260945,0.0000563465182495,0.000037814344978,0.0000194076856133,0.0000117556828627,0.0000111526223918,0.0000127607499962,0.0000136342459882,0.0000088446022346,0.00000346806541529,0.00000231137960327,0.00000418694889959,0.00000405596165365,0.00000269228621619,0.00000300210626847,0.00000359511022907,0.00000193516370928,0.00000206300182981,0.00000163960567079,0.0000020362926989,0.00000302043463307,0.00000156258545303,0.00000106999164018,4.78531433146e-7,1.9169232246e-7,8.70949605769e-8,5.49718031095e-8],"dvar":[0.000217555687414,0.0000658192220726,0.00000762596710047,0.00000459954526377,0.00000431765465692,4.37939689846e-7,9.72784732767e-8,3.20023865186e-8,5.78112704375e-8,9.70951319346e-8,1.25036649479e-7,1.46947144231e-7,2.82127423645e-8,1.42262566172e-8,6.38704955591e-9,3.34963856652e-9,6.78900213824e-10,1.49377302194e-10,1.89862847666e-10,3.34703403881e-10,3.3810179656e-10,1.29417088157e-10,1.92940351196e-11,9.06136624068e-12,3.26934555817e-11,4.65083943579e-11,4.0502330656e-11,2.92258058032e-11,4.04568357981e-11,7.13628765456e-12,8.86760196522e-12,4.50738231461e-12,5.20108478855e-12,1.40205104471e-11,4.13981305833e-12,2.50371446665e-12,4.15582634495e-13,5.0737697057e-14,7.72889358172e-15,3.11590535241e-15],"dvar2":[0.000497673230711,0.00017391575966,0.0000193193791347,0.0000111569224828,0.00000983264817478,0.00000103724812561,2.57948642002e-7,7.91359227037e-8,1.49533946114e-7,2.34640793906e-7,3.01097486499e-7,3.60635908692e-7,6.85167975689e-8,3.57034473097e-8,1.65870588376e-8,8.37070057713e-9,1.68630986952e-9,3.73218234095e-10,4.57666071707e-10,7.72717390074e-10,7.83100362334e-10,3.16060122518e-10,4.48666555297e-11,2.1340797185e-11,7.19366233248e-11,1.0898863062e-10,9.68724961359e-11,6.01323851823e-11,8.81042738765e-11,1.60190107706e-11,1.91138788824e-11,9.91038241055e-12,1.19631743747e-11,3.32425406646e-11,9.08018278623e-12,6.11027981684e-12,9.7984066607e-13,1.13564221232e-13,1.80986139704e-14,7.56874675645e-15],"max":[0.143587127328,0.0770612210035,0.0429184548557,0.0442162677646,0.0514599531889,0.0192346163094,0.00630058348179,0.00395694933832,0.0062925121747,0.00641676364467,0.00754023483023,0.00979058817029,0.0035826866515,0.00307119055651,0.00211789668538,0.00157955382019,0.000891346368007,0.000355828582542,0.000374161783839,0.000974328082521,0.000437083683209,0.000465787830763,0.000108765787445,0.000135138529004,0.000174459812115,0.000426721497206,0.000479310576338,0.00019407668151,0.000283178989775,0.0000962461053859,0.0000973113928922,0.000063416606281,0.0000324893480865,0.0000326269218931,0.0000228636199608,0.0000176979210664,0.0000102681306089,0.00000253316966337,0.00000111755036869,8.48331808356e-7],"mean":[0.00722681824118,0.00444459263235,0.00193942338228,0.00147434032988,0.00134728429839,0.000410604669014,0.000198667374207,0.000109316504677,0.000112115194497,0.000162232623552,0.000188377947779,0.000195067652385,0.000114043810754,0.0000774625368649,0.0000495040221722,0.0000340274673363,0.0000179353355634,0.000011292923773,0.0000109933480417,0.0000125688475237,0.0000131572523969,0.00000830905992188,0.00000338744757755,0.00000236685832533,0.00000416855164076,0.00000406188701163,0.00000254025258073,0.00000285801957034,0.00000307951313516,0.0000015604859982,0.00000176858452505,0.0000013234009657,0.00000156245948801,0.00000196549103748,0.00000110977862278,7.07733534e-7,3.26892859448e-7,1.34423856935e-7,5.93787419234e-8,3.9681506081e-8],"median":[0.00111350219231,0.00172525073867,0.000905150431208,0.000764537835494,0.000563312321901,0.000185038545169,0.0000836672406876,0.0000467764948553,0.0000383255683118,0.0000461192357761,0.0000603033477091,0.0000670743611408,0.0000489411249873,0.0000362820828741,0.0000217175293074,0.0000124711032186,0.00000801618261903,0.00000577151922698,0.00000485078680867,0.00000517763373864,0.00000537837877346,0.00000407860170526,0.00000168501856024,0.00000115855084459,0.00000170474140759,0.00000168619260421,9.70530436462e-7,9.86539248515e-7,9.64952391769e-7,4.80906180655e-7,5.04379954691e-7,3.4917695757e-7,3.40987355685e-7,2.76085927453e-7,1.78771159653e-7,1.27935749106e-7,6.66025101737e-8,3.47601982753e-8,2.30003820434e-8,1.89459683497e-8],"min":[6.89428618429e-15,2.97264751707e-15,1.25554052645e-15,3.75449550862e-16,3.4026173759e-16,5.6899655284e-16,4.63563926676e-16,1.26612301199e-16,1.77499142229e-16,1.79524742113e-16,1.75785184295e-16,2.91693927186e-17,9.83208647474e-17,2.67811356782e-16,1.3010883997e-16,5.96452411141e-17,1.24261506837e-16,1.09175453e-16,3.05694270073e-16,8.25837853573e-16,4.20441373452e-16,1.05593784771e-15,5.67945596711e-16,4.35760043712e-16,6.10294173579e-16,2.44301877922e-16,3.1566413903e-16,3.95659968742e-16,1.33143706081e-16,2.44358708539e-16,3.06959843176e-16,4.35313763228e-16,6.83589099175e-16,2.96606877099e-16,1.74045577145e-16,2.75577404829e-16,5.54203492993e-16,4.57206309132e-16,3.55938888076e-16,3.15877008998e-16],"var":[0.000268170173513,0.000056968183344,0.000008360366337,0.00000552367328055,0.00000595360552325,5.57006728741e-7,1.36629864755e-7,3.95491603911e-8,6.14543864685e-8,1.28383803144e-7,1.6127029312e-7,1.73912624746e-7,3.99070643198e-8,1.87754931602e-8,8.96006024931e-9,5.03594854706e-9,9.43989331148e-10,2.50927917333e-10,3.24738735902e-10,5.01349461945e-10,5.44378708778e-10,1.77029002568e-10,2.8426642984e-11,1.38086469342e-11,5.83277107169e-11,7.49825826429e-11,6.2297146608e-11,5.60156920848e-11,6.8107915141e-11,1.06754665871e-11,1.47184937849e-11,7.36237806831e-12,6.87039791378e-12,1.49423667883e-11,4.76895042553e-12,2.36107335939e-12,4.26532642756e-13,5.82302015308e-14,8.91816849725e-15,3.71232517925e-15]},"melbands_crest":{"dmean":5.10012483597,"dmean2":8.19391727448,"dvar":16.7592639923,"dvar2":41.1801872253,"max":38.4911727905,"mean":17.4703006744,"median":16.3136405945,"min":2.75174117088,"var":46.1028938293},"melbands_flatness_db":{"dmean":0.0448072068393,"dmean2":0.0679748281837,"dvar":0.00149344303645,"dvar2":0.00333172781393,"max":0.585570991039,"mean":0.283055990934,"median":0.282413631678,"min":0.0300261098891,"var":0.00603782804683},"melbands_kurtosis":{"dmean":28.2289943695,"dmean2":44.3721542358,"dvar":6065.08691406,"dvar2":14512.0380859,"max":2269.44506836,"mean":35.1052246094,"median":13.7376689911,"min":-1.85423719883,"var":6887.97119141},"melbands_skewness":{"dmean":1.52544021606,"dmean2":2.27606344223,"dvar":3.66915607452,"dvar2":7.63997602463,"max":42.6324043274,"mean":3.72235965729,"median":3.03387618065,"min":-1.63027083874,"var":8.65549564362},"melbands_spread":{"dmean":6.53715181351,"dmean2":10.1123723984,"dvar":167.966217041,"dvar2":354.821868896,"max":198.263397217,"mean":12.7036275864,"median":8.62106609344,"min":0.285674184561,"var":287.415466309},"mfcc":{"cov":[[5179.76416016,-457.707550049,-360.346069336,-78.3206176758,-230.46395874,110.43952179,-200.367218018,180.35496521,-86.6300430298,166.47996521,-42.5245819092,41.7023963928,31.6064090729],[-457.707550049,1409.6217041,-105.798164368,-374.075073242,160.30380249,-218.723495483,119.155044556,-162.139755249,82.5569839478,-124.818527222,80.7624435425,-65.2342910767,62.9975357056],[-360.346069336,-105.798164368,568.53894043,94.144821167,62.694644928,73.3435440063,31.2982158661,38.126083374,17.9273204803,44.9201812744,52.6792602539,44.2424926758,-7.34688615799],[-78.3206176758,-374.075073242,94.144821167,408.759063721,27.0686187744,115.667518616,-22.1405658722,84.0746002197,2.87562990189,72.8792190552,-4.35986232758,53.6415748596,1.13809585571],[-230.46395874,160.30380249,62.694644928,27.0686187744,245.489196777,18.1416740417,76.5840148926,-3.19212436676,51.3523635864,5.90446233749,44.0256652832,26.0686511993,29.409034729],[110.43952179,-218.723495483,73.3435440063,115.667518616,18.1416740417,215.047119141,51.1434860229,87.3563461304,-4.10413503647,36.2347183228,-13.9844846725,18.9071903229,-0.874121904373],[-200.367218018,119.155044556,31.2982158661,-22.1405658722,76.5840148926,51.1434860229,180.023101807,43.2661323547,49.3268928528,-10.593380928,20.7600460052,-10.440867424,12.3953866959],[180.35496521,-162.139755249,38.126083374,84.0746002197,-3.19212436676,87.3563461304,43.2661323547,148.981124878,33.4796524048,52.9650001526,-3.76300024986,18.7991523743,-5.05671072006],[-86.6300430298,82.5569839478,17.9273204803,2.87562990189,51.3523635864,-4.10413503647,49.3268928528,33.4796524048,107.805343628,35.948764801,39.1943359375,7.52442407608,14.2509880066],[166.47996521,-124.818527222,44.9201812744,72.8792190552,5.90446233749,36.2347183228,-10.593380928,52.9650001526,35.948764801,114.543899536,43.06823349,32.0968017578,6.50499296188],[-42.5245819092,80.7624435425,52.6792602539,-4.35986232758,44.0256652832,-13.9844846725,20.7600460052,-3.76300024986,39.1943359375,43.06823349,93.3160858154,36.0568656921,23.7812080383],[41.7023963928,-65.2342910767,44.2424926758,53.6415748596,26.0686511993,18.9071903229,-10.440867424,18.7991523743,7.52442407608,32.0968017578,36.0568656921,76.6779327393,29.369474411],[31.6064090729,62.9975357056,-7.34688615799,1.13809585571,29.409034729,-0.874121904373,12.3953866959,-5.05671072006,14.2509880066,6.50499296188,23.7812080383,29.369474411,68.5266189575]],"icov":[[0.000260432745563,0.0000180753868335,0.000169647333678,0.000233384824242,0.0000514954117534,-0.000139120078529,0.000309677881887,-0.000407542713219,0.000274224788882,-0.000394310773117,0.0000208719829971,-0.00000109224788503,-0.000258760643192],[0.0000180753868335,0.00146989140194,0.0000848635609145,0.000735807465389,-0.000654947070871,0.000674577779137,-0.000381173449568,0.000401155877626,-0.000625119835604,0.00104496383574,-0.00116805406287,0.00115146895405,-0.00103185651824],[0.000169647333678,0.0000848635609145,0.00219105696306,-0.0000602265317866,-0.000299357488984,-0.000587767688558,0.0000533859674761,-0.000258150103036,0.000321814819472,-0.000158195776748,-0.00123455433641,-0.000621865619905,0.000814963597804],[0.000233384824242,0.000735807465389,-0.0000602265317866,0.00414851401001,-0.000890761206392,-0.000994383473881,0.000965815561358,-0.000923969084397,-0.00000623459754934,-0.00123840372544,0.00085271865828,-0.00119137286674,-0.000399189564632],[0.0000514954117534,-0.000654947070871,-0.000299357488984,-0.000890761206392,0.00600280240178,-0.000644434650894,-0.00187103648204,0.00137734273449,-0.00159475812688,0.000149672370753,-0.000321457133396,-0.00188620970584,-0.000345867301803],[-0.000139120078529,0.000674577779137,-0.000587767688558,-0.000994383473881,-0.000644434650894,0.00819101929665,-0.00285783130676,-0.00242825644091,0.00206291652285,-0.00105397368316,0.00155773363076,-0.000138005983899,-0.000694084446877],[0.000309677881887,-0.000381173449568,0.0000533859674761,0.000965815561358,-0.00187103648204,-0.00285783130676,0.0102161671966,-0.00384469004348,-0.00223414576612,0.00318729924038,-0.00292929075658,0.00327060441487,-0.00139095960185],[-0.000407542713219,0.000401155877626,-0.000258150103036,-0.000923969084397,0.00137734273449,-0.00242825644091,-0.00384469004348,0.0136003345251,-0.00406471407041,-0.00373327359557,0.0040749902837,-0.00308688427322,0.0019923299551],[0.000274224788882,-0.000625119835604,0.000321814819472,-0.00000623459754934,-0.00159475812688,0.00206291652285,-0.00223414576612,-0.00406471407041,0.0156861376017,-0.00435419008136,-0.00318942801096,0.00217367196456,-0.00137585063931],[-0.000394310773117,0.00104496383574,-0.000158195776748,-0.00123840372544,0.000149672370753,-0.00105397368316,0.00318729924038,-0.00373327359557,-0.00435419008136,0.0182326100767,-0.00902150385082,0.00051063275896,0.000381816964364],[0.0000208719829971,-0.00116805406287,-0.00123455433641,0.00085271865828,-0.000321457133396,0.00155773363076,-0.00292929075658,0.0040749902837,-0.00318942801096,-0.00902150385082,0.0228003710508,-0.00894399173558,-0.000653575756587],[-0.00000109224788503,0.00115146895405,-0.000621865619905,-0.00119137286674,-0.00188620970584,-0.000138005983899,0.00327060441487,-0.00308688427322,0.00217367196456,0.00051063275896,-0.00894399173558,0.0242878161371,-0.00892262160778],[-0.000258760643192,-0.00103185651824,0.000814963597804,-0.000399189564632,-0.000345867301803,-0.000694084446877,-0.00139095960185,0.0019923299551,-0.00137585063931,0.000381816964364,-0.000653575756587,-0.00892262160778,0.0205938182771]],"mean":[-676.459655762,158.30027771,8.43187904358,29.5972251892,-3.09232831001,21.7720985413,3.11232972145,13.3912057877,-2.5858798027,-2.006046772,-11.4495534897,-4.09418916702,0.688049197197]},"pitch_salience":{"dmean":0.105600774288,"dmean2":0.171820655465,"dvar":0.00780090875924,"dvar2":0.0196818280965,"max":0.871723532677,"mean":0.53661429882,"median":0.559998035431,"min":0.0686382800341,"var":0.0211499873549},"silence_rate_20dB":{"dmean":0.00429898779839,"dmean2":0.00859857164323,"dvar":0.00428084330633,"dvar2":0.0124085117131,"max":1,"mean":0.997642636299,"median":1,"min":0,"var":0.0023518204689},"silence_rate_30dB":{"dmean":0.113299123943,"dmean2":0.226613968611,"dvar":0.100453458726,"dvar2":0.204785615206,"max":1,"mean":0.817444384098,"median":1,"min":0,"var":0.149236440659},"silence_rate_60dB":{"dmean":0.0325891003013,"dmean2":0.065182723105,"dvar":0.0315308310091,"dvar2":0.0716204121709,"max":1,"mean":0.0452749095857,"median":0,"min":0,"var":0.0432227067649},"spectral_centroid":{"dmean":275.185394287,"dmean2":414.639526367,"dvar":158664.125,"dvar2":293449.40625,"max":4404.96386719,"mean":803.118225098,"median":622.13873291,"min":131.114120483,"var":393866.34375},"spectral_complexity":{"dmean":3.59700465202,"dmean2":5.10859155655,"dvar":12.7849645615,"dvar2":22.8721809387,"max":47,"mean":14.7045688629,"median":14,"min":0,"var":61.446269989},"spectral_contrast_coeffs":{"dmean":[0.0677755177021,0.054575342685,0.0430012494326,0.032356929034,0.0247475206852,0.0438059531152],"dmean2":[0.109076060355,0.0886956527829,0.0701273977757,0.0520675852895,0.0391421690583,0.0650255009532],"dvar":[0.0028132153675,0.00188009173144,0.00118981522974,0.000677077448927,0.000421362376073,0.00141904293559],"dvar2":[0.00695283804089,0.00484819104895,0.0030648028478,0.00169603922404,0.00101506838109,0.00296830455773],"max":[-0.270703554153,-0.434227049351,-0.5178424716,-0.620719790459,-0.600710272789,-0.422370433807],"mean":[-0.628795146942,-0.766350865364,-0.80114376545,-0.821794331074,-0.830981969833,-0.743950545788],"median":[-0.632857739925,-0.773581504822,-0.807825028896,-0.824644684792,-0.830761611462,-0.747002542019],"min":[-0.965197324753,-0.957043766975,-0.963652968407,-0.987799882889,-0.969322681427,-0.938922286034],"var":[0.00952887535095,0.00510407658294,0.00316799036227,0.00187626318075,0.00127311015967,0.00500137731433]},"spectral_contrast_valleys":{"dmean":[0.483719795942,0.463129967451,0.399430513382,0.378803938627,0.405366539955,0.633673250675],"dmean2":[0.761626720428,0.713864684105,0.591147482395,0.546809196472,0.544763505459,0.948278367519],"dvar":[0.19444142282,0.164437130094,0.126730799675,0.131903648376,0.143522903323,0.278100609779],"dvar2":[0.422299653292,0.349388092756,0.244613364339,0.257661908865,0.273226231337,0.619900345802],"max":[-4.63775014877,-4.64747428894,-4.99073314667,-5.98541688919,-5.94441843033,-8.81577396393],"mean":[-6.73275232315,-6.68371391296,-6.8879365921,-7.73199367523,-7.87014913559,-10.9595794678],"median":[-6.59237480164,-6.55134010315,-6.74719381332,-7.62422657013,-7.76289701462,-10.8764572144],"min":[-19.3005256653,-19.4495983124,-19.3358612061,-19.1367759705,-18.9900131226,-19.9134349823],"var":[0.832521736622,0.678288161755,0.681617796421,0.647143781185,0.625728070736,0.783917367458]},"spectral_decrease":{"dmean":8.83654394102e-9,"dmean2":1.32092079497e-8,"dvar":1.82345348592e-16,"dvar2":3.95027658647e-16,"max":5.85459325464e-9,"mean":-1.43938549968e-8,"median":-8.09184896866e-9,"min":-1.3478407368e-7,"var":3.18401590697e-16},"spectral_energy":{"dmean":0.0340262874961,"dmean2":0.0509430356324,"dvar":0.00257336022332,"dvar2":0.00560720497742,"max":0.513469219208,"mean":0.0640555545688,"median":0.041364222765,"min":3.75455553149e-13,"var":0.00492364866659},"spectral_energyband_high":{"dmean":0.000385284103686,"dmean2":0.000546053925063,"dvar":4.16693268335e-7,"dvar2":8.70649387252e-7,"max":0.014371002093,"mean":0.000525785493664,"median":0.000177836991497,"min":2.45771122637e-13,"var":7.32778630663e-7},"spectral_energyband_low":{"dmean":0.0274315644056,"dmean2":0.0419630929828,"dvar":0.00249227625318,"dvar2":0.0054933023639,"max":0.50492310524,"mean":0.0378646478057,"median":0.0136460047215,"min":3.22455244743e-14,"var":0.00380033324473},"spectral_energyband_middle_high":{"dmean":0.00202486547641,"dmean2":0.00291842943989,"dvar":0.0000113930100269,"dvar2":0.0000246523068199,"max":0.0661654919386,"mean":0.00395628158003,"median":0.00228345347568,"min":5.81520441067e-14,"var":0.0000261188561126},"spectral_energyband_middle_low":{"dmean":0.00979466550052,"dmean2":0.0153866168112,"dvar":0.000174696397153,"dvar2":0.000402459001634,"max":0.227574720979,"mean":0.0160619169474,"median":0.0110645173118,"min":1.10688554541e-14,"var":0.00028697529342},"spectral_entropy":{"dmean":0.297457695007,"dmean2":0.44363296032,"dvar":0.0809591934085,"dvar2":0.168734505773,"max":8.89286422729,"mean":7.31033182144,"median":7.34929466248,"min":4.66331911087,"var":0.244834423065},"spectral_flux":{"dmean":0.0515455529094,"dmean2":0.0801985934377,"dvar":0.00353579968214,"dvar2":0.00718000112101,"max":0.61849540472,"mean":0.14596734941,"median":0.126512125134,"min":0.0000110010860226,"var":0.008350209333},"spectral_kurtosis":{"dmean":4.297706604,"dmean2":6.25663566589,"dvar":23.5835590363,"dvar2":54.8240966797,"max":97.651512146,"mean":12.6775503159,"median":10.8939113617,"min":1.57124662399,"var":60.1896057129},"spectral_rms":{"dmean":0.00192177307326,"dmean2":0.00274551054463,"dvar":0.00000441275187768,"dvar2":0.00000873817498359,"max":0.0223818141967,"mean":0.00690092518926,"median":0.00635258527473,"min":1.91389162296e-8,"var":0.0000148700755744},"spectral_rolloff":{"dmean":3288.15625,"dmean2":6214.73193359,"dvar":46410352,"dvar2":109018776,"max":22050,"mean":4755.13330078,"median":839.794921875,"min":21.533203125,"var":64090560},"spectral_skewness":{"dmean":0.446062833071,"dmean2":0.621839940548,"dvar":0.193342775106,"dvar2":0.395272016525,"max":8.49674797058,"mean":2.48040723801,"median":2.40164494514,"min":0.769122481346,"var":0.675023794174},"spectral_spread":{"dmean":749135.375,"dmean2":1064768.25,"dvar":496088612864,"dvar2":927080579072,"max":12883660,"mean":4210580,"median":4030278.5,"min":1151910.5,"var":1521392680960},"spectral_strongpeak":{"dmean":1.96509945393,"dmean2":3.67834353447,"dvar":119.680580139,"dvar2":329.24508667,"max":179.358886719,"mean":1.6945605278,"median":0.404937237501,"min":0,"var":99.2186431885},"zerocrossingrate":{"dmean":0.0379449240863,"dmean2":0.0449014566839,"dvar":0.00126227678265,"dvar2":0.00174429512117,"max":0.60009765625,"mean":0.154539301991,"median":0.1318359375,"min":0.0029296875,"var":0.00843453034759}},"metadata":{"audio_properties":{"analysis_sample_rate":44100,"bit_rate":160000,"codec":"mp3","downmix":"mix","equal_loudness":0,"length":334.863677979,"lossless":false,"md5_encoded":"6ca7203a8bc55ce58fe3c28debf2545d","replay_gain":-9.49023246765,"sample_rate":44100},"tags":{"album":["New Whirl Odor"],"album artist credit":["Public Enemy"],"albumartist":["Public Enemy"],"albumartistsort":["Public Enemy"],"artist":["Public Enemy"],"artist credit":["Public Enemy"],"artistsort":["Public Enemy"],"asin":["B000B5KRSY"],"bpm":["0"],"catalognumber":["SJR1005CV"],"composer":["Public Enemy"],"date":["2005-11-01"],"discnumber":["1/1"],"encodedby":["iTunes v6.0.5.20"],"file_name":"07 - Public Enemy - Makes You Blind.mp3","genre":["Hip Hop / Rap"],"label":["SLAMjamz Records"],"language":["eng"],"media":["CD"],"musicbrainz album release country":["US"],"musicbrainz album status":["Official"],"musicbrainz album type":["album"],"musicbrainz_albumartistid":["bf2e15d0-4b77-469e-bfb4-f8414415baca"],"musicbrainz_albumid":["0c09b808-51c4-4bbb-b786-66556911e4a9"],"musicbrainz_artistid":["bf2e15d0-4b77-469e-bfb4-f8414415baca"],"musicbrainz_recordingid":["f2d34807-5725-430c-9659-9b2d2fdcedf4"],"musicbrainz_releasegroupid":["4022f7a0-2c42-369c-a4dd-5b7741f536c1"],"originaldate":["2005-11-01"],"replaygain_album_gain":["0.00 dB"],"replaygain_album_peak":["0.000000"],"replaygain_track_gain":["-7.95 dB"],"replaygain_track_peak":["1.134888"],"script":["Latn"],"title":["Makes You Blind"],"tracknumber":["7/15"]},"version":{"essentia":"2.1-beta1","essentia_build_sha":"5a811adb4c06fd6d02ca903f7349a26d851abfa8","essentia_git_sha":"v2.1_beta1-34-gf95df8b","extractor":"music 1.0"}},"rhythm":{"beats_count":508,"beats_loudness":{"dmean":0.0818797424436,"dmean2":0.131152808666,"dvar":0.00447673397139,"dvar2":0.0105264261365,"max":0.425285726786,"mean":0.107592381537,"median":0.0920614004135,"min":0.0000558173305762,"var":0.00584522029385},"beats_loudness_band_ratio":{"dmean":[0.3439