{"lowlevel":{"average_loudness":0.0743443071842,"barkbands":{"dmean":[0.0000285022160824,0.000186951132491,0.000244010370807,0.000723414123058,0.00116810610052,0.000479890120914,0.00113280583173,0.000842047447804,0.000666929001454,0.000901361287106,0.00047040078789,0.00044104421977,0.000262091227341,0.000184419928701,0.0000839330095914,0.0000656581978546,0.000111033012217,0.0000471469502372,0.0000591351126786,0.0000132816057885,0.00000280859399027,0.00000198597490453,0.00000183580027624,0.00000158206057677,8.89169712082e-7,2.50069376762e-7,3.77481015335e-8],"dmean2":[0.0000496261163789,0.00032070823363,0.00041429506382,0.00128881726414,0.00187334045768,0.000752004678361,0.00168214715086,0.00129426829517,0.0010092969751,0.00132171844598,0.000655023031868,0.000669968605507,0.000389580207411,0.000263764231931,0.00012512523972,0.000103323211079,0.000150508363731,0.0000665716725052,0.000088098931883,0.0000195871416508,0.00000461995523438,0.00000322544656228,0.00000261188915829,0.00000217832507587,0.00000126480745166,4.0338855456e-7,6.47211493288e-8],"dvar":[4.57920545927e-9,4.44615551487e-7,7.54552729632e-7,0.00000889744660526,0.00000871763313626,0.00000207932362173,0.0000115377324619,0.0000192415318452,0.00000699700967743,0.0000304400782625,0.0000108880640255,0.00000692138064551,0.00000308816083816,0.00000132254706386,1.94502888462e-7,1.27720412024e-7,2.90838869432e-7,4.05194562347e-8,1.02210783837e-7,4.08748057623e-9,6.92947754732e-10,5.52873802295e-10,1.7098326921e-10,1.25219556946e-10,4.92961886589e-11,1.8722670983e-11,2.19474286835e-13],"dvar2":[1.28983907999e-8,0.00000124854670958,0.00000201280658985,0.0000247037241934,0.00002217196743,0.00000510994459546,0.0000234236667893,0.0000359900004696,0.0000153267083078,0.0000571418568143,0.0000243257836701,0.0000153771325131,0.00000704171679899,0.00000286527210847,3.88518486716e-7,3.02630013493e-7,4.34027299434e-7,7.97570152145e-8,2.48121637014e-7,9.16773501558e-9,1.54976664835e-9,1.44130929414e-9,3.79574593978e-10,2.93767732362e-10,1.23521887163e-10,5.11873252118e-11,6.21466799463e-13],"max":[0.00121034472249,0.0323998369277,0.0204373262823,0.0325396209955,0.0576961860061,0.0365058854222,0.146386951208,0.248515814543,0.0747118294239,0.236638501287,0.200821191072,0.12759976089,0.102301120758,0.0460233911872,0.0180767979473,0.0152992242947,0.0256129372865,0.00486703915522,0.0114984130487,0.00166219577659,0.0012198673794,0.00109700439498,0.000707733503077,0.000474835600471,0.000327846501023,0.000252790894592,0.0000199425212486],"mean":[0.0000309140596073,0.000284427776933,0.000444337929366,0.000566659960896,0.00176534801722,0.00061860732967,0.00203840853646,0.00148545950651,0.00119500595611,0.00154467171524,0.000886502151843,0.000968078209553,0.000454833381809,0.00035283100442,0.000132930581458,0.0000880300867721,0.000178792557563,0.0000765872100601,0.0000845850227051,0.0000216026182898,0.00000311010694531,0.00000206030904337,0.00000234766025642,0.00000218741593017,0.00000115329100936,4.01651817583e-7,6.24032026053e-8],"median":[0.00000693451966072,0.00015067687491,0.0000607331676292,0.000030666069506,0.000545318354852,0.00017197370471,0.000365813495591,0.000182799063623,0.000203191128094,0.000156535941642,0.000133054476464,0.000292232609354,0.0000791401471361,0.0000570233569306,0.000027825601137,0.0000108112708403,0.0000146669481182,0.00000481741926706,0.00000354833036909,0.00000103971183307,1.95144679083e-7,1.03002861351e-7,1.00595855201e-7,1.3674249999e-7,1.49015875195e-7,1.82821949579e-7,3.06594003519e-8],"min":[2.74849148052e-25,2.98680507809e-24,6.09875860005e-25,7.54985295102e-25,8.13228976355e-24,8.05313467146e-24,6.32761543169e-24,9.08176511566e-24,1.07334789236e-23,1.21688555168e-23,1.44632519376e-23,2.08074732858e-23,2.30840390836e-23,4.07402449782e-23,2.62914481277e-23,5.31391851886e-23,9.38080761202e-23,1.03224506797e-22,1.15746745967e-22,1.65453553181e-22,2.50869455623e-22,3.08122632474e-22,3.82278309112e-22,5.54672260537e-22,8.52657411913e-22,1.18319856255e-21,1.96471935055e-21],"var":[6.01203620221e-9,3.6058384012e-7,0.00000142839905948,0.00000581394533583,0.0000111271037895,0.00000220801507567,0.0000401971083193,0.000058290137531,0.0000142379012686,0.0000649342764518,0.00001944052201,0.000010788497093,0.0000056468729781,0.00000331242290486,3.48688416807e-7,1.72057085024e-7,8.76500507729e-7,1.07086009393e-7,1.54598367885e-7,8.70504557327e-9,6.83016587733e-10,4.24825813417e-10,1.92088692175e-10,1.47447873355e-10,4.94130777962e-11,1.22967391478e-11,1.50065710184e-13]},"barkbands_crest":{"dmean":2.53301739693,"dmean2":4.21324682236,"dvar":6.31691265106,"dvar2":16.236623764,"max":25.258769989,"mean":9.57325363159,"median":8.28315925598,"min":2.86945557594,"var":18.2184276581},"barkbands_flatness_db":{"dmean":0.0194795746356,"dmean2":0.0294121354818,"dvar":0.000373265473172,"dvar2":0.000861703883857,"max":0.418332070112,"mean":0.192950725555,"median":0.195823282003,"min":0.0264953561127,"var":0.00262690708041},"barkbands_kurtosis":{"dmean":3.84578919411,"dmean2":6.24941253662,"dvar":132.413360596,"dvar2":363.152008057,"max":242.456161499,"mean":5.67196798325,"median":0.736671209335,"min":-1.8458789587,"var":303.730438232},"barkbands_skewness":{"dmean":0.534687757492,"dmean2":0.824086010456,"dvar":0.460180133581,"dvar2":1.17204523087,"max":13.7708120346,"mean":1.08462488651,"median":0.657493591309,"min":-3.26357722282,"var":3.28065395355},"barkbands_spread":{"dmean":2.87240624428,"dmean2":4.52833890915,"dvar":16.4852027893,"dvar2":36.3408355713,"max":145.663604736,"mean":12.0795021057,"median":10.2228927612,"min":0.563830137253,"var":91.8958511353},"dissonance":{"dmean":0.0212677326053,"dmean2":0.0359627977014,"dvar":0.000644048093818,"dvar2":0.00177517801058,"max":0.500000059605,"mean":0.455488622189,"median":0.466829448938,"min":0.210917934775,"var":0.00159369269386},"dynamic_complexity":7.48940658569,"erbbands":{"dmean":[0.00441229296848,0.0491971448064,0.239522874355,1.23054897785,3.9059317112,4.45766925812,2.54271554947,4.37886714935,13.5204381943,20.645942688,13.4343128204,14.0381412506,25.07056427,19.9564208984,18.4704666138,17.1949996948,11.5295410156,8.89261054993,6.00367927551,3.12366986275,4.40368938446,5.26479625702,2.49994921684,3.6818985939,1.5033197403,0.61451125145,0.217552348971,0.0956964641809,0.0697192549706,0.0615340434015,0.0502528510988,0.0342893153429,0.0273046214134,0.0146600389853,0.00363323232159,0.00121578993276,0.000483128213091,0.000085372630565,0.0000073883402365,0.00000570891324969],"dmean2":[0.00775570329279,0.0837504863739,0.400632321835,2.20285797119,6.53138542175,7.4167637825,3.98987770081,6.78297758102,20.3093566895,31.2449321747,20.5987033844,20.8753204346,37.6740036011,29.6279754639,25.757598877,26.2254524231,17.0416889191,12.813454628,8.16382980347,4.73688220978,6.32474470139,6.92580890656,3.21296668053,5.36264896393,2.18005442619,0.894209802151,0.311918407679,0.156243368983,0.113812156022,0.0888121649623,0.0718230456114,0.0483086928725,0.0380231030285,0.0204878263175,0.00533016957343,0.00187726982404,0.000803777133115,0.000140812946483,0.0000121033017422,0.00000816760257294],"dvar":[0.000150503998157,0.0326134040952,0.785353958607,24.0041255951,148.749343872,134.491500854,80.2679672241,157.10319519,1170.61853027,11500.0605469,2208.171875,2929.03808594,16458.5097656,31719.0117188,7638.42626953,13267.2675781,6110.47753906,3113.13500977,923.631469727,282.206787109,463.349700928,551.75994873,113.018028259,351.33416748,74.4599380493,9.35051059723,2.01687121391,1.74159812927,0.737170040607,0.237967371941,0.110002532601,0.047471486032,0.0440398007631,0.012141383253,0.000921615806874,0.000240827837843,0.000131446562591,9.21153059608e-7,7.00839031254e-9,1.70623765117e-10],"dvar2":[0.000422106822953,0.0910778865218,2.08186244965,67.667930603,390.074523926,360.330657959,186.160568237,386.505432129,2489.70263672,23725.0761719,4134.68652344,6043.35058594,33813.5859375,70676.53125,12186.6181641,31271.4199219,13182.9736328,6792.65478516,1700.57263184,683.606079102,1000.87084961,829.109802246,178.520401001,831.201171875,181.323516846,21.510635376,4.4337720871,4.52841615677,1.92315375805,0.528346717358,0.248104825616,0.111609965563,0.10474717617,0.0302955769002,0.00225885282271,0.000601499981713,0.000369133340428,0.00000256696966972,2.0216955221e-8,3.28569144115e-10],"max":[0.673137247562,8.05678939819,19.7515563965,52.7026519775,137.303710938,300.426361084,238.792953491,383.070892334,997.371887207,5008.55859375,2241.08056641,2068.22607422,3540.49243164,9166.61230469,3599.35571289,5500.01416016,4475.54052734,1834.93969727,1567.64013672,871.337646484,1005.22045898,1292.64697266,475.951629639,687.586303711,369.219085693,88.1667785645,70.5531997681,69.3165664673,38.5306472778,27.8698539734,16.198928833,7.62556266785,9.43403530121,4.91778898239,1.27268791199,0.670366168022,0.728082835674,0.041037529707,0.00337373046204,0.00032855788595],"mean":[0.00580756459385,0.0793721675873,0.470500141382,1.15044975281,4.26413059235,6.71476888657,3.56137156487,6.39604091644,23.5819416046,40.0694198608,24.2268333435,27.4298629761,46.9360542297,33.7623023987,44.0869026184,37.9103736877,22.6505012512,18.6570796967,11.9053020477,5.10950183868,6.28663921356,9.08992195129,4.58942747116,5.76182794571,2.41635608673,1.05985200405,0.299250364304,0.0952821969986,0.0705336406827,0.0742542669177,0.0655150040984,0.0490276031196,0.03469036147,0.0185314472765,0.00493121286854,0.00178810185753,0.000737165973987,0.000181063776836,0.0000142673197843,0.0000155032230396],"median":[0.00361599680036,0.0350153967738,0.0779206380248,0.16640073061,1.05758714676,1.76850986481,0.790569007397,2.01261425018,5.21584510803,5.07083511353,4.10914373398,4.97309398651,5.13127422333,4.32589387894,9.56432723999,11.1330385208,4.34797430038,3.50089240074,2.44482326508,1.11437153816,0.662093877792,0.76009452343,0.3048787117,0.288247138262,0.152230322361,0.0513873510063,0.0153867900372,0.00640894984826,0.00408553797752,0.00286994222552,0.00295611983165,0.00268760509789,0.0023633018136,0.00167595245875,0.0010651666671,0.000644972315058,0.000353593932232,0.000108877604362,0.00000651439177091,0.00000514064277013],"min":[7.00581374584e-23,4.08130984916e-22,1.99949405581e-21,6.77320607938e-21,9.15830059632e-21,2.60176203838e-20,5.2795633008e-20,6.17178777448e-20,1.11106783556e-19,2.37642889529e-19,3.10782509484e-19,3.39463394562e-19,5.50281178718e-19,5.41216468276e-19,9.42891806516e-19,1.10684882669e-18,1.25414301721e-18,2.83507676351e-18,1.99421830594e-18,3.07647660399e-18,4.27880306308e-18,5.99371514979e-18,5.55481146241e-18,5.59646496934e-18,7.39573996596e-18,8.7288986874e-18,9.54241675778e-18,1.06076740127e-17,1.10088888698e-17,1.02154770786e-17,1.15214629169e-17,1.0716749357e-17,9.88874818127e-18,8.45714173204e-18,5.69967891181e-18,4.08025738219e-18,2.34182730989e-18,9.03916710414e-19,2.66706991875e-19,2.6787150385e-20],"var":[0.000126924132928,0.0282815694809,1.4766561985,15.8404998779,122.096809387,175.457443237,92.5581054688,180.14465332,3022.52783203,46687.6523438,5773.30029297,6663.24414063,40187.984375,50335.9960938,26438.8964844,18406.4101563,12484.4462891,8346.32128906,2669.88232422,345.472412109,825.714294434,2015.28100586,440.847839355,622.107788086,112.642089844,21.4786300659,2.68388152122,1.2971919775,0.559644162655,0.261135280132,0.125783473253,0.0602502562106,0.0472737252712,0.012781938538,0.000875094498042,0.000194385705981,0.0000797011598479,6.46168757612e-7,4.52651560678e-9,7.7447720459e-10]},"erbbands_crest":{"dmean":2.32093095779,"dmean2":3.78296113014,"dvar":6.21397733688,"dvar2":15.2294425964,"max":31.2649307251,"mean":9.97711181641,"median":9.14385986328,"min":2.17266869545,"var":17.6654052734},"erbbands_flatness_db":{"dmean":0.0151097578928,"dmean2":0.0216643251479,"dvar":0.000237567903241,"dvar2":0.000455239525763,"max":0.444316804409,"mean":0.234534114599,"median":0.246277362108,"min":0.0297924391925,"var":0.00579891819507},"erbbands_kurtosis":{"dmean":0.913568556309,"dmean2":1.44421875477,"dvar":2.88110494614,"dvar2":7.15071773529,"max":66.9363250732,"mean":0.854413628578,"median":0.360448598862,"min":-1.80938541889,"var":5.25899267197},"erbbands_skewness":{"dmean":0.33232703805,"dmean2":0.50715392828,"dvar":0.118856415153,"dvar2":0.266571640968,"max":6.25898981094,"mean":0.26280221343,"median":0.179139450192,"min":-3.17469501495,"var":0.579640865326},"erbbands_spread":{"dmean":4.19154596329,"dmean2":6.4304933548,"dvar":28.3058872223,"dvar2":61.4525947571,"max":121.589157104,"mean":22.0656757355,"median":15.8354492188,"min":1.28829181194,"var":306.696136475},"gfcc":{"cov":[[23701.9902344,4815.88574219,-4436.99072266,-1038.90893555,-811.053771973,-842.430969238,-556.966430664,16.9818611145,-381.909790039,-646.64831543,240.248397827,-582.919250488,-245.016784668],[4815.88574219,2114.89233398,-1124.33374023,-908.464050293,86.8167495728,-407.138031006,-79.4023666382,-21.1610279083,-124.860549927,-236.136245728,118.037857056,-198.76234436,-54.5184440613],[-4436.99072266,-1124.33374023,1692.89746094,488.660858154,24.4321060181,439.645507813,-42.8156356812,-55.9848175049,86.4765472412,200.967987061,-166.556854248,239.681442261,26.7571296692],[-1038.90893555,-908.464050293,488.660858154,862.03503418,-27.2905025482,6.37229824066,-22.9399871826,10.3583183289,53.287979126,26.6281547546,-75.0101852417,58.7941398621,3.80625844002],[-811.053771973,86.8167495728,24.4321060181,-27.2905025482,294.731445313,-107.4009552,38.4792556763,26.0296916962,-19.4352798462,-12.4910907745,-3.46788239479,-2.44154214859,13.0622787476],[-842.430969238,-407.138031006,439.645507813,6.37229824066,-107.4009552,468.788330078,-13.8481912613,-47.2519607544,31.7253017426,130.643127441,-66.9322967529,115.458518982,7.1920466423],[-556.966430664,-79.4023666382,-42.8156356812,-22.9399871826,38.4792556763,-13.8481912613,206.285385132,28.2809181213,-19.8553390503,23.6356201172,29.0952205658,-28.9239788055,34.6600990295],[16.9818611145,-21.1610279083,-55.9848175049,10.3583183289,26.0296916962,-47.2519607544,28.2809181213,99.6990127563,-1.31604027748,11.7343893051,18.9533081055,-1.77398478985,3.63667201996],[-381.909790039,-124.860549927,86.4765472412,53.287979126,-19.4352798462,31.7253017426,-19.8553390503,-1.31604027748,111.94606781,31.8653507233,5.08927536011,22.8734607697,2.22229957581],[-646.64831543,-236.136245728,200.967987061,26.6281547546,-12.4910907745,130.643127441,23.6356201172,11.7343893051,31.8653507233,159.737762451,4.9696803093,65.5486755371,5.82489204407],[240.248397827,118.037857056,-166.556854248,-75.0101852417,-3.46788239479,-66.9322967529,29.0952205658,18.9533081055,5.08927536011,4.9696803093,104.356292725,-17.6148548126,-12.4353084564],[-582.919250488,-198.76234436,239.681442261,58.7941398621,-2.44154214859,115.458518982,-28.9239788055,-1.77398478985,22.8734607697,65.5486755371,-17.6148548126,114.226829529,3.40386915207],[-245.016784668,-54.5184440613,26.7571296692,3.80625844002,13.0622787476,7.1920466423,34.6600990295,3.63667201996,2.22229957581,5.82489204407,-12.4353084564,3.40386915207,53.8501663208]],"icov":[[0.000401522353059,-0.00116506405175,0.000861023319885,-0.00114983692765,0.001006319304,-0.00070708891144,0.00055598677136,-0.000488705933094,0.00055348535534,-0.000456746289274,0.00042682417552,-0.000105339422589,-0.0000418878080382],[-0.00116506405175,0.00498621724546,-0.00216385163367,0.00477492483333,-0.00310272118077,0.00286025437526,-0.000863403489348,0.00191597675439,-0.00113445089664,0.00200100638904,-0.00120932783466,0.000535819446668,0.000798939261585],[0.000861023319885,-0.00216385163367,0.00320695200935,-0.00270448671654,0.00166541151702,-0.00198216084391,0.00123230740428,-0.000474564352771,0.000995968584903,-0.00133970822208,0.00193702639081,-0.00149861932732,0.0000701034296071],[-0.00114983692765,0.00477492483333,-0.00270448671654,0.00619109580293,-0.00254241656512,0.00353361153975,-0.00114285957534,0.00146357971244,-0.00169265153818,0.00198428891599,-0.000240533612669,0.000167336183949,0.00107927341014],[0.001006319304,-0.00310272118077,0.00166541151702,-0.00254241656512,0.00684608193114,-0.000134462941787,0.000454609660665,-0.00183692551218,0.00174476788379,-0.00131971552037,0.00207687658258,-0.00134087586775,-0.000386428990168],[-0.00070708891144,0.00286025437526,-0.00198216084391,0.00353361153975,-0.000134462941787,0.00641180295497,-0.00135291670449,0.00242744386196,-0.000797259737737,-0.00102633051574,0.00165990856476,-0.00210364023224,0.00095698639052],[0.00055598677136,-0.000863403489348,0.00123230740428,-0.00114285957534,0.000454609660665,-0.00135291670449,0.00813586171716,-0.00167816877365,0.0024841716513,-0.00189016759396,-0.00200696499087,0.00316023011692,-0.00449001276866],[-0.000488705933094,0.00191597675439,-0.000474564352771,0.00146357971244,-0.00183692551218,0.00242744386196,-0.00167816877365,0.0125152524561,-0.000446114165243,-0.00099438149482,-0.00116829597391,-0.00116524565965,0.000134664354846],[0.00055348535534,-0.00113445089664,0.000995968584903,-0.00169265153818,0.00174476788379,-0.000797259737737,0.0024841716513,-0.000446114165243,0.0112573560327,-0.00204604654573,-0.00132980104536,-0.000145356403664,-0.00143209961243],[-0.000456746289274,0.00200100638904,-0.00133970822208,0.00198428891599,-0.00131971552037,-0.00102633051574,-0.00189016759396,-0.00099438149482,-0.00204604654573,0.0116280717775,-0.00285324896686,-0.00326462369412,0.000588128343225],[0.00042682417552,-0.00120932783466,0.00193702639081,-0.000240533612669,0.00207687658258,0.00165990856476,-0.00200696499087,-0.00116829597391,-0.00132980104536,-0.00285324896686,0.0151956211776,-0.00191106600687,0.00441076559946],[-0.000105339422589,0.000535819446668,-0.00149861932732,0.000167336183949,-0.00134087586775,-0.00210364023224,0.00316023011692,-0.00116524565965,-0.000145356403664,-0.00326462369412,-0.00191106600687,0.016745775938,-0.00169384758919],[-0.0000418878080382,0.000798939261585,0.0000701034296071,0.00107927341014,-0.000386428990168,0.00095698639052,-0.00449001276866,0.000134664354846,-0.00143209961243,0.000588128343225,0.00441076559946,-0.00169384758919,0.0230450741947]],"mean":[-157.543136597,148.245910645,-117.890777588,-20.0986499786,-37.6570091248,2.70969772339,-33.9184989929,8.68586730957,-25.7056159973,-1.96732115746,-7.03385972977,-0.948148429394,-14.1561374664]},"hfc":{"dmean":3.1484875679,"dmean2":4.23165607452,"dvar":74.747253418,"dvar2":131.994262695,"max":259.064056396,"mean":9.34166622162,"median":2.66800355911,"min":1.05573140989e-16,"var":395.859924316},"melbands":{"dmean":[0.0000459859220427,0.0000982112906058,0.000307299080305,0.000294226367259,0.000104673410533,0.0001014168447,0.000210288984817,0.000219701687456,0.000109629057988,0.0000896280544112,0.000130479471409,0.0000897740828805,0.0000672581081744,0.0000546764458704,0.0000369305344066,0.0000229126071645,0.000017156406102,0.0000115124048534,0.00000600273688178,0.0000037995398543,0.00000635286551187,0.00000632864066574,0.00000339425082529,0.00000208316851058,0.0000033863104818,0.0000015365476429,6.4929582777e-7,3.86258676599e-7,1.75063973984e-7,5.64180027141e-8,6.02345693324e-8,4.41359340186e-8,3.03483531638e-8,3.63233390033e-8,3.02358955651e-8,2.57379433322e-8,2.03024441703e-8,1.99815417545e-8,1.85027317912e-8,1.06824247226e-8],"dmean2":[0.0000796891908976,0.000164976998349,0.000536554725841,0.000466919038445,0.000165102319443,0.000157021902851,0.000312462128932,0.00033302482916,0.000165225064848,0.000134270216222,0.000195260770852,0.000132937784656,0.0000914383344934,0.0000824160379125,0.0000558896717848,0.0000335284203175,0.0000250393331953,0.0000156328424055,0.00000900360464584,0.00000604792148806,0.00000917635770747,0.00000865988295118,0.00000423727533416,0.00000294156393466,0.00000500256282976,0.00000231306921705,9.70574092207e-7,5.61851720704e-7,2.52447819094e-7,9.11587321184e-8,1.03121067241e-7,7.4015538587e-8,4.57928450714e-8,5.38921973714e-8,4.41086029923e-8,3.71075294936e-8,2.88551635919e-8,2.85305254977e-8,2.64915520631e-8,1.50908210372e-8],"dvar":[2.2149405865e-8,1.34863725521e-7,0.00000139271014632,4.9631978527e-7,1.17223358131e-7,7.92875809452e-8,2.89321576474e-7,0.00000139786516229,1.39722914128e-7,1.23655425455e-7,4.45830465878e-7,6.02858449383e-7,1.55732905682e-7,1.2658226467e-7,5.77084016129e-8,1.68994258587e-8,1.26007408952e-8,3.78845532722e-9,9.59862300753e-10,4.03776012625e-10,1.12499631832e-9,8.55285342549e-10,3.71720154657e-10,7.86283954612e-11,3.14671705359e-10,8.20579784677e-11,1.38807524502e-11,4.56237825297e-12,1.14915694148e-12,3.33028011635e-13,1.06786910044e-12,3.63224451601e-13,5.33710208461e-14,9.03581544439e-14,3.86275416492e-14,2.54768604759e-14,2.04063349064e-14,2.67358326504e-14,2.07144024833e-14,5.88212077584e-15],"dvar2":[6.19402058533e-8,3.60574347269e-7,0.00000382434791391,0.00000124334985685,2.80163021671e-7,1.92648116126e-7,5.99928682732e-7,0.00000282095970761,2.62210704705e-7,2.68771657375e-7,9.06074774321e-7,0.00000127769260416,2.89623983463e-7,2.91445417133e-7,1.35844985039e-7,3.56751499453e-8,2.70834572547e-8,7.34822780402e-9,2.14125739362e-9,9.16855702471e-10,2.40629383086e-9,1.49265289018e-9,4.69114469492e-10,1.58663263083e-10,7.53609119553e-10,2.00350014357e-10,3.33670278907e-11,1.06403262937e-11,2.35482423491e-12,8.35299169243e-13,2.92588718011e-12,9.82912861346e-13,1.16560935708e-13,2.02968392961e-13,8.76551164552e-14,6.12464113171e-14,4.97790082266e-14,6.37008959578e-14,5.22481228204e-14,1.46717388943e-14],"max":[0.0078854309395,0.00917023140937,0.0129229957238,0.0146910697222,0.00803077127784,0.00801948830485,0.0164131466299,0.0515211187303,0.0138560188934,0.0112812342122,0.0192800182849,0.0391620285809,0.0208512004465,0.0177580192685,0.011083737947,0.00584701541811,0.004215833731,0.00340230297297,0.00113453471567,0.000794324441813,0.00165137427393,0.00133071595337,0.00136440922506,0.000255709048361,0.000666556414217,0.000382791942684,0.000139203490107,0.0000636799741187,0.0000419423013227,0.0000312975789711,0.0000549706819584,0.0000238359370996,0.0000123762192743,0.0000166078134498,0.00000849140633363,0.0000064640871642,0.00000629107898931,0.0000070837468229,0.00000677184380038,0.00000303554088532],"mean":[0.0000674615439493,0.000194425781956,0.000282247754512,0.000442801974714,0.000154860623297,0.000144441131852,0.000369196350221,0.000427054619649,0.00018885944155,0.000166718877153,0.000238237378653,0.00014099686814,0.000139715164551,0.000123359044665,0.0000663595637889,0.0000421600598202,0.0000342345811077,0.0000212180802919,0.00000925465428736,0.00000542912812307,0.00000833672402223,0.0000103417369246,0.00000574298883294,0.00000347691570823,0.000005042776138,0.00000231047647503,0.00000100537340586,6.40179450784e-7,2.3146272099e-7,5.82860302245e-8,5.29930623827e-8,4.09086453601e-8,3.57354892344e-8,4.27200532727e-8,3.80272204836e-8,3.39493588797e-8,2.78704028744e-8,2.43354421059e-8,2.22511626902e-8,1.32507098627e-8],"median":[0.0000403228368668,0.0000471603125334,0.0000429937426816,0.000134811547468,0.0000331414921675,0.0000424149766332,0.0000802580398158,0.0000512788028573,0.000031934971048,0.0000292337426799,0.0000238301108766,0.000015767163859,0.0000247408424912,0.0000373952279915,0.0000124697407955,0.00000783584619057,0.00000561409979127,0.00000396984069084,0.00000201198054128,8.05123249847e-7,6.88287400408e-7,9.00907593859e-7,3.39474297562e-7,1.99756456709e-7,2.18045599354e-7,1.13939655932e-7,5.71012428452e-8,2.4108384622e-8,8.95359342223e-9,3.76952336012e-9,2.96233193531e-9,2.33942687444e-9,1.59283786161e-9,1.49648116121e-9,1.64489277754e-9,1.73019165661e-9,1.54874257863e-9,1.60834534579e-9,1.5505474682e-9,1.325330512e-9],"min":[1.20274713294e-24,5.6841441551e-25,2.01341461878e-24,1.24721758875e-24,1.71659978673e-24,1.43684673416e-24,1.32538206876e-24,1.7065173555e-24,2.0257610808e-24,1.50770409422e-24,2.5044756019e-24,1.64878742977e-24,2.87680414409e-24,2.3782635763e-24,2.16831396562e-24,3.00133490988e-24,3.90548665311e-24,3.28027711205e-24,2.32480266997e-24,3.61295967452e-24,4.29551999504e-24,4.81505471531e-24,4.04778374978e-24,3.11248324206e-24,3.58972338212e-24,4.15198359789e-24,3.7464274455e-24,5.10790749346e-24,4.73974689786e-24,5.8436046957e-24,4.95828148456e-24,4.88396368754e-24,4.68868669248e-24,4.483467289e-24,5.42571588635e-24,5.40458190827e-24,5.42255649843e-24,5.57986522369e-24,6.20663335669e-24,6.17631664324e-24],"var":[1.8492521292e-8,2.15393299641e-7,9.60335569289e-7,6.59073236875e-7,1.46466433648e-7,9.4118611571e-8,8.06683090104e-7,0.00000542572433915,3.15824792096e-7,2.70424777682e-7,0.00000109225322831,9.86649070001e-7,3.96396075075e-7,1.73494626665e-7,8.58184776575e-8,4.23466310906e-8,3.31344978122e-8,1.00854391505e-8,1.41408151855e-9,5.67696167852e-10,1.91926208259e-9,2.3810793337e-9,1.40268963111e-9,2.11265310801e-10,5.26237997622e-10,1.21381252272e-10,2.19437731874e-11,1.02666469076e-11,1.8335270368e-12,2.78952642235e-13,7.00768219494e-13,2.5203821777e-13,6.02323976828e-14,9.51376225521e-14,4.33219507088e-14,3.02116052444e-14,2.29801207496e-14,2.68789134559e-14,2.13749983967e-14,6.28957454017e-15]},"melbands_crest":{"dmean":3.35467529297,"dmean2":5.57537460327,"dvar":9.99360656738,"dvar2":26.6448173523,"max":33.6871681213,"mean":12.4173936844,"median":10.9477291107,"min":1.57428026199,"var":33.0357513428},"melbands_flatness_db":{"dmean":0.0225801635534,"dmean2":0.0335788093507,"dvar":0.000512756581884,"dvar2":0.00115415803157,"max":0.56201094389,"mean":0.280063062906,"median":0.290275096893,"min":0.00257439282723,"var":0.00447907391936},"melbands_kurtosis":{"dmean":6.22373342514,"dmean2":10.1521482468,"dvar":343.780303955,"dvar2":950.512451172,"max":413.301544189,"mean":11.5315656662,"median":1.52324795723,"min":-1.69520807266,"var":1137.56835938},"melbands_skewness":{"dmean":0.558481276035,"dmean2":0.868744373322,"dvar":0.484238684177,"dvar2":1.18907177448,"max":14.4881868362,"mean":1.58521914482,"median":1.03603124619,"min":-2.3502099514,"var":4.03317546844},"melbands_spread":{"dmean":3.92353010178,"dmean2":6.10969495773,"dvar":29.6448402405,"dvar2":65.4455947876,"max":195.827148438,"mean":18.2041664124,"median":15.2197599411,"min":0.526629328728,"var":351.260284424},"mfcc":{"cov":[[9961.39746094,2917.13989258,-2467.14672852,-293.753753662,-482.260101318,-983.90234375,-106.273010254,46.2437133789,-529.239807129,119.876152039,-157.388076782,6.39287567139,-97.0472488403],[2917.13989258,2834.97851563,-1046.96520996,-563.147155762,-86.6630859375,-434.830047607,60.1272277832,-16.2651920319,-195.877716064,-27.3091773987,-42.0434532166,-27.8481845856,12.6470508575],[-2467.14672852,-1046.96520996,1431.93981934,98.6001052856,171.408050537,475.035217285,-89.603225708,7.81308889389,163.434249878,-76.1290664673,43.851524353,17.7698955536,8.08066368103],[-293.753753662,-563.147155762,98.6001052856,694.62902832,116.233680725,-81.8716506958,-4.59634876251,23.8646907806,12.6459035873,21.7947540283,-41.254611969,-5.59389972687,-37.908531189],[-482.260101318,-86.6630859375,171.408050537,116.233680725,242.327774048,52.5644493103,-65.7187805176,12.007399559,22.4237518311,-36.7177009583,-0.409351676702,-1.87925422192,-8.76426124573],[-983.90234375,-434.830047607,475.035217285,-81.8716506958,52.5644493103,360.835205078,-2.9595208168,-11.5579891205,98.4111175537,-33.7481498718,36.9992790222,1.41849148273,8.20648479462],[-106.273010254,60.1272277832,-89.603225708,-4.59634876251,-65.7187805176,-2.9595208168,179.139907837,8.54512786865,3.71449518204,36.4080581665,0.502987384796,-19.5795516968,4.65091705322],[46.2437133789,-16.2651920319,7.81308889389,23.8646907806,12.007399559,-11.5579891205,8.54512786865,77.6549377441,4.53944253922,-7.33491945267,-8.72282981873,-6.46512746811,-8.85789680481],[-529.239807129,-195.877716064,163.434249878,12.6459035873,22.4237518311,98.4111175537,3.71449518204,4.53944253922,120.238311768,2.70982146263,-5.5144777298,-3.8187057972,-0.277356088161],[119.876152039,-27.3091773987,-76.1290664673,21.7947540283,-36.7177009583,-33.7481498718,36.4080581665,-7.33491945267,2.70982146263,90.2671051025,3.63750720024,-1.41496706009,14.6467685699],[-157.388076782,-42.0434532166,43.851524353,-41.254611969,-0.409351676702,36.9992790222,0.502987384796,-8.72282981873,-5.5144777298,3.63750720024,79.6206970215,20.4863128662,6.75253725052],[6.39287567139,-27.8481845856,17.7698955536,-5.59389972687,-1.87925422192,1.41849148273,-19.5795516968,-6.46512746811,-3.8187057972,-1.41496706009,20.4863128662,82.0503082275,36.8688240051],[-97.0472488403,12.6470508575,8.08066368103,-37.908531189,-8.76426124573,8.20648479462,4.65091705322,-8.85789680481,-0.277356088161,14.6467685699,6.75253725052,36.8688240051,87.8107910156]],"icov":[[0.000297123682685,-0.000209428108064,0.000324297812767,-0.000134089728817,0.000480026414152,-0.000255162623944,0.000626457156613,-0.0004046621616,0.000675160379615,-0.000452724896604,0.000413650210248,-0.000322352483636,0.000449748709798],[-0.000209428108064,0.000862686196342,0.0000410659849877,0.00077799463179,-0.000802818278316,0.000861374544911,-0.000788589939475,0.000472791085485,-0.000212519793422,0.00081212160876,-0.0000358218276233,0.000350830378011,-0.000375468051061],[0.000324297812767,0.0000410659849877,0.00192754995078,-0.000297116464935,0.000161339645274,-0.00183735683095,0.00112703477498,-0.000693130772561,0.000372347916709,0.0000820837594802,0.000314148084726,-0.00035702920286,0.000218281973503],[-0.000134089728817,0.00077799463179,-0.000297116464935,0.0026361157652,-0.00170168140903,0.00174389139283,-0.00103955133818,0.00025215302594,-0.000246353476541,-0.000235369763686,0.000913736119401,-0.000371570204152,0.000777027627919],[0.000480026414152,-0.000802818278316,0.000161339645274,-0.00170168140903,0.00671540480107,-0.00137699651532,0.00301214912906,-0.0014667485375,0.000598557526246,0.000505312462337,-0.0000196548662643,0.0002753669105,0.000191615865333],[-0.000255162623944,0.000861374544911,-0.00183735683095,0.00174389139283,-0.00137699651532,0.00750788673759,-0.00200865371153,0.00171852635685,-0.00340476096608,0.00213223602623,-0.0019610945601,0.000996107701212,-0.000677320116665],[0.000626457156613,-0.000788589939475,0.00112703477498,-0.00103955133818,0.00301214912906,-0.00200865371153,0.00868752598763,-0.00227769999765,0.00107014819514,-0.00310406228527,0.000184581047506,0.00131264876109,0.00000769806047174],[-0.0004046621616,0.000472791085485,-0.000693130772561,0.00025215302594,-0.0014667485375,0.00171852635685,-0.00227769999765,0.0143692716956,-0.00171288009733,0.00217330199666,0.000339675636496,0.000642275146674,0.0002567487536],[0.000675160379615,-0.000212519793422,0.000372347916709,-0.000246353476541,0.000598557526246,-0.00340476096608,0.00107014819514,-0.00171288009733,0.0133673567325,-0.00298314332031,0.0034716448281,-0.000986626604572,0.00147173390724],[-0.000452724896604,0.00081212160876,0.0000820837594802,-0.000235369763686,0.000505312462337,0.00213223602623,-0.00310406228527,0.00217330199666,-0.00298314332031,0.0153147410601,-0.00249652075581,0.00211708433926,-0.00375249702483],[0.000413650210248,-0.0000358218276233,0.000314148084726,0.000913736119401,-0.0000196548662643,-0.0019610945601,0.000184581047506,0.000339675636496,0.0034716448281,-0.00249652075581,0.0160145834088,-0.00484265154228,0.00226283073425],[-0.000322352483636,0.000350830378011,-0.00035702920286,-0.000371570204152,0.0002753669105,0.000996107701212,0.00131264876109,0.000642275146674,-0.000986626604572,0.00211708433926,-0.00484265154228,0.0175031349063,-0.00793751981109],[0.000449748709798,-0.000375468051061,0.000218281973503,0.000777027627919,0.000191615865333,-0.000677320116665,0.00000769806047174,0.0002567487536,0.00147173390724,-0.00375249702483,0.00226283073425,-0.00793751981109,0.0161517858505]],"mean":[-800.060913086,200.541915894,-21.6377887726,-6.63023281097,6.39628458023,-8.63899707794,5.08959007263,3.5321996212,-9.45071315765,0.474151432514,-0.613464832306,0.248567149043,1.79115474224]},"pitch_salience":{"dmean":0.0695870444179,"dmean2":0.11379507184,"dvar":0.00431677745655,"dvar2":0.0113843744621,"max":0.896234869957,"mean":0.629233181477,"median":0.649484872818,"min":0.119436465204,"var":0.0142892487347},"silence_rate_20dB":{"dmean":0,"dmean2":0,"dvar":0,"dvar2":0,"max":1,"mean":1,"median":1,"min":1,"var":0},"silence_rate_30dB":{"dmean":0.00765969092026,"dmean2":0.0153214773163,"dvar":0.00760062783957,"dvar2":0.017823446542,"max":1,"mean":0.98673415184,"median":1,"min":0,"var":0.0130894919857},"silence_rate_60dB":{"dmean":0.0604568459094,"dmean2":0.120930232108,"dvar":0.0568062402308,"dvar2":0.116708964109,"max":1,"mean":0.423003286123,"median":0,"min":0,"var":0.24407312274},"spectral_centroid":{"dmean":134.711746216,"dmean2":202.524703979,"dvar":48616.25,"dvar2":98725.703125,"max":12122.4404297,"mean":982.174316406,"median":738.797729492,"min":160.233444214,"var":1668290.375},"spectral_complexity":{"dmean":1.86103129387,"dmean2":2.87879610062,"dvar":6.63855361938,"dvar2":12.9962596893,"max":51,"mean":10.7606678009,"median":11,"min":0,"var":49.1436233521},"spectral_contrast_coeffs":{"dmean":[0.0511341802776,0.0411047898233,0.0285021401942,0.0242318119854,0.0238150954247,0.0150623992085],"dmean2":[0.0834454670548,0.0663108155131,0.0458251461387,0.0382177941501,0.0361804030836,0.0226736925542],"dvar":[0.00217221886851,0.00132610672154,0.000672364782076,0.000471150444355,0.000544567941688,0.000241154994001],"dvar2":[0.00527338543907,0.00325618661009,0.00161360530183,0.00103397364728,0.00112818402704,0.000489078694955],"max":[-0.350034683943,-0.314780175686,-0.415078490973,-0.468219786882,-0.506398439407,-0.667623758316],"mean":[-0.65394282341,-0.749558091164,-0.767107188702,-0.778873562813,-0.781480789185,-0.845656633377],"median":[-0.652796089649,-0.761970758438,-0.77073186636,-0.773975014687,-0.779387354851,-0.855695545673],"min":[-0.978991985321,-0.974214196205,-0.977514326572,-0.96995049715,-0.968110024929,-0.966916143894],"var":[0.0124867996201,0.00835062097758,0.00701290881261,0.00525988359004,0.00532765407115,0.00151829246897]},"spectral_contrast_valleys":{"dmean":[0.385271400213,0.330890476704,0.271870315075,0.281274586916,0.30654668808,0.186088129878],"dmean2":[0.628257572651,0.528296887875,0.426609784365,0.422164827585,0.421734184027,0.239714667201],"dvar":[0.110689662397,0.140449672937,0.092807367444,0.105835236609,0.121158324182,0.0669411495328],"dvar2":[0.256913483143,0.260330557823,0.179332524538,0.18658336997,0.213493809104,0.0951874107122],"max":[-5.72567796707,-4.76283168793,-4.61047554016,-5.17467832565,-5.76728200912,-8.69420146942],"mean":[-8.64834690094,-7.55468320847,-7.9729642868,-8.9696264267,-9.79333877563,-12.5996856689],"median":[-8.36102676392,-7.137342453,-7.48944377899,-8.55619239807,-9.57928848267,-12.5839481354],"min":[-28.0466651917,-28.1991233826,-28.0892467499,-27.6984062195,-27.4926204681,-27.4278259277],"var":[6.04482364655,7.39568042755,7.14399957657,6.22754383087,5.64404916763,3.70737886429]},"spectral_decrease":{"dmean":1.23808796548e-9,"dmean2":1.78266712503e-9,"dvar":7.77572357831e-18,"dvar2":1.51396518323e-17,"max":1.30672968049e-18,"mean":-3.28083271661e-9,"median":-1.09193343256e-9,"min":-7.09685323841e-8,"var":3.41640912369e-17},"spectral_energy":{"dmean":0.00493767810985,"dmean2":0.00708416802809,"dvar":0.000125090678921,"dvar2":0.000241192537942,"max":0.283472150564,"mean":0.0132299521938,"median":0.004394069314,"min":9.67103059928e-21,"var":0.000564318906981},"spectral_energyband_high":{"dmean":0.0000145635103763,"dmean2":0.0000212522681977,"dvar":8.20994117134e-9,"dvar2":1.83627300032e-8,"max":0.00393666652963,"mean":0.0000216332628042,"median":0.00000167934445017,"min":6.68183452954e-21,"var":1.03412940433e-8},"spectral_energyband_low":{"dmean":0.000594455050305,"dmean2":0.00103277887683,"dvar":0.00000366859762835,"dvar2":0.000010231808119,"max":0.0436852164567,"mean":0.000937002012506,"median":0.00030401640106,"min":2.01008306196e-23,"var":0.0000038876992221},"spectral_energyband_middle_high":{"dmean":0.00165228918195,"dmean2":0.00219729123637,"dvar":0.000044070322474,"dvar2":0.0000804910960142,"max":0.27157625556,"mean":0.00454019196332,"median":0.00102472561412,"min":1.1996040421e-21,"var":0.00018942495808},"spectral_energyband_middle_low":{"dmean":0.00386336329393,"dmean2":0.00573055911809,"dvar":0.0000783710202086,"dvar2":0.000165296936757,"max":0.267737418413,"mean":0.00818116310984,"median":0.00266778049991,"min":1.81731868354e-22,"var":0.000251950317761},"spectral_entropy":{"dmean":0.143504425883,"dmean2":0.209778264165,"dvar":0.0226376578212,"dvar2":0.0448791645467,"max":9.82203483582,"mean":6.9351143837,"median":6.8000421524,"min":4.71511554718,"var":0.368931531906},"spectral_flux":{"dmean":0.0168033409864,"dmean2":0.0249484721571,"dvar":0.000712619221304,"dvar2":0.00146741257049,"max":0.498483151197,"mean":0.0467513091862,"median":0.0292665790766,"min":6.47925255115e-11,"var":0.00253469147719},"spectral_kurtosis":{"dmean":7.14492511749,"dmean2":12.0702323914,"dvar":67.2418289185,"dvar2":187.230529785,"max":95.796913147,"mean":20.6159877777,"median":17.7327518463,"min":-1.26760613918,"var":243.002365112},"spectral_rms":{"dmean":0.000531744793989,"dmean2":0.000738486996852,"dvar":7.43605255593e-7,"dvar2":0.00000129224986267,"max":0.016630038619,"mean":0.00275206216611,"median":0.00207048235461,"min":3.07166922106e-12,"var":0.00000533337788511},"spectral_rolloff":{"dmean":175.097808838,"dmean2":285.276947021,"dvar":136422.109375,"dvar2":281633.90625,"max":19530.6152344,"mean":1327.65087891,"median":1076.66015625,"min":64.599609375,"var":5697388.5},"spectral_skewness":{"dmean":0.544962525368,"dmean2":0.885685622692,"dvar":0.31276845932,"dvar2":0.813749074936,"max":7.50166559219,"mean":3.03900265694,"median":2.98269605637,"min":-0.106384158134,"var":1.6488468647},"spectral_spread":{"dmean":339528.4375,"dmean2":487258.8125,"dvar":575369379840,"dvar2":1215365644290,"max":50644912,"mean":3298172.75,"median":1978398.875,"min":757871.4375,"var":24766702420000},"spectral_strongpeak":{"dmean":0.401460558176,"dmean2":0.639693140984,"dvar":0.50659185648,"dvar2":1.11044716835,"max":17.144651413,"mean":0.90455943346,"median":0.464421659708,"min":0,"var":1.89982330799},"zerocrossingrate":{"dmean":0.00542358867824,"dmean2":0.00670895772055,"dvar":0.0000542610214325,"dvar2":0.0000788612742326,"max":0.521484375,"mean":0.0471893250942,"median":0.0361328125,"min":0.00390625,"var":0.00414807954803}},"metadata":{"audio_properties":{"analysis_sample_rate":44100,"bit_rate":107223,"codec":"mp3","downmix":"mix","equal_loudness":0,"length":169.743667603,"lossless":false,"md5_encoded":"dff060185de2d98f93ef8a5216b5fe4c","replay_gain":-11.4671993256,"sample_rate":44100},"tags":{"album":["No Wow"],"albumartist":["The Kills"],"albumartistsort":["Kills, The"],"artist":["The Kills"],"artistsort":["Kills, The"],"asin":["B00078XKDE"],"barcode":["828766640328"],"catalognumber":["82876 66403 2"],"composer":["The Kills"],"date":["2005"],"discnumber":["1/1"],"encodedby":["LAME 3.98.2 VBR 4, Joint Stereo"],"encoding":["Audiograbber 1.83.01, LAME dll 3.98, VBR 4 (New method), Joint Stereo, High quality"],"file_name":"11 Ticket Man.mp3","genre":["Rock"],"isrc":["GBCEL0400286"],"label":["RCA Records"],"lyricist":["The Kills"],"media":["CD"],"musicbrainz album release country":["US"],"musicbrainz album status":["official"],"musicbrainz album type":["album"],"musicbrainz_albumartistid":["2c629b8c-d751-4131-b785-5690bb5e0fd7"],"musicbrainz_albumid":["55efd586-2938-4db2-8436-bb950ed9b0eb"],"musicbrainz_artistid":["2c629b8c-d751-4131-b785-5690bb5e0fd7"],"musicbrainz_recordingid":["f2d83d31-e23e-4d2a-a962-5185f3e6057e"],"musicbrainz_workid":["1ea7f8c6-5d80-343d-afa7-bc099486a9ce"],"musicip_puid":["71f8b277-1989-2121-f564-24229ebcdf7e"],"originaldate":["2005"],"script":["Latn"],"title":["Ticket Man"],"tracknumber":["11/11"]},"version":{"essentia":"2.1-beta2","essentia_build_sha":"2d9f1f26377add8aeb1075a9c2973f962c4f09fd","essentia_git_sha":"v2.1_beta2-1-ge3940c0","extractor":"music 1.0"}},"rhythm":{"beats_count":221,"beats_loudness":{"dmean":0.024377413094,"dmean2":0.0445507615805,"dvar":0.00121106673032,"dvar2":0.00368720199913