{"lowlevel":{"average_loudness":0.944173395634,"barkbands":{"dmean":[0.00455369381234,0.00932717323303,0.00243653007783,0.00113538641017,0.00257783336565,0.00133554101922,0.000958577904385,0.000672128633596,0.000857322709635,0.000630296533927,0.000502636365127,0.000559413281735,0.000512755068485,0.000335059477948,0.000365433690604,0.00023436936317,0.000235249259276,0.000233438942814,0.00025285826996,0.000194491512957,0.000176135785296,0.0000895073535503,0.0000271611679636,0.00000554222515348,0.00000236425830735,0.0000177665606316,0.000249549775617],"dmean2":[0.00746646197513,0.0155288884416,0.00422288151458,0.00193873653188,0.00422729412094,0.00219708075747,0.00157311488874,0.00109950255137,0.00140295736492,0.0010463364888,0.000825968862046,0.000918176781852,0.000848890224006,0.000557350518648,0.000612333358731,0.000387474312447,0.000383492326364,0.000375456555048,0.000396240211558,0.000292869255645,0.000252406403888,0.000134076108225,0.0000426102342317,0.00000881556752574,0.00000394157132177,0.0000281701904896,0.000375858857296],"dvar":[0.0000446919184469,0.00016531397705,0.0000190335831576,0.00000375776699002,0.0000195723187062,0.00000863376226334,0.00000773819010647,0.00000227344867199,0.00000321997345054,0.00000142663793667,0.00000139031942581,0.0000012408152088,8.67453479714e-7,2.47445598234e-7,2.52873633144e-7,1.20455226238e-7,1.12995387269e-7,1.31055415409e-7,2.09817486052e-7,1.81011756695e-7,2.12690437706e-7,6.67860931003e-8,5.00678698501e-9,1.30498917228e-10,1.37026050229e-11,1.67831715192e-9,1.64444088568e-7],"dvar2":[0.000114046721137,0.000439761788584,0.0000529298013134,0.00000970417841017,0.0000488809128001,0.000021879113774,0.0000229432553169,0.00000579498691877,0.00000837198513182,0.00000369127337763,0.00000362878381566,0.00000318577804137,0.00000227517261919,6.18061051227e-7,6.89081730343e-7,3.22610304693e-7,2.965531678e-7,3.24311741906e-7,4.87176350816e-7,3.73658139097e-7,3.72913035562e-7,1.43252094631e-7,1.18822747197e-8,2.89618190541e-10,3.5305394025e-11,4.10545020202e-9,3.97308923539e-7],"max":[0.100848183036,0.133035495877,0.05133613199,0.0343149080873,0.0797127634287,0.0546141862869,0.0984368622303,0.0418551452458,0.0378426387906,0.0257069095969,0.0273227225989,0.0222030617297,0.0188076682389,0.0129273766652,0.0070172813721,0.00713013671339,0.00456144846976,0.00614214129746,0.0105026233941,0.0154990227893,0.0106759034097,0.00719203939661,0.00192865158897,0.000287413975457,0.0000453932261735,0.000722634140402,0.00697553483769],"mean":[0.00714993476868,0.0145399896428,0.0026411942672,0.00135803816374,0.00402422342449,0.00189062755089,0.00137714168523,0.000961398298386,0.00128437660169,0.000956083298661,0.000725814839825,0.00095771875931,0.000883952307049,0.000618174613919,0.000686894403771,0.000444280100055,0.000466315832455,0.000460244627902,0.0004961109953,0.000399222713895,0.000342617713613,0.000140019677929,0.0000360188423656,0.00000651874097457,0.00000238386814999,0.0000212719842239,0.00083798560081],"median":[0.00399289513007,0.00897334795445,0.00117208738811,0.000647139037028,0.00194552983157,0.000842435692903,0.000539494329132,0.000347018241882,0.000528136151843,0.000500694091897,0.000335703720339,0.000489893951453,0.000468524784083,0.000427195103839,0.000508924480528,0.000315338285873,0.000304181448882,0.000268498260994,0.000258370710071,0.000194510241272,0.000144317367813,0.0000543240748812,0.0000134181136673,0.00000225015719479,9.19372212138e-7,0.00000806372190709,0.000625380547717],"min":[2.38198769003e-25,3.8435409561e-24,3.92869642006e-25,6.50777854206e-25,3.23043549955e-24,5.06065945841e-24,1.25801888921e-23,6.51280999553e-24,2.18731533713e-23,1.40863263085e-23,1.64004592403e-23,1.58447351316e-23,1.75277493625e-23,2.71063777304e-23,5.23361910514e-23,6.44815850561e-23,4.51075240999e-23,6.50511300079e-23,1.23130332579e-22,1.47321263419e-22,2.1616111565e-22,2.86602986607e-22,3.99412847601e-22,6.19570698628e-22,7.83043680823e-22,1.34677393257e-21,1.99336431628e-21],"var":[0.0000739641764085,0.000253500504186,0.0000181183622772,0.00000487756597067,0.0000407146508223,0.0000126342347357,0.00000952543814492,0.00000354890767085,0.00000525358609593,0.00000220984566113,0.00000196092128135,0.0000025279628062,0.0000016183543039,5.17781245435e-7,5.03891442349e-7,2.45678023703e-7,2.56667590293e-7,3.13448083489e-7,4.83589417399e-7,5.24293113813e-7,5.91955995333e-7,1.19967808132e-7,6.73546729502e-9,1.91942919892e-10,1.46514952948e-11,1.77541692459e-9,6.60126715957e-7]},"barkbands_crest":{"dmean":3.02205848694,"dmean2":4.95946073532,"dvar":6.8892159462,"dvar2":17.9857997894,"max":25.2348899841,"mean":10.4475822449,"median":9.74105072021,"min":2.50572681427,"var":19.5035266876},"barkbands_flatness_db":{"dmean":0.0264643151313,"dmean2":0.0414474606514,"dvar":0.000631474889815,"dvar2":0.00148932286538,"max":0.510016858578,"mean":0.134468153119,"median":0.119607634842,"min":0.024265345186,"var":0.00376620027237},"barkbands_kurtosis":{"dmean":6.43243694305,"dmean2":10.1580877304,"dvar":217.095596313,"dvar2":497.435455322,"max":325.487182617,"mean":11.3119535446,"median":3.12484765053,"min":-1.86945700645,"var":782.53717041},"barkbands_skewness":{"dmean":0.765245914459,"dmean2":1.1886048317,"dvar":0.798482835293,"dvar2":1.823387146,"max":14.4800701141,"mean":2.22564125061,"median":1.71883773804,"min":-2.13988852501,"var":4.31703186035},"barkbands_spread":{"dmean":8.36153316498,"dmean2":13.0521068573,"dvar":80.4912719727,"dvar2":180.558044434,"max":132.853988647,"mean":30.4228820801,"median":28.241815567,"min":0.320835292339,"var":328.952392578},"dissonance":{"dmean":0.0136435097083,"dmean2":0.0230881944299,"dvar":0.000253980048001,"dvar2":0.000679139164276,"max":0.500000059605,"mean":0.478130578995,"median":0.484859317541,"min":0.293277621269,"var":0.000499076966662},"dynamic_complexity":3.07357501984,"erbbands":{"dmean":[0.465417057276,1.56458449364,2.80086231232,3.16766786575,7.45616674423,8.87715339661,8.84694194794,12.0239601135,11.5616426468,15.1448640823,15.7684755325,20.5332717896,18.3170776367,19.0072650909,20.1174640656,22.423664093,22.3019618988,17.8664112091,16.2118263245,16.441619873,11.3458595276,12.6009912491,12.6532421112,13.1059703827,11.4583501816,9.36476516724,7.87613010406,5.88971853256,3.42176651955,1.92014491558,0.608131349087,0.200632542372,0.0608552917838,0.028190985322,0.0163810811937,0.0129747483879,0.0336527079344,0.0806711316109,0.0294602904469,0.00487306201831],"dmean2":[0.767887830734,2.64292049408,4.83155727386,5.41106987,12.4351100922,14.7541074753,14.7309446335,19.7605400085,19.0030250549,24.5436782837,25.7117977142,33.6300430298,30.2190933228,31.278968811,32.6700401306,36.4045944214,36.792881012,29.1409931183,26.7766475677,27.3980064392,18.5753631592,20.4521999359,20.478679657,20.5718479156,17.7233505249,14.0753898621,11.4233016968,8.46334838867,5.06699991226,3.00476336479,0.936256349087,0.312801808119,0.0981893315911,0.0468146279454,0.027196701616,0.0210524257272,0.0528244227171,0.130194082856,0.0434893332422,0.00725421030074],"dvar":[0.437279641628,5.12545585632,23.0174007416,27.5818271637,218.582687378,271.769317627,284.05682373,886.411376953,1319.91320801,1482.57397461,1181.23205566,2069.92211914,1413.79846191,1417.86315918,2506.32666016,1955.39416504,1705.23010254,699.347290039,532.828796387,517.633728027,282.033630371,337.39352417,382.129699707,512.602172852,533.570129395,408.930389404,376.086883545,299.710968018,100.08757782,32.698261261,2.18558573723,0.20167003572,0.0148507216945,0.00195064791478,0.000663214013912,0.00054137193365,0.00596020882949,0.0760016143322,0.00265562674031,0.0000444519682787],"dvar2":[1.15422511101,14.0347852707,63.5684356689,72.4522018433,543.82220459,687.130249023,729.699584961,2274.16357422,4012.04516602,4008.81835938,2984.97949219,5442.52734375,3692.80419922,3598.5871582,6660.09960938,4775.40966797,4412.21240234,1746.86523438,1388.76989746,1413.7166748,746.73651123,873.794616699,958.901245117,1249.04064941,1240.71118164,828.72076416,695.146118164,538.577209473,209.907272339,79.9279327393,4.99437379837,0.444183290005,0.0333762913942,0.00498157599941,0.00171160977334,0.00128227332607,0.0143982348964,0.206964656711,0.00588236190379,0.000101021476439],"max":[7.54480314255,27.2786064148,54.562412262,107.941917419,387.197753906,390.632720947,434.476318359,627.691589355,1508.00915527,1439.38635254,605.728637695,1095.76525879,817.31640625,849.458557129,1194.02209473,1145.48864746,939.286010742,605.629943848,514.449645996,411.064727783,380.752105713,271.532318115,326.909820557,639.837890625,610.001403809,678.55255127,526.994384766,504.523345947,300.370635986,143.207229614,36.2677307129,13.4355020523,2.70359563828,0.527012765408,0.320126384497,0.469239085913,1.53437852859,5.88973665237,1.20135247707,0.136838436127],"mean":[0.748456537724,2.02107071877,3.16430044174,4.11084270477,10.6891555786,12.5063972473,12.2922935486,16.6632766724,16.8111763,22.4338665009,24.0745697021,30.6193027496,27.4824199677,30.953502655,32.782749176,40.7034339905,40.7497825623,35.0066413879,32.5311508179,33.6348762512,23.4677448273,26.0376262665,25.7448787689,25.9777603149,22.7385749817,19.2161846161,15.8486728668,11.0463857651,5.60949134827,2.59912800789,0.81538850069,0.25760397315,0.0654600635171,0.0287576112896,0.0169071760029,0.0144148515537,0.0424611605704,0.112804591656,0.0843940973282,0.0198887847364],"median":[0.416770666838,1.16869854927,1.58269715309,2.24647140503,4.35993862152,5.6907453537,6.13512134552,6.87625646591,7.00683307648,9.01274681091,8.63193511963,12.2972755432,14.3125305176,17.2541046143,16.2738456726,21.4842987061,22.444606781,23.6505355835,24.3860759735,26.0373840332,16.9497146606,17.1468639374,15.8473987579,13.5696792603,11.6570510864,9.36888694763,7.19551181793,4.4289188385,2.24882221222,0.892070412636,0.300021827221,0.0912477821112,0.0220745224506,0.0111251790076,0.00679662823677,0.00599458068609,0.0170027539134,0.0486782714725,0.0535379983485,0.0162672661245],"min":[3.08532777036e-23,8.69487084061e-22,2.80480951404e-21,8.19699232433e-21,1.98201602835e-20,1.58866983665e-20,3.43224022583e-20,5.65656023537e-20,1.72436345239e-19,2.05688010662e-19,1.93146052646e-19,3.89233662947e-19,4.47500575488e-19,5.35257510842e-19,9.99699262263e-19,7.6219988857e-19,9.92804711858e-19,1.58855476808e-18,2.20441606653e-18,2.04365310089e-18,3.25607902167e-18,3.47968620717e-18,5.01805685806e-18,7.4571639167e-18,7.08481518141e-18,7.81349760816e-18,8.6024202902e-18,1.04135545753e-17,1.14358497235e-17,1.06914707175e-17,1.04685926917e-17,1.18083845745e-17,1.06071355181e-17,8.62185820741e-18,6.4782146869e-18,4.41863711845e-18,2.61661505502e-18,8.84136650618e-19,2.55033586427e-19,2.89089995188e-20],"var":[0.782934129238,5.79200029373,21.6631698608,34.0979270935,436.739868164,441.57333374,386.983825684,1230.89868164,1530.05871582,2093.19042969,2089.38012695,3235.33862305,2049.85839844,2218.77490234,3635.14990234,4455.83447266,3328.39575195,1608.17480469,1136.13061523,1151.48156738,612.584594727,794.342529297,926.552307129,1162.45080566,1201.48803711,1217.37426758,1090.82788086,731.66607666,188.268951416,44.4274291992,3.18190956116,0.321291655302,0.0187814570963,0.00209621153772,0.000717333401553,0.000617103243712,0.00670650601387,0.0625761672854,0.00962682254612,0.000302730244584]},"erbbands_crest":{"dmean":2.32284069061,"dmean2":3.8308942318,"dvar":5.47742033005,"dvar2":14.1174621582,"max":30.675994873,"mean":7.38360595703,"median":6.33888721466,"min":2.4776263237,"var":13.8810091019},"erbbands_flatness_db":{"dmean":0.0195567589253,"dmean2":0.0294805765152,"dvar":0.000284424721031,"dvar2":0.000613803276792,"max":0.298790603876,"mean":0.137191683054,"median":0.136012375355,"min":0.0317209213972,"var":0.00108543224633},"erbbands_kurtosis":{"dmean":0.890872299671,"dmean2":1.41523456573,"dvar":1.43336081505,"dvar2":3.29089641571,"max":17.5957965851,"mean":0.502753078938,"median":-0.040779646486,"min":-1.71974360943,"var":3.48618626595},"erbbands_skewness":{"dmean":0.336693376303,"dmean2":0.51626843214,"dvar":0.097097069025,"dvar2":0.215507224202,"max":3.36001205444,"mean":-0.186505556107,"median":-0.198056876659,"min":-3.51084494591,"var":0.529778838158},"erbbands_spread":{"dmean":7.54471921921,"dmean2":11.7719755173,"dvar":56.7540245056,"dvar2":128.448944092,"max":128.866073608,"mean":34.1277999878,"median":32.1802825928,"min":4.37159490585,"var":207.465682983},"gfcc":{"cov":[[18744.4042969,1234.41625977,-1606.62524414,-163.85118103,-203.382781982,-677.976196289,180.880172729,-462.810455322,109.355621338,-178.957977295,-114.666191101,5.32323360443,-199.027954102],[1234.41625977,961.004272461,34.0419654846,-264.552124023,24.6348896027,8.76924705505,12.0107955933,12.10592556,12.4681634903,11.2834377289,51.5108375549,-62.4707565308,52.757019043],[-1606.62524414,34.0419654846,524.832824707,45.4722709656,-51.278842926,258.22668457,-92.832321167,155.966171265,-15.3884544373,52.2220115662,13.827832222,9.08804416656,30.7348594666],[-163.85118103,-264.552124023,45.4722709656,337.202362061,121.04133606,9.31892299652,83.9256896973,2.73405838013,8.45872879028,-13.364733696,-15.8772392273,51.2977180481,-17.3751945496],[-203.382781982,24.6348896027,-51.278842926,121.04133606,235.102584839,29.1853618622,86.25831604,-42.5748329163,-19.7999019623,-17.3616905212,25.9061660767,17.3662490845,30.4640274048],[-677.976196289,8.76924705505,258.22668457,9.31892299652,29.1853618622,328.326416016,-57.9614295959,111.557487488,-61.8919334412,22.5534114838,28.9971885681,21.7694530487,38.4291496277],[180.880172729,12.0107955933,-92.832321167,83.9256896973,86.25831604,-57.9614295959,191.357559204,-49.6548423767,58.9116592407,-11.0572595596,-11.8946199417,32.58959198,-20.9310073853],[-462.810455322,12.10592556,155.966171265,2.73405838013,-42.5748329163,111.557487488,-49.6548423767,205.221466064,20.2758674622,46.7430496216,28.046787262,-24.7660522461,33.4451828003],[109.355621338,12.4681634903,-15.3884544373,8.45872879028,-19.7999019623,-61.8919334412,58.9116592407,20.2758674622,133.236404419,37.0520057678,-4.56283521652,12.1628484726,-40.8803825378],[-178.957977295,11.2834377289,52.2220115662,-13.364733696,-17.3616905212,22.5534114838,-11.0572595596,46.7430496216,37.0520057678,79.0420913696,35.1574745178,-4.15250444412,12.7379407883],[-114.666191101,51.5108375549,13.827832222,-15.8772392273,25.9061660767,28.9971885681,-11.8946199417,28.046787262,-4.56283521652,35.1574745178,68.4903945923,19.6529407501,27.6892223358],[5.32323360443,-62.4707565308,9.08804416656,51.2977180481,17.3662490845,21.7694530487,32.58959198,-24.7660522461,12.1628484726,-4.15250444412,19.6529407501,78.7429351807,4.67267656326],[-199.027954102,52.757019043,30.7348594666,-17.3751945496,30.4640274048,38.4291496277,-20.9310073853,33.4451828003,-40.8803825378,12.7379407883,27.6892223358,4.67267656326,92.0543899536]],"icov":[[0.000124680183944,-0.000361363345291,0.000647900858894,-0.000464316224679,0.000439884897787,-0.000259665481281,0.000231130921748,0.0000514565072081,-0.0000168669139384,-0.000166687561432,0.000324485765304,-0.000265266542556,0.000100830962765],[-0.000361363345291,0.00285650719889,-0.00266006635502,0.00292480224743,-0.00177081348374,0.000838817330077,-0.0016354334075,0.00033655486186,-0.000982089317404,0.00215785228647,-0.00313591002487,0.00275106634945,-0.00116758677177],[0.000647900858894,-0.00266006635502,0.00776433199644,-0.00432755984366,0.00374591862783,-0.00440265331417,0.00269861612469,-0.000454907130916,-0.000691611785442,-0.00262355920859,0.00349176046439,-0.0020030324813,5.88094565046e-7],[-0.000464316224679,0.00292480224743,-0.00432755984366,0.00962465535849,-0.00721161719412,0.00403042044491,-0.00234918668866,-0.00383613281883,0.00340218376368,-0.00171052629594,0.00357430172153,-0.00486651761457,0.00306450598873],[0.000439884897787,-0.00177081348374,0.00374591862783,-0.00721161719412,0.0130658578128,-0.00544845918193,-0.00234118942171,0.0056165358983,-0.0038325204514,0.00522164814174,-0.00857490766793,0.00752488896251,-0.00549551891163],[-0.000259665481281,0.000838817330077,-0.00440265331417,0.00403042044491,-0.00544845918193,0.00928070954978,-0.000324749504216,-0.00536678778008,0.00670645060018,-0.00360267516226,0.00377351976931,-0.00673807226121,0.00367706618272],[0.000231130921748,-0.0016354334075,0.00269861612469,-0.00234918668866,-0.00234118942171,-0.000324749504216,0.0106761744246,0.000202902388992,-0.00371388136409,-0.00117149262223,0.00470252754167,-0.00454530026764,0.000685776292812],[0.0000514565072081,0.00033655486186,-0.000454907130916,-0.00383613281883,0.0056165358983,-0.00536678778008,0.000202902388992,0.0131096225232,-0.00851406250149,0.00476192170754,-0.00957135204226,0.0114776920527,-0.0071324990131],[-0.0000168669139384,-0.000982089317404,-0.000691611785442,0.00340218376368,-0.0038325204514,0.00670645060018,-0.00371388136409,-0.00851406250149,0.0219039022923,-0.014878408052,0.0113341091201,-0.0127219390124,0.0111395912245],[-0.000166687561432,0.00215785228647,-0.00262355920859,-0.00171052629594,0.00522164814174,-0.00360267516226,-0.00117149262223,0.00476192170754,-0.014878408052,0.031789265573,-0.0226925518364,0.0150927966461,-0.00821102969348],[0.000324485765304,-0.00313591002487,0.00349176046439,0.00357430172153,-0.00857490766793,0.00377351976931,0.00470252754167,-0.00957135204226,0.0113341091201,-0.0226925518364,0.0410141013563,-0.0228193905205,0.00481176283211],[-0.000265266542556,0.00275106634945,-0.0020030324813,-0.00486651761457,0.00752488896251,-0.00673807226121,-0.00454530026764,0.0114776920527,-0.0127219390124,0.0150927966461,-0.0228193905205,0.0330356992781,-0.00983202829957],[0.000100830962765,-0.00116758677177,5.88094565046e-7,0.00306450598873,-0.00549551891163,0.00367706618272,0.000685776292812,-0.0071324990131,0.0111395912245,-0.00821102969348,0.00481176283211,-0.00983202829957,0.0204943623394]],"mean":[6.84670782089,88.94140625,-101.322784424,11.4897985458,-3.40775513649,-23.2387905121,13.5608491898,-21.6191749573,0.52636295557,-5.03520298004,-5.57946920395,0.922690927982,-6.36966943741]},"hfc":{"dmean":25.3619327545,"dmean2":40.9629936218,"dvar":985.01385498,"dvar2":2746.3046875,"max":603.40234375,"mean":103.055862427,"median":103.383346558,"min":1.1182429708e-16,"var":4226.71679688},"melbands":{"dmean":[0.00333748711273,0.00157249788754,0.000621814397164,0.000630471331533,0.000302088970784,0.000259427702986,0.000180284230737,0.000154575216584,0.000135576439789,0.000128736384795,0.0000935224015848,0.0000803601797088,0.0000686569546815,0.0000680765515426,0.0000525621508132,0.0000513989361934,0.0000334668366122,0.0000267929444817,0.0000300026204059,0.0000188208941836,0.0000141198934216,0.0000139075318657,0.0000133841576826,0.0000118222824312,0.000011548776456,0.00000983325571724,0.00000765737331676,0.00000654988298265,0.00000523889593751,0.00000512770748173,0.00000312655720336,0.00000209189283851,0.00000162997264397,8.80830668848e-7,3.77030517029e-7,2.10724707017e-7,8.85969058118e-8,4.40692566883e-8,3.09363628048e-8,2.16044160339e-8],"dmean2":[0.00549252144992,0.00268756668083,0.00105246121529,0.00103588658385,0.000504759664182,0.00042470585322,0.000295870326227,0.000250357436016,0.000221471957047,0.000210728860111,0.000154740613652,0.00013268715702,0.00011257098231,0.00011155402899,0.0000867873604875,0.0000848067938932,0.0000550054501218,0.0000443844801339,0.000050522678066,0.0000311456387863,0.0000233854207181,0.0000228205535677,0.0000218225995923,0.000019048271497,0.0000183892188943,0.0000155057623488,0.0000120459571917,0.0000100975257737,0.00000780201298767,0.00000756237750466,0.00000462667776446,0.00000316909245157,0.00000254806150224,0.00000139930909882,5.91684795381e-7,3.26975339249e-7,1.40806704962e-7,7.15635692927e-8,5.09961495254e-8,3.60161003243e-8],"dvar":[0.0000214194660657,0.00000556078202862,9.79251012723e-7,0.00000127035843889,2.69471001957e-7,3.75908825845e-7,2.9675601354e-7,1.44827993154e-7,8.35932567611e-8,7.77651010253e-8,3.68250887561e-8,2.46841871387e-8,2.66998210208e-8,2.18413447328e-8,8.64817106816e-9,8.5771860725e-9,2.4220982997e-9,1.59480850748e-9,1.83129511555e-9,8.001638796e-10,4.38932334923e-10,4.12672424011e-10,4.30322777412e-10,3.42269823594e-10,4.25748519772e-10,3.60268120891e-10,2.99952590543e-10,2.14371936869e-10,1.66637662002e-10,1.89111573623e-10,9.53270448689e-11,3.96601883279e-11,2.7021676563e-11,6.48196730665e-12,8.68649119648e-13,2.70902928996e-13,3.80789658431e-14,8.79961353079e-15,3.3278842413e-15,1.16211385116e-15],"dvar2":[0.0000564348447369,0.0000152654120029,0.00000253099369729,0.00000316590126204,6.95017604357e-7,9.62061676546e-7,8.9657243052e-7,3.88953907304e-7,2.11957001284e-7,2.04065173648e-7,9.5947001455e-8,6.26830072292e-8,7.11393610686e-8,5.76558356613e-8,2.21167866243e-8,2.24213074773e-8,6.07372330208e-9,4.1515959559e-9,5.02037478256e-9,2.16038498202e-9,1.17690979184e-9,1.09440578822e-9,1.10758968663e-9,8.59648408014e-10,1.06792963361e-9,8.44978031989e-10,7.35088656612e-10,4.49131315472e-10,3.43541251002e-10,3.58247265186e-10,1.85476842218e-10,8.47301118156e-11,6.55464571508e-11,1.61100213031e-11,2.04116563061e-12,6.1409433311e-13,8.68700998722e-14,1.9897190178e-14,8.15987156858e-15,3.00311508043e-15],"max":[0.0539685077965,0.0237641800195,0.0189597662538,0.0204466357827,0.0119304787368,0.0124545507133,0.0205166544765,0.0132643245161,0.00474286265671,0.00608985265717,0.00419776048511,0.00341372867115,0.0032523185946,0.00278487312607,0.00178221066017,0.00191330979578,0.00115725654177,0.000967109401245,0.0006364803412,0.00061606883537,0.000381238176487,0.000334175332682,0.000366594729712,0.000351178110577,0.000599121383857,0.000472913961858,0.000732311455067,0.00050181261031,0.000424724508775,0.00027899935958,0.000389524822822,0.000210872807656,0.00016501484788,0.0000765766671975,0.0000200395825232,0.0000188328885997,0.00000529462204213,0.00000194983908841,0.00000115957561775,4.18511916678e-7],"mean":[0.00562802003697,0.00197620596737,0.000876612437423,0.000923937186599,0.000441075128037,0.000368901819456,0.000265801441856,0.000232861188124,0.00020086368022,0.000188505000551,0.000134965463076,0.000126023267512,0.000104545128124,0.000112447844003,0.0000918121513678,0.0000882285748958,0.0000611194263911,0.000049052596296,0.0000547070849279,0.0000350893424184,0.0000261836376012,0.0000267091982096,0.0000248717678915,0.0000222700618906,0.0000209888603422,0.0000180471179192,0.0000141627724588,0.000012477985365,0.00000986872055364,0.00000905743763724,0.0000054284196267,0.00000333041361955,0.00000217841215999,0.00000112704606181,4.81887923343e-7,2.72355833886e-7,1.03586458522e-7,4.46441710267e-8,3.04496481363e-8,2.15592006469e-8],"median":[0.00354304071516,0.00118263601325,0.000490418518893,0.00040334026562,0.000230558536714,0.0001602647244,0.000111219764221,0.0000934227864491,0.0000710310341674,0.0000747198355384,0.0000683912512613,0.0000683603648213,0.0000503867413499,0.000054203941545,0.0000487512079417,0.0000481891474919,0.0000403687627113,0.0000345128864865,0.0000397550975322,0.0000244623770413,0.0000171663068613,0.0000173188309418,0.0000145600824908,0.0000129922536871,0.0000102240328488,0.00000916109092941,0.00000687818555889,0.00000579786774324,0.00000442947339252,0.0000034584770674,0.00000213996963794,0.00000132067339109,7.06531864125e-7,3.87711253325e-7,1.7241183059e-7,9.49785885496e-8,3.31321317049e-8,1.27546018192e-8,1.0158917263e-8,8.04567967805e-9],"min":[8.13447678181e-25,1.67861573971e-24,1.73453946979e-24,7.16515605591e-25,1.29990235456e-24,1.08591850921e-24,2.97582018998e-24,1.91983579668e-24,2.17870957463e-24,2.80514362503e-24,1.95983498888e-24,1.9457380445e-24,2.54515321447e-24,2.47736067765e-24,1.75254443109e-24,2.52788623255e-24,2.66997645044e-24,2.43696922436e-24,2.47690885756e-24,4.02535564538e-24,2.9941763916e-24,2.90443241958e-24,5.51550837332e-24,4.15737506774e-24,4.86603603461e-24,4.48482531304e-24,4.95054709781e-24,4.17565731365e-24,4.64328104206e-24,4.94120146267e-24,5.63766269563e-24,6.25973316194e-24,3.70400053387e-24,5.70473874954e-24,5.30742067159e-24,4.4943251705e-24,6.60551850683e-24,6.59311288023e-24,6.34573359453e-24,6.51866334344e-24],"var":[0.000036846002331,0.00000568273617318,0.00000146125125866,0.00000254235010289,4.07040857908e-7,5.44060753782e-7,3.61576212526e-7,2.11138811324e-7,1.46404218526e-7,1.21144537957e-7,5.22685112969e-8,3.80968145919e-8,3.77996620671e-8,3.90725389821e-8,1.80191239707e-8,1.57737751749e-8,5.20154808115e-9,3.04926794925e-9,3.44320927326e-9,1.64203195485e-9,8.50590597956e-10,8.65041926978e-10,9.12749653637e-10,7.59485641044e-10,8.38803804193e-10,7.74234620859e-10,5.70564484548e-10,5.82354164891e-10,4.36325281461e-10,4.61736981983e-10,1.94664159792e-10,6.94935081702e-11,3.72682856797e-11,8.12627309194e-12,1.15045603252e-12,4.01758460484e-13,5.48029537603e-14,1.07067065175e-14,3.42235107305e-15,1.23268090715e-15]},"melbands_crest":{"dmean":4.73778104782,"dmean2":7.73916625977,"dvar":17.8045196533,"dvar2":45.8950386047,"max":39.1431350708,"mean":18.6938591003,"median":17.4745979309,"min":1.63006687164,"var":70.3399581909},"melbands_flatness_db":{"dmean":0.0349636785686,"dmean2":0.0545168742537,"dvar":0.000993522815406,"dvar2":0.00233662128448,"max":0.63550645113,"mean":0.235443040729,"median":0.225297003984,"min":0.00211451551877,"var":0.00634030066431},"melbands_kurtosis":{"dmean":14.008433342,"dmean2":22.1562156677,"dvar":1333.34887695,"dvar2":2952.51953125,"max":1586.42004395,"mean":25.4833965302,"median":6.66651344299,"min":-1.73712408543,"var":5795.18798828},"melbands_skewness":{"dmean":1.07661294937,"dmean2":1.68442869186,"dvar":1.68390631676,"dvar2":3.92398667336,"max":35.7834434509,"mean":3.27102255821,"median":2.43188619614,"min":-2.57318806648,"var":9.68302154541},"melbands_spread":{"dmean":8.67500591278,"dmean2":13.561044693,"dvar":115.357131958,"dvar2":247.544250488,"max":191.517669678,"mean":24.8098945618,"median":19.8806381226,"min":0.113001227379,"var":477.097442627},"mfcc":{"cov":[[8041.58886719,999.541992188,-793.454956055,314.92956543,-497.099853516,61.4054222107,-374.819000244,72.6287994385,-224.566711426,54.3784255981,-39.2116699219,-104.430877686,-48.4091491699],[999.541992188,1219.22338867,-2.78479981422,-153.242324829,-18.9206218719,-23.012336731,26.0709629059,-51.991519928,8.91563129425,24.453502655,39.4757194519,-16.1878013611,20.9541378021],[-793.454956055,-2.78479981422,572.500488281,-191.476654053,140.86907959,-29.6896286011,47.0361175537,27.5138435364,49.8368186951,37.4339752197,34.8708534241,18.525844574,9.59473228455],[314.92956543,-153.242324829,-191.476654053,415.253356934,-53.6881523132,81.6269760132,-20.7402858734,53.3859863281,14.2692699432,1.14804303646,-5.42081260681,14.594291687,-0.828806996346],[-497.099853516,-18.9206218719,140.86907959,-53.6881523132,239.383865356,20.755065918,125.326377869,5.50442695618,27.3429164886,-17.6943645477,-1.22856616974,14.309214592,14.4881629944],[61.4054222107,-23.012336731,-29.6896286011,81.6269760132,20.755065918,208.318954468,44.9537620544,64.5075531006,-15.3535928726,-19.485086441,-22.7003097534,-0.723584234715,12.5393657684],[-374.819000244,26.0709629059,47.0361175537,-20.7402858734,125.326377869,44.9537620544,190.326629639,11.0017442703,40.2129669189,-38.1201019287,-16.3318576813,15.5527477264,12.5482292175],[72.6287994385,-51.991519928,27.5138435364,53.3859863281,5.50442695618,64.5075531006,11.0017442703,130.823959351,10.0369758606,26.9561920166,-6.97643995285,2.85122227669,9.69123363495],[-224.566711426,8.91563129425,49.8368186951,14.2692699432,27.3429164886,-15.3535928726,40.2129669189,10.0369758606,91.744758606,25.7114982605,24.0915622711,10.8274126053,1.91047871113],[54.3784255981,24.453502655,37.4339752197,1.14804303646,-17.6943645477,-19.485086441,-38.1201019287,26.9561920166,25.7114982605,87.7289199829,39.5698814392,13.8994932175,-1.42151749134],[-39.2116699219,39.4757194519,34.8708534241,-5.42081260681,-1.22856616974,-22.7003097534,-16.3318576813,-6.97643995285,24.0915622711,39.5698814392,82.5717010498,27.2028980255,8.65818119049],[-104.430877686,-16.1878013611,18.525844574,14.594291687,14.309214592,-0.723584234715,15.5527477264,2.85122227669,10.8274126053,13.8994932175,27.2028980255,63.1216545105,22.3272895813],[-48.4091491699,20.9541378021,9.59473228455,-0.828806996346,14.4881629944,12.5393657684,12.5482292175,9.69123363495,1.91047871113,-1.42151749134,8.65818119049,22.3272895813,50.9022750854]],"icov":[[0.000200177877559,-0.000191219107364,0.000178969901754,-0.000102568446891,0.000115066286526,0.0000151364538397,0.000196154869627,-0.000229823257541,0.000338200159604,-0.0000878511491464,0.0000287943257717,0.0000915611890377,0.000132399640279],[-0.000191219107364,0.00112423871178,-0.0000589473565924,0.000449032377219,0.00017785858654,-0.00014227507927,-0.000666893378366,0.000632345443591,-0.000262433692114,-0.000457303714938,-0.000516880711075,0.000626261753496,-0.000787495577242],[0.000178969901754,-0.0000589473565924,0.00285857194103,0.00120432127733,-0.00138944759965,0.0000150464093167,0.00084018940106,-0.00113093783148,-0.000865853973664,-0.000377696793294,-0.000438849965576,-0.000375436095055,0.000336496945238],[-0.000102568446891,0.000449032377219,0.00120432127733,0.00372337852605,-0.000031075986044,-0.00120640627574,0.000810825848021,-0.00100323231891,-0.00195792969316,0.000614095246419,-0.000111238579848,-0.00138094252907,0.000563663954381],[0.000115066286526,0.00017785858654,-0.00138944759965,-0.000031075986044,0.00763445068151,-0.0000117429899547,-0.00481874821708,0.000454245629953,0.000994341564365,-0.000433153792983,-0.00040551123675,0.000535407860298,-0.000986340339296],[0.0000151364538397,-0.00014227507927,0.0000150464093167,-0.00120640627574,-0.0000117429899547,0.00693704467267,-0.0017777918838,-0.0031581397634,0.00216907658614,0.00099703297019,0.0000536880506843,0.000652299146168,-0.000964346574619],[0.000196154869627,-0.000666893378366,0.00084018940106,0.000810825848021,-0.00481874821708,-0.0017777918838,0.0118844537064,-0.00134697393514,-0.00554530089721,0.00522182090208,0.00193850754295,-0.0034619551152,0.000994884525426],[-0.000229823257541,0.000632345443591,-0.00113093783148,-0.00100323231891,0.000454245629953,-0.0031581397634,-0.00134697393514,0.0118230963126,-0.000399551907321,-0.00564093515277,0.00259570288472,0.0011270303512,-0.00263067916967],[0.000338200159604,-0.000262433692114,-0.000865853973664,-0.00195792969316,0.000994341564365,0.00216907658614,-0.00554530089721,-0.000399551907321,0.0171340983361,-0.00526592554525,-0.0031113945879,0.00191370677203,0.0000864003668539],[-0.0000878511491464,-0.000457303714938,-0.000377696793294,0.000614095246419,-0.000433153792983,0.00099703297019,0.00522182090208,-0.00564093515277,-0.00526592554525,0.0209364276379,-0.00657023396343,-0.00320822861977,0.00315738725476],[0.0000287943257717,-0.000516880711075,-0.000438849965576,-0.000111238579848,-0.00040551123675,0.0000536880506843,0.00193850754295,0.00259570288472,-0.0031113945879,-0.00657023396343,0.0194571148604,-0.00644983304664,-0.00109595747199],[0.0000915611890377,0.000626261753496,-0.000375436095055,-0.00138094252907,0.000535407860298,0.000652299146168,-0.0034619551152,0.0011270303512,0.00191370677203,-0.00320822861977,-0.00644983304664,0.0237049870193,-0.00925874244422],[0.000132399640279,-0.000787495577242,0.000336496945238,0.000563663954381,-0.000986340339296,-0.000964346574619,0.000994884525426,-0.00263067916967,0.0000864003668539,0.00315738725476,-0.00109595747199,-0.00925874244422,0.0251477379352]],"mean":[-648.992126465,150.319976807,-33.3623352051,49.6637496948,-6.78989601135,24.2901954651,4.17552280426,8.16185283661,2.94604253769,4.55865287781,2.32869052887,2.2226588726,1.27096796036]},"pitch_salience":{"dmean":0.0873918458819,"dmean2":0.142711177468,"dvar":0.00589938182384,"dvar2":0.014840724878,"max":0.962269127369,"mean":0.519284665585,"median":0.549948036671,"min":0.0282376110554,"var":0.0254141371697},"silence_rate_20dB":{"dmean":0,"dmean2":0,"dvar":0,"dvar2":0,"max":1,"mean":1,"median":1,"min":1,"var":0},"silence_rate_30dB":{"dmean":0.0138772577047,"dmean2":0.0277578365058,"dvar":0.0136846797541,"dvar2":0.0353625491261,"max":1,"mean":0.988397121429,"median":1,"min":0,"var":0.0114682437852},"silence_rate_60dB":{"dmean":0.00406747218221,"dmean2":0.00813591759652,"dvar":0.00405092770234,"dvar2":0.00950547493994,"max":1,"mean":0.0305023919791,"median":0,"min":0,"var":0.0295719970018},"spectral_centroid":{"dmean":298.843109131,"dmean2":440.096191406,"dvar":108581.890625,"dvar2":193989.578125,"max":11597.5517578,"mean":1651.35888672,"median":1423.20800781,"min":224.955291748,"var":1321317.125},"spectral_complexity":{"dmean":4.25505447388,"dmean2":6.32424020767,"dvar":18.4615650177,"dvar2":34.7261657715,"max":63,"mean":26.9874401093,"median":28,"min":0,"var":220.036087036},"spectral_contrast_coeffs":{"dmean":[0.0565016418695,0.0493963994086,0.0390124805272,0.0275291353464,0.0187996588647,0.0523800216615],"dmean2":[0.094157345593,0.0820010900497,0.0652581900358,0.0463410355151,0.0312535427511,0.0805848166347],"dvar":[0.00199933815747,0.00154720305,0.00098018697463,0.000467177393148,0.000241223926423,0.0018721887609],"dvar2":[0.00537985749543,0.00423246109858,0.0027038580738,0.0013045972446,0.000657066353597,0.00449870713055],"max":[-0.382949441671,-0.507532000542,-0.567506253719,-0.661663293839,-0.684954941273,-0.386289477348],"mean":[-0.707208871841,-0.779257297516,-0.802792787552,-0.811966657639,-0.814875423908,-0.672331511974],"median":[-0.713891625404,-0.783184885979,-0.807057023048,-0.81281876564,-0.813721895218,-0.670144557953],"min":[-0.976463377476,-0.983195006847,-0.987855911255,-0.979402959347,-0.975915849209,-0.963576674461],"var":[0.00742478435859,0.00423481920734,0.00274585722946,0.00134355889168,0.000917378754821,0.00794967077672]},"spectral_contrast_valleys":{"dmean":[0.397268503904,0.373463779688,0.30901876092,0.253437995911,0.243686392903,0.650111317635],"dmean2":[0.654488265514,0.605560779572,0.501252174377,0.403664410114,0.354115903378,1.03169882298],"dvar":[0.117983929813,0.10543602705,0.0802234783769,0.0627771764994,0.0799880623817,0.30742919445],"dvar2":[0.282784700394,0.250616461039,0.178280249238,0.134312227368,0.144649714231,0.772476375103],"max":[-5.14837121964,-4.64821577072,-5.22181129456,-5.45262098312,-5.28630638123,-9.1370639801],"mean":[-6.83983182907,-6.7272028923,-7.01397514343,-7.24191379547,-7.24744701385,-11.3427858353],"median":[-6.49976730347,-6.35075092316,-6.61885547638,-6.79276418686,-6.87783813477,-11.1454296112],"min":[-28.6124973297,-28.1409778595,-27.6256408691,-27.6969604492,-27.5851020813,-27.3888721466],"var":[4.53192520142,4.71829795837,4.50237894058,4.38049650192,4.38556814194,3.01854228973]},"spectral_decrease":{"dmean":3.92136545457e-9,"dmean2":6.42918340787e-9,"dvar":2.11749303263e-17,"dvar2":5.55812432076e-17,"max":1.08633402274e-9,"mean":-9.9158681266e-9,"median":-9.22046350382e-9,"min":-6.02796319527e-8,"var":4.36961930525e-17},"spectral_energy":{"dmean":0.0150492936373,"dmean2":0.0245433337986,"dvar":0.000297408376355,"dvar2":0.000776621280238,"max":0.231577143073,"mean":0.0467722602189,"median":0.0456376075745,"min":1.02388222351e-20,"var":0.000744556076825},"spectral_energyband_high":{"dmean":0.000521765381563,"dmean2":0.000745803117752,"dvar":0.0000010877005252,"dvar2":0.00000195047164198,"max":0.0234187599272,"mean":0.0014024367556,"median":0.000877461046912,"min":7.17412210459e-21,"var":0.00000396008181269},"spectral_energyband_low":{"dmean":0.0128168584779,"dmean2":0.0211359653622,"dvar":0.000275630591204,"dvar2":0.000722463941202,"max":0.199600309134,"mean":0.0233723279089,"median":0.0170745439827,"min":2.19291183194e-23,"var":0.000467536447104},"spectral_energyband_middle_high":{"dmean":0.00204117060639,"dmean2":0.00313787348568,"dvar":0.00000707710933057,"dvar2":0.0000174663073267,"max":0.0525874122977,"mean":0.00676464103162,"median":0.00584223819897,"min":1.2086636489e-21,"var":0.0000330616312567},"spectral_energyband_middle_low":{"dmean":0.00478606764227,"dmean2":0.00772811565548,"dvar":0.0000452070416941,"dvar2":0.000119281219668,"max":0.119450882077,"mean":0.0111549124122,"median":0.00816008262336,"min":1.59286857091e-22,"var":0.000122207638924},"spectral_entropy":{"dmean":0.123588547111,"dmean2":0.189535155892,"dvar":0.0160598065704,"dvar2":0.0346627980471,"max":9.82419681549,"mean":7.71069478989,"median":7.74251651764,"min":6.238032341,"var":0.101279117167},"spectral_flux":{"dmean":0.0272919051349,"dmean2":0.0442709252238,"dvar":0.000807310454547,"dvar2":0.0018647685647,"max":0.336200326681,"mean":0.117052190006,"median":0.118918947875,"min":6.39725980522e-11,"var":0.00256462418474},"spectral_kurtosis":{"dmean":2.61744308472,"dmean2":4.01617765427,"dvar":7.75267744064,"dvar2":17.56001091,"max":60.030921936,"mean":14.3578462601,"median":14.0214195251,"min":-1.27501165867,"var":24.9654350281},"spectral_rms":{"dmean":0.00105285085738,"dmean2":0.00168322282843,"dvar":0.00000111237977762,"dvar2":0.00000280951644527,"max":0.0150309316814,"mean":0.00638318853453,"median":0.00667266733944,"min":3.16055298252e-12,"var":0.0000048863767006},"spectral_rolloff":{"dmean":3309.01367188,"dmean2":6169.31933594,"dvar":36233496,"dvar2":92094424,"max":22050,"mean":5178.24853516,"median":1873.38867188,"min":43.06640625,"var":52555868},"spectral_skewness":{"dmean":0.234705999494,"dmean2":0.347075492144,"dvar":0.060428801924,"dvar2":0.120669573545,"max":5.74160051346,"mean":2.27045822144,"median":2.25481414795,"min":-0.0723150148988,"var":0.30919867754},"spectral_spread":{"dmean":430117.46875,"dmean2":659555.875,"dvar":428353126400,"dvar2":956109094912,"max":42299356,"mean":4068839.25,"median":3629129.5,"min":1843434.375,"var":12312849154000},"spectral_strongpeak":{"dmean":0.924865484238,"dmean2":1.7424248457,"dvar":29.7322921753,"dvar2":92.2932891846,"max":115.907592773,"mean":0.771099150181,"median":0.239690467715,"min":0,"var":17.1586456299},"zerocrossingrate":{"dmean":0.0298571810126,"dmean2":0.038489215076,"dvar":0.000769064354245,"dvar2":0.00121655128896,"max":0.57080078125,"mean":0.189740657806,"median":0.187744140625,"min":0.00146484375,"var":0.00716580590233}},"metadata":{"audio_properties":{"analysis_sample_rate":44100,"bit_rate":192000,"codec":"mp3","downmix":"mix","equal_loudness":0,"length":194.089797974,"lossless":false,"md5_encoded":"40b738f9a7774e24ed9edb8b018a942c","replay_gain":0.572992324829,"sample_rate":44100},"tags":{"acoustid_id":["ec8bec7b-6f4c-4b8c-98fe-982d60cf4328"],"album":["Costello Music"],"albumartist":["The Fratellis"],"artist":["The Fratellis"],"date":["2006"],"discnumber":["1/1"],"file_name":"09 - The Fratellis - Vince the Loveable Stoner.mp3","musicbrainz_albumartistid":["f4ad883e-9a92-45ed-a540-a49c2d1c36dd"],"musicbrainz_albumid":["82d2ce1f-dbc4-4e71-8bf5-e37942cc03ed"],"musicbrainz_artistid":["f4ad883e-9a92-45ed-a540-a49c2d1c36dd"],"musicbrainz_recordingid":["f3a06fb5-c59d-45ac-af54-8b1844e83dbb"],"musicbrainz_releasegroupid":["afd082f4-9c01-3e48-ab0b-2a39c90be758"],"replaygain_album_gain":["+0.58 dB"],"replaygain_album_peak":["0.317908"],"replaygain_track_gain":["+1.06 dB"],"replaygain_track_peak":["0.280375"],"title":["Vince the Loveable Stoner"],"tracknumber":["9/13"]},"version":{"essentia":"2.1-beta1","essentia_build_sha":"e76a03f03bb3900de42a1fa0d9be1e72f12def64","essentia_git_sha":"v2.1_beta1-28-g21ef5f4-dirty","extractor":"music 1.0"}},"rhythm":{"beats_count":540,"beats_loudness":{"dmean":0.0246218573302,"dmean2":0.0440844148397,"dvar":0.000516499683727,"dvar2":0.00148739002179,"max":0.226195633411,"mean":0.052263032645,"median":0.0505886748433,"min":0,"var":0.000689481967129},"beats_loudness_band_ratio":{"dmean":[0.240491315722,0.0942237377167,0.0713160485029,0.0537855103612,0.0508797615767,0.082684725523],"dmean2":[0.440095543861,0.168887034059,0.12762144208,0.0952259972692,0.0950881168246,0.154388129711],"dvar":[0.032238740474,0.0103702433407,0.00770757813007,0.00309599423781,0.00187997426838,0.00622611586004],"dvar2":[0.105189532042,0.0305344648659,0.0208443496376,0.00768179260194,0.00586010841653,0.019642315805],"max":[0.987172544003,0.681885302067,0.525115072727,0.528