{"lowlevel":{"average_loudness":0.869768738747,"barkbands":{"dmean":[0.00887134112418,0.0156820490956,0.0021963592153,0.000795887142885,0.00115653802641,0.000633645511698,0.000601676001679,0.00037845846964,0.000570839736611,0.000441598618636,0.000574729056098,0.000861489970703,0.000553428952117,0.000631502771284,0.000508562894538,0.000262443121755,0.000336410506861,0.000320014340105,0.000238698718022,0.000134168774821,0.0000826220784802,0.0000380192032026,0.0000300320098177,0.00000971947065409,0.00000321988181895,0.0000112411753435,0.00035958661465],"dmean2":[0.0147877968848,0.0261439997703,0.00369292497635,0.00136880937498,0.00195400952362,0.00102498813067,0.000945855688769,0.000624267791864,0.000931480084546,0.000725228863303,0.000954259652644,0.00143061263952,0.000917694764212,0.00103969289921,0.000842921435833,0.0004321380693,0.000556496030185,0.000517740962096,0.000384532788303,0.000205957447179,0.000121138233226,0.0000561965061934,0.0000439117357018,0.0000145536860146,0.00000528109239895,0.0000164332741406,0.00056604371639],"dvar":[0.000251145480433,0.000587577349506,0.0000173892258317,0.00000174359320226,0.00000524972210769,0.0000011606073258,0.00000143302008837,6.29921316886e-7,0.00000141572252232,8.15045837044e-7,0.0000020136508283,0.00000198735779122,7.64551430166e-7,8.56724966525e-7,5.29504973201e-7,2.25470984105e-7,3.71509457864e-7,4.44829652224e-7,2.76238409924e-7,1.86695999105e-7,1.66143692581e-7,1.36171198761e-8,5.01576513656e-9,3.30782373714e-10,2.97823120332e-11,4.13447331926e-10,3.30149987349e-7],"dvar2":[0.000661278958432,0.00160300848074,0.0000458347676613,0.00000480876042275,0.0000144331024785,0.00000293302355203,0.00000320805315823,0.00000162271430781,0.00000356864097739,0.00000199286364477,0.00000502766988575,0.00000536407014806,0.00000203896001949,0.00000222137259698,0.00000139663700338,5.96729876179e-7,9.67896880866e-7,0.0000011233364603,6.61160129312e-7,3.71190452597e-7,3.08433641294e-7,2.40025546105e-8,1.01924060303e-8,7.08508640646e-10,7.42179720459e-11,8.00069455131e-10,8.12054338439e-7],"max":[0.260839372873,0.260864138603,0.0572523139417,0.0213417448103,0.0353190377355,0.0216940734535,0.0227770879865,0.0158525016159,0.0237187258899,0.0309704206884,0.0368145778775,0.0305309314281,0.0141922766343,0.0161265861243,0.0119450371712,0.0130442259833,0.0109585374594,0.0114131057635,0.0171590279788,0.0169650185853,0.0246641710401,0.00526986690238,0.00214607268572,0.000457486166852,0.0000843410161906,0.000575824640691,0.0243006125093],"mean":[0.0123617574573,0.0234216414392,0.00264587393031,0.000989085063338,0.00162957503926,0.000992848770693,0.000902570609469,0.000545499555301,0.000871140277013,0.00067397771636,0.000837336410768,0.00149570847861,0.000977618736215,0.00120627786964,0.000990121392533,0.000487363286084,0.0006011389778,0.00056668673642,0.000461714429548,0.000271551922197,0.000157995935297,0.0000815901003079,0.0000495801978104,0.0000144745908983,0.00000336109974342,0.0000207915945794,0.00124923372641],"median":[0.00517408316955,0.014491500333,0.0011998496484,0.000486615055706,0.000830765697174,0.000542841036804,0.000383721780963,0.000273276265943,0.000421091361204,0.000364886625903,0.000411420798628,0.000941076024901,0.000578715757001,0.000800489506219,0.000698347284924,0.000283316010609,0.000307118636556,0.000233792467043,0.000204939511605,0.000117491697893,0.000058048612118,0.0000362051760021,0.0000175135792233,0.00000544440263184,0.00000119676030863,0.00000880418519955,0.000940656813327],"min":[8.02967315928e-23,1.26063869627e-23,1.99061223932e-23,1.24634911206e-23,4.92634326752e-23,4.36916355264e-23,2.00275864623e-23,5.71901878853e-23,1.14437514544e-22,5.93553460129e-23,8.74953965864e-23,1.06274230435e-22,8.49162190123e-23,1.97725587756e-22,1.54110187748e-22,1.2599563947e-22,1.96765802781e-22,2.79994477923e-22,3.51610426343e-22,1.87644197823e-22,2.99420878223e-22,5.11309649428e-22,6.25905971138e-22,1.12156946697e-21,1.2426767058e-21,2.14666111901e-21,2.38146590824e-21],"var":[0.000336912838975,0.000825217284728,0.0000184689706657,0.00000205500418815,0.00000599364739173,0.00000198332895707,0.00000256431962953,8.82800236468e-7,0.00000209647510019,0.00000129070451749,0.00000301690329252,0.00000363333219866,0.00000154929443852,0.00000196124778995,0.00000124399139168,4.25974320706e-7,7.17278453521e-7,8.32071123114e-7,5.96447534917e-7,4.62549451186e-7,3.45072521668e-7,3.4982704733e-8,9.66978230821e-9,5.94688465139e-10,3.40232252094e-11,1.0706898701e-9,0.00000234228787122]},"barkbands_crest":{"dmean":3.26649236679,"dmean2":5.26459646225,"dvar":7.49116897583,"dvar2":18.9726905823,"max":26.1097126007,"mean":12.0488033295,"median":11.7740650177,"min":2.20341515541,"var":22.1630687714},"barkbands_flatness_db":{"dmean":0.0342600494623,"dmean2":0.0540124475956,"dvar":0.00103032810148,"dvar2":0.00259881163947,"max":0.580762565136,"mean":0.164008364081,"median":0.1446608603,"min":0.0329250730574,"var":0.00582823483273},"barkbands_kurtosis":{"dmean":8.45688724518,"dmean2":13.7837877274,"dvar":520.406494141,"dvar2":1306.23449707,"max":654.069335938,"mean":12.133140564,"median":3.36191940308,"min":-1.78273022175,"var":1032.32409668},"barkbands_skewness":{"dmean":0.907263457775,"dmean2":1.43659710884,"dvar":1.13705134392,"dvar2":2.87519478798,"max":20.2079563141,"mean":2.21144032478,"median":1.72451865673,"min":-2.63812446594,"var":4.11259841919},"barkbands_spread":{"dmean":7.76359367371,"dmean2":12.561132431,"dvar":71.8377990723,"dvar2":183.737991333,"max":106.311546326,"mean":27.2589073181,"median":25.4802093506,"min":0.169796988368,"var":347.847198486},"dissonance":{"dmean":0.021051267162,"dmean2":0.0350980870426,"dvar":0.000959701254033,"dvar2":0.00265084533021,"max":0.500000178814,"mean":0.464648872614,"median":0.482587218285,"min":0.0814466550946,"var":0.00229482864961},"dynamic_complexity":4.6327252388,"erbbands":{"dmean":[0.861463665962,2.26487612724,2.65111899376,2.41434931755,2.96715140343,4.33993625641,4.01317596436,6.30321502686,8.90496063232,7.94459295273,9.03310489655,12.9242238998,12.9709787369,14.5992059708,25.4662532806,34.5748405457,25.2143115997,26.0039844513,29.9207668304,20.7774295807,11.9237995148,18.8150234222,17.1849746704,14.7284479141,10.0423259735,6.53671503067,4.20384788513,2.51155090332,1.46580719948,1.03323888779,0.83853584528,0.316126793623,0.119452349842,0.0390450619161,0.0225012227893,0.0186066329479,0.0232133883983,0.0179726388305,0.0130764711648,0.00733744725585],"dmean2":[1.46014642715,3.73832798004,4.45148944855,4.07211017609,5.09876155853,7.39288043976,6.65643644333,10.1874361038,13.9907417297,12.8370885849,14.7157468796,20.983171463,21.0828876495,23.7129917145,42.0825614929,57.2951049805,41.8438835144,42.7694702148,49.3002738953,34.1866798401,19.2554836273,31.0346870422,27.6432723999,23.3430461884,15.875166893,9.96917438507,6.29690980911,3.6809015274,2.17325115204,1.50829660892,1.23799538612,0.467916280031,0.18221463263,0.0632459744811,0.036808077246,0.0290391463786,0.033740606159,0.0251281727105,0.0185506027192,0.0114292195067],"dvar":[1.97592103481,12.1790084839,21.2096576691,15.9762353897,31.4656429291,87.1467208862,61.2586898804,130.585281372,355.898071289,209.659133911,383.583953857,738.838317871,763.556030273,989.142150879,3447.9909668,3199.70117188,1597.91113281,1522.63183594,1779.51281738,1035.41003418,438.897613525,1216.42053223,1345.06433105,908.909790039,577.022766113,408.7706604,463.07232666,115.082717896,21.7541847229,6.61750030518,3.9315533638,0.42236751318,0.0437570773065,0.00404585245997,0.00146724912338,0.000820093555376,0.00181660987437,0.00136930658482,0.00103632488754,0.000151096479385],"dvar2":[5.55718326569,32.2605056763,55.3187789917,42.629940033,87.9097290039,240.914001465,155.836502075,325.699584961,789.034179688,514.375488281,965.299621582,1867.91662598,1908.63208008,2512.28491211,8694.21386719,8697.50976562,4272.28125,4040.35864258,4636.01806641,2760.64746094,1070.37878418,3165.77441406,3409.63964844,2181.25683594,1308.92297363,802.387084961,946.137145996,200.302307129,40.294708252,13.5472040176,8.04894065857,0.853338897228,0.0973735228181,0.0099992454052,0.00365343457088,0.00189164711628,0.00351498206146,0.00261069112457,0.00205764174461,0.000370965077309],"max":[15.4614028931,41.1234283447,60.9066314697,58.1808547974,142.587036133,131.000259399,193.743942261,233.686218262,348.816467285,244.513275146,474.910736084,539.148925781,1046.79370117,779.997558594,1481.49829102,1272.36303711,614.741210938,779.355651855,924.579040527,524.034790039,466.246551514,610.760986328,753.58013916,790.317321777,739.763000488,879.844238281,1233.65905762,456.631500244,231.173126221,93.5890884399,52.2160301208,19.5384578705,3.83664679527,1.03505575657,0.598169922829,0.433474361897,1.12603366375,1.53434884548,1.61196780205,0.536922872066],"mean":[1.21116685867,3.24040436745,3.5624423027,3.31088972092,4.1001458168,5.60303735733,5.75723743439,9.71400737762,13.0907325745,12.6455287933,13.5332136154,19.8455410004,20.3656692505,24.4435882568,42.0084953308,61.9447669983,48.2299499512,52.5250587463,62.3012924194,42.4107475281,25.0363330841,34.102771759,30.7695980072,28.8323688507,19.521194458,13.4336452484,7.88078689575,4.97329902649,3.10767507553,1.98288941383,1.31908977032,0.478762030602,0.171526685357,0.0453629568219,0.0237110368907,0.0275579486042,0.0429013743997,0.0475929267704,0.0457336977124,0.0302974022925],"median":[0.691746652126,1.83811056614,1.90505826473,1.77126133442,2.12090206146,2.50819516182,3.11591887474,4.89261054993,5.37923240662,6.38013219833,6.47672605515,9.41968345642,11.2408437729,14.4131383896,21.9550685883,40.1516304016,30.9475784302,36.0181121826,45.2150611877,29.3193130493,15.7659292221,17.2281360626,13.307056427,12.8680114746,8.6098947525,5.88436985016,2.9354224205,2.04640102386,1.39907670021,0.828782141209,0.44254475832,0.169198572636,0.0636382624507,0.0194544158876,0.00861068721861,0.0129113793373,0.0174757558852,0.0207155067474,0.0197660811245,0.0241870060563],"min":[4.84909844944e-22,3.38674844253e-21,2.32232588717e-20,2.61258259477e-20,1.04086256128e-19,1.89978325716e-19,1.82613949647e-19,4.55226390711e-19,2.80702681045e-19,7.47181752465e-19,1.16575618382e-18,2.61975006954e-18,2.04682389097e-18,3.44202115836e-18,3.32670597711e-18,4.83293631851e-18,3.89438286751e-18,8.7416943443e-18,8.0643707346e-18,7.99148288774e-18,8.51327999867e-18,1.23444240812e-17,1.23704992956e-17,1.19692025476e-17,2.06209112218e-17,1.04534263351e-17,1.05714823794e-17,1.15914035193e-17,1.85993066201e-17,1.9290027247e-17,1.8593681792e-17,1.94638030045e-17,2.04745829714e-17,1.25824188327e-17,9.51296499207e-18,7.39935722677e-18,4.16819619388e-18,1.40380408166e-18,2.78005529411e-19,4.02963361851e-20],"var":[2.48817968369,17.5821304321,25.9019184113,20.5637187958,35.1709823608,92.3317337036,83.7800445557,222.746459961,609.781066895,408.590942383,569.979858398,1119.30334473,1180.48535156,1539.21020508,5284.13720703,5941.19335938,3384.83349609,3614.6887207,4440.91894531,2395.81860352,1013.56396484,2307.52539062,2398.89257812,2057.62792969,1302.15368652,1021.11804199,872.600891113,267.995635986,54.9800224304,14.9904241562,7.13865852356,0.783986270428,0.0757616758347,0.0050807944499,0.00167909334414,0.00151472550351,0.00460895197466,0.00590685615316,0.00630621844903,0.00124293682165]},"erbbands_crest":{"dmean":2.40064382553,"dmean2":4.00970411301,"dvar":5.85393285751,"dvar2":15.4998216629,"max":29.2037715912,"mean":8.75367927551,"median":7.1606502533,"min":2.21380662918,"var":21.7755966187},"erbbands_flatness_db":{"dmean":0.0248668957502,"dmean2":0.0387343727052,"dvar":0.000634694239125,"dvar2":0.00154839863535,"max":0.449584215879,"mean":0.160375252366,"median":0.141064450145,"min":0.0542051531374,"var":0.00347372121178},"erbbands_kurtosis":{"dmean":2.02953767776,"dmean2":3.31648993492,"dvar":23.4533252716,"dvar2":60.5639877319,"max":86.5582962036,"mean":2.7789721489,"median":0.776176214218,"min":-1.79460287094,"var":50.457359314},"erbbands_skewness":{"dmean":0.423016905785,"dmean2":0.6740193367,"dvar":0.257043153048,"dvar2":0.656982719898,"max":7.11321020126,"mean":-0.134276270866,"median":-0.301997005939,"min":-2.77701210976,"var":0.810184240341},"erbbands_spread":{"dmean":5.61185646057,"dmean2":8.89741516113,"dvar":38.9566650391,"dvar2":94.7425384521,"max":118.791275024,"mean":24.4139919281,"median":23.2261219025,"min":0.813167393208,"var":172.517669678},"gfcc":{"cov":[[18891.546875,-3007.72949219,-3355.04711914,1309.15722656,1482.62158203,373.045776367,1003.23071289,-442.908599854,-83.8757629395,-335.759490967,209.193267822,690.933044434,177.770812988],[-3007.72949219,1281.1541748,464.591308594,-529.380432129,-151.137527466,16.6020507812,-225.886077881,83.0011672974,59.1904258728,56.1338729858,-24.713842392,-113.630302429,88.4309921265],[-3355.04711914,464.591308594,1123.87072754,34.4652442932,-310.064178467,1.09526455402,-232.823410034,148.030807495,-33.1835174561,107.313323975,-38.8875579834,-144.442520142,-80.9325790405],[1309.15722656,-529.380432129,34.4652442932,570.699584961,167.002334595,15.0973005295,143.83442688,-21.8303089142,-40.0901527405,-7.22519636154,17.2136383057,62.2211685181,-65.7038497925],[1482.62158203,-151.137527466,-310.064178467,167.002334595,365.231140137,86.7007980347,146.128341675,-65.6398696899,5.71899318695,-48.0338935852,32.2064476013,77.0029144287,60.4607200623],[373.045776367,16.6020507812,1.09526455402,15.0973005295,86.7007980347,238.55456543,-24.1669425964,55.8679237366,-37.5412406921,0.904497087002,-5.80404376984,34.9635658264,62.9153671265],[1003.23071289,-225.886077881,-232.823410034,143.83442688,146.128341675,-24.1669425964,223.617202759,-48.620059967,34.4735946655,-20.8547534943,28.388130188,47.8323631287,-15.224820137],[-442.908599854,83.0011672974,148.030807495,-21.8303089142,-65.6398696899,55.8679237366,-48.620059967,137.787124634,21.3013477325,36.3396034241,-11.1665496826,-20.3119163513,4.33167457581],[-83.8757629395,59.1904258728,-33.1835174561,-40.0901527405,5.71899318695,-37.5412406921,34.4735946655,21.3013477325,107.002807617,33.9763832092,18.9131259918,2.00094246864,-12.3739929199],[-335.759490967,56.1338729858,107.313323975,-7.22519636154,-48.0338935852,0.904497087002,-20.8547534943,36.3396034241,33.9763832092,83.6598358154,26.2038497925,-12.6787452698,-3.23697113991],[209.193267822,-24.713842392,-38.8875579834,17.2136383057,32.2064476013,-5.80404376984,28.388130188,-11.1665496826,18.9131259918,26.2038497925,55.8362579346,32.4585952759,6.02827119827],[690.933044434,-113.630302429,-144.442520142,62.2211685181,77.0029144287,34.9635658264,47.8323631287,-20.3119163513,2.00094246864,-12.6787452698,32.4585952759,84.6491851807,35.1531219482],[177.770812988,88.4309921265,-80.9325790405,-65.7038497925,60.4607200623,62.9153671265,-15.224820137,4.33167457581,-12.3739929199,-3.23697113991,6.02827119827,35.1531219482,96.15209198]],"icov":[[0.000218059518375,0.00014289614046,0.000570918782614,-0.000353062991053,-0.000112205991172,-0.000258640822722,0.000069937283115,-0.0000257027022599,0.0000764268115745,-0.00000106635184238,-0.000205803095014,-0.000124543832499,0.0000249700060522],[0.00014289614046,0.00235325051472,-0.000995571375825,0.00190613768063,-0.0012719820952,0.000122435754747,0.000299211678794,0.0000934977506404,-0.00102848303504,0.00020942982519,-0.0000807576579973,0.000575217709411,-0.00153160176706],[0.000570918782614,-0.000995571375825,0.00426173815504,-0.00331819267012,0.00152550614439,-0.00129603513051,0.00131232698914,-0.000737653346732,0.000829581054859,-0.000695770897437,-0.0017202940071,0.00218856567517,0.000700693461113],[-0.000353062991053,0.00190613768063,-0.00331819267012,0.00738985836506,-0.00444527016953,0.0019998238422,-0.00163227482699,-0.00121971475892,0.00313340360299,-0.00377338798717,0.00475096469745,-0.00621467735618,0.00469002127647],[-0.000112205991172,-0.0012719820952,0.00152550614439,-0.00444527016953,0.00941152218729,-0.0037688864395,-0.00199151481502,0.00302216387354,-0.00399937201291,0.00584218464792,-0.00600720755756,0.00583692127839,-0.00635500252247],[-0.000258640822722,0.000122435754747,-0.00129603513051,0.0019998238422,-0.0037688864395,0.00855354964733,0.000601876352448,-0.00438225921243,0.00431768037379,-0.00347490934655,0.00459261005744,-0.00518300570548,-0.000247376185143],[0.000069937283115,0.000299211678794,0.00131232698914,-0.00163227482699,-0.00199151481502,0.000601876352448,0.00922166369855,0.000414679845562,-0.00285798404366,0.000968448992353,-0.00170904956758,-0.000116039394925,0.00169903610367],[-0.0000257027022599,0.0000934977506404,-0.000737653346732,-0.00121971475892,0.00302216387354,-0.00438225921243,0.000414679845562,0.012700160034,-0.00542679522187,-0.000844905851409,0.00118589750491,0.00254136859439,-0.00276251253672],[0.0000764268115745,-0.00102848303504,0.000829581054859,0.00313340360299,-0.00399937201291,0.00431768037379,-0.00285798404366,-0.00542679522187,0.0186820328236,-0.0100956941023,0.00383186573163,-0.00731350295246,0.00762350810692],[-0.00000106635184238,0.00020942982519,-0.000695770897437,-0.00377338798717,0.00584218464792,-0.00347490934655,0.000968448992353,-0.000844905851409,-0.0100956941023,0.0284317042679,-0.0201675835997,0.0129565345123,-0.00837775599211],[-0.000205803095014,-0.0000807576579973,-0.0017202940071,0.00475096469745,-0.00600720755756,0.00459261005744,-0.00170904956758,0.00118589750491,0.00383186573163,-0.0201675835997,0.0413189865649,-0.0223564747721,0.0080986795947],[-0.000124543832499,0.000575217709411,0.00218856567517,-0.00621467735618,0.00583692127839,-0.00518300570548,-0.000116039394925,0.00254136859439,-0.00731350295246,0.0129565345123,-0.0223564747721,0.0365710034966,-0.0155887296423],[0.0000249700060522,-0.00153160176706,0.000700693461113,0.00469002127647,-0.00635500252247,-0.000247376185143,0.00169903610367,-0.00276251253672,0.00762350810692,-0.00837775599211,0.0080986795947,-0.0155887296423,0.0259991772473]],"mean":[-21.230052948,98.6450119019,-94.9400863647,1.65927493572,-4.60717630386,-6.63645505905,1.15237092972,-12.8838787079,4.53043031693,-3.29808497429,2.1508538723,-1.93991339207,-7.77722883224]},"hfc":{"dmean":36.6411399841,"dmean2":56.4446563721,"dvar":2954.98266602,"dvar2":6996.39990234,"max":1429.7565918,"mean":130.042663574,"median":103.479682922,"min":1.20533873655e-16,"var":15846.2304688},"melbands":{"dmean":[0.00597256002948,0.00172227644362,0.000409011408919,0.000254476675764,0.000155563699082,0.000138661824167,0.00012846259051,0.0000849475472933,0.0000836367835291,0.00007972552703,0.0000664816107019,0.0000593766890233,0.0000824464004836,0.000099719298305,0.0000791630736785,0.0000495579370181,0.0000547399977222,0.0000557930397918,0.0000367734755855,0.0000231642206927,0.0000143171728268,0.0000209957197512,0.0000185865737876,0.0000153430883074,0.0000126896984511,0.00000866467235028,0.00000621067920292,0.00000415083195549,0.00000290384446089,0.00000207657990359,0.00000138495443025,9.62679564509e-7,6.33023489627e-7,5.97256075707e-7,5.56659415452e-7,3.18664945098e-7,1.51819264715e-7,9.41641431496e-8,4.91343428166e-8,2.92213417907e-8],"dmean2":[0.0100246639922,0.00286873150617,0.000689118285663,0.0004340710002,0.000258239684626,0.000223135881242,0.000201759205083,0.000138326096931,0.000136408401886,0.000129656196805,0.000108321532025,0.0000967529413174,0.000136146540171,0.000167148085893,0.000130761414766,0.0000825872484711,0.0000907600478968,0.0000921997998375,0.0000607028923696,0.0000383079714084,0.0000234384169744,0.0000349108959199,0.0000309646020469,0.000024669281629,0.000020359406335,0.000013933579794,0.00000979574633675,0.00000641400038148,0.00000445929208581,0.00000304299669551,0.00000212702411773,0.00000147608398038,9.49509910697e-7,8.88799775112e-7,8.29590874218e-7,4.80890719246e-7,2.28306603844e-7,1.44553126802e-7,7.87191112295e-8,4.79555311017e-8],"dvar":[0.0000912634568522,0.00000656807014821,4.60622629816e-7,2.67013263056e-7,9.95484796817e-8,5.8956125315e-8,6.96214286222e-8,2.38772415173e-8,3.28480673772e-8,2.73874967149e-8,2.02325605159e-8,1.60099613566e-8,4.16137773129e-8,2.84503069992e-8,1.72182073044e-8,6.01732708105e-9,6.88875534394e-9,6.37964259198e-9,3.14673842539e-9,1.80375847592e-9,6.23223195273e-10,1.40945133342e-9,1.5091611294e-9,1.1285749002e-9,6.70572763983e-10,4.19919793382e-10,3.55186186018e-10,1.66309299665e-10,1.90064811112e-10,1.3005105326e-10,2.83692635356e-11,1.0654442606e-11,2.49878568358e-12,2.18962088044e-12,1.76247959369e-12,5.34961506517e-13,9.04826073008e-14,2.90594879702e-14,6.76438648205e-15,2.5166687175e-15],"dvar2":[0.000252416386502,0.0000171905412572,0.00000122912729239,7.50068807065e-7,2.5484445132e-7,1.46922161548e-7,1.55003391455e-7,6.0364747867e-8,8.27270980608e-8,6.88312340458e-8,5.02404127189e-8,4.05804563286e-8,1.01824213061e-7,7.63466445619e-8,4.64484024576e-8,1.61718016756e-8,1.82121109304e-8,1.66340772267e-8,8.32865243439e-9,4.98222751943e-9,1.53071155751e-9,3.70895270052e-9,3.94602439613e-9,2.83479995034e-9,1.64821678528e-9,1.02584274408e-9,7.98190180618e-10,3.27981503068e-10,4.1990280697e-10,2.31743110812e-10,5.52164806933e-11,2.08428569543e-11,4.98226676929e-12,4.74688387556e-12,3.71184810319e-12,1.09567086307e-12,1.96231607894e-13,6.53950160624e-14,1.66995103591e-14,6.28119569025e-15],"max":[0.107924304903,0.0288518629968,0.00907294079661,0.00839380454272,0.00818663369864,0.0047648018226,0.00459889043123,0.0027118625585,0.00444670626894,0.00290325586684,0.00543002411723,0.00289209187031,0.0054745725356,0.00325207225978,0.00222702464089,0.0011018558871,0.0017910648603,0.00167269888334,0.00106414128095,0.00134488358162,0.000501489033923,0.00065124820685,0.000684843224008,0.000606330810115,0.000669562374242,0.000696963630617,0.000671710819006,0.000563156849239,0.000583190121688,0.000773232197389,0.000245585484663,0.000168722574017,0.0000647214037599,0.0000511121506861,0.0000358469624189,0.0000202846931643,0.00000922242816159,0.00000306517381432,0.00000120666061321,7.64776359574e-7],"mean":[0.00917482655495,0.00263483426534,0.000600828672759,0.000351803580998,0.00022220480605,0.000217417880776,0.000192720021005,0.000131350680022,0.00012059189612,0.00012164592772,0.000100534285593,0.0000948824599618,0.000126272308989,0.000167301244801,0.000140614356496,0.0000882717431523,0.000101011530205,0.000107574014692,0.0000702540492057,0.0000422988887294,0.0000266581864707,0.0000363647777704,0.0000298799659504,0.0000268374242296,0.0000234775543504,0.0000155828456627,0.0000118053803817,0.00000801859005151,0.00000503348974235,0.00000367811435353,0.00000265273865807,0.00000191556682694,0.00000122556423321,0.00000105379251636,8.48091190164e-7,4.58070672948e-7,2.24974229468e-7,1.32844093059e-7,6.15937167936e-8,2.95091719948e-8],"median":[0.0061017209664,0.00164728192613,0.000353369046934,0.00018363763229,0.000112731904665,0.000111799286969,0.0000824686139822,0.0000668662032695,0.0000532051672053,0.0000588837174291,0.0000526288677065,0.0000541475055797,0.0000610788192716,0.000102082653029,0.0000886892812559,0.000053152863984,0.0000647498163744,0.0000737363661756,0.0000491060600325,0.0000249083514063,0.0000155440684466,0.0000180565020855,0.0000127496141431,0.0000107554551505,0.0000102210551631,0.00000664254366711,0.00000487858142151,0.0000034509409943,0.00000180831420948,0.00000127729299493,0.00000110879796011,8.29729003726e-7,5.11545806603e-7,4.07579790362e-7,2.73104575399e-7,1.44609984432e-7,8.04559334711e-8,4.66644216601e-8,2.43721114401e-8,9.58242374338e-9],"min":[7.77000539283e-24,9.48325429565e-24,7.57871056762e-24,9.84508507135e-24,7.86146040416e-24,9.48753702151e-24,4.50856963186e-24,9.32797333735e-24,8.81598683264e-24,1.81574496915e-23,1.00621062284e-23,1.34252671808e-23,1.00514242629e-23,1.44131892469e-23,1.09999932138e-23,6.88324763813e-24,1.76049220471e-23,1.25050538351e-23,1.31988877669e-23,8.02763868701e-24,1.01495964248e-23,1.00892469879e-23,1.84810136135e-23,8.67982391837e-24,8.93486974878e-24,1.4957460673e-23,1.08955740624e-23,6.03479420798e-24,5.10549318466e-24,8.57052881768e-24,6.222902824e-24,1.02798420934e-23,1.08324218026e-23,1.10235840992e-23,1.02537442081e-23,1.41146101274e-23,9.7119182508e-24,1.37845759682e-23,1.3729502433e-23,9.21518910487e-24],"var":[0.000122999364976,0.0000102121921373,6.02986006015e-7,2.77281458239e-7,1.34951619657e-7,1.02279713587e-7,1.20614174648e-7,4.2736502337e-8,4.86886015949e-8,4.1568313236e-8,3.10477830112e-8,2.41676811896e-8,6.56856897763e-8,5.02342984987e-8,3.16029158398e-8,1.20596226338e-8,1.47819836371e-8,1.43273251041e-8,6.8486247784e-9,3.21992588148e-9,1.30156352363e-9,2.62261323769e-9,2.28754570841e-9,2.02623229306e-9,1.40595146636e-9,8.17429790523e-10,7.13326453461e-10,3.97649163597e-10,3.35794864137e-10,2.63135402356e-10,6.14518436137e-11,2.35415853478e-11,6.17600762198e-12,4.3254072199e-12,3.04854514029e-12,9.13262087482e-13,1.56747593963e-13,4.81893103438e-14,9.29742834642e-15,2.8121807251e-15]},"melbands_crest":{"dmean":4.95935249329,"dmean2":8.18794155121,"dvar":17.7764930725,"dvar2":46.797088623,"max":39.5531196594,"mean":20.738117218,"median":20.6017837524,"min":1.75560545921,"var":62.7380180359},"melbands_flatness_db":{"dmean":0.0427635759115,"dmean2":0.0675462558866,"dvar":0.00142669980414,"dvar2":0.00358827225864,"max":0.687646090984,"mean":0.27144959569,"median":0.252127766609,"min":0.00349808926694,"var":0.00893760565668},"melbands_kurtosis":{"dmean":15.9185686111,"dmean2":26.3238620758,"dvar":6667.49169922,"dvar2":17899.1113281,"max":4939.86865234,"mean":21.5013504028,"median":5.52892398834,"min":-1.82400941849,"var":8121.61035156},"melbands_skewness":{"dmean":1.18336129189,"dmean2":1.89291596413,"dvar":2.39552569389,"dvar2":6.27604293823,"max":47.2152252197,"mean":2.93400430679,"median":2.34432935715,"min":-3.09268569946,"var":7.91549396515},"melbands_spread":{"dmean":7.45623445511,"dmean2":12.0693254471,"dvar":83.9831619263,"dvar2":209.42477417,"max":160.246368408,"mean":19.9050617218,"median":17.5168037415,"min":0.0286656878889,"var":231.193328857},"mfcc":{"cov":[[17989.78125,-1762.92773438,-4253.17041016,1053.05371094,-136.662445068,1255.61279297,488.735595703,919.628845215,-342.184326172,222.284561157,-291.909118652,-171.382415771,-298.020202637],[-1762.92773438,1226.98583984,161.586212158,-523.938903809,112.386016846,-132.366455078,-74.6251525879,-140.341949463,131.796325684,-72.1073455811,37.3920478821,-43.1969299316,23.7149181366],[-4253.17041016,161.586212158,1552.10742188,-81.3670120239,75.0954666138,-315.777618408,-87.4405288696,-221.348770142,52.0438156128,-20.4341468811,93.3928833008,76.9998931885,81.4050216675],[1053.05371094,-523.938903809,-81.3670120239,542.000732422,-16.0855865479,135.140457153,76.7154922485,84.331489563,-61.2782707214,33.4470977783,21.1870384216,24.9457092285,-0.0200155507773],[-136.662445068,112.386016846,75.0954666138,-16.0855865479,211.500259399,49.3221817017,50.1316299438,15.8019161224,44.2043571472,-19.6520709991,-0.399129867554,-6.35309314728,-2.86064171791],[1255.61279297,-132.366455078,-315.777618408,135.140457153,49.3221817017,231.261413574,97.5198287964,95.5535354614,-18.1805477142,10.7061004639,-27.4278755188,-17.0897445679,-18.7503700256],[488.735595703,-74.6251525879,-87.4405288696,76.7154922485,50.1316299438,97.5198287964,129.991912842,55.6175613403,11.6713581085,-7.66647481918,-8.01581096649,-18.3041534424,-0.910221040249],[919.628845215,-140.341949463,-221.348770142,84.331489563,15.8019161224,95.5535354614,55.6175613403,138.662612915,3.75599956512,24.4440612793,-28.4549026489,1.62484681606,-19.193780899],[-342.184326172,131.796325684,52.0438156128,-61.2782707214,44.2043571472,-18.1805477142,11.6713581085,3.75599956512,89.8761291504,8.50278568268,22.3180007935,-2.64511799812,8.30927276611],[222.284561157,-72.1073455811,-20.4341468811,33.4470977783,-19.6520709991,10.7061004639,-7.66647481918,24.4440612793,8.50278568268,72.5688858032,24.2653865814,20.3754062653,-2.14101791382],[-291.909118652,37.3920478821,93.3928833008,21.1870384216,-0.399129867554,-27.4278755188,-8.01581096649,-28.4549026489,22.3180007935,24.2653865814,80.4729995728,32.5520439148,22.9298973083],[-171.382415771,-43.1969299316,76.9998931885,24.9457092285,-6.35309314728,-17.0897445679,-18.3041534424,1.62484681606,-2.64511799812,20.3754062653,32.5520439148,63.9633102417,26.9698410034],[-298.020202637,23.7149181366,81.4050216675,-0.0200155507773,-2.86064171791,-18.7503700256,-0.910221040249,-19.193780899,8.30927276611,-2.14101791382,22.9298973083,26.9698410034,53.2623291016]],"icov":[[0.000264243397396,0.000118166564789,0.000578650273383,-0.000102784448245,-0.000144628924318,-0.000172466185177,-0.000198888301384,-0.000352819391992,0.000554195430595,-0.000476263085147,-0.0000713096815161,0.00015387730673,0.00018963466573],[0.000118166564789,0.0019556179177,0.000328927126247,0.00146299996413,-0.000689180626068,-0.000557309947908,0.000814847706351,0.000363466358976,-0.00111417658627,0.00115129828919,-0.00165407476015,0.00133582367562,-0.000544246810023],[0.000578650273383,0.000328927126247,0.00251370831393,-0.000545952992979,-0.00116252223961,0.00126714771613,-0.00108091102447,0.000814217492007,0.000858149782289,-0.0013324531028,0.000274275516858,-0.000838400854263,0.0000267840387096],[-0.000102784448245,0.00146299996413,-0.000545952992979,0.00408483156934,9.96904674366e-8,-0.00163718673866,0.0000161420866789,-0.00103257980663,0.00106990884524,0.000988855957985,-0.00325062056072,0.000993987661786,-0.000569783267565],[-0.000144628924318,-0.000689180626068,-0.00116252223961,9.96904674366e-8,0.00718041649088,-0.00238103768788,-0.00129992049187,-0.00018880321295,-0.00329232309014,0.00242762151174,0.00048695562873,-0.00175305211451,0.00202080816962],[-0.000172466185177,-0.000557309947908,0.00126714771613,-0.00163718673866,-0.00238103768788,0.0112012578174,-0.0051085059531,-0.00117750570644,0.00224872911349,-0.00210212823004,0.00173467013519,-0.000377295393264,-0.000341465434758],[-0.000198888301384,0.000814847706351,-0.00108091102447,0.0000161420866789,-0.00129992049187,-0.0051085059531,0.0153829576448,-0.00409584259614,-0.0024846016895,0.00403550546616,-0.00347232422791,0.00644126348197,-0.00412180926651],[-0.000352819391992,0.000363466358976,0.000814217492007,-0.00103257980663,-0.00018880321295,-0.00117750570644,-0.00409584259614,0.0173817705363,-0.0056085488759,-0.00372515548952,0.00805057492107,-0.00790613982826,0.0036510208156],[0.000554195430595,-0.00111417658627,0.000858149782289,0.00106990884524,-0.00329232309014,0.00224872911349,-0.0024846016895,-0.0056085488759,0.0200199279934,-0.00465614069253,-0.00578451575711,0.00538491923362,-0.00270977034234],[-0.000476263085147,0.00115129828919,-0.0013324531028,0.000988855957985,0.00242762151174,-0.00210212823004,0.00403550546616,-0.00372515548952,-0.00465614069253,0.0223503783345,-0.0077593321912,-0.00322100147605,0.00357257644646],[-0.0000713096815161,-0.00165407476015,0.000274275516858,-0.00325062056072,0.00048695562873,0.00173467013519,-0.00347232422791,0.00805057492107,-0.00578451575711,-0.0077593321912,0.0254141576588,-0.0112214367837,-0.00127276149578],[0.00015387730673,0.00133582367562,-0.000838400854263,0.000993987661786,-0.00175305211451,-0.000377295393264,0.00644126348197,-0.00790613982826,0.00538491923362,-0.00322100147605,-0.0112214367837,0.0321279093623,-0.0138248689473],[0.00018963466573,-0.000544246810023,0.0000267840387096,-0.000569783267565,0.00202080816962,-0.000341465434758,-0.00412180926651,0.0036510208156,-0.00270977034234,0.00357257644646,-0.00127276149578,-0.0138248689473,0.0293854456395]],"mean":[-680.888671875,156.022598267,-19.9156703949,27.4795513153,8.53108024597,21.8838787079,3.94056105614,10.452501297,-0.708957850933,9.4863653183,6.39610052109,6.6860833168,4.10053157806]},"pitch_salience":{"dmean":0.0931261926889,"dmean2":0.150102987885,"dvar":0.00649710511789,"dvar2":0.0169102270156,"max":0.827711522579,"mean":0.453008830547,"median":0.452384740114,"min":0.0246371980757,"var":0.0214559733868},"silence_rate_20dB":{"dmean":0,"dmean2":0,"dvar":0,"dvar2":0,"max":1,"mean":1,"median":1,"min":1,"var":0},"silence_rate_30dB":{"dmean":0.107326358557,"dmean2":0.214673131704,"dvar":0.0958109647036,"dvar2":0.212945848703,"max":1,"mean":0.880601286888,"median":1,"min":0,"var":0.10515075922},"silence_rate_60dB":{"dmean":0.00589914387092,"dmean2":0.0117994099855,"dvar":0.00586394267157,"dvar2":0.0135617889464,"max":1,"mean":0.137950718403,"median":0,"min":0,"var":0.118929930031},"spectral_centroid":{"dmean":209.433609009,"dmean2":321.031677246,"dvar":62243.7148438,"dvar2":135036.15625,"max":4096.19921875,"mean":1345.1184082,"median":1372.5916748,"min":98.2740402222,"var":457758.4375},"spectral_complexity":{"dmean":3.81522369385,"dmean2":5.69816350937,"dvar":17.2772903442,"dvar2":33.2130508423,"max":67,"mean":24.9749794006,"median":27,"min":0,"var":236.317184448},"spectral_contrast_coeffs":{"dmean":[0.0512610003352,0.0497863478959,0.0380751565099,0.0296328868717,0.0258507616818,0.0332865044475],"dmean2":[0.0858117267489,0.082686662674,0.0637703761458,0.0494853705168,0.0428601168096,0.0525124967098],"dvar":[0.00165413622744,0.00153399992269,0.000932763447054,0.000554332393222,0.0006132190465,0.000991483102553],"dvar2":[0.00453901896253,0.00410769507289,0.002474445384,0.00147569924593,0.00160953018349,0.00244917254895],"max":[-0.398411810398,-0.455266237259,-0.542172312737,-0.625130653381,-0.63003474474,-0.377774953842],"mean":[-0.736729025841,-0.773398399353,-0.812449336052,-0.814837276936,-0.811406195164,-0.75146740675],"median":[-0.739726960659,-0.778383791447,-0.814426004887,-0.81070625782,-0.797904729843,-0.735175013542],"min":[-0.962753474712,-0.979180932045,-0.979649364948,-0.986531615257,-0.977044761181,-0.961649179459],"var":[0.00395405199379,0.00405995501205,0.00297773000784,0.00245072576217,0.00332293915562,0.00745598133653]},"spectral_contrast_valleys":{"dmean":[0.398919403553,0.39729270339,0.358910530806,0.31652572751,0.367658048868,0.585028231144],"dmean2":[0.663232684135,0.640013337135,0.565726280212,0.49085944891,0.559013843536,0.915697336197],"dvar":[0.114148497581,0.121422946453,0.112555727363,0.111626297235,0.181426420808,0.267993062735],"dvar2":[0.281650364399,0.282623052597,0.243671134114,0.24222125113,0.427797853947,0.687540590763],"max":[-4.91265821457,-4.91867494583,-4.81632947922,-5.28978157043,-5.2208776474,-8.92191791534],"mean":[-6.87394285202,-6.78878593445,-7.08239793777,-7.27166318893,-7.78376579285,-11.1548633575],"median":[-6.45600700378,-6.52668380737,-6.60983514786,-6.64373445511,-7.09586334229,-10.8169364929],"min":[-23.7373371124,-24.5439052582,-25.2291488647,-25.83710289,-26.6230812073,-27.0451278687],"var":[1.39752388,0.991287887096,1.83577680588,2.45341467857,2.7240588665,1.50850558281]},"spectral_decrease":{"dmean":5.95509774826e-9,"dmean2":9.82376402447e-9,"dvar":7.92416659862e-17,"dvar2":2.12570832578e-16,"max":9.24066245744e-9,"mean":-1.2346611733e-8,"median":-1.05654276439e-8,"min":-1.27179347942e-7,"var":1.35542622501e-16},"spectral_energy":{"dmean":0.0225853323936,"dmean2":0.0370926260948,"dvar":0.00112306536175,"dvar2":0.003020017175,"max":0.489294499159,"mean":0.0583942532539,"median":0.0562812387943,"min":1.11016321985e-20,"var":0.00231811124831},"spectral_energyband_high":{"dmean":0.000334864016622,"dmean2":0.000484566233354,"dvar":7.10884876298e-7,"dvar2":0.00000135088419029,"max":0.0324435904622,"mean":0.00105517264456,"median":0.000572786666453,"min":8.2705290039e-21,"var":0.00000289158219857},"spectral_energyband_low":{"dmean":0.0204508323222,"dmean2":0.0341400802135,"dvar":0.00100971176289,"dvar2":0.00275630620308,"max":0.386711418629,"mean":0.0357050895691,"median":0.026973746717,"min":6.37551451366e-23,"var":0.00151371746324},"spectral_energyband_middle_high":{"dmean":0.00258166948333,"dmean2":0.00394045840949,"dvar":0.0000128178116938,"dvar2":0.0000296991238429,"max":0.0509232357144,"mean":0.00835648458451,"median":0.00680747022852,"min":1.74579578285e-21,"var":0.0000620264108875},"spectral_energyband_middle_low":{"dmean":0.00259240134619,"dmean2":0.00417538778856,"dvar":0.0000129674381242,"dvar2":0.0000334430369548,"max":0.0562916211784,"mean":0.00614092079923,"median":0.00476130470634,"min":3.00436602903e-22,"var":0.0000303653760056},"spectral_entropy":{"dmean":0.178384497762,"dmean2":0.27565073967,"dvar":0.0548953041434,"dvar2":0.136880576611,"max":9.04009151459,"mean":7.44473075867,"median":7.71748352051,"min":4.60047674179,"var":0.399555176497},"spectral_flux":{"dmean":0.0317233875394,"dmean2":0.0513540431857,"dvar":0.00152829475701,"dvar2":0.00355655420572,"max":0.521240770817,"mean":0.119102798402,"median":0.12147564441,"min":0.0000251595320151,"var":0.00540762022138},"spectral_kurtosis":{"dmean":6.55533266068,"dmean2":10.41883564,"dvar":136.435043335,"dvar2":369.616271973,"max":333.395019531,"mean":20.8360309601,"median":16.693107605,"min":-0.839946746826,"var":223.306274414},"spectral_rms":{"dmean":0.00128077832051,"dmean2":0.00205263216048,"dvar":0.0000023124175641,"dvar2":0.000006006390322,"max":0.0218485798687,"mean":0.00668786885217,"median":0.00741002894938,"min":3.29102738984e-12,"var":0.0000122422188724},"spectral_rolloff":{"dmean":3701.74755859,"dmean2":7039.28613281,"dvar":47440720,"dvar2":115295968,"max":22050,"mean":6562.03076172,"median":1722.65625,"min":21.533203125,"var":76146176},"spectral_skewness":{"dmean":0.447971791029,"dmean2":0.689562797546,"dvar":0.416827201843,"dvar2":1.09985995293,"max":15.0814008713,"mean":2.99824857712,"median":2.67688989639,"min":0.424135178328,"var":1.24529182911},"spectral_spread":{"dmean":492863.4375,"dmean2":779168.4375,"dvar":403287375872,"dvar2":770298871808,"max":48012360,"mean":3487262.25,"median":3532783.75,"min":669278.5625,"var":924503179264},"spectral_strongpeak":{"dmean":2.18022584915,"dmean2":4.04528093338,"dvar":136.698928833,"dvar2":360.571899414,"max":215.71534729,"mean":2.07231020927,"median":0.241262659431,"min":0,"var":153.404281616},"zerocrossingrate":{"dmean":0.0343609713018,"dmean2":0.0441234074533,"dvar":0.00100108562037,"dvar2":0.00159798702225,"max":0.716796875,"mean":0.19507907331,"median":0.18798828125,"min":0.0078125,"var":0.0102501837537}},"metadata":{"audio_properties":{"analysis_sample_rate":44100,"bit_rate":230477,"codec":"mp3","downmix":"mix","equal_loudness":0,"length":244.036987305,"lossless":false,"md5_encoded":"3f3e3a0eae298c57dd27ad3a7f0fd8bf","replay_gain":-9.07829475403,"sample_rate":44100},"tags":{"album":["System of a Down"],"albumartist":["System of a Down"],"albumartistsort":["System of a Down"],"artist":["System of a Down"],"artistsort":["System of a Down"],"asin":["B000007T1M"],"barcode":["074646366127"],"catalognumber":["C2K 63661"],"date":["1998-06-30"],"file_name":"10 - System of a Down - Peephole.mp3","genre":["Alternative Rock","Alternative Metal","Metal","System Of A Down","Rock","Alternative","Hard Rock","Nu Metal"],"label":["American Recordings"],"musicbrainz album release country":["US"],"musicbrainz album status":["official"],"musicbrainz album type":["album"],"musicbrainz_albumartistid":["cc0b7089-c08d-4c10-b6b0-873582c17fd6"],"musicbrainz_albumid":["18c3c5fd-06be-414b-a769-c7ed3539c7a0"],"musicbrainz_artistid":["cc0b7089-c08d-4c10-b6b0-873582c17fd6"],"musicbrainz_recordingid":["f3a98a01-1c10-48d3-9068-7f0a321d38f6"],"title":["Peephole"],"tracknumber":["10/13"]},"version":{"essentia":"2.1-beta1","essentia_build_sha":"81dca3489dfd3c4275b86ac4d56d870715677d3f","essentia_git_sha":"v2.1_beta1-28-g21ef5f4","extractor":"music 1.0"}},"rhythm":{"beats_count":436,"beats_loudness":{"dmean":0.0281743276864,"dmean2":0.0492711849511,"dvar":0.000906097702682,"dvar2":0.00272666593082,"max":0.230340987444,"mean":0.0617907829583,"median":0.0639218837023,"min":0.000111590699817,"var":0.00181887741201},"beats_loudness_band_ratio":{"dmean":[0.234289124608,0.048974826932,0.0756121948361,0.0706583932042,0.063915990293,0.0654066205025],"dmean2":[0.403849512339,0.0863318294287,0.132186949253,0.119770772755,0.1119883582,0.113751456141],"dvar":[0.030872149393,0.00346601963975,0.00837391987443,0.00686757359654,0.00369409914128,0.00451283995062],"dvar2":[0.0883159711957,0.0102791422978,0.0213054381311,0.01909677