{"lowlevel":{"average_loudness":0.67415356636,"barkbands":{"dmean":[0.0144997714087,0.0261439029127,0.00577607518062,0.00193533848505,0.00129026733339,0.000995689420961,0.000562606495805,0.000476231885841,0.000355362775736,0.000325405475451,0.000303166278172,0.000533958722372,0.000717789691407,0.000744818826206,0.000625912973192,0.000313804426696,0.00036126136547,0.000274919701042,0.000150121733896,0.0000887333371793,0.0000599413942837,0.0000392671172449,0.0000143647830555,0.00000614625787421,0.00000520290632267,0.0000118442212624,0.000536154548172],"dmean2":[0.023856388405,0.0436567924917,0.0101705212146,0.00329450215213,0.00218928651884,0.00161299796309,0.000917772995308,0.000780236790888,0.00057972362265,0.000533634796739,0.000492737686727,0.000880868639797,0.00120480870828,0.00125805917196,0.00104816176463,0.000531266268808,0.000603576132562,0.000456431938801,0.000234418272157,0.000132797475089,0.0000890709707164,0.0000589431583649,0.0000220533929678,0.00000996565086098,0.00000852592984302,0.0000184171221917,0.000880139472429],"dvar":[0.00115948019084,0.00179057207424,0.000134302550578,0.0000105637518573,0.00000532516105523,0.00000584372310186,0.00000157502336151,0.00000171553881501,6.48236664347e-7,7.20610103144e-7,7.95742550963e-7,8.62451429384e-7,0.00000138526934279,0.00000124382586364,9.0809936637e-7,1.70752713302e-7,2.2373758668e-7,1.37419291946e-7,1.01634618943e-7,3.68365071779e-8,2.29536976093e-8,1.77369212651e-8,1.30396970999e-9,1.35882249896e-10,7.96319676866e-11,8.66766658447e-10,4.45241795433e-7],"dvar2":[0.00288886064664,0.00489099230617,0.000390667002648,0.0000287329003186,0.0000142052103911,0.0000145185458678,0.00000401807301387,0.00000423114170189,0.00000163446838997,0.00000181111113307,0.00000187237333193,0.0000021949672373,0.00000366035919797,0.00000337705660058,0.0000023787081318,4.75070038419e-7,6.10073243479e-7,3.56923834488e-7,2.42659837113e-7,7.95571963863e-8,5.09765811785e-8,4.30513615868e-8,3.07257486121e-9,3.4392952375e-10,1.99329525108e-10,2.16614903792e-9,0.00000120946413062],"max":[0.495367467403,0.58659774065,0.161268204451,0.0577001422644,0.0324346795678,0.059915099293,0.0258166268468,0.0348702780902,0.0216285865754,0.0221503283828,0.0213570762426,0.0183214563876,0.0178838185966,0.0220692716539,0.0262467004359,0.00687254639342,0.00774752069265,0.00722254766151,0.010369525291,0.00457092327997,0.00373653601855,0.00408509839326,0.00107774161734,0.000465254270239,0.00013511852012,0.00110073958058,0.0152203179896],"mean":[0.0160847939551,0.0364473573864,0.00653341878206,0.00242971931584,0.00167738762684,0.00135326257441,0.000864855304826,0.000639122736175,0.000518800108694,0.000458886555862,0.000436849280959,0.000964606530033,0.0013382009929,0.00148671423085,0.00132169295102,0.000682721321937,0.00080799969146,0.00064189726254,0.000320815248415,0.000200976021006,0.000127664607135,0.0000635526012047,0.0000231388075917,0.00000765555068938,0.00000574394243813,0.0000185790486285,0.00236211926676],"median":[0.00609300611541,0.0207573529333,0.00307496637106,0.00121990521438,0.000891373027116,0.000486699223984,0.000271357304882,0.000189531361684,0.000202644034289,0.000153523069457,0.000155414163601,0.000497028231621,0.00082638481399,0.00106545607559,0.000923625542782,0.000557707389817,0.000694447779097,0.000547819654457,0.000175826367922,0.0000998678588076,0.0000612943113083,0.0000239979090111,0.00000993537378235,0.00000349807351085,0.00000227611826631,0.00000955541872827,0.00258788373321],"min":[1.29533177336e-23,4.93393092614e-24,1.47955343504e-23,3.15275774672e-24,2.18094591641e-23,4.70821344535e-23,6.56237799162e-23,1.68814813768e-23,3.10501395202e-23,9.27720366944e-23,1.05161166631e-22,9.64210090525e-24,8.26063585511e-23,1.53980233958e-22,1.0658581156e-22,1.05057371468e-22,1.62323769628e-22,1.72162354485e-22,1.62006332e-22,2.65162479266e-22,4.74949901725e-22,3.74059918336e-22,4.92925580509e-22,7.20153720462e-22,1.09748611151e-21,1.68097741729e-21,2.63327798322e-21],"var":[0.00112034042832,0.00230180285871,0.000119831849588,0.0000134182755573,0.000006059518455,0.0000081944062913,0.00000262565913545,0.00000235331685872,0.00000100665067748,0.00000110737164505,0.00000117848321679,0.00000205301444112,0.00000291529022434,0.00000292048821393,0.0000025783754154,4.65391082116e-7,6.20235709903e-7,3.89465043327e-7,2.26204406317e-7,1.03811942154e-7,4.65959075768e-8,2.20201048506e-8,1.79177250814e-9,1.51518575464e-10,9.06365607567e-11,9.90894588604e-10,0.00000392495485357]},"barkbands_crest":{"dmean":3.3596303463,"dmean2":5.53129911423,"dvar":7.82576084137,"dvar2":20.3997592926,"max":26.2550640106,"mean":12.5662460327,"median":12.2673940659,"min":2.66252207756,"var":25.4029197693},"barkbands_flatness_db":{"dmean":0.0335259735584,"dmean2":0.0534120760858,"dvar":0.00092014396796,"dvar2":0.00235106516629,"max":0.689791858196,"mean":0.166710615158,"median":0.152955681086,"min":0.0366340205073,"var":0.00488572474569},"barkbands_kurtosis":{"dmean":12.757194519,"dmean2":20.19115448,"dvar":956.04119873,"dvar2":2263.81689453,"max":748.945861816,"mean":21.8138523102,"median":4.06833267212,"min":-1.77152597904,"var":2819.19506836},"barkbands_skewness":{"dmean":1.02027928829,"dmean2":1.61310374737,"dvar":1.3692908287,"dvar2":3.27809882164,"max":22.8975772858,"mean":2.97760558128,"median":2.1546330452,"min":-2.36670994759,"var":7.1997833252},"barkbands_spread":{"dmean":10.6212348938,"dmean2":17.2666873932,"dvar":115.686531067,"dvar2":302.772094727,"max":105.825027466,"mean":34.9172668457,"median":34.4872016907,"min":0.178947791457,"var":506.466156006},"dissonance":{"dmean":0.0102323889732,"dmean2":0.0173322651535,"dvar":0.000135036898428,"dvar2":0.000362518941984,"max":0.500000178814,"mean":0.484464406967,"median":0.489126861095,"min":0.325406044722,"var":0.000239811139181},"dynamic_complexity":4.75551557541,"erbbands":{"dmean":[1.28101181984,4.34896278381,6.87898921967,6.27523326874,5.19956636429,4.15066862106,4.53014659882,9.70333576202,8.43539714813,8.58079338074,9.69782161713,7.46640205383,9.04802322388,12.049325943,12.0591154099,22.6083106995,31.5149288177,29.915763855,37.0771026611,22.7547092438,15.0907011032,19.2451992035,16.1877498627,9.4338722229,5.97614574432,4.14397096634,2.7425262928,2.18164277077,1.55727803707,0.74867194891,0.355531781912,0.164400950074,0.0857793390751,0.0574116520584,0.0376174338162,0.0238228365779,0.0227875765413,0.0322214215994,0.0187660697848,0.0133783258498],"dmean2":[2.17680692673,7.22358846664,11.9882459641,10.8593606949,8.76857662201,7.08965063095,7.55373239517,15.7346487045,13.7854375839,13.847495079,15.9169845581,12.2815227509,14.8876810074,19.6357879639,19.539888382,37.3112297058,52.9106025696,50.2960014343,61.7946128845,38.1935005188,25.5288848877,32.0823974609,26.7943134308,14.9509477615,9.12861919403,6.20138263702,4.13240098953,3.22857093811,2.32232022285,1.12596535683,0.547639369965,0.260450810194,0.140911757946,0.0942427814007,0.061553157866,0.0387240275741,0.0351239815354,0.0474600307643,0.0273751001805,0.0219740569592],"dvar":[6.04371786118,40.7980537415,152.827804565,120.393241882,81.6136016846,62.9638214111,116.413742065,645.216369629,388.533721924,410.599365234,727.704772949,261.762268066,691.53894043,1351.83874512,772.433654785,1615.08813477,2742.9621582,1938.86132812,3113.25854492,1059.55224609,427.274291992,627.889648438,437.218475342,339.281555176,181.541931152,81.8547515869,32.3690223694,50.8851966858,26.0333099365,4.44707918167,0.772693574429,0.110760718584,0.0237454101443,0.00997386313975,0.00405759643763,0.00153563835192,0.00341884186491,0.0141762560233,0.00138122914359,0.000271630851785],"dvar2":[16.9140071869,107.537818909,442.232788086,336.078735352,213.158660889,172.032821655,319.433135986,1572.39855957,980.899963379,1013.89483643,1839.01403809,663.392700195,1739.73034668,3434.4777832,1881.07995605,4112.85986328,7292.10644531,5281.54443359,8397.625,2856.0612793,1183.96533203,1699.14440918,1163.33166504,818.96496582,423.092315674,175.879455566,69.3435974121,119.291809082,61.7792663574,10.4697685242,1.84739398956,0.272455990314,0.0599198527634,0.0250217393041,0.0101268514991,0.00381600786932,0.00851399824023,0.0355361551046,0.00303610763513,0.000739452487323],"max":[31.3055953979,93.7642211914,170.273178101,187.40612793,154.201965332,143.022094727,292.157684326,678.833068848,417.515869141,545.417358398,804.065185547,489.797637939,722.502624512,1221.54138184,1136.0657959,923.578491211,950.43548584,699.59185791,982.834289551,644.178466797,308.616119385,456.420410156,401.516326904,614.502441406,332.724090576,202.812469482,113.506256104,244.087234497,155.963607788,66.4878616333,30.1169719696,13.7253580093,3.32391953468,1.52826559544,0.952033877373,0.630310595036,2.7146832943,5.6833729744,1.14070940018,0.364039123058],"mean":[1.61145913601,6.07652568817,8.52460575104,8.18666172028,6.79476356506,5.11973953247,6.04082679749,13.0499210358,12.7046785355,13.2139606476,13.8150882721,11.334482193,12.8713998795,17.5130615234,21.1083774567,43.0647125244,60.8446884155,67.6025543213,82.0291824341,53.1673355103,35.3378410339,46.7869224548,41.2798309326,21.7965869904,13.4200029373,9.32180500031,6.41114473343,4.14842033386,2.54198336601,1.24408113956,0.573964476585,0.232492387295,0.0961497277021,0.0628890097141,0.042117793113,0.0283079314977,0.0367120839655,0.0622382052243,0.0720016807318,0.0669220164418],"median":[0.766967177391,3.43977832794,4.57649374008,4.65423202515,3.63352823257,2.67267417908,2.6487402916,4.48838424683,4.13113975525,4.19753456116,4.75874423981,4.7043337822,4.44201278687,5.83337402344,10.1619262695,23.3892822266,38.9381141663,49.4625091553,59.4457435608,41.621257782,30.1272583008,41.3727264404,37.1341743469,14.9579257965,6.89450836182,4.5796918869,3.25177192688,1.85176229477,0.926300823689,0.49441459775,0.255146622658,0.106363654137,0.0414156764746,0.0248028151691,0.016934145242,0.0125883882865,0.0186609067023,0.0300812684,0.0565275587142,0.0780345201492],"min":[1.33729227888e-22,1.7664888287e-21,1.10881153888e-20,2.07247323665e-20,4.96806388422e-20,6.94510535822e-20,2.16268490802e-19,4.60006098784e-19,7.35245743021e-19,4.63922695587e-19,5.85245793018e-19,7.25912612471e-19,1.45754786721e-18,3.16286714037e-18,4.0826801942e-18,9.18804203681e-19,3.4038120315e-18,7.21363780846e-18,7.53722424665e-18,6.53061326998e-18,4.87387265984e-18,7.91197346008e-18,9.92909970591e-18,9.43107162988e-18,9.96185688535e-18,1.17207919379e-17,1.4754534737e-17,1.55996800581e-17,1.01309549364e-17,1.77267204094e-17,1.33306218947e-17,1.31198678551e-17,1.27412383374e-17,9.63448692304e-18,8.84027607534e-18,6.02755593583e-18,3.05030233466e-18,1.19154178166e-18,3.85903821542e-19,3.67386776069e-20],"var":[6.1153678894,63.5396118164,151.827301025,131.78604126,99.0300445557,65.66746521,134.813796997,869.695129395,604.389404297,689.062744141,967.610168457,422.531951904,994.026428223,1882.93041992,1371.01184082,3969.38012695,5698.14550781,5548.26904297,8547.46484375,3248.96240234,1158.86523438,1956.97253418,1440.93029785,791.222106934,418.106964111,228.503692627,95.5774993896,75.0364685059,34.8656539917,6.03253126144,1.04195225239,0.142212405801,0.0256852284074,0.0111342146993,0.0047108316794,0.00187606539112,0.00397357158363,0.0156244523823,0.00716291042045,0.00292358291335]},"erbbands_crest":{"dmean":2.05192446709,"dmean2":3.45350956917,"dvar":3.6598982811,"dvar2":9.6435508728,"max":25.8138790131,"mean":7.31843614578,"median":6.70987796783,"min":1.88700568676,"var":7.87002372742},"erbbands_flatness_db":{"dmean":0.0211074016988,"dmean2":0.0328389964998,"dvar":0.000366195774404,"dvar2":0.000912673829589,"max":0.327147006989,"mean":0.141358271241,"median":0.138552904129,"min":0.0372700355947,"var":0.00174833333585},"erbbands_kurtosis":{"dmean":1.30573534966,"dmean2":2.12681818008,"dvar":7.55361223221,"dvar2":21.4594192505,"max":87.2273864746,"mean":1.50185918808,"median":0.933674573898,"min":-1.69109869003,"var":10.7613220215},"erbbands_skewness":{"dmean":0.362421154976,"dmean2":0.574449598789,"dvar":0.164804667234,"dvar2":0.434189945459,"max":9.10912036896,"mean":-0.599647700787,"median":-0.773032307625,"min":-5.08439826965,"var":0.83133161068},"erbbands_spread":{"dmean":7.67783880234,"dmean2":12.3760118484,"dvar":61.2680244446,"dvar2":155.852767944,"max":127.538009644,"mean":32.3160514832,"median":28.9307556152,"min":2.59594869614,"var":271.932159424},"gfcc":{"cov":[[12468.0996094,-482.340118408,-1272.8494873,355.110961914,501.295959473,-726.393798828,-47.1067199707,-184.603164673,24.3191242218,83.4670639038,74.9601135254,-3.98728585243,44.9709968567],[-482.340118408,763.605163574,26.7130680084,-306.220153809,53.1254768372,48.6352005005,-62.1375274658,60.4011726379,20.0085201263,-20.6419639587,60.9943695068,-60.6095161438,44.0826759338],[-1272.8494873,26.7130680084,699.021118164,251.465942383,-222.75692749,276.718078613,-38.5896720886,146.887466431,-30.0552883148,46.8584365845,-51.9942169189,59.5965499878,1.19622600079],[355.110961914,-306.220153809,251.465942383,533.824890137,-16.691444397,-15.9262886047,116.048294067,-31.3317089081,-17.5289440155,20.9824504852,-68.891746521,71.1527557373,-39.9446754456],[501.295959473,53.1254768372,-222.75692749,-16.691444397,416.76739502,-81.868057251,74.0130233765,-42.6060523987,38.6234130859,-15.7216234207,73.3795166016,-63.616771698,55.2857322693],[-726.393798828,48.6352005005,276.718078613,-15.9262886047,-81.868057251,307.762023926,-30.2511768341,119.136459351,-33.34034729,7.92807769775,-22.0867538452,19.5969638824,13.3074760437],[-47.1067199707,-62.1375274658,-38.5896720886,116.048294067,74.0130233765,-30.2511768341,212.625366211,-38.810836792,48.5746841431,-10.1647167206,-15.2862558365,26.449344635,-19.319272995],[-184.603164673,60.4011726379,146.887466431,-31.3317089081,-42.6060523987,119.136459351,-38.810836792,174.469451904,-2.10680294037,34.4580497742,12.8149652481,-19.4123744965,41.5033721924],[24.3191242218,20.0085201263,-30.0552883148,-17.5289440155,38.6234130859,-33.34034729,48.5746841431,-2.10680294037,116.176567078,31.88671875,24.979385376,16.9885578156,-18.2556400299],[83.4670639038,-20.6419639587,46.8584365845,20.9824504852,-15.7216234207,7.92807769775,-10.1647167206,34.4580497742,31.88671875,81.9365844727,38.5977210999,8.92347049713,12.7944726944],[74.9601135254,60.9943695068,-51.9942169189,-68.891746521,73.3795166016,-22.0867538452,-15.2862558365,12.8149652481,24.979385376,38.5977210999,83.0530090332,0.420959979296,36.7501716614],[-3.98728585243,-60.6095161438,59.5965499878,71.1527557373,-63.616771698,19.5969638824,26.449344635,-19.4123744965,16.9885578156,8.92347049713,0.420959979296,85.150390625,-6.48948860168],[44.9709968567,44.0826759338,1.19622600079,-39.9446754456,55.2857322693,13.3074760437,-19.319272995,41.5033721924,-18.2556400299,12.7944726944,36.7501716614,-6.48948860168,82.805267334]],"icov":[[0.000142088596476,-0.0000786257005529,0.00048695364967,-0.000367418484529,-0.0000951690599322,0.0000533946513315,0.000323470274452,-0.000262122630375,0.0000217135002458,-0.000330995098921,0.000303291104501,-0.000302463246044,-0.0000601550636929],[-0.0000786257005529,0.00217992486432,-0.00148761470336,0.00177573959809,-0.000265528535238,0.000525676878169,-0.000511946214829,0.0000814721861389,-0.000239190922002,0.00145472039003,-0.00136980356183,0.00087258144049,0.0000916209100978],[0.00048695364967,-0.00148761470336,0.00684248842299,-0.00524815125391,0.00215954752639,-0.00379755604081,0.00241758418269,-0.00136868632399,-0.00187484826893,-0.000851272721775,0.000173613065272,0.000293170742225,-0.00202039768919],[-0.000367418484529,0.00177573959809,-0.00524815125391,0.00811597239226,-0.00360516272485,0.00395884271711,-0.003094621934,-0.00032552194898,0.00440678931773,-0.00370585056953,0.00513500766829,-0.00484088482335,0.00334282871336],[-0.0000951690599322,-0.000265528535238,0.00215954752639,-0.00360516272485,0.00767924590036,-0.0031301912386,-0.0011559096165,0.00294805481099,-0.00472664786503,0.005901127588,-0.00862285774201,0.00875286851078,-0.00538957631215],[0.0000533946513315,0.000525676878169,-0.00379755604081,0.00395884271711,-0.0031301912386,0.00877946056426,-0.00093311193632,-0.00446116132662,0.00438408832997,-0.00207329029217,0.00431625824422,-0.00578932696953,0.00327056017704],[0.000323470274452,-0.000511946214829,0.00241758418269,-0.003094621934,-0.0011559096165,-0.00093311193632,0.00819820165634,-0.000323558575474,-0.0035910718143,0.000532745558303,0.00245534791611,-0.00211902777664,-0.000564083689824],[-0.000262122630375,0.0000814721861389,-0.00136868632399,-0.00032552194898,0.00294805481099,-0.00446116132662,-0.000323558575474,0.0129739940166,-0.00385222537443,-0.000499122135807,-0.00236614234746,0.00786428712308,-0.00697359861806],[0.0000217135002458,-0.000239190922002,-0.00187484826893,0.00440678931773,-0.00472664786503,0.00438408832997,-0.0035910718143,-0.00385222537443,0.0176769718528,-0.00894318148494,0.00272820750251,-0.00874471850693,0.00919547211379],[-0.000330995098921,0.00145472039003,-0.000851272721775,-0.00370585056953,0.005901127588,-0.00207329029217,0.000532745558303,-0.000499122135807,-0.00894318148494,0.0279834344983,-0.0190851017833,0.00805203616619,-0.00279651675373],[0.000303291104501,-0.00136980356183,0.000173613065272,0.00513500766829,-0.00862285774201,0.00431625824422,0.00245534791611,-0.00236614234746,0.00272820750251,-0.0190851017833,0.0365354269743,-0.0131278326735,-0.00383203080855],[-0.000302463246044,0.00087258144049,0.000293170742225,-0.00484088482335,0.00875286851078,-0.00578932696953,-0.00211902777664,0.00786428712308,-0.00874471850693,0.00805203616619,-0.0131278326735,0.0269287656993,-0.00722465896979],[-0.0000601550636929,0.0000916209100978,-0.00202039768919,0.00334282871336,-0.00538957631215,0.00327056017704,-0.000564083689824,-0.00697359861806,0.00919547211379,-0.00279651675373,-0.00383203080855,-0.00722465896979,0.0237325243652]],"mean":[2.13970279694,89.432220459,-93.4593048096,10.8741579056,15.4273719788,-9.08987903595,1.84301900864,-15.3675851822,4.84902381897,-3.70588469505,-0.302076458931,-3.52696585655,-9.4447927475]},"hfc":{"dmean":190.043380737,"dmean2":307.390167236,"dvar":86843.7890625,"dvar2":229551.34375,"max":5726.53222656,"mean":496.740905762,"median":387.231170654,"min":1.19942154967e-16,"var":321672.375},"melbands":{"dmean":[0.0094336764887,0.00404215650633,0.00102654285729,0.000322788750054,0.000155834364705,0.000208076409763,0.000124311103718,0.000096783740446,0.0000774346044636,0.0000478757247038,0.0000456891539216,0.0000492434992339,0.0000400604149036,0.0000559955697099,0.0000686773055349,0.0000722654440324,0.0000626842011116,0.0000695967246429,0.0000455392473668,0.0000254374026554,0.0000183533775271,0.0000187636142073,0.0000251040692092,0.000011512308447,0.00000833127523947,0.00000530376973984,0.00000394350536226,0.000002650797569,0.00000188339106444,0.00000165362644111,0.00000127131647787,9.97929305413e-7,6.00244504767e-7,3.79104278636e-7,2.29841660371e-7,1.36365613912e-7,8.77751205053e-8,6.10427548509e-8,5.24479126796e-8,4.69976200179e-8],"dmean2":[0.0157072991133,0.00686809839681,0.00176434882451,0.000544361246284,0.000259799999185,0.000336157099809,0.000201810122235,0.000156252048328,0.000127084131236,0.0000787856333773,0.0000752974010538,0.000080596859334,0.0000648978893878,0.0000925471103983,0.000113587906526,0.000121622499137,0.00010593461775,0.000116904746392,0.0000767137898947,0.0000429353276559,0.0000311892326863,0.0000314055978379,0.0000423768578912,0.0000190739610844,0.0000133623034344,0.00000836048093333,0.00000601367082709,0.00000407239986089,0.00000290450316243,0.00000252096265285,0.00000192781772057,0.0000015161592728,9.14634028959e-7,5.82518737247e-7,3.58536368594e-7,2.1425304908e-7,1.40922793435e-7,1.0055376265e-7,8.63809432872e-8,7.71003243472e-8],"dvar":[0.000289769086521,0.0000366925596609,0.00000316038995152,3.25364283071e-7,1.10003362863e-7,2.75755809298e-7,7.98812820335e-8,5.5822983569e-8,4.23241495184e-8,1.15187939187e-8,1.7538217989e-8,2.18431441823e-8,1.19008722876e-8,9.83585746184e-9,1.32605553205e-8,1.47712819754e-8,8.84718964755e-9,1.10143316689e-8,5.41774625162e-9,1.20960208516e-9,6.87485179895e-10,6.28028462568e-10,1.0442670062e-9,2.82401241281e-10,2.82718015665e-10,1.47253584326e-10,7.38328426175e-11,3.43133785274e-11,1.54387978096e-11,1.53197697583e-11,2.13768742291e-11,1.13467776841e-11,3.70964500437e-12,1.06122164008e-12,3.38933254292e-13,1.01927384447e-13,2.59625474738e-14,1.26478671693e-14,8.54431949455e-15,6.64989430912e-15],"dvar2":[0.000785443815403,0.000102409205283,0.00000872009240993,8.57724785419e-7,3.01981515349e-7,6.73345425639e-7,2.00310324772e-7,1.36040512189e-7,1.06933704558e-7,2.92305255556e-8,4.40877911956e-8,5.56339507796e-8,2.80961831578e-8,2.50290597137e-8,3.4328671461e-8,3.93300219059e-8,2.42164421849e-8,3.00060811753e-8,1.39811460187e-8,3.34288507986e-9,1.91302751418e-9,1.6790906443e-9,2.90518853419e-9,7.26924576089e-10,7.03132718716e-10,3.65113633771e-10,1.66304886529e-10,7.69641850251e-11,3.43428757654e-11,3.57809823437e-11,5.16837891928e-11,2.71958323916e-11,9.2312563843e-12,2.52605531978e-12,8.21446534925e-13,2.55398756614e-13,6.3271897487e-14,3.20512591619e-14,2.15189126826e-14,1.66721274779e-14],"max":[0.216939285398,0.0695882514119,0.0295189823955,0.00843531824648,0.007842480205,0.0135952690616,0.00548811256886,0.00593583798036,0.00535683240741,0.00303401309066,0.00351243698969,0.00488442974165,0.00325963040814,0.00285878172144,0.00211516348645,0.00227985577658,0.00153012946248,0.00195437576622,0.00236568436958,0.000636736804154,0.000464980112156,0.000506850541569,0.000419577205321,0.000362700229743,0.000562117551453,0.000389962515328,0.00026263773907,0.000119511867524,0.0000817134059616,0.000106319253973,0.000163912802236,0.0000908024594537,0.0000809810662759,0.0000297609549307,0.0000177940892172,0.0000152620232257,0.00000465440689368,0.00000292624508802,0.00000140910162827,0.00000124658402001],"mean":[0.0130770374089,0.00571519648656,0.00141122855712,0.000424690253567,0.000210543556022,0.00028647511499,0.000190429884242,0.000143626166391,0.000109659638838,0.0000699537267792,0.0000634136304143,0.0000693521578796,0.0000628691559541,0.0000990119151538,0.000124272206449,0.000133275636472,0.000126344937598,0.000140026226291,0.0000933303454076,0.0000537714950042,0.0000371592977899,0.0000422186130891,0.0000561525157536,0.0000254458318523,0.0000169316626852,0.0000105700255517,0.00000821006233309,0.00000556757686354,0.00000410718030253,0.00000331668456965,0.00000209010136132,0.00000155125349011,9.36754759095e-7,5.96825600496e-7,3.55530119123e-7,2.04772064194e-7,1.12482872794e-7,6.59946550741e-8,5.64745263887e-8,5.13705629146e-8],"median":[0.00735483225435,0.00360924191773,0.00084448576672,0.00023342014174,0.000097695417935,0.000100433302578,0.0000615646713413,0.0000428426792496,0.0000381861682399,0.0000278141633316,0.0000212770100916,0.0000219732519326,0.000026262288884,0.0000504871313751,0.0000717363873264,0.0000823868322186,0.000088711072749,0.0000979994947556,0.0000630283684586,0.0000423492019763,0.0000296285033983,0.0000357611970685,0.0000495199565194,0.0000203111412702,0.0000105409535536,0.00000528262899024,0.00000392008905692,0.00000263287529378,0.00000207423408938,0.00000150460095938,8.60317072693e-7,5.44855538465e-7,3.51481816097e-7,2.31900088465e-7,1.54574792077e-7,9.29754264689e-8,4.90524527663e-8,2.64484221191e-8,2.17300115679e-8,2.00573602172e-8],"min":[2.3244766732e-24,4.77489696207e-24,3.26770917732e-24,2.99149623667e-24,7.88058475908e-24,9.74310823328e-24,1.29149230845e-23,4.19026859534e-24,5.16556809804e-24,4.43906033649e-24,7.56301223561e-24,1.25668263772e-23,1.43238759929e-23,2.90267464027e-24,5.41032599895e-24,7.98491003608e-24,1.4237749737e-23,1.34084439332e-23,8.22229405967e-24,8.59531167187e-24,4.41780250725e-24,8.33410799324e-24,9.25316329112e-24,8.78827572676e-24,6.44236629441e-24,6.69591289467e-24,8.61683653053e-24,7.65913493691e-24,8.33989744343e-24,1.01820241301e-23,8.74241845348e-24,5.03170234673e-24,7.34496003735e-24,1.03153108575e-23,7.75350952244e-24,6.6270421822e-24,8.50585090092e-24,8.48667842548e-24,9.1153185254e-24,6.9149038374e-24],"var":[0.000331460178131,0.0000480578855786,0.00000357878320756,3.79892043156e-7,1.32283759058e-7,3.84393274544e-7,1.28239008745e-7,8.91672584657e-8,5.83258739084e-8,1.76765517779e-8,2.51309035804e-8,3.02914777706e-8,1.86911872646e-8,2.23214691175e-8,2.85912467035e-8,3.05590965866e-8,2.13789643766e-8,2.62079264957e-8,1.50573260527e-8,3.17761750246e-9,1.46613643448e-9,1.77462966544e-9,2.83460432904e-9,6.93198276558e-10,5.72645153518e-10,2.74145928181e-10,1.80521445015e-10,8.66771654451e-11,4.15147569099e-11,3.16541307055e-11,2.69792053281e-11,1.48146425683e-11,4.23402328822e-12,1.40332645678e-12,4.33420226792e-13,1.25801197801e-13,3.29863428781e-14,1.33193195039e-14,9.33735493845e-15,7.45512660394e-15]},"melbands_crest":{"dmean":4.65114927292,"dmean2":7.75047492981,"dvar":15.9685688019,"dvar2":42.1944618225,"max":39.3714828491,"mean":21.4317646027,"median":21.2225265503,"min":1.00040173531,"var":55.295955658},"melbands_flatness_db":{"dmean":0.0427149534225,"dmean2":0.0686549991369,"dvar":0.00130301737227,"dvar2":0.00335394195281,"max":0.828702569008,"mean":0.280399888754,"median":0.269613653421,"min":-1.12172443778e-7,"var":0.00705446582288},"melbands_kurtosis":{"dmean":28.2437000275,"dmean2":46.9844512939,"dvar":12333.2773438,"dvar2":33277.3984375,"max":5227.34716797,"mean":49.0245246887,"median":12.7513523102,"min":-1.91566944122,"var":35015.5625},"melbands_skewness":{"dmean":1.46213877201,"dmean2":2.37025547028,"dvar":2.95730686188,"dvar2":7.9737200737,"max":51.4475364685,"mean":4.34584951401,"median":3.49214410782,"min":-1.44372212887,"var":13.3350439072},"melbands_spread":{"dmean":7.82397127151,"dmean2":12.8220920563,"dvar":92.6577835083,"dvar2":221.486251831,"max":176.60446167,"mean":19.4091320038,"median":15.3515129089,"min":0.0241044089198,"var":317.704589844},"mfcc":{"cov":[[10408.7861328,409.812316895,-1792.6595459,785.622741699,-17.3230934143,-66.1242980957,-159.711914062,-278.585693359,-110.17742157,-93.2181854248,-36.3543205261,48.1646385193,-33.6783676147],[409.812316895,969.497924805,-249.203613281,-292.458099365,118.647102356,-127.776268005,-3.69343805313,-69.7254714966,3.67483568192,-36.1920127869,53.2171897888,34.1394538879,-14.0895671844],[-1792.6595459,-249.203613281,1095.68859863,-89.6932220459,-19.344285965,44.8701629639,23.5734081268,131.504806519,55.9245414734,52.393157959,3.2109413147,-17.6888847351,29.0168075562],[785.622741699,-292.458099365,-89.6932220459,588.177490234,-64.1796112061,117.200897217,-0.346779465675,18.8909225464,-4.35303974152,19.1931877136,-29.693862915,-9.33563041687,22.5492305756],[-17.3230934143,118.647102356,-19.344285965,-64.1796112061,264.930908203,-25.4280281067,79.4370117188,-33.1711349487,44.7734031677,-19.8373394012,24.3585948944,39.3108139038,1.78023564816],[-66.1242980957,-127.776268005,44.8701629639,117.200897217,-25.4280281067,177.279296875,12.7851333618,71.1917953491,-5.35329627991,12.9414157867,-9.66408729553,-4.96502399445,6.48553609848],[-159.711914062,-3.69343805313,23.5734081268,-0.346779465675,79.4370117188,12.7851333618,158.861724854,19.2813282013,57.2440338135,-1.78021979332,-0.720005691051,-1.48714244366,8.52796268463],[-278.585693359,-69.7254714966,131.504806519,18.8909225464,-33.1711349487,71.1917953491,19.2813282013,128.651168823,32.8448181152,23.445854187,-5.74896430969,-7.42944335938,0.637735366821],[-110.17742157,3.67483568192,55.9245414734,-4.35303974152,44.7734031677,-5.35329627991,57.2440338135,32.8448181152,87.6692581177,27.1391429901,18.9213809967,13.3859214783,6.51520729065],[-93.2181854248,-36.1920127869,52.393157959,19.1931877136,-19.8373394012,12.9414157867,-1.78021979332,23.445854187,27.1391429901,63.0983276367,27.8138542175,10.1388750076,10.6783466339],[-36.3543205261,53.2171897888,3.2109413147,-29.693862915,24.3585948944,-9.66408729553,-0.720005691051,-5.74896430969,18.9213809967,27.8138542175,62.3356628418,36.3992385864,14.3669204712],[48.1646385193,34.1394538879,-17.6888847351,-9.33563041687,39.3108139038,-4.96502399445,-1.48714244366,-7.42944335938,13.3859214783,10.1388750076,36.3992385864,62.6553230286,24.3269500732],[-33.6783676147,-14.0895671844,29.0168075562,22.5492305756,1.78023564816,6.48553609848,8.52796268463,0.637735366821,6.51520729065,10.6783466339,14.3669204712,24.3269500732,46.2005195618]],"icov":[[0.000156454523676,-0.0000658242206555,0.00020470302843,-0.000226406642469,0.00000163185939073,0.0000586308015045,0.00013564073015,0.0000843878733576,-0.000084924598923,0.0000508356752107,0.000104837803519,-0.000123179866932,0.0000739019014873],[-0.0000658242206555,0.00151199556421,0.000268969248282,0.000668428896461,-0.000389970547985,0.000465823453851,0.000156791138579,-0.00024417534587,-0.0000745843353798,0.000805938092526,-0.00134862307459,0.000370025809389,-0.000109200824227],[0.00020470302843,0.000268969248282,0.00149314850569,0.000107244857645,-0.000275107653579,0.000229425044381,0.000436489353888,-0.00100817810744,-0.000387310865335,-0.000319946557283,-0.0000311207550112,0.000808304757811,-0.00113451411016],[-0.000226406642469,0.000668428896461,0.000107244857645,0.00279312767088,0.00022254094074,-0.00154782249592,0.000016991612938,0.000625431770459,-0.000631195667665,-0.000726000987925,0.00103917508386,0.000260047614574,-0.00139813241549],[0.00000163185939073,-0.000389970547985,-0.000275107653579,0.00022254094074,0.00621612556279,-0.000695061986335,-0.00253467448056,0.00228778459132,-0.00248128711246,0.00266271922737,-0.000474532687804,-0.00408530561253,0.0022739272099],[0.0000586308015045,0.000465823453851,0.000229425044381,-0.00154782249592,-0.000695061986335,0.00943390093744,-0.00117214780767,-0.00580141227692,0.00415021646768,-0.000837241532281,-0.000568267307244,-0.000320280058077,-0.000251324963756],[0.00013564073015,0.000156791138579,0.000436489353888,0.000016991612938,-0.00253467448056,-0.00117214780767,0.0104781137779,-0.0000755619839765,-0.00687905447558,0.002455761889,0.000387886015233,0.00391190312803,-0.00358455395326],[0.0000843878733576,-0.00024417534587,-0.00100817810744,0.000625431770459,0.00228778459132,-0.00580141227692,-0.0000755619839765,0.0145213482901,-0.00622891122475,-0.00163183640689,0.00303824385628,-0.00115770741832,0.00177509163041],[-0.000084924598923,-0.0000745843353798,-0.000387310865335,-0.000631195667665,-0.00248128711246,0.00415021646768,-0.00687905447558,-0.00622891122475,0.0230098888278,-0.00827797688544,-0.001565251383,-0.0024777892977,0.00179530342575],[0.0000508356752107,0.000805938092526,-0.000319946557283,-0.000726000987925,0.00266271922737,-0.000837241532281,0.002455761889,-0.00163183640689,-0.00827797688544,0.0280681382865,-0.0138836344704,0.00373148778453,-0.00254519889131],[0.000104837803519,-0.00134862307459,-0.0000311207550112,0.00103917508386,-0.000474532687804,-0.000568267307244,0.000387886015233,0.00303824385628,-0.001565251383,-0.0138836344704,0.0339965485036,-0.0158984530717,0.000391161855077],[-0.000123179866932,0.000370025809389,0.000808304757811,0.000260047614574,-0.00408530561253,-0.000320280058077,0.00391190312803,-0.00115770741832,-0.0024777892977,0.00373148778453,-0.0158984530717,0.033294916153,-0.0142158642411],[0.0000739019014873,-0.000109200824227,-0.00113451411016,-0.00139813241549,0.0022739272099,-0.000251324963756,-0.00358455395326,0.00177509163041,0.00179530342575,-0.00254519889131,0.000391161855077,-0.0142158642411,0.0313439406455]],"mean":[-661.868286133,151.939346313,-31.4461708069,40.5399856567,21.3400840759,27.8913593292,6.43428230286,9.85972595215,2.91202116013,6.25078058243,10.3716421127,8.1363992691,1.27383828163]},"pitch_salience":{"dmean":0.0906328558922,"dmean2":0.148812636733,"dvar":0.00601313076913,"dvar2":0.0157042946666,"max":0.99609875679,"mean":0.444371968508,"median":0.452586829662,"min":0.0121800024062,"var":0.0214170347899},"silence_rate_20dB":{"dmean":0.0138473371044,"dmean2":0.0276970416307,"dvar":0.0136555889621,"dvar2":0.0371880792081,"max":1,"mean":0.989743590355,"median":1,"min":0,"var":0.0101512167603},"silence_rate_30dB":{"dmean":0.131464228034,"dmean2":0.262950927019,"dvar":0.114181384444,"dvar2":0.240482389927,"max":1,"mean":0.606666684151,"median":1,"min":0,"var":0.23862221837},"silence_rate_60dB":{"dmean":0.00923155806959,"dmean2":0.0184646956623,"dvar":0.00914633646607,"dvar2":0.0215431377292,"max":1,"mean":0.0676068365574,"median":0,"min":0,"var":0.0630361512303},"spectral_centroid":{"dmean":240.621246338,"dmean2":378.177825928,"dvar":64763.5273438,"dvar2":145094.578125,"max":11170.6269531,"mean":1423.41381836,"median":1429.19262695,"min":54.2918891907,"var":406234.4375},"spectral_complexity":{"dmean":3.63774681091,"dmean2":5.60488986969,"dvar":13.2805175781,"dvar2":28.0904254913,"max":62,"mean":25.7910251617,"median":30,"min":0,"var":198.832305908},"spectral_contrast_coeffs":{"dmean":[0.0564987100661,0.0475448258221,0.0362978279591,0.0275533851236,0.0241268500686,0.043656822294],"dmean2":[0.0946396142244,0.078952357173,0.060908254236,0.0464565828443,0.0400804355741,0.0683065950871],"dvar":[0.00193337199744,0.00146775576286,0.000852692755871,0.000469247141154,0.000444846926257,0.00159962882753],"dvar2":[0.00550685497001,0.00397124234587,0.00235160836019,0.00131154723931,0.00116480747238,0.0037765991874],"max":[-0.357038080692,-0.476376473904,-0.597458064556,-0.643265664577,-0.609894633293,-0.371956437826],"mean":[-0.713770627975,-0.792938113213,-0.827213287354,-0.814127326012,-0.789769113064,-0.744606792927],"median":[-0.718570172787,-0.802098989487,-0.832099676132,-0.812899827957,-0.779665470123,-0.750693678856],"min":[-0.951609253883,-0.996988296509,-0.998933196068,-0.987695515156,-0.988448321819,-0.961139917374],"var":[0.00535729015246,0.00508064031601,0.0025996491313,0.00187239202205,0.00288281589746,0.00684604607522]},"spectral_contrast_valleys":{"dmean":[0.432918608189,0.425736039877,0.356790423393,0.261747211218,0.268011778593,0.646444499493],"dmean2":[0.705371916294,0.683131456375,0.569910943508,0.417168408632,0.403290182352,1.03386771679],"dvar":[0.130349978805,0.140105172992,0.107680812478,0.0775649696589,0.101630434394,0.325404763222],"dvar2":[0.321145653725,0.345536530018,0.259943574667,0.175209313631,0.219579845667,0.819638550282],"max":[-4.48876476288,-4.75987005234,-5.18003988266,-5.22549819946,-5.32712984085,-8.59635734558],"mean":[-6.62676334381,-6.79220199585,-7.15164852142,-6.90248727798,-7.46101903915,-10.952132225],"median":[-6.35227441788,-6.61469078064,-6.96685409546,-6.445520401,-7.05016803741,-10.7516880035],"min":[-28.0607376099,-27.2420272827,-27.5233631134,-27.6325874329,-27.2735519409,-27.2733821869],"var":[1.26050317287,1.13837182522,1.09299838543,1.542719841,1.71078062057,1.32660245895]},"spectral_decrease":{"dmean":1.12030953403e-8,"dmean2":1.81896062657e-8,"dvar":3.19079984678e-16,"dvar2":8.20732944819e-16,"max":4.43623697777e-8,"mean":-1.38523139626e-8,"median":-8.61307114519e-9,"min":-2.00774948667e-7,"var":3.93363741831e-16},"spectral_energy":{"dmean":0.0419888868928,"dmean2":0.0679435804486,"dvar":0.00443602120504,"dvar2":0.0113290827721,"max":0.797216415405,"mean":0.0973377153277,"median":0.0795655399561,"min":1.07688608308e-20,"var":0.00772446533665},"spectral_energyband_high":{"dmean":0.000450441264547,"dmean2":0.000712273176759,"dvar":4.28416399245e-7,"dvar2":0.00000105159460873,"max":0.0189622603357,"mean":0.00174191826954,"median":0.00171311490703,"min":8.00142954074e-21,"var":0.00000238541224462},"spectral_energyband_low":{"dmean":0.0362118929625,"dmean2":0.0600427798927,"dvar":0.003526766086,"dvar2":0.00936150550842,"max":0.738935112953,"mean":0.0556959286332,"median":0.0366413481534,"min":5.4508426839e-23,"var":0.00438919011503},"spectral_energyband_middle_high":{"dmean":0.00207556737587,"dmean2":0.0032475318294,"dvar":0.00000779219044489,"dvar2":0.0000181737505045,"max":0.0626145526767,"mean":0.00851156376302,"median":0.00729438709095,"min":1.61097776283e-21,"var":0.0000561313536309},"spectral_energyband_middle_low":{"dmean":0.00384389958344,"dmean2":0.00624382914975,"dvar":0.0000326323643094,"dvar2":0.0000838512933115,"max":0.104645878077,"mean":0.00761406589299,"median":0.00527636287734,"min":2.36394678428e-22,"var":0.0000632219744148},"spectral_entropy":{"dmean":0.14255617559,"dmean2":0.221998736262,"dvar":0.0276781506836,"dvar2":0.066844239831,"max":9.80780792236,"mean":7.61535453796,"median":7.66742229462,"min":5.2773680687,"var":0.088451936841},"spectral_flux":{"dmean":0.0463907942176,"dmean2":0.0754309669137,"dvar":0.00365554727614,"dvar2":0.0085163237527,"max":0.739474177361,"mean":0.15968054533,"median":0.152317374945,"min":6.96436311398e-11,"var":0.00914824847132},"spectral_kurtosis":{"dmean":4.62405157089,"dmean2":7.16607761383,"dvar":30.5618190765,"dvar2":76.160446167,"max":101.695770264,"mean":20.9108333588,"median":20.1193618774,"min":-1.24630177021,"var":123.674354553},"spectral_rms":{"dmean":0.00185544649139,"dmean2":0.00291467737406,"dvar":0.00000505512434756,"dvar2":0.0000121619750644,"max":0.0278885662556,"mean":0.00871516112238,"median":0.00881050061435,"min":3.2413277791e-12,"var":0.0000190095925063},"spectral_rolloff":{"dmean":3348.68261719,"dmean2":6438.41113281,"dvar":48088732,"dvar2":122027200,"max":22028.4667969,"mean":13332.5087891,"median":20887.2070312,"min":21.533203125,"var":102297240},"spectral_skewness":{"dmean":0.330166012049,"dmean2":0.501929998398,"dvar":0.129806801677,"dvar2":0.309868872166,"max":8.38761138916,"mean":3.01112890244,"median":2.9866373539,"min":-0.0139844277874,"var":0.793681263924},"spectral_spread":{"dmean":463638,"dmean2":725387.125,"dvar":269870137344,"dvar2":612457316352,"max":42043760,"mean":3853104.25,"median":3667369,"min":1262171,"var":1179312717820},"spectral_strongpeak":{"dmean":20.4238071442,"dmean2":38.135925293,"dvar":2261.75292969,"dvar2":6093.85107422,"max":410.454986572,"mean":18.0694561005,"median":0.363687962294,"min":0,"var":2495.25976562},"zerocrossingrate":{"dmean":0.0498992204666,"dmean2":0.0640341341496,"dvar":0.00220873346552,"dvar2":0.00357963843271,"max":0.78564453125,"mean":0.285588204861,"median":0.2939453125,"min":0.001953125,"var":0.0261916536838}},"metadata":{"audio_properties":{"analysis_sample_rate":44100,"bit_rate":320000,"codec":"mp3","downmix":"mix","equal_loudness":0,"length":271.647338867,"lossless":false,"md5_encoded":"9888ca8585f11dba237d4e6c873b2655","replay_gain":4.17508506775,"sample_rate":44100},"tags":{"acoustid_id":["1b82fe5a-d64c-4a39-bfe1-0af3eb1fb5ba"],"album":["Signs of Infinite Power"],"albumartist":["Fu Manchu"],"artist":["Fu Manchu"],"date":["2009"],"discnumber":["1/1"],"file_name":"04 - Fu Manchu - Webfoot Witch Hat.mp3","musicbrainz_albumartistid":["f96de591-5dae-41da-855b-eb387d88d7d4"],"musicbrainz_albumid":["49f15952-081a-42dd-8142-af1cdca2949e"],"musicbrainz_artistid":["f96de591-5dae-41da-855b-eb387d88d7d4"],"musicbrainz_recordingid":["f3ca1345-b583-421f-a8de-1179d79de6ec"],"musicbrainz_releasegroupid":["4c127735-bd20-4a3b-bc9d-da1207cb0422"],"replaygain_album_gain":["+0.49 dB"],"replaygain_album_peak":["0.322383"],"replaygain_track_gain":["+1.31 dB"],"replaygain_track_peak":["0.307280"],"title":["Webfoot Witch Hat"],"tracknumber":["4/10"]},"version":{"essentia":"2.1-beta1","essentia_build_sha":"e76a03f03bb3900de42a1fa0d9be1e72f12def64","essentia_git_sha":"v2.1_beta1-28-g21ef5f4-dirty","extractor":"music 1.0"}},"rhythm":{"beats_count":407,"beats_loudness":{"dmean":0.0771135985851,"dmean2":0.140763312578,"dvar":0.00533785205334,"dvar2":0.0164817981422,"max":0.51606887579,"mean":0.132022500038,"median":0.123140752316,"min":0.0000123658164739,"var":0.0063042761758},"beats_loudness_band_ratio":{"dmean":[0.202059268951,0.038906712085,0.0279363505542,0.0425127707422,0.0349068492651,0.114865578711],"dmean2":[0.367872476578,0.0703589990735,0.0501810982823,0.0723726972938,0.0625711008906,0.207331448793],"dvar":[0.0267125368118,0.00326656922698,0.000952270056587,0.0032278872095,0.00132537633181,0.0118098761886],"dvar2":[0.0844194218516,0.0104970168322,0.00279238587245,0.00837475899607,0.00393556756899,0.035