{"lowlevel":{"average_loudness":0.854213535786,"barkbands":{"dmean":[0.00015064998297,0.0037921781186,0.000851658114698,0.000626293069217,0.0021305216942,0.000867509341333,0.00105441256892,0.000979742384516,0.00109735119622,0.0005959320697,0.000352732982719,0.000565688242204,0.000402965408284,0.000280611915514,0.000249152828474,0.00014732350246,0.000170840052306,0.00012183139188,0.0000474193911941,0.0000636975237285,0.0000395144743379,0.0000303611341224,0.0000236914111156,0.0000211341939576,0.00000648859668217,0.0000017652354245,2.27550600584e-7],"dmean2":[0.00023728790984,0.0064516030252,0.00144481961615,0.00103407306597,0.00337103288621,0.00130530027673,0.0016352024395,0.0015052317176,0.00167831510771,0.000958481803536,0.000547788047697,0.000862501212396,0.000632811221294,0.000426582351793,0.000385155522963,0.000230064382777,0.000264248112217,0.000186445366126,0.0000755974106141,0.0000991424385575,0.0000612461371929,0.0000457952337456,0.0000348513603967,0.0000315533907269,0.00000965198069025,0.00000279254686575,3.66330795032e-7],"dvar":[2.26153730409e-7,0.000267855706625,0.00000730735519028,0.00000221118511945,0.0000222492944886,0.00000315462602885,0.00000509611209054,0.00000791600359662,0.00000720622756489,0.00000357412955054,0.00000114022941489,0.00000328731266563,0.00000162310197993,6.33429920072e-7,3.8840133243e-7,1.41448353475e-7,1.6302139727e-7,5.98315708089e-8,1.65260178875e-8,3.09585921343e-8,1.85831687816e-8,7.42574268742e-9,7.12322600904e-9,7.47715755978e-9,7.15914383331e-10,4.69396431446e-11,8.30662470232e-13],"dvar2":[4.96014138207e-7,0.000715740723535,0.0000182940420927,0.00000596760082772,0.0000550255717826,0.0000076630831245,0.0000127897774291,0.0000183441843546,0.0000176607954927,0.0000097104057204,0.00000274099170383,0.00000778139474278,0.00000394551125282,0.00000130163948597,9.57835368354e-7,3.33090866889e-7,3.66315049405e-7,1.38284121931e-7,4.34330118537e-8,7.61954765949e-8,4.58795774705e-8,1.68172569204e-8,1.46482719288e-8,1.66358038456e-8,1.64412172765e-9,1.13304053639e-10,2.16432232379e-12],"max":[0.0293545648456,0.187191486359,0.0700761377811,0.0409757643938,0.0785472691059,0.0524235889316,0.0392177253962,0.070156276226,0.0585622377694,0.0541299432516,0.0309994835407,0.0589351095259,0.0384228304029,0.0455781780183,0.0136543074623,0.0108094569296,0.0148365506902,0.00787467323244,0.00292939925566,0.0060825496912,0.00330700515769,0.0026754278224,0.00299473316409,0.00329583440907,0.00148688000627,0.000220873669605,0.0000249652457569],"mean":[0.000180089002242,0.00557589204982,0.00162562192418,0.00175095978193,0.0052253077738,0.00223288498819,0.00196736492217,0.00176272692624,0.00225874618627,0.00107868690975,0.000661130587105,0.00118487176951,0.000868441013154,0.000634750700556,0.000498411012813,0.000291746284347,0.000423636840424,0.000279339728877,0.0000966552179307,0.000132040528115,0.0000648069981253,0.0000572366479901,0.0000386591855204,0.000030617316952,0.00000887562600838,0.00000183439988177,2.14324657577e-7],"median":[0.0000449646831839,0.00209148786962,0.000674177077599,0.000886012450792,0.00355269387364,0.000978462165222,0.000624998821877,0.000231373531278,0.000508211902343,0.000223091861699,0.000163038814208,0.00024921313161,0.000177317779162,0.000144822319271,0.000123583857203,0.0000893125834409,0.000108164778794,0.000112002628157,0.0000401677170885,0.0000374820774596,0.0000162357373483,0.0000116045575851,0.0000075312818808,0.00000543317128177,0.00000167754228642,2.06673661296e-7,2.1840151021e-8],"min":[2.7855003574e-23,3.61414099372e-23,1.73567006524e-23,8.68349527703e-24,2.35006412608e-23,3.04886314833e-23,5.58393424712e-23,1.99087019684e-23,5.26976187192e-23,8.79569559466e-23,7.9012642744e-23,1.36683227988e-22,9.87533189173e-23,1.47045957274e-22,1.21784775688e-22,1.17507836918e-22,1.71049025623e-22,1.88783502297e-22,3.01856300096e-22,3.0833008396e-22,5.66090624554e-22,6.42280047715e-22,8.44979334059e-22,8.64381727743e-22,1.25960876578e-21,1.76473470497e-21,2.04602922567e-21],"var":[3.8350319187e-7,0.000212389204535,0.0000114942304208,0.0000056761155065,0.0000377005162591,0.0000111803092295,0.000012516352399,0.0000211229289562,0.0000226961146836,0.00000910012749955,0.00000310609198095,0.0000106007719296,0.00000668337997922,0.00000528144846612,0.00000106949539713,3.407648137e-7,7.04766819126e-7,2.25721365155e-7,3.54425218063e-8,7.97015786702e-8,2.42998012823e-8,1.41669334042e-8,1.60647140035e-8,1.19780523278e-8,8.33960289714e-10,4.97847839342e-11,6.5895954058e-13]},"barkbands_crest":{"dmean":2.24138498306,"dmean2":3.62035059929,"dvar":6.7030506134,"dvar2":16.7888183594,"max":26.3474884033,"mean":10.2048330307,"median":9.31984901428,"min":2.86871337891,"var":16.3324546814},"barkbands_flatness_db":{"dmean":0.0200211238116,"dmean2":0.0290628988296,"dvar":0.000566788483411,"dvar2":0.00124874140602,"max":0.422016173601,"mean":0.176207080483,"median":0.171244323254,"min":0.0320363789797,"var":0.00268693431281},"barkbands_kurtosis":{"dmean":3.40549969673,"dmean2":5.58280324936,"dvar":230.036621094,"dvar2":610.371520996,"max":579.591247559,"mean":5.35070085526,"median":2.1144015789,"min":-1.92418026924,"var":218.955307007},"barkbands_skewness":{"dmean":0.473138511181,"dmean2":0.73035544157,"dvar":0.646795868874,"dvar2":1.57287216187,"max":21.7993469238,"mean":1.32774865627,"median":1.29280900955,"min":-6.12212610245,"var":2.3598651886},"barkbands_spread":{"dmean":3.42594504356,"dmean2":5.28017950058,"dvar":24.5364246368,"dvar2":55.7555465698,"max":144.102294922,"mean":14.9771595001,"median":13.2840309143,"min":0.292896658182,"var":104.538551331},"dissonance":{"dmean":0.0199399255216,"dmean2":0.0333717241883,"dvar":0.000435298221419,"dvar2":0.00116569374222,"max":0.5,"mean":0.450822800398,"median":0.457925707102,"min":0.197061121464,"var":0.00118659273721},"dynamic_complexity":3.39776396751,"erbbands":{"dmean":[0.0934503674507,0.903093755245,1.21355736256,1.29070961475,5.90309476852,7.55259752274,5.3121099472,8.31112480164,13.2127151489,17.9649181366,20.4517707825,22.2369709015,21.0880908966,13.82026577,16.5186443329,17.906665802,19.8295669556,12.9322919846,11.4312820435,12.05555439,8.18006229401,10.1145849228,7.16069126129,2.98889088631,2.50825858116,2.90222358704,1.60202109814,1.59025847912,1.09628129005,0.863229215145,0.694662034512,0.549510717392,0.279777258635,0.10737336427,0.0285458676517,0.00955003034323,0.00311026140116,0.000498501118273,0.0000405019636673,0.0000103211796159],"dmean2":[0.157811075449,1.54116117954,2.04807186127,2.15290689468,9.69291496277,11.7687168121,7.94944477081,12.5550432205,20.8244113922,27.3221206665,31.1567115784,33.4172096252,33.7867507935,21.9631690979,25.0541610718,27.4145832062,30.9389877319,19.6074962616,17.7154903412,18.6391429901,12.7264547348,15.62844944,10.9001836777,4.65042161942,3.85249972343,4.50899076462,2.50162100792,2.44306516647,1.66346025467,1.30631220341,1.02147018909,0.819878101349,0.418752163649,0.158766567707,0.0427705794573,0.0145234689116,0.00506952777505,0.000828444317449,0.0000639993013465,0.0000161739117175],"dvar":[0.166252702475,14.8728895187,15.3907060623,12.361530304,161.998794556,286.235076904,103.645141602,291.496032715,980.394592285,1726.36535645,3506.71240234,2944.47143555,3572.69458008,1667.05578613,1931.38354492,3484.19335938,4069.7109375,1472.63513184,763.810241699,1051.2064209,402.78137207,627.020690918,204.917633057,53.267162323,46.8156166077,59.5893592834,25.7687015533,32.9175262451,8.14578819275,8.94441223145,6.45124721527,5.99945402145,1.04404592514,0.246617719531,0.00849141925573,0.00104362494312,0.000189085360034,0.00000629231135463,2.0486535135e-8,4.11153056046e-10],"dvar2":[0.438469350338,39.9428100586,39.6997184753,31.8561058044,433.609649658,689.639038086,245.924942017,718.649780273,2634.04956055,4016.14819336,8679.22265625,6893.70703125,9758.39648438,4507.63916016,4676.53710938,8045.01904297,9815.88769531,2860.74926758,1855.11425781,2613.33300781,976.792297363,1395.05090332,466.573577881,134.062484741,114.023750305,142.79524231,66.0442733765,79.4426116943,18.0668144226,20.8733654022,12.8995103836,13.2037801743,2.33779668808,0.571148812771,0.0192321073264,0.00233016093262,0.000480805058032,0.0000173712251126,5.17035587677e-8,1.0229889158e-9],"max":[5.480884552,43.4543418884,64.0037307739,111.765441895,205.537979126,358.014770508,202.95791626,486.172821045,659.130859375,897.718566895,1998.53417969,1302.49707031,1454.109375,1222.72717285,1056.85876465,1971.1640625,2019.1607666,2512.55322266,738.829711914,812.446411133,542.350341797,988.702514648,389.704742432,210.200790405,252.128326416,313.866851807,187.34022522,147.436141968,65.7205810547,94.9815063477,111.870429993,110.084373474,30.9903831482,30.3716773987,2.34589934349,0.970404803753,0.435808360577,0.0809298306704,0.0034809675999,0.000223350725719],"mean":[0.124163471162,1.35739970207,2.34312343597,3.39447712898,13.910826683,17.4290046692,13.8753499985,21.7022895813,25.6987018585,35.5563964844,40.6568222046,46.9387245178,40.8593177795,27.9594287872,36.4883422852,39.6382865906,45.3490104675,32.4167518616,24.9649791718,24.8708953857,18.0554676056,25.6178398132,17.2588119507,7.208568573,5.4088306427,6.15538787842,3.07114052773,2.60581660271,2.15654063225,1.40480864048,1.13323020935,0.837059140205,0.382867962122,0.145958900452,0.0387806519866,0.0112677132711,0.00297708949074,0.000454542896478,0.0000519181667187,0.000035078075598],"median":[0.0249070078135,0.532889842987,1.05295050144,1.9989014864,7.95913267136,9.67615127563,6.33616733551,9.44568061829,10.5601043701,8.65454483032,7.27922153473,10.8223953247,9.69018268585,9.29831504822,10.3483810425,9.90172672272,10.2146720886,8.08477401733,7.42621040344,6.60367965698,5.48765182495,6.96341133118,7.54261684418,3.27760314941,2.02403354645,1.77293813229,0.92439031601,0.569883048534,0.431882202625,0.281477689743,0.218980908394,0.129362821579,0.0727809071541,0.0277822464705,0.00695833796635,0.00156935176346,0.000306908157654,0.0000496166830999,0.0000193932028196,0.0000321536863339],"min":[1.76435524394e-21,5.35212675068e-21,2.50506268607e-20,2.6385403948e-20,2.31946516703e-20,1.04801463627e-19,1.62443848343e-19,3.09909265251e-19,6.23517837298e-19,6.89742847717e-19,5.33776185462e-19,1.38774809238e-18,1.49413354872e-18,4.24329509451e-18,4.60850815625e-18,5.10848052031e-18,4.07366806143e-18,4.10489991982e-18,9.64790461975e-18,6.33802535746e-18,7.58813721335e-18,7.85572931433e-18,1.09053655618e-17,1.23078188575e-17,1.66885574554e-17,1.30451519391e-17,1.80603256592e-17,2.75457943405e-17,1.97247288569e-17,2.17856394269e-17,2.32147891497e-17,1.78042950616e-17,1.59894508715e-17,1.27827181364e-17,9.64334106431e-18,6.07157062982e-18,3.21756693991e-18,1.27567587273e-18,2.48432840235e-19,3.02952799084e-20],"var":[0.140965640545,11.6732635498,20.1641578674,22.4792690277,307.890075684,580.826538086,371.582427979,1008.52258301,2161.80493164,5037.69580078,9485.51855469,10139.6679688,8926.57226562,3812.97583008,6228.1328125,11028.6279297,17564.1269531,15572.6923828,2221.2578125,3027.23486328,1040.85644531,2603.61474609,758.693725586,154.400650024,116.809356689,174.215896606,38.7819366455,45.5769538879,18.3490028381,13.8033533096,14.3658332825,10.7146120071,1.50762808323,0.277702301741,0.0108281606808,0.00133126066066,0.000173805499799,0.00000428528392149,1.80378112447e-8,7.18885340145e-10]},"erbbands_crest":{"dmean":2.14877295494,"dmean2":3.36301779747,"dvar":4.67563915253,"dvar2":11.4810571671,"max":32.6504936218,"mean":9.86390590668,"median":8.83270931244,"min":2.16133761406,"var":21.5405044556},"erbbands_flatness_db":{"dmean":0.0166863482445,"dmean2":0.022939696908,"dvar":0.00032935969648,"dvar2":0.000588901340961,"max":0.356442898512,"mean":0.202727675438,"median":0.204311877489,"min":0.0219831503928,"var":0.0023358380422},"erbbands_kurtosis":{"dmean":0.896946370602,"dmean2":1.38289093971,"dvar":1.91547167301,"dvar2":4.13648366928,"max":53.9895553589,"mean":1.03626954556,"median":0.142294287682,"min":-1.76800584793,"var":10.7837924957},"erbbands_skewness":{"dmean":0.316991746426,"dmean2":0.487870633602,"dvar":0.0997628197074,"dvar2":0.236144423485,"max":3.80929851532,"mean":0.366675764322,"median":0.36946284771,"min":-4.05339384079,"var":0.773713052273},"erbbands_spread":{"dmean":5.63783216476,"dmean2":8.34720134735,"dvar":57.2255554199,"dvar2":114.603942871,"max":147.50541687,"mean":29.5997200012,"median":26.6970062256,"min":2.03002977371,"var":261.098083496},"gfcc":{"cov":[[20939.9785156,2607.91845703,-2008.25,1001.83062744,-1279.82214355,211.306503296,-550.381713867,-33.4349098206,-46.7692718506,-220.847518921,-127.222511292,-244.972412109,-69.7451477051],[2607.91845703,2127.09741211,-333.68939209,-34.398525238,280.724578857,-224.087127686,34.3943557739,-154.549560547,74.0101242065,-224.717422485,108.854789734,-85.1454391479,101.317146301],[-2008.25,-333.68939209,1038.93933105,130.514251709,22.887594223,157.459991455,17.3809680939,14.5246715546,-16.8545360565,71.5986404419,11.6195030212,65.6514968872,-9.77471446991],[1001.83062744,-34.398525238,130.514251709,444.444976807,-3.14214682579,44.0925140381,-64.8526763916,-15.5507917404,46.251449585,2.90610313416,0.932847321033,7.87847232819,27.4570274353],[-1279.82214355,280.724578857,22.887594223,-3.14214682579,603.43359375,19.4988460541,64.842880249,14.4540052414,25.6220245361,-30.6477985382,51.1089744568,46.2877998352,76.3208007812],[211.306503296,-224.087127686,157.459991455,44.0925140381,19.4988460541,336.199035645,70.7400817871,49.618522644,-50.0480461121,37.8267669678,28.0969829559,18.7272071838,-31.1059932709],[-550.381713867,34.3943557739,17.3809680939,-64.8526763916,64.842880249,70.7400817871,224.75553894,30.1797237396,-1.75078749657,-2.55930376053,29.8321418762,1.09769487381,-26.0073661804],[-33.4349098206,-154.549560547,14.5246715546,-15.5507917404,14.4540052414,49.618522644,30.1797237396,148.951065063,35.5648880005,30.0587825775,-19.1649188995,-2.81309628487,2.23652791977],[-46.7692718506,74.0101242065,-16.8545360565,46.251449585,25.6220245361,-50.0480461121,-1.75078749657,35.5648880005,171.509140015,19.7947463989,-23.5389842987,-15.7764930725,21.6216964722],[-220.847518921,-224.717422485,71.5986404419,2.90610313416,-30.6477985382,37.8267669678,-2.55930376053,30.0587825775,19.7947463989,109.449638367,2.52615046501,4.30901861191,-23.4938850403],[-127.222511292,108.854789734,11.6195030212,0.932847321033,51.1089744568,28.0969829559,29.8321418762,-19.1649188995,-23.5389842987,2.52615046501,108.944252014,31.2215328217,-1.35773479939],[-244.972412109,-85.1454391479,65.6514968872,7.87847232819,46.2877998352,18.7272071838,1.09769487381,-2.81309628487,-15.7764930725,4.30901861191,31.2215328217,98.0196762085,19.2167663574],[-69.7451477051,101.317146301,-9.77471446991,27.4570274353,76.3208007812,-31.1059932709,-26.0073661804,2.23652791977,21.6216964722,-23.4938850403,-1.35773479939,19.2167663574,94.2799606323]],"icov":[[0.000302294822177,-0.000697120267432,0.000652080983855,-0.000852862838656,0.000783438328654,-0.000768023601267,0.000599716207944,-0.000680355995428,0.000534426886588,-0.000521808222402,0.000878334220033,-0.00073512137169,0.000492632738315],[-0.000697120267432,0.0024964089971,-0.00143935810775,0.00206529255956,-0.00206074817106,0.00200400408357,-0.00146929908078,0.00218449370004,-0.00182416371536,0.002646462759,-0.00322227715515,0.00282814097591,-0.00162192701828],[0.000652080983855,-0.00143935810775,0.00255947909318,-0.00213837437332,0.00163293560036,-0.00202770903707,0.00118843582459,-0.00128424284048,0.00121249165386,-0.00166953168809,0.00209679501131,-0.00220610247925,0.00107046426274],[-0.000852862838656,0.00206529255956,-0.00213837437332,0.0051234238781,-0.00214451481588,0.00147257500794,-0.000803191098385,0.00250992295332,-0.00265239132568,0.00198465166613,-0.00289125926793,0.00230033043772,-0.00203105830587],[0.000783438328654,-0.00206074817106,0.00163293560036,-0.00214451481588,0.00417692121118,-0.0021929461509,0.000981464167126,-0.00204201438464,0.00120749545749,-0.00135870615486,0.00184892280959,-0.00266361190006,-0.000243602407863],[-0.000768023601267,0.00200400408357,-0.00202770903707,0.00147257500794,-0.0021929461509,0.00618705898523,-0.00263783661649,0.000419293675805,0.0000980663098744,0.000774346059188,-0.00304921460338,0.00202034250833,-0.000567141221836],[0.000599716207944,-0.00146929908078,0.00118843582459,-0.000803191098385,0.000981464167126,-0.00263783661649,0.00696272170171,-0.00231483555399,0.00034326617606,0.0000179228591151,0.000424780417234,-0.00125807104632,0.00287881749682],[-0.000680355995428,0.00218449370004,-0.00128424284048,0.00250992295332,-0.00204201438464,0.000419293675805,-0.00231483555399,0.010444259271,-0.00333025259897,0.000250374869211,-0.000958117481787,0.00230748951435,-0.00246789050288],[0.000534426886588,-0.00182416371536,0.00121249165386,-0.00265239132568,0.00120749545749,0.0000980663098744,0.00034326617606,-0.00333025259897,0.00900767184794,-0.00390162062831,0.00336626893841,-0.00092463765759,-0.000318688660627],[-0.000521808222402,0.002646462759,-0.00166953168809,0.00198465166613,-0.00135870615486,0.000774346059188,0.0000179228591151,0.000250374869211,-0.00390162062831,0.0148665718734,-0.00444666016847,0.00230695214123,0.00143844634295],[0.000878334220033,-0.00322227715515,0.00209679501131,-0.00289125926793,0.00184892280959,-0.00304921460338,0.000424780417234,-0.000958117481787,0.00336626893841,-0.00444666016847,0.0156874582171,-0.00685874046758,0.00255293957889],[-0.00073512137169,0.00282814097591,-0.00220610247925,0.00230033043772,-0.00266361190006,0.00202034250833,-0.00125807104632,0.00230748951435,-0.00092463765759,0.00230695214123,-0.00685874046758,0.0159054473042,-0.00461447797716],[0.000492632738315,-0.00162192701828,0.00107046426274,-0.00203105830587,-0.000243602407863,-0.000567141221836,0.00287881749682,-0.00246789050288,-0.000318688660627,0.00143844634295,0.00255293957889,-0.00461447797716,0.0156882256269]],"mean":[-54.7451629639,136.766891479,-130.639404297,27.5784053802,-52.812171936,6.20729589462,-33.9409103394,-1.34289419651,-16.5690078735,-9.46880531311,-6.11234474182,-6.09740447998,-4.99189472198]},"hfc":{"dmean":3.95341968536,"dmean2":5.84201049805,"dvar":42.0401649475,"dvar2":100.278907776,"max":115.786361694,"mean":16.9102706909,"median":12.7126560211,"min":1.18559916311e-16,"var":219.706863403},"melbands":{"dmean":[0.000972686626483,0.000840135035105,0.000336396798957,0.000508414756041,0.000213171442738,0.000181401890586,0.000200933092856,0.000207528690225,0.000173787993845,0.00014101229317,0.000110906788905,0.0000630650611129,0.0000550102085981,0.0000599222366873,0.0000502907896589,0.0000411593318859,0.0000236603809753,0.0000204811585718,0.0000200956310437,0.0000112739853648,0.000010159795238,0.0000117663248602,0.00000852741231938,0.0000054645279306,0.00000237570588979,0.00000180203005584,0.00000234205140259,0.00000196260839402,0.00000116548153528,9.87082898973e-7,9.363764093e-7,6.62690013087e-7,5.69047415411e-7,4.56795277159e-7,4.07871141306e-7,4.14736746279e-7,3.14488431741e-7,2.17356145527e-7,1.41224447248e-7,7.44420702858e-8],"dmean2":[0.00164921872783,0.00141196523327,0.000553914753255,0.000814295723103,0.000321833882481,0.000273889076198,0.000314382079523,0.0003151097917,0.000265747774392,0.000214167841477,0.000178230140591,0.000100658100564,0.0000842325607664,0.0000908593356144,0.0000773151477915,0.0000636620025034,0.0000359197692887,0.0000316993937304,0.0000309446477331,0.0000173598036781,0.0000160142117238,0.0000182890016731,0.0000131962524392,0.00000840578559291,0.00000376950310965,0.00000282649671135,0.0000036461046875,0.00000305205753648,0.00000185286955912,0.00000155510508648,0.00000144137004554,0.00000101438729416,8.7554849415e-7,6.96788902133e-7,6.09316714417e-7,6.28500629318e-7,4.728504166e-7,3.34415204861e-7,2.11119825622e-7,1.12327974477e-7],"dvar":[0.0000182198509719,0.0000094254501164,4.69406984394e-7,0.0000014830774262,1.53987954832e-7,1.34000288199e-7,2.05837210387e-7,2.40238108518e-7,2.51994492828e-7,1.20092508382e-7,1.00315148188e-7,3.43335067043e-8,2.13485442657e-8,5.13974853789e-8,2.28358345566e-8,1.86314306205e-8,4.80254858104e-9,2.97650726289e-9,2.80201573055e-9,8.86530349131e-10,6.23431806179e-10,9.12360742511e-10,2.91318275059e-10,1.35596159301e-10,3.85816309456e-11,2.25485064648e-11,5.66343187625e-11,2.64329790695e-11,1.31568870382e-11,1.35772235468e-11,1.04788044561e-11,2.95839828329e-12,2.54514703583e-12,2.89527104548e-12,2.17532610848e-12,3.38380625603e-12,1.91371939996e-12,6.86589131903e-13,2.61044685217e-13,1.61897093496e-13],"dvar2":[0.000048527821491,0.0000247596362897,0.00000124159851111,0.00000366115841643,3.67143400126e-7,3.30154506401e-7,5.44907436506e-7,5.50703362023e-7,6.40115501938e-7,2.86364610247e-7,2.75189250942e-7,9.26678751512e-8,5.02005121916e-8,1.22617379361e-7,5.01059318481e-8,4.61461624468e-8,9.43796774067e-9,7.23608684083e-9,6.81561385107e-9,2.04155226058e-9,1.51591172948e-9,2.03432848345e-9,6.84386936012e-10,2.97663033111e-10,9.97732035879e-11,5.55019329107e-11,1.42973688444e-10,6.25648838293e-11,3.37783377657e-11,3.43542555514e-11,2.49909311995e-11,6.54676226425e-12,6.10757885239e-12,6.77163099899e-12,4.5380513583e-12,7.36330007384e-12,4.22654489532e-12,1.60852798095e-12,5.62814551908e-13,3.82446000867e-13],"max":[0.0514812655747,0.039258223027,0.0167658701539,0.0209724102169,0.00901352055371,0.010576008819,0.00924211926758,0.0097745032981,0.0179638229311,0.00752957351506,0.00777394976467,0.00451833754778,0.00463812984526,0.00895588938147,0.0045503792353,0.00431364122778,0.00432291487232,0.00170318468008,0.00129988696426,0.000982818659395,0.000737731344998,0.00113412318751,0.00058006454492,0.000455635599792,0.000181744457223,0.000124122452689,0.000303136563161,0.000209211517358,0.00012896010594,0.0000867382259457,0.0000770195329096,0.0000437278431491,0.0000435580986959,0.0000574543555558,0.0000725552527001,0.0000860681757331,0.0000594691482547,0.0000229151810345,0.0000173066673597,0.0000275489655905],"mean":[0.00137602793984,0.0014888830483,0.00094236433506,0.00117372977547,0.000568895658944,0.000472781248391,0.000393807538785,0.000401965196943,0.00034997187322,0.000290417636279,0.000207904173294,0.000120246339065,0.00011357000767,0.000130552100018,0.000101648976852,0.0000893949327292,0.0000549873111595,0.0000401830329793,0.0000396463219658,0.0000219632784138,0.0000206070726563,0.0000276878636214,0.0000196955879801,0.0000121136581583,0.00000507819095219,0.00000362543801202,0.00000446173817181,0.00000399804184781,0.00000213231078305,0.00000148670540057,0.00000147887215007,0.00000126867450945,9.73601345322e-7,6.85668226197e-7,6.43402017886e-7,6.28447082818e-7,4.64902626618e-7,2.83604663309e-7,1.89988298871e-7,9.78590293244e-8],"median":[0.000436858128523,0.000687015883159,0.000556080543902,0.000772162922658,0.000279729050817,0.000210470752791,0.000159831892233,0.0000807403557701,0.00005736780804,0.0000653412716929,0.0000442439413746,0.0000348790490534,0.0000316557307087,0.0000249596123467,0.0000233376358665,0.0000171015708474,0.0000125972492242,0.0000101456289485,0.00000909099071578,0.00000587300519328,0.00000581903077546,0.00000602964746577,0.0000072441798693,0.00000502637567479,0.00000207047332879,0.00000139114581543,0.00000120118659197,0.00000107984465103,5.78079948355e-7,3.602579568e-7,2.80351372339e-7,2.37414695903e-7,1.88252727185e-7,1.26814583723e-7,1.33863863994e-7,8.99278802535e-8,7.14085501841e-8,4.84213451557e-8,3.33354464033e-8,1.80533845651e-8],"min":[1.34462145933e-23,1.08656715009e-23,3.98433290616e-24,3.79764305648e-24,5.88876422151e-24,6.98423208919e-24,1.00667226424e-23,6.66917524314e-24,4.10453992533e-24,8.98115300695e-24,6.73208532261e-24,1.68529025239e-23,1.26151370079e-23,1.68252213947e-23,1.25577844535e-23,6.46463583777e-24,7.72341447891e-24,1.7426222964e-23,9.02129656069e-24,8.80182835711e-24,9.133474948e-24,8.09919704858e-24,8.62058598642e-24,1.12372147321e-23,9.18121680998e-24,1.29158570958e-23,1.11147464431e-23,8.39251919897e-24,8.39589946795e-24,1.64642654658e-23,1.66837344582e-23,1.03931856283e-23,1.26156205796e-23,1.17174527408e-23,1.39844748993e-23,1.27536578274e-23,9.8467448347e-24,1.02362425401e-23,1.25758462128e-23,1.03466672896e-23],"var":[0.0000146750044223,0.00000908238234842,0.00000124046937344,0.00000222139101425,5.7122895214e-7,4.69675313752e-7,4.70883378512e-7,7.06330695266e-7,6.93901483828e-7,3.89426816128e-7,2.49299176858e-7,8.04998165904e-8,6.7909319057e-8,1.59927779464e-7,8.34294482388e-8,7.44635855199e-8,4.68524490316e-8,8.1786266648e-9,7.72547004146e-9,2.37508812617e-9,1.52143286858e-9,3.5349421168e-9,1.10114906082e-9,4.65420813001e-10,9.33328900277e-11,5.73688214989e-11,1.09831511941e-10,7.92808318995e-11,2.12690854512e-11,1.58969157282e-11,1.54137154429e-11,6.98907685198e-12,4.01140665823e-12,4.43298392785e-12,4.42205777204e-12,6.48276831522e-12,3.30718829059e-12,8.77111209184e-13,3.84976176371e-13,1.6197251331e-13]},"melbands_crest":{"dmean":2.52365016937,"dmean2":4.07479572296,"dvar":7.53026342392,"dvar2":18.8290252686,"max":31.3080406189,"mean":12.3287525177,"median":11.5731639862,"min":1.68159067631,"var":22.4489555359},"melbands_flatness_db":{"dmean":0.0230917483568,"dmean2":0.0331898666918,"dvar":0.000831307086628,"dvar2":0.00177392025944,"max":0.545586228371,"mean":0.24086971581,"median":0.234261035919,"min":0.00429077539593,"var":0.00569118512794},"melbands_kurtosis":{"dmean":5.74216556549,"dmean2":9.18421268463,"dvar":370.504547119,"dvar2":950.150939941,"max":568.248474121,"mean":10.9299259186,"median":5.65042924881,"min":-1.84256231785,"var":448.207824707},"melbands_skewness":{"dmean":0.555745542049,"dmean2":0.848239243031,"dvar":0.710961282253,"dvar2":1.65010786057,"max":18.661233902,"mean":2.16535520554,"median":1.97975838184,"min":-1.48527097702,"var":2.49441885948},"melbands_spread":{"dmean":4.23743677139,"dmean2":6.52773571014,"dvar":38.955039978,"dvar2":87.37865448,"max":217.667770386,"mean":19.8930435181,"median":15.7335262299,"min":0.383123159409,"var":395.198760986},"mfcc":{"cov":[[9627.36523438,305.439758301,-355.061584473,174.762771606,-371.473815918,45.755355835,-288.566864014,116.081436157,13.2788515091,135.550003052,5.90430641174,33.497844696,-130.973220825],[305.439758301,1816.34606934,-310.497467041,83.0318450928,208.162597656,-32.8586883545,93.1675338745,60.4387969971,-1.76010084152,-52.236125946,-29.057975769,-15.5608301163,27.7389202118],[-355.061584473,-310.497467041,925.742736816,47.0455169678,-49.2170639038,108.28301239,-4.62024402618,-0.89299339056,-25.3928794861,10.448513031,22.9014625549,31.100643158,17.2516689301],[174.762771606,83.0318450928,47.0455169678,370.693023682,128.092880249,27.5896873474,-60.8109016418,-4.31959581375,22.9858665466,-19.707906723,-54.4306335449,32.3284835815,25.982093811],[-371.473815918,208.162597656,-49.2170639038,128.092880249,410.635742188,62.8190116882,48.6355781555,12.2369365692,68.8048248291,-43.6977424622,-53.5561676025,41.0639915466,50.3650016785],[45.755355835,-32.8586883545,108.28301239,27.5896873474,62.8190116882,210.654754639,86.2900848389,44.5763816833,-9.28981399536,-5.79125976562,19.3494758606,24.4056682587,5.85463142395],[-288.566864014,93.1675338745,-4.62024402618,-60.8109016418,48.6355781555,86.2900848389,273.002105713,67.1944503784,-18.7319259644,-28.9103565216,29.5042438507,10.0423851013,20.4086456299],[116.081436157,60.4387969971,-0.89299339056,-4.31959581375,12.2369365692,44.5763816833,67.1944503784,138.303985596,25.0774326324,6.24454784393,10.0119361877,13.0042915344,16.6528930664],[13.2788515091,-1.76010084152,-25.3928794861,22.9858665466,68.8048248291,-9.28981399536,-18.7319259644,25.0774326324,150.756164551,48.6005935669,-5.51986265182,4.90397596359,-3.14124345779],[135.550003052,-52.236125946,10.448513031,-19.707906723,-43.6977424622,-5.79125976562,-28.9103565216,6.24454784393,48.6005935669,122.385864258,45.1892433167,-7.40514278412,-24.3940181732],[5.90430641174,-29.057975769,22.9014625549,-54.4306335449,-53.5561676025,19.3494758606,29.5042438507,10.0119361877,-5.51986265182,45.1892433167,106.240219116,23.8212356567,-13.9193248749],[33.497844696,-15.5608301163,31.100643158,32.3284835815,41.0639915466,24.4056682587,10.0423851013,13.0042915344,4.90397596359,-7.40514278412,23.8212356567,98.3367843628,35.3895606995],[-130.973220825,27.7389202118,17.2516689301,25.982093811,50.3650016785,5.85463142395,20.4086456299,16.6528930664,-3.14124345779,-24.3940181732,-13.9193248749,35.3895606995,99.0245132446]],"icov":[[0.000126399798319,-0.0000365612067981,0.0000673212707625,-0.0000697988652973,0.00017103330174,-0.000139032446896,0.000152886233991,-0.000144820282003,0.0000135719137688,-0.000104179336631,0.000118877520435,-0.00017227124772,0.000151126412675],[-0.0000365612067981,0.000665605592076,0.000157419766765,-0.000137600756716,-0.000401365454309,0.000308519898681,-0.000205410193303,-0.000281230604742,0.000219930661842,0.000128757063067,-0.000222899761866,0.00033822961268,-0.0000641156657366],[0.0000673212707625,0.000157419766765,0.00129582057707,-0.000236884006881,0.000316473393468,-0.000767759163864,0.000187016557902,0.0000403783014917,0.000117762268928,-0.000130067812279,-0.0000383613805752,-0.000217650798731,-0.000235471568885],[-0.0000697988652973,-0.000137600756716,-0.000236884006881,0.00360719207674,-0.000888826383743,-0.000502900453284,0.000954654533416,0.00000793850631453,0.0000507861332153,-0.000173593187355,0.00154032290448,-0.00105620035902,-0.000122418117826],[0.00017103330174,-0.000401365454309,0.000316473393468,-0.000888826383743,0.00425870157778,-0.00142099463847,-0.000509331759531,0.000809695746284,-0.00224969699048,0.00084923976101,0.00154892913997,-0.00133455719333,-0.00076397304656],[-0.000139032446896,0.000308519898681,-0.000767759163864,-0.000502900453284,-0.00142099463847,0.00692833960056,-0.00185294949915,-0.00144080142491,0.00110735418275,-0.000192901105038,-0.000974400434643,-0.00041043368401,0.000930013426114],[0.000152886233991,-0.000205410193303,0.000187016557902,0.000954654533416,-0.000509331759531,-0.00185294949915,0.00570834754035,-0.00216089282185,0.000502797716763,0.00142685347237,-0.00170918519143,0.000616006494965,-0.000560739077628],[-0.000144820282003,-0.000281230604742,0.0000403783014917,0.00000793850631453,0.000809695746284,-0.00144080142491,-0.00216089282185,0.00954918935895,-0.00222956668586,-0.000257546809735,0.000179995651706,-0.0004209142935,-0.00156748993322],[0.0000135719137688,0.000219930661842,0.000117762268928,0.0000507861332153,-0.00224969699048,0.00110735418275,0.000502797716763,-0.00222956668586,0.00982316862792,-0.00480561004952,0.0016129380092,-0.000669968605507,0.000866509391926],[-0.000104179336631,0.000128757063067,-0.000130067812279,-0.000173593187355,0.00084923976101,-0.000192901105038,0.00142685347237,-0.000257546809735,-0.00480561004952,0.0134924482554,-0.00633795838803,0.00227864575572,0.000689153908752],[0.000118877520435,-0.000222899761866,-0.0000383613805752,0.00154032290448,0.00154892913997,-0.000974400434643,-0.00170918519143,0.000179995651706,0.0016129380092,-0.00633795838803,0.0160120353103,-0.00610105646774,0.00233497912996],[-0.00017227124772,0.00033822961268,-0.000217650798731,-0.00105620035902,-0.00133455719333,-0.00041043368401,0.000616006494965,-0.0004209142935,-0.000669968605507,0.00227864575572,-0.00610105646774,0.0148228788748,-0.00497563043609],[0.000151126412675,-0.0000641156657366,-0.000235471568885,-0.000122418117826,-0.00076397304656,0.000930013426114,-0.000560739077628,-0.00156748993322,0.000866509391926,0.000689153908752,0.00233497912996,-0.00497563043609,0.013405919075]],"mean":[-680.718322754,158.34375,-10.7842884064,21.3186779022,3.51336431503,3.88207197189,-2.60198068619,4.54322957993,-5.26275920868,-1.80337154865,-3.69079494476,2.25431728363,-3.90011358261]},"pitch_salience":{"dmean":0.0595561340451,"dmean2":0.0962591767311,"dvar":0.00466621341184,"dvar2":0.0116664096713,"max":0.971612513065,"mean":0.585535466671,"median":0.594730615616,"min":0.0701013952494,"var":0.014919212088},"silence_rate_20dB":{"dmean":0,"dmean2":0,"dvar":0,"dvar2":0,"max":1,"mean":1,"median":1,"min":1,"var":0},"silence_rate_30dB":{"dmean":0.0146820684895,"dmean2":0.029367307201,"dvar":0.0144658843055,"dvar2":0.0412449389696,"max":1,"mean":0.991688251495,"median":1,"min":0,"var":0.00824239104986},"silence_rate_60dB":{"dmean":0.01597754471,"dmean2":0.0319585390389,"dvar":0.0157226361334,"dvar2":0.0343861505389,"max":1,"mean":0.0940198600292,"median":0,"min":0,"var":0.085188947618},"spectral_centroid":{"dmean":149.481704712,"dmean2":226.764678955,"dvar":46802.703125,"dvar2":95403.1171875,"max":11325.1035156,"mean":1017.04101562,"median":910.413696289,"min":151.609359741,"var":382399.78125},"spectral_complexity":{"dmean":2.41779112816,"dmean2":3.73353481293,"dvar":8.71049880981,"dvar2":17.4693412781,"max":53,"mean":16.5429611206,"median":16,"min":0,"var":62.8137283325},"spectral_contrast_coeffs":{"dmean":[0.0423352010548,0.0407946072519,0.0342430882156,0.0283811334521,0.0217311158776,0.0173063594848],"dmean2":[0.0698266997933,0.0660518333316,0.0546507388353,0.0448136292398,0.0331023447216,0.0262538623065],"dvar":[0.00137802772224,0.00118701800238,0.000851891119964,0.000601873500273,0.000385156949051,0.000297567923553],"dvar2":[0.0036067138426,0.00306012760848,0.00208687130362,0.00136340840254,0.000801296555437,0.000624148582574],"max":[-0.293636232615,-0.397826611996,-0.409459710121,-0.509493350983,-0.58013433218,-0.536863386631],"mean":[-0.610788166523,-0.69596529007,-0.734282493591,-0.74645793438,-0.75753903389,-0.758846819401],"median":[-0.608731150627,-0.695621311665,-0.744813680649,-0.751334786415,-0.75818502903,-0.759002327919],"min":[-0.961071252823,-0.966823279858,-0.967030525208,-0.96036863327,-0.963838756084,-0.957552373409],"var":[0.00820310320705,0.00724526820704,0.00687450729311,0.00471748551354,0.00324874278158,0.00233262055553]},"spectral_contrast_valleys":{"dmean":[0.336715817451,0.314369797707,0.278376549482,0.252607882023,0.257589012384,0.319703251123],"dmean2":[0.563475728035,0.516078829765,0.446945160627,0.39432322979,0.365630358458,0.403055489063],"dvar":[0.107251569629,0.0971914380789,0.0822142511606,0.082802683115,0.100408501923,0.181197956204],"dvar2":[0.259861141443,0.219303280115,0.175749361515,0.154992237687,0.171217232943,0.275937885046],"max":[-4.834649086,-4.36385059357,-5.03502130508,-5.20801353455,-5.67911481857,-8.03605651855],"mean":[-7.51792955399,-7.00968313217,-7.63865566254,-8.14143657684,-8.37155532837,-11.3332738876],"median":[-7.16887664795,-6.82361125946,-7.42751789093,-7.91703796387,-8.11862373352,-11.1673059464],"min":[-27.3835754395,-27.5038318634,-27.0784835815,-27.4751968384,-27.1978931427,-27.3121242523],"var":[2.97923707962,2.46556186676,2.16452980042,2.05900621414,2.00661635399,1.99963057041]},"spectral_decrease":{"dmean":2.07415573605e-9,"dmean2":3.3150695522e-9,"dvar":2.14055300831e-17,"dvar2":5.49089637453e-17,"max":1.76663438347e-16,"mean":-7.2591443967e-9,"median":-6.78996991965e-9,"min":-5.41756826067e-8,"var":3.30913901837e-17},"spectral_energy":{"dmean":0.00810676068068,"dmean2":0.0129179749638,"dvar":0.000312097603455,"dvar2":0.000799231696874,"max":0.205834522843,"mean":0.0289314836264,"median":0.0270068943501,"min":1.09254128397e-20,"var":0.000507737509906},"spectral_energyband_high":{"dmean":0.000130188214825,"dmean2":0.000191550672753,"dvar":1.54119348394e-7,"dvar2":3.44040500977e-7,"max":0.00850963871926,"mean":0.000264473172138,"median":0.0000742986740079,"min":7.8165587128e-21,"var":2.85972987513e-7},"spectral_energyband_low":{"dmean":0.00446150219068,"dmean2":0.00745046604425,"dvar":0.000303233624436,"dvar2":0.000792523380369,"max":0.201653331518,"mean":0.00778714613989,"median":0.00370409805328,"min":8.17934594764e-23,"var":0.000271407421678},"spectral_energyband_middle_high":{"dmean":0.00176309316885,"dmean2":0.00266576232389,"dvar":0.0000117355548355,"dvar2":0.000029301705581,"max":0.0703087896109,"mean":0.00601459946483,"median":0.00312249478884,"min":1.61321908705e-21,"var":0.0000632327282801},"spectral_energyband_middle_low":{"dmean":0.00430980045348,"dmean2":0.00678716041148,"dvar":0.0000513493687322,"dvar2":0.000126887025544,"max":0.100676119328,"mean":0.0153882121667,"median":0.0122578982264,"min":2.03396235488e-22,"var":0.000173912456376},"spectral_entropy":{"dmean":0.156597658992,"dmean2":0.223024785519,"dvar":0.0338156707585,"dvar2":0.0626247674227,"max":9.8050031662,"mean":7.12532138824,"median":7.13331604004,"min":5.26951360703,"var":0.259743958712},"spectral_flux":{"dmean":0.0209689233452,"dmean2":0.0335382707417,"dvar":0.00111303373706,"dvar2":0.00246636150405,"max":0.400432616472,"mean":0.0664712935686,"median":0.0547917187214,"min":1.04524701394e-10,"var":0.00262664770707},"spectral_kurtosis":{"dmean":3.68001556396,"dmean2":6.25850534439,"dvar":20.8279514313,"dvar2":57.6532554626,"max":78.4242401123,"mean":8.46552562714,"median":6.46059608459,"min":-1.16899645329,"var":54.2023086548},"spectral_rms":{"dmean":0.000630400318187,"dmean2":0.000966341642197,"dvar":0.00000108939241272,"dvar2":0.00000257073725152,"max":0.0141708916053,"mean":0.0048760259524,"median":0.00513304863125,"min":3.26480314138e-12,"var":0.00000445011301053},"spectral_rolloff":{"dmean":246.059158325,"dmean2":419.761566162,"dvar":304922.5,"dvar2":673257.625,"max":21597.8027344,"mean":1405.37084961,"median":904.39453125,"min":64.599609375,"var":7949586},"spectral_skewness":{"dmean":0.352482199669,"dmean2":0.575765490532,"dvar":0.134747892618,"dvar2":0.346729397774,"max":6.94181060791,"mean":1.94931745529,"median":1.83842039108,"min":-0.0632535219193,"var":0.556086540222},"spectral_spread":{"dmean":431210.4375,"dmean2":615068.5,"dvar":416022429696,"dvar2":714504273920,"max":39076836,"mean":3432602.5,"median":3058772.25,"min":786068.75,"var":4086007595010},"spectral_strongpeak":{"dmean":0.511531233788,"dmean2":0.857351839542,"dvar":0.772810816765,"dvar2":1.8373978138,"max":13.9338541031,"mean":1.26979613304,"median":0.693878889084,"min":0,"var":2.46353006363},"zerocrossingrate":{"dmean":0.0061037526466,"dmean2":0.00735368859023,"dvar":0.0000783208743087,"dvar2":0.0000869089417392,"max":0.7294921875,"mean":0.0522262752056,"median":0.03857421875,"min":0.0029296875,"var":0.00801914930344}},"metadata":{"audio_properties":{"analysis_sample_rate":44100,"bit_rate":320000,"codec":"mp3","downmix":"mix","equal_loudness":0,"length":215.066116333,"lossless":false,"md5_encoded":"3d2d2257d096a41331f24b764cf4827b","replay_gain":-9.67252922058,"sample_rate":44100},"tags":{"album":["Farther Along"],"albumartist":["Byrds"],"artist":["The Byrds"],"bpm":["54"],"composer":["Bob Rafkin"],"date":["1971"],"discnumber":["1/1"],"encodedby":["iTunes v7.1.1"],"file_name":"10 Lazy Waters 1.mp3","genre":["Classic Rock"],"initialkey":["B"],"language":["eng"],"musicbrainz_recordingid":["f3f644b4-e76b-4c3b-9feb-ec3d9641ce00"],"title":["Lazy Waters"],"tracknumber":["10"]},"version":{"essentia":"2.1-beta2","essentia_build_sha":"cead25079874084f62182a551b7393616cd33d87","essentia_git_sha":"v2.1_beta2-1-ge3940c0","extractor":"music 1.0"}},"rhythm":{"beats_count":394,"beats_loudness":{"dmean":0.0177894476801,"dmean2":0.0325326882303,"dvar":0.000332072027959,"dvar2":0.00106847716961,"max":0.129671812057,"mean":0.0363433137536,"median":0.0343041419983,"min":7.82115761044e-10,"var":0.000524711736944},"beats_loudness_band_ratio":{"dmean":[0.222016200423,0.210760846734,0.14978736639,0.11677377671,0.0562138408422,0.0294057615101],"dmean2":[0.366089910269,0.350874245167,0.251941710711,0.205901354551,0.0974703580141,0.053393740207],"dvar":[0.0381963029504,0.030141800642,0.0230482425541,0.019447080791,0.00498596020043,0.00387243740261],"dvar2":[0.0903996676207,0.0780491903424,0.0629769563675,0.0591871440411,0.0132136670873,0.00920786801726],"max":[0.971228063107,0.917306542397,0.805522739887,0.787423074245,0.749243855476,0.977289915085],"mean":[0.373817622662,0.268976360559,0.194000452757,0.124247282743,0.064221560955,0.0439047925174],"median":[0.308959007263,0.230668485165,0.13095754385,0.0699711889029,0.0441643930972,0.0164573937654],"min":[0.000775949389208,0.000635