{"lowlevel":{"average_loudness":0.909481048584,"barkbands":{"dmean":[0.00216029398143,0.0102668413892,0.00274390750565,0.00111933308654,0.00290221604519,0.0012119266903,0.00101662718225,0.000493439205457,0.000589664618019,0.000761850329582,0.000529120734427,0.000582639186177,0.000350639980752,0.000172980478965,0.000157921342179,0.000174519926077,0.000158954382641,0.000232275415328,0.000181067487574,0.000132292727358,0.0000855067628436,0.0000684312617523,0.0000407728548453,0.00000229688794207,0.00000222795529226,0.0000134789406729,0.000215346488403],"dmean2":[0.00365553819574,0.016170328483,0.00478006480262,0.00189431302715,0.00463754544035,0.00196707504801,0.00162060710136,0.000801884219982,0.000945812498685,0.00123735459056,0.00086134346202,0.000952426227741,0.000576672900934,0.000288985640509,0.000262025714619,0.000284187321085,0.000262878631474,0.000371476955479,0.000286791444523,0.000202407565666,0.000131218141178,0.000101536468719,0.0000624316016911,0.00000379276457352,0.00000366501399185,0.0000207953653444,0.000318960257573],"dvar":[0.0000322850937664,0.000596721190959,0.0000598155420448,0.00000458261092717,0.0000344608561136,0.00000826481664262,0.00000734579725759,0.00000285898659058,0.00000486086673845,0.00000379334574063,0.00000258853469859,0.00000139305745961,3.9464455881e-7,1.21135755649e-7,5.51041665631e-8,1.10327782465e-7,1.03202701496e-7,2.24413327032e-7,1.63037668699e-7,1.14863176748e-7,3.88295369191e-8,1.32655673113e-8,5.35782263e-9,1.78203788531e-11,1.64027263994e-11,4.64136645784e-10,1.12579179756e-7],"dvar2":[0.0000847101109684,0.00137805147097,0.000162557611475,0.0000124172238429,0.0000781182534411,0.000018887951228,0.0000162016694958,0.00000697770474289,0.0000121276489153,0.00000907026878849,0.00000632101546216,0.0000033595279092,9.81831931313e-7,3.16727124527e-7,1.37943615641e-7,2.64594149257e-7,2.74045390825e-7,5.44939382507e-7,4.02040370773e-7,2.43818504941e-7,8.99983021441e-8,2.89126340647e-8,1.26535679712e-8,4.27587930341e-11,3.9180655248e-11,1.10329567704e-9,2.38674971342e-7],"max":[0.0680769607425,0.308385282755,0.190685212612,0.0484352856874,0.114991873503,0.0909918695688,0.0656492784619,0.0437197163701,0.0840467810631,0.0514396727085,0.0522318892181,0.0337088927627,0.0231856461614,0.0137774590403,0.00556310545653,0.0117356851697,0.00692768394947,0.0121329342946,0.0131284566596,0.0101454118267,0.00604897923768,0.00349273183383,0.00184241030365,0.0000958898817771,0.0000939249657677,0.000233147176914,0.010285130702],"mean":[0.00223846849985,0.0121883014217,0.00283177918755,0.0013940569479,0.00429530953988,0.00174983718898,0.00139784801286,0.000646725355182,0.000791447469965,0.00108082301449,0.000727318518329,0.000962647609413,0.000587625720073,0.000297928927466,0.000295548263239,0.000332748779329,0.000278829567833,0.000443184690084,0.00036330812145,0.000255619146628,0.000176966423169,0.000149171013618,0.0000670153531246,0.00000226769725487,0.00000226685733651,0.0000210887883441,0.000864296336658],"median":[0.000686336949002,0.00413295114413,0.0010652464116,0.000724059820641,0.00170879415236,0.000937864708249,0.000491455080919,0.000192248626263,0.000249561941018,0.000487792363856,0.000255293824011,0.000537899963092,0.000351198919816,0.000177519439603,0.000200858572498,0.000202889918,0.000133118111989,0.000180808958248,0.000125090053189,0.0000799321787781,0.0000570424126636,0.0000510144636792,0.0000227811451623,7.92077685219e-7,8.63201591983e-7,0.00000826516043162,0.000541923276614],"min":[9.43903627533e-26,7.77269876118e-25,5.61524405756e-25,1.33953896657e-24,7.73209194887e-24,8.4554624106e-24,6.42452107744e-24,4.02239150053e-24,1.38161919356e-23,9.83998745218e-24,9.77206179508e-24,2.15516941301e-23,2.60677508408e-23,3.06259343016e-23,4.15223153687e-23,6.58156624428e-23,6.51803832895e-23,1.11458296138e-22,1.68312953082e-22,1.52151578649e-22,2.57855355365e-22,2.35444864655e-22,4.24374804779e-22,4.68198211631e-22,9.00252608877e-22,1.32093372708e-21,1.97042055559e-21],"var":[0.0000285588357656,0.000655854586512,0.0000470494233014,0.00000502117654833,0.0000698043950251,0.0000129835707412,0.000012001966752,0.00000433199829786,0.00000658410726828,0.0000053934868447,0.00000384197937819,0.00000249110394179,7.09405128418e-7,2.20759190483e-7,1.17977720038e-7,2.68465726094e-7,1.63132924058e-7,5.22077186815e-7,3.96722754203e-7,2.66009237748e-7,1.06215907181e-7,4.59915838746e-8,1.00480805898e-8,1.92203770261e-11,1.80028023739e-11,8.10795652839e-10,0.0000010281358982]},"barkbands_crest":{"dmean":3.21006321907,"dmean2":5.05325937271,"dvar":8.41696834564,"dvar2":18.8667221069,"max":25.330947876,"mean":10.383523941,"median":9.23459243774,"min":2.43432092667,"var":23.7045593262},"barkbands_flatness_db":{"dmean":0.0269664507359,"dmean2":0.041688747704,"dvar":0.00063550809864,"dvar2":0.00150485953782,"max":0.387801140547,"mean":0.128576278687,"median":0.120853051543,"min":0.031198490411,"var":0.0024735040497},"barkbands_kurtosis":{"dmean":5.52369308472,"dmean2":8.87006950378,"dvar":168.714019775,"dvar2":431.109710693,"max":382.493011475,"mean":7.82579708099,"median":3.53354549408,"min":-1.72932767868,"var":216.564208984},"barkbands_skewness":{"dmean":0.730937242508,"dmean2":1.11317324638,"dvar":0.800563454628,"dvar2":1.8134291172,"max":15.858622551,"mean":2.06162762642,"median":1.79060184956,"min":-2.1480755806,"var":2.36170887947},"barkbands_spread":{"dmean":7.96565437317,"dmean2":12.1311044693,"dvar":69.9437255859,"dvar2":144.599822998,"max":113.116569519,"mean":32.0419998169,"median":26.7058925629,"min":0.640626251698,"var":424.050842285},"dissonance":{"dmean":0.0139590073377,"dmean2":0.0240351762623,"dvar":0.000215673091589,"dvar2":0.00060857727658,"max":0.499999970198,"mean":0.478511929512,"median":0.483687222004,"min":0.320947557688,"var":0.00034752234933},"dynamic_complexity":2.87548518181,"erbbands":{"dmean":[0.449156761169,1.81697523594,3.12805747986,3.3077340126,6.47956991196,11.9251031876,7.93306779861,11.4897880554,14.4918241501,12.9980449677,10.9963569641,12.9074907303,19.4763412476,22.2887744904,21.2076568604,23.3016872406,15.749212265,8.73478603363,8.1194229126,8.3054485321,8.80833053589,8.9084186554,11.5385780334,11.4876947403,7.78048086166,6.4308848381,4.32411527634,2.80505108833,2.52693033218,2.47855973244,0.575392186642,0.0584015548229,0.0367123782635,0.0249422937632,0.0158779174089,0.00928137917072,0.0126581108198,0.0518595390022,0.021265828982,0.00543232262135],"dmean2":[0.717077612877,2.88188028336,5.35112047195,5.66115236282,10.4108438492,19.2100353241,12.9546785355,18.7803573608,23.3515892029,20.591342926,17.9008541107,20.831029892,31.4936122894,35.6049118042,34.0661354065,37.8870162964,25.6412467957,14.3562755585,13.5861492157,13.6530866623,14.3311138153,14.6290912628,18.5104522705,18.2517223358,12.173491478,9.82211399078,6.6916680336,4.24120092392,3.80088710785,3.68325281143,0.876877605915,0.0943257212639,0.0605205819011,0.0410868264735,0.0260638780892,0.0151316709816,0.0189905483276,0.0737413838506,0.0304366610944,0.00824210699648],"dvar":[1.62025868893,13.5339431763,65.4956817627,59.9493675232,135.823791504,768.240783691,352.27053833,932.361450195,1182.03491211,2298.42749023,1601.10925293,3185.35205078,3262.73950195,3241.48120117,3677.41577148,2156.0546875,801.003417969,339.906799316,141.888763428,179.678359985,293.217132568,333.26171875,523.083435059,662.346557617,310.713134766,300.52255249,105.977401733,38.7003707886,19.5707912445,19.9636802673,1.03625249863,0.00931138079613,0.00453399028629,0.00208408338949,0.00082002254203,0.000262304383796,0.000297693826724,0.00584926083684,0.00126527715474,0.000065627929871],"dvar2":[3.86839127541,31.3285713196,175.761489868,164.915039062,314.530883789,1749.26879883,820.962768555,2140.0625,2734.91650391,5023.26464844,3972.71801758,7984.04296875,7780.64208984,7962.48486328,8467.953125,5096.51074219,1963.58935547,866.288635254,360.747467041,449.765899658,710.145385742,880.665283203,1277.17346191,1622.84033203,735.451538086,637.944335938,240.262252808,88.0801773071,44.2422523499,44.6197547913,2.40538072586,0.0219864659011,0.0108602540568,0.00498346332461,0.00195601047017,0.000623071624432,0.000656315532979,0.0124160721898,0.00267728278413,0.000148460429045],"max":[16.5152549744,58.7533874512,210.362167358,176.328704834,297.484100342,544.360351562,728.103637695,1017.28692627,644.611450195,2024.12451172,1362.99963379,2565.78881836,1875.98681641,1336.51672363,1986.90368652,1452.4864502,975.316162109,747.897827148,249.591751099,357.603210449,534.244018555,402.441619873,492.557159424,718.614624023,745.438720703,543.589111328,263.60748291,202.154251099,127.555686951,122.343414307,24.445854187,2.11647415161,1.54156887531,1.05540955067,0.665489673615,0.375955939293,0.201420426369,1.28863239288,0.756616175175,0.255976527929],"mean":[0.469771206379,2.26620197296,3.56263685226,4.0379242897,9.45255374908,16.1378421783,11.2928094864,15.9726848602,20.38240242,17.93450737,15.0235071182,17.8251056671,28.0852508545,33.1381530762,33.1378517151,39.9505271912,28.3755760193,16.5869407654,15.2652521133,17.1284236908,17.2710494995,16.6861572266,22.4384021759,23.0071983337,15.7836961746,12.3805408478,8.82051181793,6.0452837944,5.47593164444,4.69572734833,0.94063192606,0.0745131224394,0.0377253815532,0.0253138132393,0.0164274293929,0.0103750824928,0.0240132920444,0.125291675329,0.070489577949,0.023592364043],"median":[0.108802907169,0.835700571537,1.55941021442,2.18938064575,4.71038246155,4.88002729416,5.36861658096,8.1624212265,8.28657627106,5.25753498077,4.76136779785,5.60750055313,11.9865350723,14.3040342331,14.68683815,22.9743232727,17.9660148621,10.3229627609,10.2368431091,11.6252040863,10.4215736389,8.22913742065,9.50333118439,8.44022369385,5.38103818893,3.78502559662,2.86406564713,2.02001667023,1.82496142387,1.58231341839,0.34017059207,0.0418211966753,0.0144174434245,0.00951621774584,0.00647878181189,0.00486049521714,0.0120709566399,0.042650282383,0.0301640238613,0.0178451426327],"min":[5.78661280851e-23,1.69190759632e-22,1.68952044011e-21,6.5280043811e-21,1.24742592613e-20,1.7873828536e-20,3.42000506135e-20,8.12233329637e-20,1.47364397475e-19,1.41188486076e-19,2.24045203482e-19,3.70396278857e-19,4.50392502307e-19,8.33772776746e-19,5.61908959986e-19,1.26098617902e-18,1.29919551267e-18,1.76200658092e-18,2.28633072861e-18,2.93109009875e-18,3.77863010772e-18,4.16902006577e-18,4.93731575847e-18,7.11501554557e-18,8.10801030217e-18,7.72801345493e-18,1.02186418716e-17,9.10476955775e-18,8.16054619724e-18,9.81700349802e-18,1.32051816091e-17,9.81368981248e-18,8.40062048078e-18,7.18179797233e-18,6.80029482919e-18,4.22941500383e-18,2.45136877045e-18,9.31958236577e-19,2.48559890007e-19,2.58531180706e-20],"var":[1.52704370022,17.382806778,55.8751373291,49.0374946594,264.057403564,1401.37280273,679.990234375,1354.55200195,1976.78552246,3441.24951172,2253,4027.16748047,4625.23583984,4999.98974609,6120.33007812,3830.86621094,1517.48632812,671.504821777,278.835357666,410.236236572,638.451782227,554.854675293,1188.42224121,1774.65014648,752.652709961,659.514465332,274.889709473,109.056442261,65.6752548218,46.6901359558,1.87347650528,0.0115723898634,0.00492528127506,0.00227353558876,0.00090735318372,0.000299002829706,0.000745315046515,0.0256010964513,0.00972656533122,0.000497385510243]},"erbbands_crest":{"dmean":2.39031672478,"dmean2":3.92102074623,"dvar":5.86305618286,"dvar2":14.585267067,"max":29.4662532806,"mean":7.39442491531,"median":6.43690299988,"min":2.41449260712,"var":13.5117311478},"erbbands_flatness_db":{"dmean":0.0204630997032,"dmean2":0.0307062342763,"dvar":0.000335342105245,"dvar2":0.00072744092904,"max":0.325644493103,"mean":0.141179040074,"median":0.134362250566,"min":0.0460558012128,"var":0.00150361377746},"erbbands_kurtosis":{"dmean":0.767383098602,"dmean2":1.20604670048,"dvar":1.3877440691,"dvar2":3.19200658798,"max":31.6357154846,"mean":0.144672214985,"median":-0.255114793777,"min":-1.79786789417,"var":2.58836817741},"erbbands_skewness":{"dmean":0.324736833572,"dmean2":0.498886495829,"dvar":0.0935864597559,"dvar2":0.204086109996,"max":4.54914188385,"mean":-0.0238295570016,"median":-0.0513268187642,"min":-3.4813554287,"var":0.452287435532},"erbbands_spread":{"dmean":7.85239553452,"dmean2":11.8194923401,"dvar":56.7608222961,"dvar2":119.267967224,"max":124.701850891,"mean":35.6905822754,"median":34.4298019409,"min":3.10662961006,"var":195.398178101},"gfcc":{"cov":[[22297.0566406,803.847167969,-1620.02209473,380.664428711,-198.450775146,-616.929382324,417.032775879,-465.712493896,8.055560112,-205.020614624,-93.8835983276,214.792327881,-324.36151123],[803.847167969,1029.7097168,77.9851531982,-323.225341797,148.939559937,176.534408569,-170.073944092,93.9718475342,-0.48893237114,-4.63002824783,62.6290130615,-93.0796203613,186.513137817],[-1620.02209473,77.9851531982,553.949462891,106.365142822,50.3555641174,301.943237305,-121.584068298,183.016113281,16.1441173553,99.5087966919,31.1344528198,-18.8574867249,91.8528900146],[380.664428711,-323.225341797,106.365142822,472.210205078,101.754318237,-52.8296012878,215.075469971,-42.6090812683,37.4825401306,26.5250453949,-7.91958713531,93.3103637695,-81.1889572144],[-198.450775146,148.939559937,50.3555641174,101.754318237,247.614624023,82.0310058594,72.4414901733,11.7679653168,16.6876411438,16.0807819366,32.4769897461,-2.30748128891,63.0221366882],[-616.929382324,176.534408569,301.943237305,-52.8296012878,82.0310058594,374.605072021,-115.199073792,164.872344971,-6.01648569107,67.6528778076,34.4714012146,-27.3292064667,124.275489807],[417.032775879,-170.073944092,-121.584068298,215.075469971,72.4414901733,-115.199073792,318.324981689,-89.3670196533,79.4124603271,-7.56041765213,-13.5821790695,101.404495239,-89.2411956787],[-465.712493896,93.9718475342,183.016113281,-42.6090812683,11.7679653168,164.872344971,-89.3670196533,226.620605469,11.1210641861,56.1888542175,48.9267272949,-45.827911377,88.7129898071],[8.055560112,-0.48893237114,16.1441173553,37.4825401306,16.6876411438,-6.01648569107,79.4124603271,11.1210641861,142.263671875,59.2669563293,-2.65771818161,37.7244567871,-31.080329895],[-205.020614624,-4.63002824783,99.5087966919,26.5250453949,16.0807819366,67.6528778076,-7.56041765213,56.1888542175,59.2669563293,100.037902832,43.4546966553,5.0936794281,22.7980365753],[-93.8835983276,62.6290130615,31.1344528198,-7.91958713531,32.4769897461,34.4714012146,-13.5821790695,48.9267272949,-2.65771818161,43.4546966553,87.2292098999,19.8256187439,39.2612686157],[214.792327881,-93.0796203613,-18.8574867249,93.3103637695,-2.30748128891,-27.3292064667,101.404495239,-45.827911377,37.7244567871,5.0936794281,19.8256187439,112.166114807,-28.1990413666],[-324.36151123,186.513137817,91.8528900146,-81.1889572144,63.0221366882,124.275489807,-89.2411956787,88.7129898071,-31.080329895,22.7980365753,39.2612686157,-28.1990413666,137.110519409]],"icov":[[0.000122555895359,-0.000424752390245,0.000836218358018,-0.000745777564589,0.00045999683789,-0.000378674565582,0.000249337928835,-0.000155921283294,0.000189188212971,-0.000413212343119,0.000342570332577,-0.000247312040301,0.000223517039558],[-0.000424752390245,0.00352603662759,-0.00351623911411,0.0037774303928,-0.00248250435106,0.00116652029101,-0.000848563096952,0.00146343046799,-0.00279543944634,0.00410274695605,-0.00342622818425,0.00234059221111,-0.00247777928598],[0.000836218358018,-0.00351623911411,0.0110724857077,-0.00816837418824,0.00406501814723,-0.00573499547318,0.00398423336446,-0.00248706387356,0.00116267439444,-0.00496098445728,0.00380361638963,-0.00223550293595,0.00157850177493],[-0.000745777564589,0.0037774303928,-0.00816837418824,0.0119963195175,-0.00768691860139,0.00538493739441,-0.0039180656895,-0.00100805389229,0.00330160022713,-0.00164324382786,0.00183954229578,-0.00330302468501,0.00224295747466],[0.00045999683789,-0.00248250435106,0.00406501814723,-0.00768691860139,0.0131057975814,-0.00548525014892,-0.00217400304973,0.00432513514534,-0.00496832560748,0.00478180171922,-0.00675656273961,0.0078288866207,-0.00645191688091],[-0.000378674565582,0.00116652029101,-0.00573499547318,0.00538493739441,-0.00548525014892,0.00967980269343,-0.000455108325696,-0.00346680381335,0.0037665606942,-0.00418549450114,0.00486829411238,-0.00458420207724,-0.00054465472931],[0.000249337928835,-0.000848563096952,0.00398423336446,-0.0039180656895,-0.00217400304973,-0.000455108325696,0.00978973228484,-0.00155279075261,-0.00201706937514,-0.000541583751328,0.00255564018153,-0.00582550885156,0.00324621633627],[-0.000155921283294,0.00146343046799,-0.00248706387356,-0.00100805389229,0.00432513514534,-0.00346680381335,-0.00155279075261,0.01281627547,-0.00779120856896,0.00737545266747,-0.0111314645037,0.0102783245966,-0.00713024148718],[0.000189188212971,-0.00279543944634,0.00116267439444,0.00330160022713,-0.00496832560748,0.0037665606942,-0.00201706937514,-0.00779120856896,0.0236668419093,-0.0222142376006,0.0170931536704,-0.0133771384135,0.00943692680448],[-0.000413212343119,0.00410274695605,-0.00496098445728,-0.00164324382786,0.00478180171922,-0.00418549450114,-0.000541583751328,0.00737545266747,-0.0222142376006,0.0379201136529,-0.0252589173615,0.0153395459056,-0.00868996977806],[0.000342570332577,-0.00342622818425,0.00380361638963,0.00183954229578,-0.00675656273961,0.00486829411238,0.00255564018153,-0.0111314645037,0.0170931536704,-0.0252589173615,0.0354718230665,-0.0197064056993,0.00543540995568],[-0.000247312040301,0.00234059221111,-0.00223550293595,-0.00330302468501,0.0078288866207,-0.00458420207724,-0.00582550885156,0.0102783245966,-0.0133771384135,0.0153395459056,-0.0197064056993,0.0273818597198,-0.00842111650854],[0.000223517039558,-0.00247777928598,0.00157850177493,0.00224295747466,-0.00645191688091,-0.00054465472931,0.00324621633627,-0.00713024148718,0.00943692680448,-0.00868996977806,0.00543540995568,-0.00842111650854,0.0219446532428]],"mean":[-12.6632890701,91.9666671753,-97.7811813354,2.97002720833,-8.75315475464,-25.1025371552,9.58528614044,-28.4008922577,-1.68995082378,-11.8565139771,-6.72699975967,6.56832504272,-8.99256706238]},"hfc":{"dmean":43.7545967102,"dmean2":70.3901138306,"dvar":3818.49121094,"dvar2":9193.38867188,"max":2052.95263672,"mean":143.21987915,"median":128.585327148,"min":1.08609773958e-16,"var":9917.43847656},"melbands":{"dmean":[0.00335401855409,0.00181478902232,0.000610034447163,0.000696961185895,0.000320653954986,0.000252236990491,0.000218865956413,0.000131498163682,0.0000942592378124,0.0000823959053378,0.000100291275885,0.0000950336907408,0.0000739230745239,0.0000657186101307,0.0000572128810745,0.0000267069644906,0.000016699623302,0.0000142232411235,0.0000121561497508,0.0000123926320157,0.00001055769917,0.00000941756843531,0.000010631772966,0.0000115632219604,0.0000100220149761,0.0000062867206907,0.00000508129141963,0.00000462638718091,0.00000301915679302,0.00000244384455073,0.00000162002413617,0.00000160179354225,0.00000144785508382,0.00000151284564254,4.44805522193e-7,3.55949438813e-8,2.99808107229e-8,2.60253898432e-8,2.29003358498e-8,2.03760315287e-8],"dmean2":[0.00529611483216,0.00297079398297,0.00102476740722,0.0011127598118,0.000521152163856,0.000409853324527,0.000350827001967,0.000207867109566,0.000154398963787,0.000132558663609,0.000162269832799,0.000152540873387,0.000119628362881,0.000106402214442,0.0000942021797528,0.0000437979288108,0.0000276801583823,0.0000239836881519,0.0000202637002076,0.000020351173589,0.0000173209955392,0.0000156885198521,0.0000174207889359,0.0000184880100278,0.0000160966665135,0.00000995990922092,0.0000079927212937,0.00000722428103472,0.00000474583566756,0.00000384335680792,0.00000250987568506,0.00000248894343713,0.00000218721584133,0.00000227999271374,6.98402402577e-7,5.88990900496e-8,4.9545246128e-8,4.29797282209e-8,3.77750772884e-8,3.35591465728e-8],"dvar":[0.0000769311882323,0.00001377213448,0.00000156124917794,0.00000211143810702,5.70086285734e-7,4.13062849702e-7,2.81138909486e-7,2.24213792421e-7,1.26140449197e-7,1.21419105881e-7,8.42077412244e-8,5.94727076475e-8,5.01376042905e-8,2.20372342596e-8,1.00418464655e-8,1.95254190594e-9,1.41520961616e-9,4.50993492551e-10,3.60800639365e-10,5.69134461781e-10,4.14873552179e-10,3.63072322207e-10,4.70987249201e-10,5.5016124989e-10,5.36597488665e-10,1.95236132816e-10,1.51493789735e-10,1.70771397023e-10,5.26674537316e-11,3.37601127609e-11,1.31889161051e-11,9.23648137141e-12,6.93339829994e-12,7.58813584883e-12,6.82759025098e-13,4.21087691354e-15,3.03284699566e-15,2.29514186146e-15,1.77115086903e-15,1.38806454852e-15],"dvar2":[0.000180179718882,0.0000354225448973,0.0000041862344915,0.00000487119950776,0.00000129609850319,9.43765996908e-7,6.3453455823e-7,4.9375665867e-7,3.15512210136e-7,3.05026048864e-7,2.00379361104e-7,1.45813899621e-7,1.1828484503e-7,5.23560359511e-8,2.46168720963e-8,4.85987561305e-9,3.5970664225e-9,1.1581956505e-9,9.18506437575e-10,1.38444633535e-9,9.995747563e-10,9.67909530303e-10,1.21655741037e-9,1.32390765017e-9,1.339771738e-9,4.74542960482e-10,3.40564881851e-10,3.80698972346e-10,1.21360532734e-10,8.17609799308e-11,3.094314735e-11,2.2626563817e-11,1.51952374294e-11,1.76041594496e-11,1.64811274437e-12,1.01137758311e-14,7.28490516879e-15,5.50393792906e-15,4.24109227284e-15,3.31850081031e-15],"max":[0.111502751708,0.0879711955786,0.0273769795895,0.0321252867579,0.0236029289663,0.020475320518,0.0114637790248,0.0199624337256,0.0124581614509,0.0162890814245,0.00956987310201,0.00587094947696,0.00797198805958,0.00467327656224,0.00257396139205,0.00111134839244,0.00154689827468,0.00041981798131,0.00045408209553,0.00105311512016,0.000611220952123,0.000403028854635,0.000520826491993,0.000699835829437,0.000669323839247,0.000469627324492,0.000484946824145,0.000356883479981,0.000188496109331,0.000189201513422,0.00011069572065,0.0000752094492782,0.0000898330763448,0.0000627846748102,0.00001858255564,0.00000141151303978,0.00000124231939935,0.00000109533743853,9.69607299339e-7,8.62405215685e-7],"mean":[0.00386929931119,0.00227267970331,0.000829769996926,0.00100494816434,0.000459896662505,0.000358437479008,0.000309845490847,0.00018082067254,0.000123956939206,0.000111065812234,0.000141371318023,0.000135904978379,0.000106405561382,0.000107689767901,0.0000930528040044,0.000046607285185,0.0000287839211524,0.0000241414018092,0.0000227634718613,0.0000234035323956,0.0000189685160876,0.0000162317828654,0.0000187057139556,0.0000214321080421,0.0000187359473784,0.0000119048763736,0.00000955251471169,0.00000812691723695,0.00000567730967305,0.00000447706042905,0.00000321417587656,0.00000323387098433,0.00000274787953458,0.00000262439743892,6.38002461528e-7,3.51665008225e-8,2.9464928275e-8,2.57156784755e-8,2.28285603754e-8,2.05520969132e-8],"median":[0.00119968666695,0.00108192604966,0.000485299737193,0.000388694374124,0.000199072732357,0.000185297438293,0.00012372576748,0.0000513734667038,0.0000380897508876,0.0000344783475157,0.000059656376834,0.0000572444623685,0.0000411419059674,0.0000577477585466,0.0000538327585673,0.0000286085014523,0.0000165128421941,0.0000154531135195,0.0000153225810209,0.0000148114140757,0.0000107143687273,0.00000787489898357,0.00000802984231996,0.00000852506400406,0.00000638198844172,0.00000410989287047,0.00000302727266899,0.00000233393257076,0.00000178628135927,0.00000132299487632,0.00000106459765448,9.98380642159e-7,9.21804542031e-7,8.59923545704e-7,2.05563708278e-7,1.23271162167e-8,1.01451469448e-8,9.04368491206e-9,8.24828827461e-9,7.6351209799e-9],"min":[7.57488301451e-25,7.32188201018e-25,1.28939916465e-24,7.20171877279e-25,1.1843427122e-24,1.67176704655e-24,1.67991183818e-24,1.25107354086e-24,1.98050807498e-24,1.95247925537e-24,1.95496830874e-24,2.88786614335e-24,1.41595996537e-24,3.05411266267e-24,1.82815142405e-24,2.96784598952e-24,3.02441224681e-24,3.40834453849e-24,3.46218113983e-24,4.24660628018e-24,3.77273240682e-24,3.602966779e-24,4.27763257401e-24,4.7956727973e-24,4.10965489944e-24,5.93706420258e-24,4.57746440459e-24,5.35623498997e-24,5.21226432489e-24,5.76883330366e-24,4.75434950207e-24,3.99620920709e-24,4.83543769781e-24,4.52066681384e-24,6.71497492958e-24,5.4550469181e-24,4.55874710189e-24,5.63505274933e-24,5.80441290264e-24,5.83784679995e-24],"var":[0.0000789246696513,0.0000145681160575,0.00000158451859988,0.00000402584146286,0.00000115325792649,6.26082055533e-7,4.76518806636e-7,3.48370662095e-7,1.71736857624e-7,1.50051050696e-7,1.19147358646e-7,8.91788900503e-8,7.70644774661e-8,3.91186070203e-8,1.72747842697e-8,4.01274746764e-9,2.60981192213e-9,7.86667453401e-10,7.49432904623e-10,1.38820410722e-9,8.25198909205e-10,5.58015744723e-10,8.38959457461e-10,1.2579608466e-9,1.34265432106e-9,4.38819341975e-10,3.40101752316e-10,3.25525523204e-10,1.23519611206e-10,7.36501137855e-11,3.188640324e-11,2.66239651853e-11,1.72851750274e-11,1.54161995669e-11,1.02666041901e-12,4.52602483893e-15,3.26261548228e-15,2.47725585095e-15,1.9208221202e-15,1.51537878857e-15]},"melbands_crest":{"dmean":4.57730054855,"dmean2":7.29131698608,"dvar":16.6224632263,"dvar2":37.428691864,"max":36.0115623474,"mean":15.6941308975,"median":14.918176651,"min":1.66357827187,"var":42.6232337952},"melbands_flatness_db":{"dmean":0.0357277840376,"dmean2":0.0547023080289,"dvar":0.000992057146505,"dvar2":0.0023006151896,"max":0.548661589622,"mean":0.234351396561,"median":0.228667482734,"min":0.00341998809017,"var":0.00523443659768},"melbands_kurtosis":{"dmean":10.8183069229,"dmean2":17.415145874,"dvar":696.540527344,"dvar2":1768.75695801,"max":588.395141602,"mean":14.7324781418,"median":6.92486381531,"min":-1.83850729465,"var":732.378051758},"melbands_skewness":{"dmean":1.0120677948,"dmean2":1.5404779911,"dvar":1.56829380989,"dvar2":3.5195543766,"max":20.4449977875,"mean":2.81861114502,"median":2.43526697159,"min":-2.61931109428,"var":3.6144297123},"melbands_spread":{"dmean":7.4630408287,"dmean2":11.3391685486,"dvar":79.6873168945,"dvar2":156.200668335,"max":163.812835693,"mean":23.4633464813,"median":18.1764812469,"min":0.384964615107,"var":448.252655029},"mfcc":{"cov":[[8516.6953125,835.837280273,-884.383972168,1027.49804688,-642.260742188,275.510253906,-116.146697998,226.331619263,-118.571250916,-151.804504395,262.846893311,-180.567733765,103.903564453],[835.837280273,1397.29248047,-36.4520950317,-289.855743408,232.012435913,-7.46725082397,21.8788814545,-38.6487121582,67.9710540771,13.7922058105,-83.9528121948,36.4452781677,14.7489089966],[-884.383972168,-36.4520950317,599.222961426,-240.887863159,289.587860107,-32.8473625183,64.3364181519,-5.67712545395,60.3099212646,101.880889893,-50.906414032,87.8967895508,-11.2030534744],[1027.49804688,-289.855743408,-240.887863159,705.678039551,-261.205535889,189.105834961,-8.95140838623,100.5701828,-21.4733371735,-52.9017601013,137.195526123,-82.6154098511,63.2680091858],[-642.260742188,232.012435913,289.587860107,-261.205535889,425.666229248,-28.7357196808,123.320587158,-37.8351593018,71.2662811279,78.1919708252,-90.7873458862,95.7718658447,-33.3403205872],[275.510253906,-7.46725082397,-32.8473625183,189.105834961,-28.7357196808,250.910125732,25.7287693024,58.3133125305,36.1704559326,-2.13454937935,36.1305885315,-26.6241893768,61.793800354],[-116.146697998,21.8788814545,64.3364181519,-8.95140838623,123.320587158,25.7287693024,167.320510864,32.9800109863,24.7724342346,15.7590227127,-34.0104255676,33.7763366699,-7.72346401215],[226.331619263,-38.6487121582,-5.67712545395,100.5701828,-37.8351593018,58.3133125305,32.9800109863,117.144485474,27.7680339813,1.02141213417,33.8553314209,-17.5464992523,27.8752765656],[-118.571250916,67.9710540771,60.3099212646,-21.4733371735,71.2662811279,36.1704559326,24.7724342346,27.7680339813,107.203796387,60.645652771,0.331738263369,24.8675785065,5.98919534683],[-151.804504395,13.7922058105,101.880889893,-52.9017601013,78.1919708252,-2.13454937935,15.7590227127,1.02141213417,60.645652771,93.8919754028,22.5116519928,34.6349830627,2.70391058922],[262.846893311,-83.9528121948,-50.906414032,137.195526123,-90.7873458862,36.1305885315,-34.0104255676,33.8553314209,0.331738263369,22.5116519928,111.846008301,8.63439178467,24.3723888397],[-180.567733765,36.4452781677,87.8967895508,-82.6154098511,95.7718658447,-26.6241893768,33.7763366699,-17.5464992523,24.8675785065,34.6349830627,8.63439178467,84.6679916382,13.3813276291],[103.903564453,14.7489089966,-11.2030534744,63.2680091858,-33.3403205872,61.793800354,-7.72346401215,27.8752765656,5.98919534683,2.70391058922,24.3723888397,13.3813276291,75.2680740356]],"icov":[[0.00020762636268,-0.000241488669417,0.000131291133584,-0.000314653210808,0.000226277290494,-0.000117821269669,0.000156071357196,-0.000455416127807,0.000518730317708,-0.000402606412536,0.000206707947655,-0.000419313815655,0.000407168728998],[-0.000241488669417,0.00126050901599,0.000321590574458,0.00082324561663,-0.00116176879965,0.000230098608881,-0.0000939353994909,0.000788173056208,-0.00144604663365,0.00119250640273,-0.000637857418042,0.00123882631306,-0.00150429224595],[0.000131291133584,0.000321590574458,0.00332290702499,0.00011242472101,-0.0015993132256,-0.000484153133584,0.00125384400599,-0.00202453951351,0.00172655005008,-0.00308709824458,0.00182858423796,-0.00196377234533,0.000453861226561],[-0.000314653210808,0.00082324561663,0.00011242472101,0.00390780484304,-0.000326039938955,-0.000598025799263,-0.00205833278596,0.00147121574264,-0.00227917102166,0.00320673151873,-0.00495099509135,0.00423343200237,-0.0024878224358],[0.000226277290494,-0.00116176879965,-0.0015993132256,-0.000326039938955,0.00821720436215,-0.00187359447591,-0.00183860282414,-0.000483228621306,0.00123410730157,-0.0042014834471,0.00549723906443,-0.00685911253095,0.00461174733937],[-0.000117821269669,0.000230098608881,-0.000484153133584,-0.000598025799263,-0.00187359447591,0.00805899128318,-0.00253892689943,0.00216968404129,-0.00504078809172,0.00395969161764,-0.00427117571235,0.00718171568587,-0.0075969803147],[0.000156071357196,-0.0000939353994909,0.00125384400599,-0.00205833278596,-0.00183860282414,-0.00253892689943,0.0123828593642,-0.00764415273443,0.00470847589895,-0.00449750898406,0.00841711089015,-0.00950434617698,0.00584246218204],[-0.000455416127807,0.000788173056208,-0.00202453951351,0.00147121574264,-0.000483228621306,0.00216968404129,-0.00764415273443,0.0187241081148,-0.0102964602411,0.00864532403648,-0.0108647048473,0.0123963374645,-0.00895492080599],[0.000518730317708,-0.00144604663365,0.00172655005008,-0.00227917102166,0.00123410730157,-0.00504078809172,0.00470847589895,-0.0102964602411,0.0244571901858,-0.0184909459203,0.0112775014713,-0.0112818097696,0.00779365329072],[-0.000402606412536,0.00119250640273,-0.00308709824458,0.00320673151873,-0.0042014834471,0.00395969161764,-0.00449750898406,0.00864532403648,-0.0184909459203,0.0320028588176,-0.0177280604839,0.0098459450528,-0.00729629816487],[0.000206707947655,-0.000637857418042,0.00182858423796,-0.00495099509135,0.00549723906443,-0.00427117571235,0.00841711089015,-0.0108647048473,0.0112775014713,-0.0177280604839,0.0297256782651,-0.0196529012173,0.00871048122644],[-0.000419313815655,0.00123882631306,-0.00196377234533,0.00423343200237,-0.00685911253095,0.00718171568587,-0.00950434617698,0.0123963374645,-0.0112818097696,0.0098459450528,-0.0196529012173,0.0370159260929,-0.0176882464439],[0.000407168728998,-0.00150429224595,0.000453861226561,-0.0024878224358,0.00461174733937,-0.0075969803147,0.00584246218204,-0.00895492080599,0.00779365329072,-0.00729629816487,0.00871048122644,-0.0176882464439,0.0273390915245]],"mean":[-670.180908203,157.417495728,-30.3741168976,43.2203979492,-10.3465547562,23.9454650879,-0.804523766041,9.43904209137,-0.357647567987,-8.84620380402,4.66954898834,-7.26653432846,9.49183559418]},"pitch_salience":{"dmean":0.0849636048079,"dmean2":0.134067505598,"dvar":0.00616626581177,"dvar2":0.0143957203254,"max":0.847797811031,"mean":0.563586235046,"median":0.587060153484,"min":0.0850535333157,"var":0.0164999328554},"silence_rate_20dB":{"dmean":0,"dmean2":0,"dvar":0,"dvar2":0,"max":1,"mean":1,"median":1,"min":1,"var":0},"silence_rate_30dB":{"dmean":0.0521599277854,"dmean2":0.104331836104,"dvar":0.0494365394115,"dvar2":0.113202117383,"max":1,"mean":0.952556014061,"median":1,"min":0,"var":0.0451980866492},"silence_rate_60dB":{"dmean":0.00620404398069,"dmean2":0.0124095138162,"dvar":0.00616522366181,"dvar2":0.0129436552525,"max":1,"mean":0.0549109689891,"median":0,"min":0,"var":0.0518940985203},"spectral_centroid":{"dmean":251.584152222,"dmean2":370.785522461,"dvar":83342.8984375,"dvar2":156217.53125,"max":11868.0283203,"mean":1464.55041504,"median":1185.75500488,"min":178.305038452,"var":1587919.625},"spectral_complexity":{"dmean":3.95358467102,"dmean2":6.01309871674,"dvar":16.995388031,"dvar2":33.6288375854,"max":59,"mean":22.5939121246,"median":21,"min":0,"var":135.171157837},"spectral_contrast_coeffs":{"dmean":[0.0561918392777,0.0522920712829,0.0386121980846,0.026767032221,0.0211130678654,0.0514537505805],"dmean2":[0.0913277119398,0.0872108340263,0.0646192729473,0.0448282137513,0.0340022817254,0.0795242935419],"dvar":[0.0021194734145,0.00169714284129,0.00098951056134,0.000451280066045,0.000323973421473,0.00206738919951],"dvar2":[0.00527432048693,0.00465885130689,0.0027140523307,0.00122331315652,0.000816741667222,0.00484527554363],"max":[-0.265560179949,-0.433382600546,-0.51189917326,-0.588771224022,-0.602044224739,-0.414072811604],"mean":[-0.675719797611,-0.7661241889,-0.806940615177,-0.816326797009,-0.811598062515,-0.69030547142],"median":[-0.690767228603,-0.769974648952,-0.813191056252,-0.818162322044,-0.814124405384,-0.686458826065],"min":[-0.976666152477,-0.981635689735,-0.979861438274,-0.969922482967,-0.966897785664,-0.966257691383],"var":[0.0101300198585,0.00448720296845,0.00293641118333,0.00153411529027,0.00178005488124,0.0110773677006]},"spectral_contrast_valleys":{"dmean":[0.453930824995,0.377690523863,0.300383269787,0.254884839058,0.270513534546,0.688200831413],"dmean2":[0.720279693604,0.614561140537,0.487974137068,0.41158592701,0.395151466131,1.08991515636],"dvar":[0.176484435797,0.120322622359,0.094036757946,0.082185909152,0.120991483331,0.325477570295],"dvar2":[0.381361991167,0.269836783409,0.194282472134,0.162875786424,0.231475144625,0.853132843971],"max":[-4.87946510315,-4.62608623505,-5.14877939224,-5.84913349152,-5.41026830673,-8.77328014374],"mean":[-7.18107032776,-6.85497999191,-7.08747243881,-7.48567485809,-7.65515041351,-11.4905519485],"median":[-6.7417755127,-6.52182674408,-6.73198461533,-7.12291955948,-7.26511859894,-11.2127847672],"min":[-28.299955368,-28.0443630219,-27.8056030273,-27.7228965759,-27.4687690735,-27.3869361877],"var":[5.82187986374,5.67542743683,5.4774274826,5.27081251144,5.53388977051,3.94240880013]},"spectral_decrease":{"dmean":4.4586432324e-9,"dmean2":6.95251989313e-9,"dvar":6.1743943912e-17,"dvar2":1.41651728519e-16,"max":3.88089249626e-9,"mean":-7.03217484244e-9,"median":-4.4223593676e-9,"min":-9.34389490226e-8,"var":7.87162143913e-17},"spectral_energy":{"dmean":0.0180005319417,"dmean2":0.0279984902591,"dvar":0.000983251142316,"dvar2":0.00228046067059,"max":0.393543720245,"mean":0.0395315773785,"median":0.0299619268626,"min":9.64486778123e-21,"var":0.00135750335176},"spectral_energyband_high":{"dmean":0.000373323709937,"dmean2":0.000523891008925,"dvar":3.96868529151e-7,"dvar2":8.03220984835e-7,"max":0.01247215271,"mean":0.00122922589071,"median":0.000634664203972,"min":6.87518597824e-21,"var":0.00000244349075729},"spectral_energyband_low":{"dmean":0.0136882644147,"dmean2":0.0217495746911,"dvar":0.000868724251632,"dvar2":0.00202104914933,"max":0.354158163071,"mean":0.0173779930919,"median":0.00782415084541,"min":1.19591786548e-23,"var":0.000964513863437},"spectral_energyband_middle_high":{"dmean":0.00191095122136,"dmean2":0.00294735352509,"dvar":0.00000948700562731,"dvar2":0.0000221864902414,"max":0.0607990026474,"mean":0.00534298131242,"median":0.00379580142908,"min":1.20930786427e-21,"var":0.0000295900044875},"spectral_energyband_middle_low":{"dmean":0.00517924828455,"dmean2":0.00816586334258,"dvar":0.0000669567671139,"dvar2":0.000155119065312,"max":0.118326202035,"mean":0.0105904843658,"median":0.00634459452704,"min":1.76001027381e-22,"var":0.000152321270434},"spectral_entropy":{"dmean":0.143220663071,"dmean2":0.213353082538,"dvar":0.0211940575391,"dvar2":0.0470624677837,"max":9.82019042969,"mean":7.62770414352,"median":7.67728757858,"min":5.6516623497,"var":0.162396132946},"spectral_flux":{"dmean":0.0322869308293,"dmean2":0.0527502931654,"dvar":0.00195025175344,"dvar2":0.00468968553469,"max":0.55219912529,"mean":0.111645929515,"median":0.0993869528174,"min":6.46690409556e-11,"var":0.0038718492724},"spectral_kurtosis":{"dmean":4.13830375671,"dmean2":6.20680189133,"dvar":34.2169075012,"dvar2":84.1528320312,"max":91.1336517334,"mean":17.3193645477,"median":14.725227356,"min":-1.25934779644,"var":91.6004257202},"spectral_rms":{"dmean":0.00119842600543,"dmean2":0.00180055433884,"dvar":0.00000249588765655,"dvar2":0.00000534890114068,"max":0.0195945166051,"mean":0.0056717786938,"median":0.00540658365935,"min":3.06751152257e-12,"var":0.00000639850395601},"spectral_rolloff":{"dmean":5161.77783203,"dmean2":9745.49804688,"dvar":59304736,"dvar2":129826112,"max":22028.4667969,"mean":14025.7050781,"median":20198.1445312,"min":64.599609375,"var":84510048},"spectral_skewness":{"dmean":0.331747055054,"dmean2":0.476914614439,"dvar":0.164508104324,"dvar2":0.361511260271,"max":7.40957307816,"mean":2.61361455917,"median":2.39004349709,"min":-0.0799328759313,"var":0.807980418205},"spectral_spread":{"dmean":452649.1875,"dmean2":683352.875,"dvar":471715643392,"dvar2":1025856765950,"max":45972764,"mean":4319946,"median":3925351.75,"min":1559308.25,"var":15990938140700},"spectral_strongpeak":{"dmean":3.35092329979,"dmean2":6.27369451523,"dvar":155.378356934,"dvar2":421.706878662,"max":175.386672974,"mean":2.64304351807,"median":0.331154763699,"min":0,"var":119.223548889},"zerocrossingrate":{"dmean":0.043542470783,"dmean2":0.0535463243723,"dvar":0.00145076122135,"dvar2":0.00212580803782,"max":0.708984375,"mean":0.276649057865,"median":0.27587890625,"min":0.03564453125,"var":0.008295645006}},"metadata":{"audio_properties":{"analysis_sample_rate":44100,"bit_rate":128000,"codec":"mp3","downmix":"mix","equal_loudness":0,"length":202.084335327,"lossless":false,"md5_encoded":"639dfbb008baf654779aa6b01131f030","replay_gain":-3.98118209839,"sample_rate":44100},"tags":{"album":["Done With Mirrors"],"albumartist":["Aerosmith"],"albumartistsort":["Aerosmith"],"artist":["Aerosmith"],"artistsort":["Aerosmith"],"asin":["B000000OY5"],"barcode":["720642409121"],"catalognumber":["24091-2"],"composer":["Aerosmith"],"date":["1985"],"discnumber":["1/1"],"file_name":"03. Aerosmith - Shame on You.mp3","genre":["Rock"],"label":["Geffen Records"],"musicbrainz album release country":["US"],"musicbrainz album status":["official"],"musicbrainz album type":["album"],"musicbrainz_albumartistid":["3d2b98e5-556f-4451-a3ff-c50ea18d57cb"],"musicbrainz_albumid":["66e0a70b-6214-4d2d-9b4b-95fe4fd0c209"],"musicbrainz_artistid":["3d2b98e5-556f-4451-a3ff-c50ea18d57cb"],"musicbrainz_recordingid":["f41e93f7-7164-4af9-b4a1-bed27a03e31d"],"musicip_puid":["3ed8582e-f109-538a-0664-e1a694c72211"],"title":["Shame on You"],"tracknumber":["3/9"]},"version":{"essentia":"2.1-beta1","essentia_build_sha":"ca57ba49d9b1854bd80e60cf9ccf267278fb7d6b","essentia_git_sha":"v2.1_beta1-28-g21ef5f4-dirty","extractor":"music 1.0"}},"rhythm":{"beats_count":582,"beats_loudness":{"dmean":0.0271851494908,"dmean2":0.0474155545235,"dvar":0.000968033913523,"dvar2":0.00265278457664,"max":0.267035126686,"mean":0.0453127734363,"median":0.0398262068629,"min":0,"var":0.00104039884172},"beats_loudness_band_ratio":{"dmean":[0.268985420465,0.12350332737,0.0934142395854,0.078208938241,0.0392154604197,0.114790976048],"dmean2":[0.458840996027,0.214351445436,0.168064162135,0.132589414716,0.070259205997,0.19470949471],"dvar":[0.0355763435364,0.0124119576067,0.0140238003805,0.00683195283636,0.00129119725898,0.00856151524931],"dvar2":[0.0986802279949,0.034380659461,0.0414313785732,0.0185675155371,0.00383639754727,0.0252202320844],"max":[0.960624694824,0.704597711563,0.693342447281,0.