{"lowlevel":{"average_loudness":0.877661168575,"barkbands":{"dmean":[0.000175380206201,0.00668485183269,0.00427743652835,0.0026832933072,0.00128355738707,0.00065159634687,0.000530972552951,0.000646738219075,0.000622159161139,0.000608947593719,0.000463728647446,0.000345666456269,0.000272573670372,0.000172487649252,0.000293013377814,0.000166712576174,0.000175988374394,0.0000673734175507,0.000112026573333,0.000043471398385,0.0000269924912573,0.0000255274735537,0.0000276279461104,0.0000310739960696,0.0000173669068317,0.000009484826478,0.00000204767297873],"dmean2":[0.000245934497798,0.0113265551627,0.00738301314414,0.00454341573641,0.00215585250407,0.00103810383007,0.000780945934821,0.000973431393504,0.000985917984508,0.000946085317992,0.000735955545679,0.000563073670492,0.000446235819254,0.000275986647466,0.000478111382108,0.000275246362435,0.000293611548841,0.00011318406905,0.00017730408581,0.0000727430815459,0.0000464534496132,0.0000443251847173,0.0000458846116089,0.0000474879925605,0.0000257573065028,0.0000131588276417,0.00000311664484798],"dvar":[1.95496312472e-7,0.000196624256205,0.0000679871809552,0.0000245332648774,0.00000538443282494,0.00000202985711439,0.00000101671616903,0.0000019038990331,0.00000225900362238,0.00000108535061827,0.00000184832344985,6.42569375486e-7,2.83329910644e-7,3.03960860037e-7,4.22406742473e-7,1.29502012669e-7,1.63718453905e-7,2.82197145651e-8,6.70719586537e-8,1.45109853023e-8,8.1167925714e-9,3.54716789275e-8,1.34583162392e-8,2.03081018668e-8,8.8687581723e-9,3.87243437316e-9,1.28613494854e-10],"dvar2":[3.52748173782e-7,0.000560220563784,0.000193935004063,0.0000655359253869,0.0000137288579936,0.00000506344849782,0.00000224351083489,0.00000388084572478,0.00000526608982909,0.00000238129769059,0.00000394190601583,0.00000165353878856,7.29442547254e-7,7.23339553588e-7,9.97399524749e-7,3.38096810992e-7,4.28953370601e-7,7.35575795829e-8,1.62512918678e-7,3.87967098447e-8,2.31115855343e-8,1.05002484929e-7,3.64917696061e-8,4.20646308896e-8,1.68602927175e-8,6.95518043159e-9,2.56089593975e-10],"max":[0.00597791559994,0.156773850322,0.115111470222,0.0700190067291,0.0574370063841,0.035856153816,0.0340550467372,0.072879627347,0.03536798805,0.0349608324468,0.0562286823988,0.0236401055008,0.0131587553769,0.0215408653021,0.0160433873534,0.0100352372974,0.0107474541292,0.00382389174774,0.0078880675137,0.00308551383205,0.0023574787192,0.0110518615693,0.00264242221601,0.00659950496629,0.00453552091494,0.0039705359377,0.00054068287136],"mean":[0.000277429935522,0.0154596837237,0.0101284142584,0.00357392942533,0.0022604232654,0.00135094916914,0.00126271299087,0.00143847311847,0.00117043731734,0.00115632615052,0.000784418662079,0.00063737295568,0.000461705873022,0.000316130375722,0.000540993176401,0.000337551755365,0.000374574912712,0.000138557661558,0.000313050288241,0.0000908947258722,0.0000547481577087,0.0000460935880255,0.0000527600423084,0.0000691187233315,0.0000349437759724,0.0000173351363628,0.00000262100184045],"median":[0.0000145622334458,0.0117869731039,0.00564344320446,0.00176262308378,0.00100269541144,0.000429202103987,0.000700432807207,0.000567252514884,0.000205443182494,0.000617154291831,0.000207662509638,0.000212659768295,0.000187052821275,0.0000580220730626,0.0001491727744,0.0000988195533864,0.0000833464364405,0.0000288437622658,0.0000579867337365,0.0000290035059152,0.0000207743742067,0.0000147968285091,0.0000122940855363,0.0000087062790044,0.00000434233152191,8.01465319e-7,4.68048071411e-8],"min":[1.29060148728e-24,8.02589451555e-24,2.24146977053e-24,1.16837182875e-24,1.76352979251e-23,9.30365906653e-24,1.02949937448e-23,1.65723062776e-23,2.4008139147e-23,1.81006627503e-23,2.65712176478e-23,2.7977602025e-23,5.60180226217e-23,5.16068291911e-23,4.63014429918e-23,7.34451338431e-23,6.99655693643e-23,1.08584040409e-22,1.43954013801e-22,1.6420977828e-22,2.95544377869e-22,3.18312468694e-22,5.06253972415e-22,7.03803877693e-22,9.28252147546e-22,1.45737016152e-21,1.99599065511e-21],"var":[4.47631066436e-7,0.000285800284473,0.000139381256304,0.0000283945009869,0.0000123639019876,0.00000577978698857,0.00000355592305823,0.0000131016049636,0.00000604766364631,0.00000332786362378,0.00000475570914205,0.00000226767133427,6.94518462296e-7,0.00000101903447103,0.00000130603450543,3.69671710132e-7,4.92836306876e-7,8.33870004158e-8,3.72178675434e-7,3.27516040954e-8,9.40724920184e-9,2.2371157371e-8,1.69199001476e-8,5.63297390954e-8,2.66636508428e-8,1.30678303734e-8,2.73911587856e-10]},"barkbands_crest":{"dmean":2.28133416176,"dmean2":3.71421861649,"dvar":5.07508850098,"dvar2":13.7395868301,"max":26.7237930298,"mean":12.6978816986,"median":12.2808485031,"min":2.61992740631,"var":18.3546276093},"barkbands_flatness_db":{"dmean":0.0201471969485,"dmean2":0.0324402451515,"dvar":0.00047299702419,"dvar2":0.00121076207142,"max":0.597814798355,"mean":0.232846722007,"median":0.212483391166,"min":0.0325322672725,"var":0.0120034124702},"barkbands_kurtosis":{"dmean":4.1172170639,"dmean2":6.87003421783,"dvar":70.240852356,"dvar2":191.122772217,"max":414.138305664,"mean":7.47109746933,"median":3.48431110382,"min":-1.82677447796,"var":119.078926086},"barkbands_skewness":{"dmean":0.564667284489,"dmean2":0.912698447704,"dvar":0.42373368144,"dvar2":1.11561846733,"max":12.3091278076,"mean":2.05741405487,"median":1.79353010654,"min":-2.11178207397,"var":1.97564661503},"barkbands_spread":{"dmean":2.79077982903,"dmean2":4.49642133713,"dvar":14.8488664627,"dvar2":36.2281417847,"max":112.820075989,"mean":12.4890899658,"median":9.59103107452,"min":0.164495617151,"var":97.0012664795},"dissonance":{"dmean":0.0288787968457,"dmean2":0.0487748235464,"dvar":0.000932005408686,"dvar2":0.00263161887415,"max":0.499888777733,"mean":0.435074657202,"median":0.450220376253,"min":0.0844209045172,"var":0.00276079191826},"dynamic_complexity":3.66854929924,"erbbands":{"dmean":[0.111852541566,1.76770913601,4.81794595718,7.48505973816,5.11560535431,4.32713937759,5.76728010178,4.77142572403,7.39091539383,11.8521718979,11.4360284805,15.3148775101,15.5394878387,16.7899436951,20.3751888275,16.6353340149,12.7347192764,7.92597198486,14.55123806,10.8699960709,9.30198764801,7.11961746216,3.95479083061,4.71654939651,5.3393702507,1.91875660419,1.19196486473,1.02972781658,0.959098815918,0.781409561634,0.828409671783,0.751528859138,0.462412118912,0.23386156559,0.109352916479,0.051675144583,0.0161750186235,0.00331143080257,0.000364441308193,0.0000227049895329],"dmean2":[0.184992194176,3.00279307365,8.26425647736,12.7403879166,8.75856590271,7.22674465179,9.11296463013,7.83576583862,10.616104126,18.0999412537,17.4755325317,24.2437496185,23.9825611115,26.3133277893,32.166721344,27.1208648682,20.7389163971,12.8002624512,23.8356552124,17.5980682373,15.4224700928,11.7429790497,6.67757320404,7.50677967072,8.60321712494,3.20134115219,2.0618698597,1.7603675127,1.66222047806,1.36031007767,1.36333417892,1.16980051994,0.694433987141,0.354559719563,0.159701764584,0.0711346119642,0.022922379896,0.00494758784771,0.000552599783987,0.000036003839341],"dvar":[0.0485860742629,14.5840377808,89.486328125,188.394226074,91.1669692993,72.1993789673,257.864440918,97.0607910156,211.049285889,653.956054688,625.532348633,1348.57775879,1083.30944824,975.306091309,3761.37182617,1457.26489258,576.099243164,356.170837402,1057.15026855,1030.34899902,360.626037598,254.125961304,80.7307434082,154.245361328,157.890426636,28.154417038,15.5056028366,13.5511922836,55.8280334473,21.5213851929,10.7494688034,13.1465711594,4.28726482391,1.38876974583,0.489757955074,0.132879510522,0.011456287466,0.000399158481741,0.00000442886357632,5.07063058208e-9],"dvar2":[0.132019251585,41.3501472473,254.569778442,505.175292969,245.64239502,178.964859009,591.329772949,256.120269775,449.89944458,1384.38232422,1398.62902832,3143.92944336,2346.53881836,2281.54174805,7996.82910156,3777.92700195,1471.4666748,843.992858887,2551.37573242,2571.68212891,925.933288574,656.332702637,220.501937866,374.99822998,401.050933838,76.7737808228,44.6614456177,37.7060050964,165.303375244,62.9484863281,28.4136886597,27.335767746,9.50647926331,2.74552106857,0.969330191612,0.2393027246,0.0227745380253,0.000833746220451,0.00000887206442712,1.09709885621e-8],"max":[2.44749403,42.5209083557,113.011299133,185.121566772,159.249053955,232.667282104,478.838989258,185.637207031,566.498657227,1467.21887207,771.94354248,1013.58349609,1345.08105469,659.967224121,2717.37695312,1185.2845459,579.310058594,458.689605713,1027.02990723,893.591003418,550.126342773,349.749420166,262.755249023,506.848297119,320.968780518,154.24118042,112.106658936,128.598693848,460.54095459,174.786956787,80.8204193115,139.902374268,122.43976593,74.7268981934,35.2085113525,18.8582820892,6.75036287308,0.86233818531,0.113612003624,0.00294173206203],"mean":[0.221465319395,4.21618652344,12.8045883179,12.0405416489,7.61279249191,7.66081237793,11.6856899261,9.37076091766,18.1364898682,28.0721664429,23.921995163,30.1688556671,31.2840042114,30.8543243408,37.5355186462,31.7973022461,23.4820537567,15.8061122894,26.7997016907,24.287355423,21.6322803497,16.798166275,9.12779426575,12.5857210159,13.7771072388,4.5125374794,2.48604249954,2.03808546066,1.74682199955,1.39173674583,1.58606922626,1.54796719551,1.03229391575,0.469968557358,0.208585456014,0.0960799381137,0.0275443680584,0.00465355347842,0.000498203211464,0.0000638363853795],"median":[0.145233586431,3.13394832611,7.96528577805,7.93550014496,4.36687994003,3.12493348122,2.20191192627,3.76989984512,10.4342327118,12.3706064224,9.73776435852,5.88528728485,15.9363117218,15.3134784698,11.5928974152,12.2628135681,10.9918308258,5.37996864319,8.39816093445,5.20231580734,6.3659362793,4.15997314453,2.22241187096,2.16154885292,2.83568048477,1.53915953636,0.990577816963,0.704173564911,0.547962069511,0.400218099356,0.340413719416,0.232907667756,0.122235924006,0.0692043527961,0.0172596480697,0.00506566278636,0.00111453840509,0.000132600587676,0.0000320714934787,0.0000505998505105],"min":[1.94811333624e-22,9.5432176641e-22,2.28942611117e-21,5.88061680613e-21,2.48165783682e-20,6.07507937488e-20,6.88110742821e-20,1.18196690758e-19,1.66362125357e-19,2.17948055187e-19,4.16584958588e-19,4.53042685592e-19,5.8750058397e-19,8.93114351999e-19,1.45815667215e-18,1.2667428391e-18,2.7513840767e-18,3.71401861649e-18,3.27916273743e-18,2.71346591063e-18,4.78625231269e-18,4.61151909368e-18,5.01011178827e-18,9.63002345645e-18,8.17118208556e-18,9.18640235804e-18,8.86822319952e-18,1.12931825746e-17,1.26794181672e-17,1.30517056911e-17,1.34004202219e-17,1.09685497529e-17,1.18223018883e-17,8.67304000782e-18,7.1028502003e-18,4.87873772262e-18,2.46100025471e-18,9.94126236284e-19,2.64636791447e-19,2.72627259229e-20],"var":[0.0768587291241,20.931886673,186.64074707,228.051269531,119.461601257,194.28755188,808.161010742,233.691543579,794.013061523,4396.05419922,2362.78540039,3905.31445312,3573.60888672,2387.82861328,10076.1689453,5019.05175781,1529.27185059,1050.20556641,3140.39990234,4227.88720703,1348.37109375,891.905151367,261.104248047,729.92956543,720.39465332,70.3467254639,18.4903030396,15.1669340134,34.6605758667,15.7504386902,15.8309669495,31.5651512146,12.4901828766,4.29092741013,1.2354156971,0.430372029543,0.0311125963926,0.000769777048845,0.00000961390469456,1.09619717747e-8]},"erbbands_crest":{"dmean":2.62573719025,"dmean2":4.25339460373,"dvar":5.70412969589,"dvar2":13.8341789246,"max":32.7390213013,"mean":10.5560483932,"median":9.30528736115,"min":2.48904371262,"var":24.7177066803},"erbbands_flatness_db":{"dmean":0.0147029682994,"dmean2":0.0221644621342,"dvar":0.000219538094825,"dvar2":0.000443818396889,"max":0.607498764992,"mean":0.219092875719,"median":0.18171864748,"min":0.0451595596969,"var":0.011141801253},"erbbands_kurtosis":{"dmean":0.924494206905,"dmean2":1.48351359367,"dvar":3.75918936729,"dvar2":9.13546657562,"max":94.6635742188,"mean":0.633926510811,"median":0.00933265686035,"min":-1.78402018547,"var":7.48310613632},"erbbands_skewness":{"dmean":0.31879979372,"dmean2":0.502136230469,"dvar":0.0889059230685,"dvar2":0.213764593005,"max":5.69631528854,"mean":0.228615283966,"median":0.184346720576,"min":-2.10660290718,"var":0.421338886023},"erbbands_spread":{"dmean":5.82846546173,"dmean2":9.27534675598,"dvar":52.3735923767,"dvar2":118.712799072,"max":158.369812012,"mean":29.4744758606,"median":28.0808792114,"min":0.395885884762,"var":296.185638428},"gfcc":{"cov":[[25686.0585938,-3995.25415039,1563.71264648,5316.08349609,-128.197921753,2486.0949707,-1025.31567383,1451.96704102,-460.519500732,139.90234375,-504.48248291,25.6345748901,-508.617034912],[-3995.25415039,3081.35766602,240.021514893,-1097.40148926,360.470123291,-688.423583984,429.300964355,-466.37789917,277.552398682,-186.851196289,151.087661743,-262.786621094,102.283340454],[1563.71264648,240.021514893,1828.93615723,587.35357666,116.994926453,603.651855469,-54.3055458069,250.256484985,70.2728347778,-16.6042232513,-34.2593040466,-80.3921890259,-86.5893096924],[5316.08349609,-1097.40148926,587.35357666,1714.29980469,171.714523315,817.111328125,-91.298789978,402.321411133,-19.661233902,80.960067749,-58.8248062134,9.51734924316,-77.0589370728],[-128.197921753,360.470123291,116.994926453,171.714523315,407.21786499,65.4140090942,176.293960571,26.5860652924,84.9254302979,29.4015789032,49.2356872559,-31.4165058136,37.2407608032],[2486.0949707,-688.423583984,603.651855469,817.111328125,65.4140090942,728.981079102,9.05452442169,282.651397705,-2.81526184082,48.999130249,-9.45766353607,30.2252902985,-35.7987709045],[-1025.31567383,429.300964355,-54.3055458069,-91.298789978,176.293960571,9.05452442169,316.922180176,-37.793586731,84.9937133789,5.53572750092,63.6499900818,-7.18303442001,41.2340507507],[1451.96704102,-466.37789917,250.256484985,402.321411133,26.5860652924,282.651397705,-37.793586731,257.100097656,2.77456760406,37.6569404602,-5.21626329422,34.6510658264,-25.3591518402],[-460.519500732,277.552398682,70.2728347778,-19.661233902,84.9254302979,-2.81526184082,84.9937133789,2.77456760406,125.668670654,18.4366512299,32.8111000061,-26.4833602905,18.4320278168],[139.90234375,-186.851196289,-16.6042232513,80.960067749,29.4015789032,48.999130249,5.53572750092,37.6569404602,18.4366512299,97.8462677002,20.6993713379,20.9842224121,-5.78476524353],[-504.48248291,151.087661743,-34.2593040466,-58.8248062134,49.2356872559,-9.45766353607,63.6499900818,-5.21626329422,32.8111000061,20.6993713379,110.027603149,12.5378026962,21.5894794464],[25.6345748901,-262.786621094,-80.3921890259,9.51734924316,-31.4165058136,30.2252902985,-7.18303442001,34.6510658264,-26.4833602905,20.9842224121,12.5378026962,111.89163208,24.3348026276],[-508.617034912,102.283340454,-86.5893096924,-77.0589370728,37.2407608032,-35.7987709045,41.2340507507,-25.3591518402,18.4320278168,-5.78476524353,21.5894794464,24.3348026276,81.7873916626]],"icov":[[0.000226147516514,-0.000380603771191,0.000261298322584,-0.000649387133308,0.000192848747247,-0.000322308973409,0.000552244309802,-0.000638378260192,0.000653480528854,-0.000298285274766,0.000608237634879,-0.000318042410072,0.000607597932685],[-0.000380603771191,0.00238441885449,-0.00123777287081,0.00134864030406,-0.00100491847843,0.00181627878919,-0.00204607262276,0.00245736376382,-0.00270339148119,0.00272919842973,-0.00244834180921,0.00249665929005,-0.00163683551364],[0.000261298322584,-0.00123777287081,0.00162036076654,-0.000611604365986,0.000158552706125,-0.00196671835147,0.00169259647373,-0.0015469531063,0.000728436978534,-0.000689688138664,0.00145643018186,-0.000816492771264,0.00169166992418],[-0.000649387133308,0.00134864030406,-0.000611604365986,0.00354919070378,-0.00153101107571,-0.000556027051061,-0.000974273309112,0.00129096908495,-0.00209033000283,0.00103304593358,-0.00136553030461,0.00156818993855,-0.00124527548905],[0.000192848747247,-0.00100491847843,0.000158552706125,-0.00153101107571,0.00470177130774,0.000205752483453,-0.00132661522366,-0.00140572700184,0.000764950935263,-0.00216907192953,0.000490295467898,0.000240453635342,-0.0011632416863],[-0.000322308973409,0.00181627878919,-0.00196671835147,-0.000556027051061,0.000205752483453,0.00619430840015,-0.00330894277431,-0.0000463662290713,-0.000941893144045,0.00132077152375,-0.00223848805763,0.00140398286749,-0.00213156896643],[0.000552244309802,-0.00204607262276,0.00169259647373,-0.000974273309112,-0.00132661522366,-0.00330894277431,0.00786973163486,-0.001292443485,-0.0000157786143973,-0.00105788302608,0.00113892683294,-0.00258529209532,0.0020517972298],[-0.000638378260192,0.00245736376382,-0.0015469531063,0.00129096908495,-0.00140572700184,-0.0000463662290713,-0.001292443485,0.0110832769424,-0.00454325694591,0.00202002818696,-0.00305785262026,-0.00015230338613,-0.000737400958315],[0.000653480528854,-0.00270339148119,0.000728436978534,-0.00209033000283,0.000764950935263,-0.000941893144045,-0.0000157786143973,-0.00454325694591,0.0158718638122,-0.00579316075891,0.00155796878971,0.000870412506629,-0.000571833457798],[-0.000298285274766,0.00272919842973,-0.000689688138664,0.00103304593358,-0.00216907192953,0.00132077152375,-0.00105788302608,0.00202002818696,-0.00579316075891,0.0162981413305,-0.00459506968036,0.0000258912477875,0.00136407243554],[0.000608237634879,-0.00244834180921,0.00145643018186,-0.00136553030461,0.000490295467898,-0.00223848805763,0.00113892683294,-0.00305785262026,0.00155796878971,-0.00459506968036,0.014362802729,-0.00355302914977,0.000964051811025],[-0.000318042410072,0.00249665929005,-0.000816492771264,0.00156818993855,0.000240453635342,0.00140398286749,-0.00258529209532,-0.00015230338613,0.000870412506629,0.0000258912477875,-0.00355302914977,0.0157742798328,-0.00667570624501],[0.000607597932685,-0.00163683551364,0.00169166992418,-0.00124527548905,-0.0011632416863,-0.00213156896643,0.0020517972298,-0.000737400958315,-0.000571833457798,0.00136407243554,0.000964051811025,-0.00667570624501,0.0189608056098]],"mean":[-66.3756103516,146.730682373,-116.774780273,11.5262537003,-42.8827476501,10.9317579269,-22.1942844391,5.04578876495,-14.0257606506,-5.73564815521,-9.25067806244,-8.98868656158,-9.34001541138]},"hfc":{"dmean":3.06499171257,"dmean2":4.88130569458,"dvar":26.1950893402,"dvar2":63.2149581909,"max":139.114196777,"mean":16.2913093567,"median":10.6584005356,"min":1.11047779625e-16,"var":239.982131958},"melbands":{"dmean":[0.00144451938104,0.00244627101347,0.00118419120554,0.00031054916326,0.000192026505829,0.00011143496522,0.000110332628537,0.000134173082188,0.0000933284463827,0.0000970804467215,0.000077862139733,0.0000717158909538,0.000066139982664,0.0000470660124847,0.0000342333441949,0.0000237608201132,0.0000160881099873,0.0000239864439209,0.0000156384885486,0.0000144137702591,0.0000127984958453,0.00000928782628762,0.00000558299643671,0.00000321047514262,0.0000043398872549,0.00000493481093145,0.00000258592763203,0.00000113666828838,8.30515432426e-7,6.7568527129e-7,6.2850847371e-7,5.7978058976e-7,5.04573108628e-7,4.50855651479e-7,4.90885554427e-7,5.05486866587e-7,4.89067588205e-7,3.80533862199e-7,2.62762540615e-7,1.90025929214e-7],"dmean2":[0.00242970092222,0.00419430108741,0.00201548612677,0.000527720607352,0.000305412773741,0.000180624076165,0.00015866724425,0.000203578412766,0.000143068260513,0.000154032706632,0.000120136304758,0.000112573354272,0.000104899954749,0.0000757796005928,0.0000561003835173,0.0000384895101888,0.0000259912121692,0.0000390890309063,0.0000251658511843,0.0000240756417043,0.0000212424074562,0.0000153569890244,0.00000939280744205,0.00000543980195289,0.00000694063010087,0.00000787917178968,0.00000425826647188,0.00000192458651327,0.00000143898796523,0.00000116534465633,0.00000107242760805,0.00000100224099242,8.90449200597e-7,7.77412935804e-7,8.20162142645e-7,8.15756038719e-7,7.56844258376e-7,5.73547595195e-7,4.08032718724e-7,2.93693290132e-7],"dvar":[0.00000843052202981,0.0000238988286583,0.0000045819197112,3.35067852575e-7,2.29614101954e-7,5.12882003534e-8,4.48579164924e-8,8.76740884337e-8,4.13352161388e-8,5.3562331459e-8,2.72545896962e-8,1.81025612278e-8,3.69029251601e-8,1.05122373029e-8,5.15696152448e-9,2.39775377331e-9,1.81968962121e-9,3.37525851712e-9,1.57350654728e-9,1.27891730539e-9,8.34300795116e-10,5.0358511805e-10,1.34077249303e-10,6.45174261238e-11,1.45412223929e-10,1.37169178793e-10,4.53759425867e-11,1.22213177078e-11,6.78834028919e-12,5.1379820537e-12,4.64126740513e-12,1.63554361027e-11,1.751742848e-11,5.38008700091e-12,3.9307125263e-12,4.84307559334e-12,6.15059262202e-12,2.91943942979e-12,1.90984641296e-12,9.06691984947e-13],"dvar2":[0.000023911579774,0.0000678205688018,0.0000123205245472,8.71333554642e-7,5.31312366547e-7,1.32396166919e-7,9.53922381086e-8,1.79899956265e-7,9.32562329581e-8,1.25712602994e-7,5.89212696411e-8,4.21855546051e-8,7.91840548686e-8,2.52611638274e-8,1.33940769587e-8,5.84594905817e-9,4.29647828426e-9,8.08540079333e-9,3.65906149824e-9,3.42358585925e-9,2.14841078261e-9,1.28741661776e-9,3.65102115207e-10,1.67077879309e-10,3.53395868125e-10,3.38048422588e-10,1.18114587555e-10,3.42806373566e-11,1.95407526965e-11,1.47353310109e-11,1.2798979758e-11,4.82152616443e-11,5.21290129119e-11,1.54811042458e-11,1.07759929452e-11,1.13423315878e-11,1.25348360164e-11,6.66344540309e-12,4.15459984124e-12,1.90344658438e-12],"max":[0.0333406962454,0.0515730977058,0.0283317491412,0.0161251053214,0.0130805009976,0.00422066869214,0.00826638843864,0.0178464911878,0.0061034061946,0.0055312467739,0.00668599177152,0.00273263826966,0.00826066825539,0.00283090979792,0.00264570699073,0.00116987607908,0.0012031160295,0.00177910644561,0.000986136146821,0.000906192348339,0.000917084107641,0.000501274655107,0.000252662779531,0.000185337965377,0.000489435333293,0.000347530876752,0.000225003066589,0.000122539800941,0.0000691300156177,0.0000717463990441,0.0000750631515984,0.000237876854953,0.000257469568169,0.0000706387436367,0.0000536916231795,0.0000601292013016,0.000111072877189,0.000108592335891,0.000112180052383,0.0000478436231788],"mean":[0.0031991887372,0.00661243777722,0.00198511662893,0.000516893633176,0.00038877222687,0.000223802606342,0.000272201345069,0.000316955643939,0.000186562072486,0.00018569479289,0.000152450040332,0.000123278063256,0.000114692556963,0.0000886282796273,0.0000640267098788,0.0000410807406297,0.0000284828711301,0.0000429301835538,0.0000305543035211,0.0000294848123303,0.0000268084604613,0.000020006647901,0.0000107544883576,0.00000663229366182,0.0000103086549643,0.0000122764686239,0.00000580312780585,0.00000229076704272,0.00000158596412803,0.00000124459995732,0.00000116011779028,0.00000102019316728,8.07737478681e-7,7.61438400332e-7,8.96195729183e-7,9.31641864099e-7,9.62057242759e-7,8.10354151781e-7,5.02397256241e-7,3.53965134536e-7],"median":[0.00246828142554,0.00503023993224,0.00140022300184,0.000263983907644,0.0000875055338838,0.0000841159635456,0.000158243143233,0.000133691457449,0.0000678264041198,0.0000357690769306,0.0000752222913434,0.0000560698972549,0.0000327386114805,0.0000336489683832,0.0000297465358017,0.0000155763409566,0.00000704183548805,0.0000122397759696,0.00000748682714402,0.0000067965256676,0.00000645375985187,0.00000374727574126,0.00000306354650093,0.00000124032158055,0.00000153757162025,0.00000228004682867,0.00000133444950734,8.14139582417e-7,6.37746040866e-7,4.44231432084e-7,3.7688121779e-7,3.18875976291e-7,2.32330933159e-7,1.97024505155e-7,1.77425036441e-7,1.78465228373e-7,1.15079345164e-7,7.98160613158e-8,7.18222850082e-8,4.86576823278e-8],"min":[2.86925198422e-24,1.45574182639e-24,1.29487583148e-24,2.87001126284e-24,2.88094487499e-24,2.34970188115e-24,2.35496713326e-24,2.19651653184e-24,3.3387457074e-24,2.91977970849e-24,3.04365591694e-24,3.36118525028e-24,4.25089018932e-24,3.33958071667e-24,3.1844827741e-24,6.22490455854e-24,5.96116271995e-24,4.79239153037e-24,3.18626204987e-24,3.62901891039e-24,4.5264274706e-24,4.67106906188e-24,2.41307028881e-24,5.47644043142e-24,6.66093006896e-24,6.19290481035e-24,5.33097448049e-24,5.13029536595e-24,4.83171585206e-24,4.42610014068e-24,7.27905228644e-24,7.45621466854e-24,4.68064938314e-24,6.64502032223e-24,6.47884598368e-24,7.29003480796e-24,4.97379443426e-24,8.46105149011e-24,5.9240681136e-24,6.66165503214e-24],"var":[0.0000122569499581,0.0000417113442381,0.00000560950547879,6.69388555252e-7,7.27746396478e-7,1.32505704187e-7,1.72323197489e-7,6.47244235097e-7,1.39024024293e-7,1.49386607973e-7,8.87427162866e-8,4.36881002486e-8,9.70008215972e-8,3.43062680486e-8,1.81046999614e-8,5.94934990161e-9,5.16582199239e-9,1.08124345033e-8,5.30556798495e-9,4.19592272038e-9,2.60271804109e-9,1.52907186912e-9,3.65756730458e-10,1.84811319026e-10,5.91090842939e-10,6.31149577046e-10,1.43158818133e-10,2.06919117257e-11,7.81753915075e-12,5.45873285809e-12,5.23732836613e-12,1.05993642682e-11,1.02840687355e-11,4.39973101354e-12,5.15999873038e-12,8.93811587244e-12,1.47099693537e-11,7.55938627667e-12,5.12325468507e-12,2.42669231064e-12]},"melbands_crest":{"dmean":2.49784660339,"dmean2":4.03181838989,"dvar":6.34550333023,"dvar2":15.9145736694,"max":34.0587120056,"mean":17.977022171,"median":17.4789161682,"min":1.0016336441,"var":35.5247268677},"melbands_flatness_db":{"dmean":0.0225493758917,"dmean2":0.036266233772,"dvar":0.000638122437522,"dvar2":0.00162477698177,"max":0.654558956623,"mean":0.320074409246,"median":0.296571880579,"min":5.30664294729e-7,"var":0.015060137026},"melbands_kurtosis":{"dmean":8.59901237488,"dmean2":14.3271217346,"dvar":228.734558105,"dvar2":612.215270996,"max":216.843933105,"mean":18.0174655914,"median":10.1026086807,"min":-1.55450224876,"var":458.43347168},"melbands_skewness":{"dmean":0.735858380795,"dmean2":1.1860626936,"dvar":0.70898348093,"dvar2":1.82173335552,"max":11.7350149155,"mean":3.05019211769,"median":2.82365846634,"min":-1.76566410065,"var":3.76205396652},"melbands_spread":{"dmean":3.06555318832,"dmean2":4.94111680984,"dvar":16.9052085876,"dvar2":42.7542076111,"max":167.167251587,"mean":12.1556816101,"median":9.22601604462,"min":0.404386013746,"var":118.401756287},"mfcc":{"cov":[[15591.9511719,-2324.65356445,-227.521636963,1964.93505859,1343.39440918,837.368041992,510.054718018,770.144836426,308.751800537,436.091094971,35.7969055176,119.913742065,96.9471664429],[-2324.65356445,2515.53930664,205.123046875,-167.973861694,-51.5944404602,-20.1564064026,30.3971118927,-50.7671585083,33.3815879822,-1.81917846203,111.407539368,50.2913017273,31.540802002],[-227.521636963,205.123046875,1004.74145508,70.9125747681,64.2880783081,125.980003357,61.7450027466,117.083564758,24.8856430054,62.7174606323,69.4711227417,27.2769184113,-40.6708297729],[1964.93505859,-167.973861694,70.9125747681,559.915405273,323.797637939,260.552154541,148.585296631,180.716949463,112.536880493,121.435958862,50.9449043274,42.0230789185,44.6627540588],[1343.39440918,-51.5944404602,64.2880783081,323.797637939,428.467956543,209.196060181,142.47253418,148.653625488,94.5933761597,118.35131073,50.8312301636,41.302444458,44.821685791],[837.368041992,-20.1564064026,125.980003357,260.552154541,209.196060181,382.380767822,189.180374146,171.946624756,118.418449402,85.7830886841,57.7679481506,65.3244094849,51.9942245483],[510.054718018,30.3971118927,61.7450027466,148.585296631,142.47253418,189.180374146,206.345352173,139.582244873,66.3078460693,57.3842811584,44.7213897705,46.481174469,48.2947120667],[770.144836426,-50.7671585083,117.083564758,180.716949463,148.653625488,171.946624756,139.582244873,216.123062134,96.2905044556,61.7624893188,40.1990356445,52.1410636902,35.3892059326],[308.751800537,33.3815879822,24.8856430054,112.536880493,94.5933761597,118.418449402,66.3078460693,96.2905044556,124.698524475,58.9312934875,21.6471805573,28.0058269501,23.2247924805],[436.091094971,-1.81917846203,62.7174606323,121.435958862,118.35131073,85.7830886841,57.3842811584,61.7624893188,58.9312934875,120.086578369,47.344493866,18.6800956726,15.8747377396],[35.7969055176,111.407539368,69.4711227417,50.9449043274,50.8312301636,57.7679481506,44.7213897705,40.1990356445,21.6471805573,47.344493866,104.102455139,44.4184494019,10.1040277481],[119.913742065,50.2913017273,27.2769184113,42.0230789185,41.302444458,65.3244094849,46.481174469,52.1410636902,28.0058269501,18.6800956726,44.4184494019,91.4546966553,30.408782959],[96.9471664429,31.540802002,-40.6708297729,44.6627540588,44.821685791,51.9942245483,48.2947120667,35.3892059326,23.2247924805,15.8747377396,10.1040277481,30.408782959,88.4056396484]],"icov":[[0.000151177096996,0.0000846874536364,0.0000811141726444,-0.000408246036386,-0.000147143087815,0.0000231405865634,0.0000592666110606,-0.000293948076433,0.000261664303252,-0.000131534849061,0.000176701316377,-0.000085618790763,0.000157982809469],[0.0000846874536364,0.000515742285643,-0.0000838816340547,-0.00006119995669,-0.000129461870529,0.000147686398122,-0.000227829208598,0.000277655868558,-0.000379421224352,0.00020563887665,-0.000494856212754,-0.0000665487386868,-0.000150254010805],[0.0000811141726444,-0.0000838816340547,0.00127833744045,-0.0000991271444946,0.00000851920231071,-0.000460894516436,0.000403228681535,-0.00117689627223,0.00093146332074,-0.000633621180896,-0.00021888021729,0.0000186221550393,0.00098442460876],[-0.000408246036386,-0.00006119995669,-0.0000991271444946,0.00501365587115,-0.00148401455954,-0.00132694747299,0.000425511389039,-0.000393814931158,-0.000691198860295,-0.000594620010816,-0.000592769181821,0.000722756609321,-0.000543478701729],[-0.000147143087815,-0.000129461870529,0.00000851920231071,-0.00148401455954,0.00509280944243,-0.000402787758503,-0.000870415649842,-0.000212991639273,-0.0000480415837956,-0.00214554183185,0.000113912523375,0.0000433320274169,-0.000453245622339],[0.0000231405865634,0.000147686398122,-0.000460894516436,-0.00132694747299,-0.000402787758503,0.00668852590024,-0.00386297749355,0.000274345366051,-0.00293822493404,0.000605721434113,-0.000326644920278,-0.00113227369729,-0.000258857791778],[0.0000592666110606,-0.000227829208598,0.000403228681535,0.000425511389039,-0.000870415649842,-0.00386297749355,0.0122545603663,-0.00544306170195,0.00236825365573,-0.000863683584612,-0.000901572988369,0.00042103236774,-0.0023243825417],[-0.000293948076433,0.000277655868558,-0.00117689627223,-0.000393814931158,-0.000212991639273,0.000274345366051,-0.00544306170195,0.0131280627102,-0.00621404172853,0.00155644165352,-0.000471522944281,-0.00213530566543,-0.000312953459797],[0.000261664303252,-0.000379421224352,0.00093146332074,-0.000691198860295,-0.0000480415837956,-0.00293822493404,0.00236825365573,-0.00621404172853,0.0166325643659,-0.00557235674933,0.00249687838368,-0.000875853991602,0.000219338340685],[-0.000131534849061,0.00020563887665,-0.000633621180896,-0.000594620010816,-0.00214554183185,0.000605721434113,-0.000863683584612,0.00155644165352,-0.00557235674933,0.0158570334315,-0.00589683791623,0.00221025641076,-0.000809705408756],[0.000176701316377,-0.000494856212754,-0.00021888021729,-0.000592769181821,0.000113912523375,-0.000326644920278,-0.000901572988369,-0.000471522944281,0.00249687838368,-0.00589683791623,0.0160391740501,-0.00668358849362,0.00186590896919],[-0.000085618790763,-0.0000665487386868,0.0000186221550393,0.000722756609321,0.0000433320274169,-0.00113227369729,0.00042103236774,-0.00213530566543,-0.000875853991602,0.00221025641076,-0.00668358849362,0.0170050002635,-0.00422231759876],[0.000157982809469,-0.000150254010805,0.00098442460876,-0.000543478701729,-0.000453245622339,-0.000258857791778,-0.0023243825417,-0.000312953459797,0.000219338340685,-0.000809705408756,0.00186590896919,-0.00422231759876,0.0150232585147]],"mean":[-699.046569824,165.691879272,2.73373794556,10.4551801682,5.4858212471,4.92000961304,4.5819478035,8.26601028442,3.0086619854,5.87403392792,-0.319932997227,1.60645377636,2.3337700367]},"pitch_salience":{"dmean":0.0656891316175,"dmean2":0.108367994428,"dvar":0.00387628003955,"dvar2":0.0104869939387,"max":0.996068179607,"mean":0.440016776323,"median":0.455225527287,"min":0.0496163070202,"var":0.0175035148859},"silence_rate_20dB":{"dmean":0,"dmean2":0,"dvar":0,"dvar2":0,"max":1,"mean":1,"median":1,"min":1,"var":0},"silence_rate_30dB":{"dmean":0.0264933351427,"dmean2":0.0529910326004,"dvar":0.0257914140821,"dvar2":0.0651585385203,"max":1,"mean":0.980090498924,"median":1,"min":0,"var":0.0195133183151},"silence_rate_60dB":{"dmean":0.0131643898785,"dmean2":0.026330947876,"dvar":0.0129896663129,"dvar2":0.030075756833,"max":1,"mean":0.109502263367,"median":0,"min":0,"var":0.0974868014455},"spectral_centroid":{"dmean":133.176025391,"dmean2":215.166854858,"dvar":35073.9960938,"dvar2":86255.7734375,"max":11380.8681641,"mean":863.248840332,"median":782.309997559,"min":136.985977173,"var":390708.65625},"spectral_complexity":{"dmean":2.00148105621,"dmean2":3.36986756325,"dvar":4.18164205551,"dvar2":11.1147289276,"max":46,"mean":15.2822704315,"median":13,"min":0,"var":70.6740036011},"spectral_contrast_coeffs":{"dmean":[0.0481149703264,0.0414951220155,0.0379480570555,0.0308205801994,0.0201998110861,0.0174820832908],"dmean2":[0.0804434791207,0.067437030375,0.061778459698,0.0511907227337,0.033467926085,0.0292023066431],"dvar":[0.00156582996715,0.00107039685827,0.000891660223715,0.000588998489548,0.000276833132375,0.000288225099212],"dvar2":[0.00435115583241,0.00283249048516,0.0023439230863,0.00159397372045,0.000734918343369,0.000794739637058],"max":[-0.309456169605,-0.470102459192,-0.39479097724,-0.466449230909,-0.567686498165,-0.642405092716],"mean":[-0.607839643955,-0.721260130405,-0.709953725338,-0.732546567917,-0.770562827587,-0.780477404594],"median":[-0.606410622597,-0.726519048214,-0.715787053108,-0.736827492714,-0.78068369627,-0.775240302086],"min":[-0.973001539707,-0.996526658535,-0.998355865479,-0.988846063614,-0.989449620247,-0.962120592594],"var":[0.0070131001994,0.00410594977438,0.00490837730467,0.00404936354607,0.00323548237793,0.00205847504549]},"spectral_contrast_valleys":{"dmean":[0.392652243376,0.292174935341,0.259401232004,0.23189458251,0.198411941528,0.277107030153],"dmean2":[0.659497916698,0.488723009825,0.433079987764,0.387548267841,0.319863826036,0.43086579442],"dvar":[0.125910550356,0.0629299506545,0.0527045167983,0.052506968379,0.0647333040833,0.118233054876],"dvar2":[0.326586812735,0.156128063798,0.13178268075,0.124682970345,0.138204589486,0.28957426548],"max":[-5.04262065887,-4.90097904205,-5.40656757355,-6.08770370483,-5.80193519592,-7.86601829529],"mean":[-7.55363321304,-6.93866729736,-7.69724082947,-8.56139373779,-8.87261390686,-11.6114034653],"median":[-6.80607891083,-6.7413225174,-7.45449399948,-8.15603160858,-7.97119092941,-10.7514057159],"min":[-28.5106582642,-27.6969623566,-27.4618530273,-27.5056419373,-27.3834571838,-27.3450012207],"var":[4.62249851227,2.37772703171,2.35944724083,3.00506663322,4.70601797104,5.24456787109]},"spectral_decrease":{"dmean":3.05257796818e-9,"dmean2":5.11786701907e-9,"dvar":2.58512139396e-17,"dvar2":7.15800875422e-17,"max":1.70779418369e-28,"mean":-1.08297255608e-8,"median":-1.09165911866e-8,"min":-5.50608731942e-8,"var":5.92469172532e-17},"spectral_energy":{"dmean":0.0116922697052,"dmean2":0.019582990557,"dvar":0.000374688010197,"dvar2":0.00103649904486,"max":0.209959998727,"mean":0.0423515476286,"median":0.0425743758678,"min":1.00908570719e-20,"var":0.000893414660823},"spectral_energyband_high":{"dmean":0.000120131029689,"dmean2":0.000192165534827,"dvar":2.58072788029e-7,"dvar2":6.48589718821e-7,"max":0.0164544284344,"mean":0.000308766058879,"median":0.0000837970655994,"min":7.159982486e-21,"var":5.24251959177e-7},"spectral_energyband_low":{"dmean":0.0103722093627,"dmean2":0.0176579244435,"dvar":0.000367857748643,"dvar2":0.00103034288622,"max":0.204457521439,"mean":0.0282262265682,"median":0.0265798699111,"min":2.98879296812e-23,"var":0.00061325088609},"spectral_energyband_middle_high":{"dmean":0.00127555895597,"dmean2":0.00201594550163,"dvar":0.00000400350836571,"dvar2":0.00000941588132264,"max":0.0660845041275,"mean":0.00487934052944,"median":0.00285330717452,"min":1.2882463604e-21,"var":0.0000317863486998},"spectral_energyband_middle_low":{"dmean":0.00416695373133,"dmean2":0.00679368246347,"dvar":0.0000380806741305,"dvar2":0.0000992855420918,"max":0.0894859582186,"mean":0.0115230046213,"median":0.00826484151185,"min":1.41465353282e-22,"var":0.000116628310934},"spectral_entropy":{"dmean":0.133159428835,"dmean2":0.20829962194,"dvar":0.0210990291089,"dvar2":0.0480596087873,"max":9.81907367706,"mean":6.85395812988,"median":7.15522432327,"min":3.8833656311,"var":0.704681694508},"spectral_flux":{"dmean":0.0232544280589,"dmean2":0.0375569835305,"dvar":0.00103751698043,"dvar2":0.00234262691811,"max":0.403349548578,"mean":0.0763235539198,"median":0.0696402639151,"min":6.28307753048e-11,"var":0.00285405479372},"spectral_kurtosis":{"dmean":9.71977233887,"dmean2":17.0196704865,"dvar":576.151794434,"dvar2":1832.40234375,"max":521.338745117,"mean":28.1775779724,"median":6.54369354248,"min":-1.32897472382,"var":4326.04248047},"spectral_rms":{"dmean":0.000791304220911,"dmean2":0.00129998335615,"dvar":0.00000122664732771,"dvar2":0.00000334543210556,"max":0.0143121983856,"mean":0.00587236275896,"median":0.00644484115764,"min":3.13763273176e-12,"var":0.00000683389453116},"spectral_rolloff":{"dmean":191.712890625,"dmean2":332.164703369,"dvar":159078.71875,"dvar2":371726.40625,"max":19422.9492188,"mean":769.480529785,"median":559.86328125,"min":64.599609375,"var":1225349.875},"spectral_skewness":{"dmean":0.516443908215,"dmean2":0.885901987553,"dvar":0.594098091125,"dvar2":1.7370929718,"max":18.8583145142,"mean":2.99463367462,"median":1.91240930557,"min":-0.0433898791671,"var":7.66634368896},"spectral_spread":{"dmean":370560.78125,"dmean2":554944.0625,"dvar":494489206784,"dvar2":971448909824,"max":51465564,"mean":3287716.25,"median":3351553,"min":158196.5625,"var":5848180981760},"spectral_strongpeak":{"dmean":0.270456850529,"dmean2":0.46502405405,"dvar":0.265671372414,"dvar2":0.675487697124,"max":9.12870693207,"mean":0.735467433929,"median":0.5898630023,"min":0,"var":0.441212028265},"zerocrossingrate":{"dmean":0.00449914578348,"dmean2":0.00579866627231,"dvar":0.0000416765360569,"dvar2":0.0000522554146301,"max":0.53076171875,"mean":0.033380318433,"median":0.029296875,"min":0.00390625,"var":0.00101454358082}},"metadata":{"audio_properties":{"analysis_sample_rate":44100,"bit_rate":320030,"codec":"mp3","downmix":"mix","equal_loudness":0,"length":282.200805664,"lossless":false,"md5_encoded":"304444e6290d4f06d3b48f886e3dc1cd","replay_gain":-12.9558544159,"sample_rate":44100},"tags":{"album":["Big TV"],"artist":["White Lies"],"date":["2013"],"file_name":"1954665.mp3","genre":["Rock"],"label":["Polydor (Universal)"],"musicbrainz_recordingid":["f4357eb4-84ec-48d0-b6ff-87b8f7df2441"],"title":["Heaven Wait"],"tracknumber":["11"]},"version":{"essentia":"2.1-beta2","essentia_build_sha":"70f2e5ece6736b2c40cc944ad0e695b16b925413","essentia_git_sha":"v2.1_beta2","extractor":"music 1.0"}},"rhythm":{"beats_count":416,"beats_loudness":{"dmean":0.0195510815829,"dmean2":0.0338499434292,"dvar":0.000485878117615,"dvar2":0.00147419329733,"max":0.165452077985,"mean":0.0490013994277,"median":0.0503119602799,"min":1.99405536527e-9,"var":0.00111113768071},"beats_loudness_band_ratio":{"dmean":[0.111639149487,0.0714812651277,0.0845227688551,0.0619232207537,0.0271672289819,0.0089771496132],"dmean2":[0.190843060613,0.123979583383,0.141800761223,0.105546802282,0.0485544651747,0.016094153747],"dvar":[0.0200451295823,0.00835279840976,0.0097752828151,0.00665698898956,0.00142736395355,0.00015782706032],"dvar2":[0.0538535267115,0.0234538279474,0.0242754463106,0.0177368745208,0.00431920588017,0.000466969358968],"max":[0.98240929842,0.573958814144,0.8557472229,0.985818684101,0.284343630075,0.0808876976371],"mean":[0.592494726181,0.0895034968853,0.166300535202,0.128884151578,0.035783700645,0.0122497472912],"median":[0.696439266205,0.0510668680072,0.0719043910503,0.0475656762719,0.0168718695641,0.00644977483898],"min":[8.55533642152e-7,0.0000718215815141,0.00255576730706,0.00170174590312,0.000032845633541,7.0461840096e-7],"var":[0.114707477391,0.0102425385267,0.0417162925005,0.0432500988245,0.0021054642275,0.000240549750743]},"beats_position":[0.7082