{"lowlevel":{"average_loudness":0.629750490189,"barkbands":{"dmean":[0.00912700034678,0.0287966281176,0.00891376100481,0.00335880019702,0.00277360877953,0.000754429493099,0.000374202209059,0.000205655829632,0.000133328168886,0.000101323937997,0.0000765090153436,0.0000897101854207,0.0000747253434383,0.0000380738601962,0.0000385545026802,0.0000348228022631,0.000029545984944,0.0000319495120493,0.0000405793616665,0.0000544645336049,0.0000370803827536,0.0000171335668711,0.00000928582267079,0.00000906849527382,0.0000069438178798,0.0000158298444148,0.00015804967552],"dmean2":[0.0156927090138,0.0486520081758,0.0150613449514,0.0055318493396,0.00425550667569,0.00121144787408,0.000604393717367,0.000337094359566,0.000220809495659,0.000166321275174,0.000124117170344,0.000142013188452,0.000119310658192,0.0000609921808064,0.0000608255868428,0.0000547713934793,0.0000457728128822,0.0000477821049572,0.0000573141260247,0.0000757713787607,0.0000507570912305,0.0000246938743658,0.0000142521657835,0.0000139480716825,0.0000114682352432,0.0000224391933443,0.000201417555218],"dvar":[0.000707762897946,0.00223312014714,0.000136511254823,0.0000344596919604,0.0000406168946938,0.00000350409436578,5.53272457182e-7,3.2312817666e-7,1.30198529291e-7,5.78243586347e-8,2.06918961965e-8,3.19968513907e-8,2.56615066974e-8,1.54013974907e-8,2.02038048513e-8,1.37984201842e-8,6.34164409874e-9,5.85313220114e-9,1.33216939702e-8,2.28969359028e-8,7.42140926491e-9,1.20559429106e-9,2.46951764593e-10,2.47660059127e-10,1.45878503721e-10,1.06008612999e-9,1.28922721387e-7],"dvar2":[0.00181262555998,0.00634076679125,0.000382397411158,0.0000835269747768,0.0000825805909699,0.00000872402779351,0.00000127451914977,8.71130907854e-7,3.30244262159e-7,1.47962026631e-7,5.16608054113e-8,7.18915842413e-8,6.67100010787e-8,3.39671615279e-8,4.50401671515e-8,2.90148616244e-8,1.43364022875e-8,1.1867760108e-8,2.34934649512e-8,4.12297005425e-8,1.36261268935e-8,2.24860441378e-9,5.50833600954e-10,5.56095502979e-10,3.82630649387e-10,1.89549953511e-9,2.00906612235e-7],"max":[0.579780161381,0.621046602726,0.185034841299,0.133436799049,0.184523046017,0.0687820389867,0.0293152760714,0.028043134138,0.0145995756611,0.00701151974499,0.00312983407639,0.00586395524442,0.0048907273449,0.00520530203357,0.00708925630897,0.00513921305537,0.00458344770595,0.00224581756629,0.00530187925324,0.00430361460894,0.00152925599832,0.000584622088354,0.000243987844442,0.000230923804338,0.000224929623073,0.000452288397355,0.00570101151243],"mean":[0.00885104574263,0.0455238856375,0.0129310702905,0.00519796088338,0.00556432176381,0.00126252928749,0.000614143034909,0.000321634142892,0.000168151600519,0.000140418880619,0.000119111202366,0.000150981359184,0.000129003426991,0.0000501349713886,0.0000512454062118,0.0000475205924886,0.0000397776020691,0.0000453924149042,0.0000611015202594,0.000081161975686,0.000051795381296,0.0000230206496781,0.000011462344446,0.0000105950839497,0.00000743549708204,0.0000205553951673,0.000263211026322],"median":[0.00242500845343,0.0238900426775,0.0077618341893,0.00218326924369,0.00169013533741,0.000505874108057,0.000314307340886,0.00015507961507,0.0000683590915287,0.0000512657024956,0.0000623204614385,0.0000732775370125,0.0000600266139372,0.0000235577172134,0.0000206712666113,0.0000158914717758,0.0000141232958413,0.0000162454416568,0.0000175062668859,0.0000186087927432,0.0000124066373246,0.00000664451454213,0.00000387450972994,0.00000339137636729,0.00000286473755295,0.00000629306896371,0.0000815635430627],"min":[4.86951530563e-24,1.09498745139e-23,1.19817842529e-23,1.70048718441e-23,4.00306046405e-23,2.25301388213e-23,7.94022185466e-24,1.9215722373e-23,4.77075465346e-23,5.28735347011e-23,3.63287423141e-23,9.0333964248e-23,4.89669945242e-23,1.04336314735e-22,4.85795439129e-23,1.38901517475e-22,1.29880646899e-22,1.77042475237e-22,2.58715655513e-22,3.99953084792e-22,3.21369260525e-22,5.83021573821e-22,5.17257332487e-22,7.73172493922e-22,1.14005451008e-21,1.57814085335e-21,2.07793404233e-21],"var":[0.000608964706771,0.00367798679508,0.000231694793911,0.0000913636322366,0.000174025029992,0.00000787696808402,0.0000012201555819,3.71801547772e-7,1.53863908281e-7,1.12199288083e-7,3.35101901783e-8,6.10952852753e-8,4.85872213574e-8,2.05538857045e-8,2.57526941994e-8,2.37499264699e-8,8.95525964495e-9,1.11017568472e-8,3.39604930844e-8,5.91691282636e-8,1.4858335895e-8,2.28444507755e-9,3.85515064316e-10,3.60113910913e-10,1.63064700631e-10,1.86688464687e-9,3.006971383e-7]},"barkbands_crest":{"dmean":3.56576609612,"dmean2":5.98254823685,"dvar":8.00485897064,"dvar2":22.703502655,"max":25.495136261,"mean":15.2104969025,"median":15.0895023346,"min":3.24361205101,"var":18.5076179504},"barkbands_flatness_db":{"dmean":0.0440938025713,"dmean2":0.0704409405589,"dvar":0.00130342936609,"dvar2":0.00336395879276,"max":0.455106526613,"mean":0.236243650317,"median":0.236604958773,"min":0.0546297356486,"var":0.00382930482738},"barkbands_kurtosis":{"dmean":32.5791549683,"dmean2":53.0926628113,"dvar":1581.62451172,"dvar2":3985.89477539,"max":679.987976074,"mean":62.89270401,"median":47.7292518616,"min":-1.93946731091,"var":3087.08374023},"barkbands_skewness":{"dmean":1.59319853783,"dmean2":2.54673671722,"dvar":2.13904571533,"dvar2":5.37334680557,"max":20.1663665771,"mean":5.87924623489,"median":5.61308670044,"min":-1.95104753971,"var":6.31263875961},"barkbands_spread":{"dmean":4.07484483719,"dmean2":6.16299200058,"dvar":50.3809051514,"dvar2":99.2497711182,"max":136.274841309,"mean":7.86523485184,"median":4.18135643005,"min":0.297560244799,"var":135.430435181},"dissonance":{"dmean":0.0192376859486,"dmean2":0.0315276049078,"dvar":0.000356521253707,"dvar2":0.000937282515224,"max":0.500000059605,"mean":0.462053239346,"median":0.467553943396,"min":0.001139614149,"var":0.000737681169994},"dynamic_complexity":2.80234885216,"erbbands":{"dmean":[1.00370049477,6.25807762146,10.9106998444,9.74316978455,8.86876010895,10.7495031357,9.23379230499,6.40731906891,5.83502817154,4.50103235245,3.93672013283,3.09820389748,3.02324938774,3.01894760132,3.11971187592,3.67621922493,3.22059512138,2.01644778252,2.00837397575,1.98476290703,1.79818201065,1.63863813877,1.67345392704,1.83468735218,2.17759990692,2.78129529953,1.87968933582,1.20803439617,0.677065372467,0.404691010714,0.25149551034,0.194012582302,0.147671028972,0.0821851566434,0.0488461405039,0.0496493279934,0.0307599678636,0.0263455752283,0.0250665266067,0.00606301426888],"dmean2":[1.6967703104,10.5683612823,18.4251613617,16.0270042419,14.349032402,16.4946556091,14.0735778809,10.341668129,9.50515270233,7.28582668304,6.51131629944,5.1325135231,4.99531459808,4.89707946777,5.00585842133,5.78592061996,5.11126852036,3.17825222015,3.16181612015,3.08109998703,2.78933143616,2.49798417091,2.51145744324,2.65301513672,3.10626578331,3.89496588707,2.57392573357,1.66415977478,0.97253626585,0.602157354355,0.388175934553,0.29981303215,0.228498786688,0.133794143796,0.0809518545866,0.0742297619581,0.0432647764683,0.0341272987425,0.0315519236028,0.00900266505778],"dvar":[5.07139539719,92.1074829102,207.117355347,201.096374512,269.348846436,898.263366699,787.000671387,245.975662231,117.424987793,126.855316162,173.767608643,70.0089111328,50.4462547302,43.8625793457,37.895236969,51.3088188171,50.6329803467,23.6417102814,51.5088119507,60.0740623474,31.4984016418,15.6117315292,15.1065702438,24.8562698364,41.2721061707,64.2652359009,20.8120269775,8.15537261963,2.10863876343,0.604299724102,0.180957719684,0.110253579915,0.0681957826018,0.0195365343243,0.00734295928851,0.00998875964433,0.00398341193795,0.00411152560264,0.0041148532182,0.00008804074605],"dvar2":[13.8943128586,269.709747314,584.903320312,510.732299805,647.712158203,1859.3782959,1540.75292969,641.147949219,270.092956543,320.193084717,479.211212158,181.423431396,127.902488708,106.101402283,91.8660964966,116.272781372,134.52671814,49.9651794434,113.5209198,132.837112427,61.9955177307,32.8597869873,32.3535079956,44.5070571899,75.8684921265,121.880104065,38.2803268433,15.5044155121,3.98884820938,1.24154043198,0.413568764925,0.253626257181,0.153576344252,0.0500071421266,0.0193410869688,0.0200695507228,0.00705387629569,0.00649133278057,0.00661826552823,0.00018545614148],"max":[36.7075996399,131.981994629,237.368621826,301.852233887,375.784118652,1081.06347656,852.22845459,491.649505615,479.21661377,500.282470703,721.224487305,313.982696533,167.754425049,227.60269165,213.167648315,166.452514648,247.541000366,239.230102539,330.833618164,403.382385254,310.444000244,209.941864014,125.093132019,156.487625122,290.827362061,226.760726929,122.923339844,53.4376220703,23.1512794495,16.7805728912,6.67055177689,5.13363933563,3.73054385185,2.53958749771,1.57765865326,1.26706886292,0.86090862751,1.36590945721,1.2009652853,0.126247957349],"mean":[1.40229439735,9.78152561188,16.7536334991,16.3305168152,15.2537565231,20.7961978912,17.2511920929,10.7219963074,9.91660690308,7.44019126892,5.92202425003,4.01252698898,4.10448598862,4.63783216476,5.08879423141,6.56545734406,5.73459386826,3.15924692154,2.70322918892,2.7060379982,2.52106523514,2.30492329597,2.4004714489,2.69243407249,3.32080388069,4.0595870018,2.70384955406,1.65044772625,0.911474823952,0.512207627296,0.306640744209,0.232536330819,0.167697891593,0.0895206779242,0.0524537488818,0.0577797144651,0.0409127920866,0.0383789502084,0.039197076112,0.014750325121],"median":[0.663574695587,5.10608005524,10.3015804291,9.34665393829,6.19954109192,4.81559276581,4.42890024185,4.45145797729,5.10645389557,3.9602766037,2.95508575439,1.72346711159,1.55613708496,2.21663832664,2.67713189125,3.3374812603,2.80668210983,1.56618881226,1.20653867722,1.0122988224,0.874045133591,0.852740168571,0.911095440388,0.842617034912,0.919853806496,0.881700217724,0.632419764996,0.402838647366,0.253862082958,0.15782494843,0.106385931373,0.080238878727,0.0512603260577,0.0326112918556,0.0207336060703,0.0165220536292,0.0130647141486,0.0102517586201,0.00968266278505,0.0101509988308],"min":[4.56777272772e-22,2.0978342388e-21,1.0646489799e-20,3.74070524666e-20,1.42567150588e-19,9.95471606776e-20,8.2977821817e-20,2.33462784003e-19,1.7120924865e-19,2.71697062318e-19,4.91691407244e-19,8.80691029777e-19,1.56645415647e-18,1.20800950009e-18,1.89361763382e-18,5.82492977298e-18,3.2435468218e-18,3.02486777159e-18,3.47055165166e-18,4.01019559789e-18,8.43653666298e-18,7.41724335316e-18,9.85704482993e-18,1.018802709e-17,1.38905627852e-17,1.69385215104e-17,1.46971366743e-17,1.53488755877e-17,2.04018076211e-17,1.92014461296e-17,1.48956054274e-17,1.43156773718e-17,1.36231634173e-17,1.21262229346e-17,7.22813580306e-18,5.55844237171e-18,2.70383132444e-18,1.17579929383e-18,2.97804924553e-19,2.91138398115e-20],"var":[5.45791387558,171.173675537,377.173583984,467.335174561,721.288269043,3555.16943359,2673.03100586,531.262756348,296.017456055,183.380783081,161.574508667,82.2571182251,83.1276092529,90.9489517212,61.5182113647,109.02936554,89.5892868042,42.0916595459,62.5157775879,83.261428833,57.4469451904,25.858543396,27.0642795563,57.9560012817,106.258293152,152.803817749,45.6757545471,15.2192211151,3.86300492287,0.999586224556,0.270606130362,0.158739849925,0.0963061377406,0.0229797065258,0.00816159695387,0.0149307372048,0.007176626008,0.00835172459483,0.00898254103959,0.000208318786463]},"erbbands_crest":{"dmean":2.56344676018,"dmean2":4.1575756073,"dvar":5.03146028519,"dvar2":12.5857696533,"max":28.2697963715,"mean":8.73760890961,"median":8.03125667572,"min":2.53175067902,"var":13.6749782562},"erbbands_flatness_db":{"dmean":0.0235692970455,"dmean2":0.0368677303195,"dvar":0.000427873048466,"dvar2":0.00104827666655,"max":0.300481975079,"mean":0.116962641478,"median":0.111867375672,"min":0.0362652912736,"var":0.00158741499763},"erbbands_kurtosis":{"dmean":1.82749474049,"dmean2":2.88700079918,"dvar":11.1268186569,"dvar2":29.0100059509,"max":135.079208374,"mean":2.19545865059,"median":0.877819538116,"min":-1.74129593372,"var":22.168920517},"erbbands_skewness":{"dmean":0.456010818481,"dmean2":0.686060011387,"dvar":0.193095117807,"dvar2":0.436445921659,"max":9.99715995789,"mean":1.15513622761,"median":1.11616039276,"min":-2.26270270348,"var":0.88205319643},"erbbands_spread":{"dmean":9.66167640686,"dmean2":14.5202035904,"dvar":83.619720459,"dvar2":178.531784058,"max":127.27431488,"mean":42.4893112183,"median":40.3522758484,"min":2.70621943474,"var":366.417510986},"gfcc":{"cov":[[3983.99829102,-214.664932251,-332.513366699,182.229202271,-48.8691482544,-56.3413314819,-27.5762252808,20.1568374634,-71.2758789062,-4.10965919495,-112.25655365,8.36979293823,107.553703308],[-214.664932251,616.379882812,137.13760376,-120.600624084,3.92390108109,-16.9814548492,-7.54297876358,-62.9553375244,-21.5793437958,-46.1567878723,80.0440673828,-10.8856506348,21.9533462524],[-332.513366699,137.13760376,321.051452637,30.3219890594,-46.2002296448,59.5419273376,-38.6845817566,33.7163543701,-8.95841789246,-2.1342716217,13.2213392258,0.30705422163,7.06965017319],[182.229202271,-120.600624084,30.3219890594,159.286209106,57.6184158325,-16.7931995392,35.2064743042,11.5241260529,7.29965591431,6.48377752304,-32.0653762817,-4.37001228333,2.79616761208],[-48.8691482544,3.92390108109,-46.2002296448,57.6184158325,156.681838989,-7.68316602707,80.5841217041,-36.1178398132,12.1476659775,-3.48651480675,19.4249248505,-6.33540868759,-9.95836830139],[-56.3413314819,-16.9814548492,59.5419273376,-16.7931995392,-7.68316602707,173.1434021,-34.3174209595,60.4806404114,-6.52769231796,12.9842538834,9.77292537689,11.8586959839,-2.49797439575],[-27.5762252808,-7.54297876358,-38.6845817566,35.2064743042,80.5841217041,-34.3174209595,129.99659729,-12.499382019,21.0247993469,-0.343383103609,8.47020244598,-4.47956991196,-5.64553689957],[20.1568374634,-62.9553375244,33.7163543701,11.5241260529,-36.1178398132,60.4806404114,-12.499382019,104.480606079,38.8117370605,23.4793758392,-12.9620161057,0.424175620079,10.9231081009],[-71.2758789062,-21.5793437958,-8.95841789246,7.29965591431,12.1476659775,-6.52769231796,21.0247993469,38.8117370605,76.8579406738,36.2247810364,6.96309137344,-1.53825569153,-5.00018692017],[-4.10965919495,-46.1567878723,-2.1342716217,6.48377752304,-3.48651480675,12.9842538834,-0.343383103609,23.4793758392,36.2247810364,54.0974845886,20.4524002075,6.34359931946,-5.79205274582],[-112.25655365,80.0440673828,13.2213392258,-32.0653762817,19.4249248505,9.77292537689,8.47020244598,-12.9620161057,6.96309137344,20.4524002075,62.8407173157,22.7995567322,1.89766216278],[8.36979293823,-10.8856506348,0.30705422163,-4.37001228333,-6.33540868759,11.8586959839,-4.47956991196,0.424175620079,-1.53825569153,6.34359931946,22.7995567322,44.6841049194,21.7484893799],[107.553703308,21.9533462524,7.06965017319,2.79616761208,-9.95836830139,-2.49797439575,-5.64553689957,10.9231081009,-5.00018692017,-5.79205274582,1.89766216278,21.7484893799,55.7091217041]],"icov":[[0.00037529374822,-0.000248499796726,0.000688953674398,-0.000841260014568,0.000453280663351,-0.000135628506541,0.000027337049687,-0.0000920773818507,0.000590012059547,-0.000569901661947,0.000371201167582,0.000107962208858,-0.000637150660623],[-0.000248499796726,0.00416795536876,-0.00212481827475,0.00223984499462,0.000116668692499,-0.000030024219086,0.00010718635167,0.00218465575017,-0.00292674265802,0.00601059896871,-0.00730231357738,0.00551572814584,-0.00294580147602],[0.000688953674398,-0.00212481827475,0.00656563602388,-0.00590228056535,0.0041776355356,-0.00230614095926,0.000371063157218,-0.000664153601974,0.00071595836198,0.000485813972773,-0.00229722261429,0.00138155044988,-0.000564860878512],[-0.000841260014568,0.00223984499462,-0.00590228056535,0.0168379750103,-0.0105232521892,0.00458457041532,-0.000374322960852,-0.00328258681111,0.00337306829169,-0.00646398216486,0.0110444733873,-0.00537865748629,0.000929821864702],[0.000453280663351,0.000116668692499,0.0041776355356,-0.0105232521892,0.0192600544542,-0.00678834831342,-0.00635669426993,0.00906750466675,-0.00764060718939,0.00911782495677,-0.0131992399693,0.00941503606737,-0.00317043717951],[-0.000135628506541,-0.000030024219086,-0.00230614095926,0.00458457041532,-0.00678834831342,0.0118982437998,0.00288128736429,-0.0106315035373,0.00786420051008,-0.00452269706875,0.00294225825928,-0.0060393945314,0.00452597392723],[0.000027337049687,0.00010718635167,0.000371063157218,-0.000374322960852,-0.00635669426993,0.00288128736429,0.012760094367,-0.0024701054208,-0.00160567474086,0.00195965450257,-0.00139061454684,-0.000459720933577,0.000933471485041],[-0.0000920773818507,0.00218465575017,-0.000664153601974,-0.00328258681111,0.00906750466675,-0.0106315035373,-0.0024701054208,0.0263220835477,-0.0160904377699,0.00351401069202,-0.00189045979641,0.00806969683617,-0.00886614341289],[0.000590012059547,-0.00292674265802,0.00071595836198,0.00337306829169,-0.00764060718939,0.00786420051008,-0.00160567474086,-0.0160904377699,0.0329951606691,-0.0230266656727,0.0106077836826,-0.00694902567193,0.00465203914791],[-0.000569901661947,0.00601059896871,0.000485813972773,-0.00646398216486,0.00911782495677,-0.00452269706875,0.00195965450257,0.00351401069202,-0.0230266656727,0.050568010658,-0.0320664979517,0.0122600095347,-0.000572038872633],[0.000371201167582,-0.00730231357738,-0.00229722261429,0.0110444733873,-0.0131992399693,0.00294225825928,-0.00139061454684,-0.00189045979641,0.0106077836826,-0.0320664979517,0.0555726103485,-0.0306608397514,0.00759533047676],[0.000107962208858,0.00551572814584,0.00138155044988,-0.00537865748629,0.00941503606737,-0.0060393945314,-0.000459720933577,0.00806969683617,-0.00694902567193,0.0122600095347,-0.0306608397514,0.0494333729148,-0.0201071258634],[-0.000637150660623,-0.00294580147602,-0.000564860878512,0.000929821864702,-0.00317043717951,0.00452597392723,0.000933471485041,-0.00886614341289,0.00465203914791,-0.000572038872633,0.00759533047676,-0.0201071258634,0.0297846160829]],"mean":[-27.3408279419,99.893951416,-36.4841346741,19.9398727417,-10.1183738708,-5.78307914734,-0.156796783209,-10.3717546463,-9.96844005585,-2.59431409836,-0.0246605016291,-4.73431921005,-8.07349586487]},"hfc":{"dmean":197.460281372,"dmean2":322.294036865,"dvar":121938.0625,"dvar2":309303.28125,"max":5759.29541016,"mean":432.194335938,"median":290.919403076,"min":1.11251464579e-16,"var":229589.78125},"melbands":{"dmean":[0.0085472073406,0.00632910849527,0.00162216939498,0.000630226219073,0.000374621740775,0.000140016083606,0.000083321792772,0.0000488378100272,0.00003037870556,0.0000190484624909,0.0000152479051394,0.0000125646092783,0.0000103422753455,0.00000984776488622,0.00000994831043499,0.00000634199659544,0.000003593255542,0.00000330346074406,0.00000300732153846,0.00000257104511547,0.0000021025634851,0.00000180366680524,0.00000157199110618,0.00000154868689606,0.00000150710320668,0.00000164368975675,0.00000162645801538,0.0000020287609459,0.00000129447221298,8.97926781818e-7,6.3570621478e-7,4.10052024336e-7,2.77263410453e-7,2.04382033075e-7,1.50037791968e-7,1.20203424103e-7,1.19957562106e-7,1.07944650551e-7,8.75954597745e-8,6.32512850984e-8],"dmean2":[0.0144147630781,0.0106714190915,0.00266010384075,0.000976953073405,0.000571177224629,0.000226235133596,0.000135710433824,0.0000792158389231,0.0000503892879351,0.0000315471042995,0.0000251876372204,0.0000204142797884,0.0000167397010955,0.000015673769667,0.0000157546437549,0.0000100375727925,0.00000575577041673,0.00000523734615854,0.00000474183980259,0.00000406587969337,0.00000329458225679,0.00000280023800769,0.00000243818885792,0.00000234616413763,0.00000221731784222,0.00000239779865296,0.00000232575757764,0.00000290623120236,0.0000018204098069,0.00000125822396058,8.98908297131e-7,5.94460686898e-7,4.09976991023e-7,3.10527951797e-7,2.32647806797e-7,1.89931441241e-7,1.85364939398e-7,1.66714187344e-7,1.38640643854e-7,1.04584167104e-7],"dvar":[0.000276165374089,0.0000762053023209,0.00000547161198483,0.00000184326142971,0.00000123604911551,1.13582693473e-7,2.34834587332e-8,1.38037332675e-8,1.17019389734e-8,2.45254527798e-9,1.3247122288e-9,7.98709876015e-10,3.81433440388e-10,3.98736432761e-10,4.14537459914e-10,1.78050130195e-10,9.0594746982e-11,1.42386880064e-10,1.44376899325e-10,9.85527076613e-11,4.17753331927e-11,2.32961393232e-11,1.34928509338e-11,1.59688321594e-11,1.78882221535e-11,2.58174159135e-11,2.2575649683e-11,3.77086660508e-11,1.14232278151e-11,4.67667267759e-12,2.34157138124e-12,8.10354225129e-13,3.03658221614e-13,1.50866623881e-13,6.6844567262e-14,4.11478814075e-14,4.4864584053e-14,3.79915655955e-14,2.35137345657e-14,1.21750677777e-14],"dvar2":[0.000759771792218,0.000218360029976,0.0000137756906042,0.00000373290663447,0.00000247088541983,2.90761818178e-7,5.44045910544e-8,3.50837545682e-8,3.22238378203e-8,6.28930729718e-9,3.37090977354e-9,1.93107907442e-9,9.39054944915e-10,9.0127999508e-10,1.0515508464e-9,4.07559541671e-10,1.93270843774e-10,3.18435167124e-10,3.24438753641e-10,2.21406698531e-10,8.5765464175e-11,5.24846069383e-11,3.09346992466e-11,3.42860566327e-11,3.35886075897e-11,4.94764611225e-11,4.27090134092e-11,7.68394584072e-11,2.25272526327e-11,8.91022412103e-12,4.71975063199e-12,1.5794851321e-12,6.07358835534e-13,3.2513041196e-13,1.53365086472e-13,9.9679995974e-14,1.01467818251e-13,8.51142073488e-14,5.54038931432e-14,3.18358349665e-14],"max":[0.264211922884,0.131276518106,0.0467758141458,0.0441989302635,0.0339212864637,0.0118186706677,0.00630290573463,0.00477324193344,0.00600717868656,0.00205052248202,0.000863974331878,0.00103370670695,0.000461861811345,0.00070480175782,0.000661355210468,0.000530531047843,0.000475226668641,0.000541037006769,0.000636958342511,0.000460531271528,0.000348027941072,0.000271900877124,0.000112724548671,0.000127115490614,0.000127743638586,0.000259480671957,0.000171392312041,0.000156436508405,0.00011407162674,0.0000386147585232,0.0000278812640317,0.0000143748984556,0.00000974565136858,0.00000833078229334,0.00000386217880077,0.00000349679839928,0.0000029847165024,0.00000275888965007,0.00000235296079154,0.00000206587060347],"mean":[0.0132955303416,0.0105580063537,0.00292355963029,0.00121522706468,0.000741654483136,0.000233701997786,0.000142135264468,0.0000788807010395,0.0000438618335465,0.0000240676945396,0.0000204396219488,0.0000188007870747,0.0000164826997207,0.0000163237364177,0.0000168903188751,0.0000109900493044,0.00000513169288752,0.00000426370252171,0.00000393327718484,0.00000339433609042,0.00000285549594992,0.00000240516328631,0.00000221518575927,0.00000210258554034,0.00000214080910155,0.0000024121854949,0.00000238767620431,0.00000282607675217,0.00000180679467121,0.00000123589859413,8.40950008296e-7,5.46559135728e-7,3.51588056446e-7,2.53094924574e-7,1.8104360322e-7,1.42700045558e-7,1.4265634718e-7,1.22039011785e-7,9.68487086084e-8,6.73054572076e-8],"median":[0.00690475571901,0.00653339829296,0.001734448364,0.000409096712247,0.000172136904439,0.0000995020745904,0.0000752726919018,0.0000403036829084,0.0000214901156141,0.00000979925334832,0.00000747594003769,0.00000856576752994,0.00000867997641762,0.00000794236075308,0.00000827488474897,0.00000470802660857,0.00000245532123699,0.00000184569182693,0.00000152372149387,0.00000112573752631,9.66755351328e-7,8.25519521186e-7,8.50405058372e-7,7.14287068604e-7,6.54003997624e-7,6.59943736991e-7,6.39867323571e-7,5.58091528546e-7,4.12947883888e-7,2.92114322065e-7,2.07629980764e-7,1.49917809722e-7,1.03881070856e-7,7.99625041736e-8,6.19100504196e-8,5.09123729842e-8,4.94515823846e-8,3.62576919599e-8,3.10420702476e-8,2.53585454857e-8],"min":[3.88050342824e-24,5.37445333815e-24,9.93363313024e-24,8.89118342071e-24,3.28490989493e-24,4.94014675564e-24,2.40085714427e-24,3.67854635904e-24,4.9318140179e-24,5.16734658495e-24,7.79736939991e-24,4.66328261032e-24,5.73957603041e-24,7.0143578983e-24,1.52547050398e-23,4.32061602701e-24,5.77941232283e-24,4.70836640548e-24,3.62419384267e-24,9.00912364807e-24,9.22589394735e-24,6.73869834358e-24,7.41243209944e-24,8.8129891612e-24,7.6288900098e-24,8.55305475976e-24,9.14929397573e-24,1.02788512841e-23,1.09029743665e-23,7.01117642227e-24,9.65416337735e-24,9.65121855959e-24,1.03629998658e-23,9.41787823699e-24,7.65934950707e-24,9.87581120361e-24,8.2795369624e-24,7.53896302205e-24,1.00211935353e-23,1.01480968002e-23],"var":[0.000363019411452,0.000150933759869,0.0000144320392792,0.00000727315909899,0.00000495066979056,2.42545041829e-7,5.75134180281e-8,2.00244709703e-8,1.03926893757e-8,3.00485614169e-9,2.1638286718e-9,1.67340830082e-9,6.33332220001e-10,7.24749205094e-10,7.5118694598e-10,4.46674502941e-10,1.42874947984e-10,1.6654715107e-10,1.80148077011e-10,1.43678402509e-10,7.20663945186e-11,3.30606687859e-11,2.1903350661e-11,2.67926809211e-11,3.86239269734e-11,5.82839054797e-11,5.72849476188e-11,7.79886710767e-11,2.35410579918e-11,8.76329911415e-12,3.98301053597e-12,1.44213406408e-12,5.11038856631e-13,2.35010551601e-13,9.7540024831e-14,5.58387632465e-14,6.42710507753e-14,5.36595677017e-14,3.05801187866e-14,1.35940097476e-14]},"melbands_crest":{"dmean":3.795804739,"dmean2":6.38731479645,"dvar":10.3769493103,"dvar2":28.3046760559,"max":37.7345542908,"mean":20.5505332947,"median":20.3324604034,"min":1.87585604191,"var":23.3687744141},"melbands_flatness_db":{"dmean":0.0507427714765,"dmean2":0.0807697847486,"dvar":0.00171869527549,"dvar2":0.00437683379278,"max":0.615678489208,"mean":0.372025370598,"median":0.374600589275,"min":0.00372115359642,"var":0.00518402224407},"melbands_kurtosis":{"dmean":32.7756309509,"dmean2":54.2241668701,"dvar":1911.0826416,"dvar2":5048.71875,"max":955.716064453,"mean":72.9879302979,"median":59.4858512878,"min":-1.5920650959,"var":3374.37524414},"melbands_skewness":{"dmean":1.35701155663,"dmean2":2.19303178787,"dvar":1.76285910606,"dvar2":4.56903839111,"max":24.2763996124,"mean":5.75981378555,"median":5.62574625015,"min":-0.536503791809,"var":5.27357673645},"melbands_spread":{"dmean":1.73637568951,"dmean2":2.7912311554,"dvar":13.358502388,"dvar2":29.0922203064,"max":150.472854614,"mean":3.54013133049,"median":2.29570126534,"min":0.23464101553,"var":35.569644928},"mfcc":{"cov":[[3684.38598633,-402.550811768,-307.716491699,118.956878662,-55.5739173889,-34.8723716736,-16.5539894104,-30.0302124023,97.0730895996,8.95818042755,-46.1010246277,-142.440170288,-60.8178863525],[-402.550811768,630.722045898,114.821861267,-59.4277114868,3.23150753975,-4.90561628342,30.2688941956,-12.1050300598,-83.8671264648,-42.8027534485,-3.4913418293,2.54915070534,19.9150447845],[-307.716491699,114.821861267,369.679199219,-62.0992012024,50.8554153442,-29.5754413605,-8.1784324646,11.5644273758,-1.68582987785,-3.85557699203,1.7060495615,-2.72036862373,3.34215593338],[118.956878662,-59.4277114868,-62.0992012024,234.52520752,-15.7812843323,20.9103336334,15.418504715,-9.65807151794,22.6158771515,15.8188199997,-18.0053462982,-7.25941610336,-4.18480873108],[-55.5739173889,3.23150753975,50.8554153442,-15.7812843323,95.3940429688,29.0889148712,12.3861732483,13.706864357,3.68470740318,1.31224191189,11.7945432663,8.32664585114,6.95863485336],[-34.8723716736,-4.90561628342,-29.5754413605,20.9103336334,29.0889148712,81.6469650269,44.5855979919,11.5690917969,-8.47249603271,-5.11485624313,2.594394207,15.3991889954,5.34905576706],[-16.5539894104,30.2688941956,-8.1784324646,15.418504715,12.3861732483,44.5855979919,79.1132736206,26.067401886,-5.13591337204,-6.70135736465,-2.88990163803,2.67340016365,4.80388355255],[-30.0302124023,-12.1050300598,11.5644273758,-9.65807151794,13.706864357,11.5690917969,26.067401886,52.6748085022,26.8329601288,7.23172998428,3.13897275925,0.973653614521,3.6793088913],[97.0730895996,-83.8671264648,-1.68582987785,22.6158771515,3.68470740318,-8.47249603271,-5.13591337204,26.8329601288,71.3380966187,39.3337440491,7.99732542038,-4.42198324203,0.711487114429],[8.95818042755,-42.8027534485,-3.85557699203,15.8188199997,1.31224191189,-5.11485624313,-6.70135736465,7.23172998428,39.3337440491,60.1597709656,29.6251716614,4.34409475327,-0.946165263653],[-46.1010246277,-3.4913418293,1.7060495615,-18.0053462982,11.7945432663,2.594394207,-2.88990163803,3.13897275925,7.99732542038,29.6251716614,51.6177558899,28.7684631348,5.51088237762],[-142.440170288,2.54915070534,-2.72036862373,-7.25941610336,8.32664585114,15.3991889954,2.67340016365,0.973653614521,-4.42198324203,4.34409475327,28.7684631348,62.9167633057,27.0834636688],[-60.8178863525,19.9150447845,3.34215593338,-4.18480873108,6.95863485336,5.34905576706,4.80388355255,3.6793088913,0.711487114429,-0.946165263653,5.51088237762,27.0834636688,42.9026069641]],"icov":[[0.000364114501281,0.000146827151184,0.000252215657383,-0.0000360402555089,-0.00000858173734741,0.000113801717816,-0.000253318721661,0.000624305161182,-0.000815348583274,0.000730125640985,-0.000591821095441,0.00103040516842,-0.000157958391355],[0.000146827151184,0.00221414864063,-0.000515997759067,0.0000723006523913,0.000255341088632,0.000646782864351,-0.00104419654235,-0.000162510114023,0.00257708807476,0.0000404811034969,-0.000785332871601,0.00126910198014,-0.001505724038],[0.000252215657383,-0.000515997759067,0.00365048041567,0.000499013462104,-0.00240297126584,0.0021968013607,-0.000357666838681,-0.0000593848562858,-0.000755849119741,0.0000766266530263,0.000657033408061,0.0000690570959705,0.000408589461586],[-0.0000360402555089,0.0000723006523913,0.000499013462104,0.00544954929501,0.000472315878142,-0.00126250728499,-0.00161773816217,0.0030552460812,-0.00225233985111,-0.00231428351253,0.00380467204377,-0.00118604535237,0.000654284027405],[-0.00000858173734741,0.000255341088632,-0.00240297126584,0.000472315878142,0.0145852686837,-0.00713258748874,0.00186383014079,-0.00172945100348,-0.0013283014996,0.00249841343611,-0.00502270180732,0.00277519621886,-0.00246381782927],[0.000113801717816,0.000646782864351,0.0021968013607,-0.00126250728499,-0.00713258748874,0.0235333442688,-0.0117257954553,0.0002704692306,0.00327241653576,-0.00132228457369,0.002856035484,-0.00622803997248,0.00256067002192],[-0.000253318721661,-0.00104419654235,-0.000357666838681,-0.00161773816217,0.00186383014079,-0.0117257954553,0.0241940394044,-0.0130131915212,0.00537166139111,-0.000777132052463,-0.0000434408248111,0.00239766901359,-0.00205195345916],[0.000624305161182,-0.000162510114023,-0.0000593848562858,0.0030552460812,-0.00172945100348,0.0002704692306,-0.0130131915212,0.0361821204424,-0.0204398613423,0.00807614531368,-0.00319268018939,0.00144274858758,-0.000119576303405],[-0.000815348583274,0.00257708807476,-0.000755849119741,-0.00225233985111,-0.0013283014996,0.00327241653576,0.00537166139111,-0.0204398613423,0.040042232722,-0.0249632261693,0.00950268749148,-0.00119453051593,-0.00323515385389],[0.000730125640985,0.0000404811034969,0.0000766266530263,-0.00231428351253,0.00249841343611,-0.00132228457369,-0.000777132052463,0.00807614531368,-0.0249632261693,0.0459153950214,-0.0293111670762,0.0103781661019,-0.00142131443135],[-0.000591821095441,-0.000785332871601,0.000657033408061,0.00380467204377,-0.00502270180732,0.002856035484,-0.0000434408248111,-0.00319268018939,0.00950268749148,-0.0293111670762,0.0493748895824,-0.0245560985059,0.00893821846694],[0.00103040516842,0.00126910198014,0.0000690570959705,-0.00118604535237,0.00277519621886,-0.00622803997248,0.00239766901359,0.00144274858758,-0.00119453051593,0.0103781661019,-0.0245560985059,0.038094330579,-0.0199604779482],[-0.000157958391355,-0.001505724038,0.000408589461586,0.000654284027405,-0.00246381782927,0.00256067002192,-0.00205195345916,-0.000119576303405,-0.00323515385389,-0.00142131443135,0.00893821846694,-0.0199604779482,0.0356107875705]],"mean":[-707.838684082,160.418624878,32.3756484985,46.4132843018,13.282371521,20.7539978027,17.0302276611,6.00873565674,0.547065138817,3.28485441208,2.36274170876,8.06610393524,4.48944187164]},"pitch_salience":{"dmean":0.090904571116,"dmean2":0.150983974338,"dvar":0.00553174642846,"dvar2":0.0150516312569,"max":0.970625579357,"mean":0.443889319897,"median":0.445132911205,"min":0.0828997045755,"var":0.0134185571223},"silence_rate_20dB":{"dmean":0.0255220420659,"dmean2":0.0510494671762,"dvar":0.0248717498034,"dvar2":0.0583552792668,"max":1,"mean":0.967520833015,"median":1,"min":0,"var":0.0314243286848},"silence_rate_30dB":{"dmean":0.105041131377,"dmean2":0.210104420781,"dvar":0.094016186893,"dvar2":0.20520991087,"max":1,"mean":0.653063356876,"median":1,"min":0,"var":0.226575195789},"silence_rate_60dB":{"dmean":0.00189833366312,"dmean2":0.00379706779495,"dvar":0.00189493922517,"dvar2":0.00441631721333,"max":1,"mean":0.0066434671171,"median":0,"min":0,"var":0.00659906119108},"spectral_centroid":{"dmean":166.635025024,"dmean2":241.875091553,"dvar":67259.4453125,"dvar2":106148.867188,"max":11729.7138672,"mean":509.719696045,"median":360.157440186,"min":117.90650177,"var":233866.59375},"spectral_complexity":{"dmean":2.69394636154,"dmean2":4.13521766663,"dvar":10.9888782501,"dvar2":20.920583725,"max":51,"mean":9.29663562775,"median":8,"min":0,"var":33.0289840698},"spectral_contrast_coeffs":{"dmean":[0.0559734217823,0.0454274378717,0.0363179445267,0.035491079092,0.0236532669514,0.0277450680733],"dmean2":[0.0931311994791,0.0751765146852,0.0604332946241,0.0583864524961,0.0377858914435,0.0429344661534],"dvar":[0.00187121983618,0.00133075809572,0.000869416282512,0.000809365417808,0.000376535725081,0.000737156253308],"dvar2":[0.00512739177793,0.00363267492503,0.0023691044189,0.00214640563354,0.000925871427171,0.001698863809],"max":[-0.362768173218,-0.533235609531,-0.625503242016,-0.608639478683,-0.699851870537,-0.499635100365],"mean":[-0.667282938957,-0.778940975666,-0.846789896488,-0.850975453854,-0.86159157753,-0.801860153675],"median":[-0.672544121742,-0.781221151352,-0.849347949028,-0.851083159447,-0.861148715019,-0.818552732468],"min":[-0.972374379635,-0.984106838703,-0.982118785381,-0.982914209366,-0.964723289013,-0.962102234364],"var":[0.00541878538206,0.00371954916045,0.00220821145922,0.0027629986871,0.00135993468575,0.00244265189394]},"spectral_contrast_valleys":{"dmean":[0.406018525362,0.451368033886,0.486158847809,0.516583502293,0.449987590313,0.606032550335],"dmean2":[0.662022173405,0.729918897152,0.782528579235,0.826409816742,0.687751054764,0.960897743702],"dvar":[0.1304217875,0.164686605334,0.184493243694,0.220858082175,0.179289028049,0.25356990099],"dvar2":[0.28835105896,0.385539889336,0.434162050486,0.529906153679,0.395814627409,0.640262901783],"max":[-4.41322517395,-4.43164300919,-5.32932329178,-5.71373033524,-5.79545927048,-8.32164764404],"mean":[-6.26158094406,-6.79795885086,-7.58240413666,-8.14180850983,-8.04789161682,-10.6904211044],"median":[-6.18801212311,-6.78366518021,-7.56335020065,-8.14131069183,-8.08855438232,-10.6947383881],"min":[-27.2321338654,-27.2541980743,-27.5231189728,-27.4792041779,-27.4294948578,-27.3047809601],"var":[0.647435545921,0.575546085835,0.618047952652,0.663748025894,0.674302279949,0.726849496365]},"spectral_decrease":{"dmean":9.96480498117e-9,"dmean2":1.67448810373e-8,"dvar":2.59711207177e-16,"dvar2":7.17490904675e-16,"max":4.74229224778e-8,"mean":-1.63068190062e-8,"median":-9.49349754364e-9,"min":-2.66963695594e-7,"var":4.50594475825e-16},"spectral_energy":{"dmean":0.0419630482793,"dmean2":0.0691867247224,"dvar":0.00550603028387,"dvar2":0.0142206503078,"max":1.18727004528,"mean":0.10074698925,"median":0.0710272490978,"min":1.02022170696e-20,"var":0.0104074915871},"spectral_energyband_high":{"dmean":0.000254103826592,"dmean2":0.000328102411004,"dvar":3.07888285533e-7,"dvar2":4.75909473607e-7,"max":0.00905912462622,"mean":0.000402493926231,"median":0.00011986374011,"min":7.08526238885e-21,"var":7.34632465083e-7},"spectral_energyband_low":{"dmean":0.0369475185871,"dmean2":0.0621749386191,"dvar":0.00379433552735,"dvar2":0.0103768520057,"max":0.942535638809,"mean":0.0671735927463,"median":0.0430919863284,"min":3.58745603811e-23,"var":0.00610594078898},"spectral_energyband_middle_high":{"dmean":0.000426518323366,"dmean2":0.000639350677375,"dvar":5.48207026441e-7,"dvar2":0.00000115134594125,"max":0.0266042612493,"mean":0.000850397686008,"median":0.000470252503874,"min":1.45760119048e-21,"var":0.00000135342577323},"spectral_energyband_middle_low":{"dmean":0.00578292645514,"dmean2":0.00916213914752,"dvar":0.0000942438273341,"dvar2":0.000205467396881,"max":0.23331592977,"mean":0.0131699601188,"median":0.00628468720242,"min":2.02260313649e-22,"var":0.000415690505179},"spectral_entropy":{"dmean":0.33021619916,"dmean2":0.51509064436,"dvar":0.0839442387223,"dvar2":0.209895685315,"max":9.81809139252,"mean":7.13015890121,"median":7.17102861404,"min":4.98488283157,"var":0.283793509007},"spectral_flux":{"dmean":0.0472348816693,"dmean2":0.0761933997273,"dvar":0.00349470996298,"dvar2":0.00800753105432,"max":0.868273735046,"mean":0.147671341896,"median":0.127173602581,"min":1.0427893965e-10,"var":0.00864607468247},"spectral_kurtosis":{"dmean":3.53811454773,"dmean2":5.65982961655,"dvar":13.9182395935,"dvar2":36.6821212769,"max":55.6715965271,"mean":12.8252687454,"median":11.5605354309,"min":-1.19232356548,"var":31.5696048737},"spectral_rms":{"dmean":0.00182030233555,"dmean2":0.00292086461559,"dvar":0.00000503494175064,"dvar2":0.0000120736103781,"max":0.0340339876711,"mean":0.00895807333291,"median":0.00832435395569,"min":3.15489821767e-12,"var":0.0000180427723535},"spectral_rolloff":{"dmean":4979.99462891,"dmean2":9842.07617188,"dvar":77830480,"dvar2":200275584,"max":22050,"mean":14605.0761719,"median":21899.2675781,"min":64.599609375,"var":102759512},"spectral_skewness":{"dmean":0.361881583929,"dmean2":0.564240038395,"dvar":0.119395531714,"dvar2":0.309795796871,"max":6.17902135849,"mean":2.67744970322,"median":2.59403705597,"min":-0.0963216573,"var":0.36386603117},"spectral_spread":{"dmean":628959.25,"dmean2":984524.875,"dvar":465794859008,"dvar2":901125505024,"max":41441756,"mean":5075307.5,"median":5136202,"min":1648909.25,"var":1334112944130},"spectral_strongpeak":{"dmean":10.4273319244,"dmean2":19.4871368408,"dvar":975.932495117,"dvar2":2686.1730957,"max":392.775177002,"mean":9.17904758453,"median":0.449694961309,"min":0,"var":1089.90637207},"zerocrossingrate":{"dmean":0.0550920479,"dmean2":0.0741735845804,"dvar":0.00207842234522,"dvar2":0.00401457864791,"max":0.76806640625,"mean":0.283428192139,"median":0.2724609375,"min":0.0068359375,"var":0.0161665566266}},"metadata":{"audio_properties":{"analysis_sample_rate":44100,"bit_rate":192000,"codec":"mp3","downmix":"mix","equal_loudness":0,"length":220.161071777,"lossless":false,"md5_encoded":"84fe0a2f855cd44aa5148afbf1007826","replay_gain":1.73140144348,"sample_rate":44100},"tags":{"acoustid_fingerprint":["AQADtEykLYqiw4erBEeokDo0ycuRRxm84nTQr3hxKTrCJIS6vDLS42iOSzueJB_i_Uim_GhG4sb1oG8K93hy3Eim5LEQtMeN4-KR_kOnNIeQ40Zf48azw9Xx-sh3_IEmHHmGT8eZI4f2C-kn9Hg-PDyqNBccIjwLPUP-4DjqiMfTH2mWQ-gX5McfvKiVwyl1fEfsHtqPfDhxRsen40f4QSSJ8MPxNA2aKh-qdMd95IN-7B-iH7WKB0eaQ40i9Hjm4w-O81DTHE2WpMhxHKHwKZqhMtEKhDcajniOS9mPK-nRZ0bDCTGe5tAj9ECPZ8eZ1NCm4z58oFZw_DvEHPnRBs17_EYTVHGOJ7uQH8nT48WZwT--PXjFDo8ko4mDfqGQB8qPH3txJajq4wpu-MSPakqG78hx80Xz0GiP22hiJkYVCj965EEy8zjR73DVCQ-N6_iYHdePzvjxBMnjID_-oN_xHA6DKj8u5ArUI9dx6qiTXAlODdG-HNoRXc-M5wvuoXmU4OlRH7-g88aDR8cZHVXGZ_jhR0IvPMiF5Bfa8fBDnHii4MmRL0hGCs_xc3jyoJKUGU6OnhJynkj6479wJ0KtGk98HA_R8B_-DDmP5BHToQmPnriXBr-Q64PgIH9wpj7KREdqoqIkE3qIPBeaHD-aJe-EXkfTP9i_4ngWX6jMwnoiIxSFJ4J-MHk-IiQZnNmx80d9XA9x56iOh8rhpcgZJMcb-Md_PMeeI_R2JEqoYHgOH1-yE59cPEZ1-IVPD_-D5Ii5w0yO__CP_wlKHU9wojmLUOqcI2mS4fhxBReR5ylE50F0pST4YQ_MI8GjI-2D58V_vEJyhD_841eCD32PmjKChBeaM9gP_sF-1DpOVNdxHskv5KmGvLiDNtA52MaP4tPxQ0c7KQjzoT_8o0JXHv6HHxdtGE-OhOF4I86Pzb3A6xhu-EelMMdzC8l0hDnxHDfRJ8epo9GJ9_hHJPsR5viDNxmPT1KO__iRHOHh6rDh3nhwI7mO_Oix58If8LiM2IHcIf4V9EayfEH04_hc_GjOoJZ0_DqOEM2PM4d-xDzOo0fTHfiOJyfyHFr0I6SGOdJBjg92umjQBQ-ew_Fj5FKgR3mRn4KrSEdlXcOPShmP98GN44ePQP2R-7i2xGg7uLrQ_sIv1IYtBo-OJzycHz2Dc_jx5MSYBj-iI3kUPMuFP0bF44Gd40d_DseR_IiZHV91NLmFMruOP3B_xI2QXJGPRkmFSg92HEyKPnvxtOhZoyaeZUf55GiOiPEH9RYxiyby_HgKXjl8fLvx3MTxDL_xBNsTPF2Q_Mh19IX7o_KV4sGTX_iR91DO4wmyP-imB9vCHSEl_Di0J3ngccUp8YOJH4eGH98RtwivwZUO4U0QZlGISznxoQ-cNFGO-xmOpjmu49mDntnRvPiLJyzxwzzUtC3xG7iIG-UVeDn6I3k0hMoeoskPnDBz4nFwEs9yOPqR-xDyMg-87vhwZUmOU9LRvyjx4D8mi0HF9CC9Y3wS_NBh4mmC32ie5ahynDz-HGHGI4ko0Dr24w9xeD2-4z-6UYcPsXrxw8fxE8eP88JtHdYNLxtKHz8unEJ4oknzBM-DL8cPTWa