{"lowlevel":{"average_loudness":0.693213999271,"barkbands":{"dmean":[0.000211352831684,0.00116555590648,0.00161927402951,0.00223336205818,0.00283292471431,0.00109820417129,0.00126519438345,0.000709835789166,0.000822393223643,0.000355140015017,0.000256734812865,0.000221686568693,0.000227053053095,0.000143898811075,0.000121529679745,0.0000834690072224,0.0000629395653959,0.0000349942529283,0.0000224714094657,0.0000202833125513,0.0000106263869384,0.00000664682556817,0.00000348722437593,0.00000238811048803,0.00000137353231366,3.48164434172e-7,5.19951370848e-8],"dmean2":[0.00033461645944,0.0019368303474,0.00272737746127,0.00372341298498,0.00462282495573,0.00165234890301,0.00186160521116,0.000942852231674,0.00116170826368,0.00047303197789,0.000363687402569,0.000302239437588,0.000312316871714,0.000208631841815,0.000182293908438,0.000129514897708,0.0000955606010393,0.0000553482095711,0.0000355411502824,0.0000308671988023,0.0000162336200447,0.00000990603894024,0.00000516537738804,0.00000355470615432,0.00000201151169676,5.27757492819e-7,8.27335924214e-8],"dvar":[2.60536374697e-8,0.0000205757478398,0.0000248741980613,0.000050339527661,0.0000282052096736,0.00000557048178962,0.00000879391063791,0.00000443572162112,0.00000904172429728,0.00000162255412306,0.00000224736550081,7.57943951157e-7,6.6747981009e-7,0.00000313642908623,7.66079253367e-8,4.85703033348e-8,2.75894489477e-8,8.05951394511e-9,3.26646509841e-9,2.84855428134e-9,9.79850312e-10,5.39026379087e-10,1.57712717885e-10,1.19557017064e-10,6.32216640151e-11,4.33817608572e-12,4.97646391597e-14],"dvar2":[6.0506721411e-8,0.0000503609262523,0.0000675962292007,0.000128645784571,0.0000746963050915,0.0000109311204142,0.0000180716615432,0.00000744500721339,0.0000226643242058,0.00000236916957874,0.00000347064906236,0.00000122178664697,0.00000121962750654,0.00000470225086247,1.75731756258e-7,1.14685136055e-7,5.81004293565e-8,1.8359035181e-8,7.71811770051e-9,6.62957999609e-9,2.15993423147e-9,1.16618892321e-9,3.41259465131e-10,2.51092452386e-10,1.35935415702e-10,1.07105557062e-11,1.17416655825e-13],"max":[0.00341665185988,0.074066825211,0.115466527641,0.148953795433,0.084962181747,0.0819674432278,0.0811401605606,0.0731168910861,0.0933724939823,0.0532414838672,0.0851237475872,0.0498096048832,0.0475584119558,0.171086296439,0.00801106449217,0.00566538982093,0.00633382145315,0.002578004729,0.00196291925386,0.00105387181975,0.000744338613003,0.000663979037199,0.000339959951816,0.000683823833242,0.000499311601743,0.000145191734191,0.00000520345110999],"mean":[0.00099366507493,0.0015020883875,0.00291212508455,0.00363094569184,0.00632674945518,0.00273038144223,0.0024709738791,0.00163875368889,0.0016743192682,0.000735839421395,0.000528741336893,0.000422203884227,0.000472951534903,0.000253180798609,0.000243432092248,0.000149640400195,0.000119713156892,0.0000634612588328,0.0000438745846623,0.0000437047856394,0.0000221491973207,0.0000115267957881,0.00000516551108376,0.00000343582973983,0.00000211248220694,4.57289331735e-7,6.77373392932e-8],"median":[0.00106299831532,0.000365230866009,0.000804912298918,0.00106638681609,0.00340912747197,0.00113458000124,0.000641842896584,0.00023552744824,0.000214865896851,0.000113314185,0.0000888627764652,0.0000636755721644,0.0000957901502261,0.0000197954486794,0.0000672923779348,0.0000341123050021,0.0000282484706986,0.0000170016337506,0.0000104565433503,0.00000586289252169,0.00000389934029954,0.0000019997733034,0.00000104400669443,7.1480724273e-7,3.5891770267e-7,7.98340451524e-8,2.13688622352e-8],"min":[1.76176018218e-9,5.23579890555e-9,8.31059498996e-10,5.81627974949e-11,1.80016712648e-9,5.41473921256e-10,3.10158898564e-10,9.84877249199e-11,2.3723936704e-10,1.69794373006e-10,1.42133374514e-10,2.30046245941e-10,2.34621627682e-10,1.87252227613e-10,2.09060491141e-10,2.80916817585e-10,4.34663943727e-10,3.02687763742e-10,5.25272658702e-10,4.8124043639e-10,5.763253208e-10,8.30257640416e-10,5.60489488155e-10,9.46442257899e-10,1.09826236994e-9,8.93798257628e-10,1.10696185551e-9],"var":[1.8415772729e-7,0.0000207548309845,0.0000376405660063,0.0000628382986179,0.000068654975621,0.0000239814798988,0.0000257355804933,0.0000196036817215,0.0000215405452764,0.00000692209914632,0.00000684376982463,0.00000252014592661,0.00000262039793597,0.00000895686753211,2.54077633599e-7,1.2891479173e-7,8.84491484499e-8,1.80169763553e-8,8.49734949071e-9,9.49911882486e-9,2.52047382965e-9,9.32002808263e-10,2.21629006814e-10,2.39472164321e-10,1.2552667239e-10,4.36219723537e-12,5.00506211996e-14]},"barkbands_crest":{"dmean":2.37642049789,"dmean2":3.81620335579,"dvar":4.97874212265,"dvar2":13.3695526123,"max":25.0608196259,"mean":11.104765892,"median":10.4554719925,"min":3.08695912361,"var":14.0101585388},"barkbands_flatness_db":{"dmean":0.0195729210973,"dmean2":0.0293496679515,"dvar":0.00037448076182,"dvar2":0.000891821051482,"max":0.429143697023,"mean":0.214990064502,"median":0.214232861996,"min":0.0501689910889,"var":0.00249874265864},"barkbands_kurtosis":{"dmean":2.49696779251,"dmean2":3.98404240608,"dvar":14.1729154587,"dvar2":39.6310501099,"max":75.1262054443,"mean":4.76247549057,"median":2.95975732803,"min":-1.79659759998,"var":35.5769119263},"barkbands_skewness":{"dmean":0.432724922895,"dmean2":0.66066968441,"dvar":0.215434521437,"dvar2":0.557072460651,"max":8.38798904419,"mean":1.23882806301,"median":1.17129933834,"min":-2.82355737686,"var":1.06429076195},"barkbands_spread":{"dmean":2.49449014664,"dmean2":3.88800907135,"dvar":12.1483640671,"dvar2":34.5895881653,"max":109.206520081,"mean":10.6784296036,"median":9.23181629181,"min":0.886254906654,"var":44.2919845581},"dissonance":{"dmean":0.0301528666168,"dmean2":0.0503439977765,"dvar":0.000776015804149,"dvar2":0.00206970795989,"max":0.500000178814,"mean":0.41809168458,"median":0.427007675171,"min":0.17322704196,"var":0.002585117938},"dynamic_complexity":4.98879003525,"erbbands":{"dmean":[0.0220507383347,0.317854732275,1.45813846588,4.94386672974,9.27472305298,10.0115594864,7.58173894882,9.53671646118,18.1367263794,14.9117059708,14.3906078339,23.7236442566,9.68689918518,12.3989171982,10.1749134064,11.3944740295,11.121181488,8.4819355011,6.97255373001,4.11622142792,3.93395757675,2.48680114746,2.23553371429,1.22516822815,1.13980662823,0.964796841145,0.511791288853,0.343493133783,0.275979161263,0.141087979078,0.0995054244995,0.0599581673741,0.0337713584304,0.0188465882093,0.00846028607339,0.00226526963525,0.00052000535652,0.0000964240825851,0.0000116481596706,0.00000922463277675],"dmean2":[0.034190479666,0.534687399864,2.4462852478,8.2144947052,15.5115528107,15.9803371429,11.1018276215,14.999168396,26.7211341858,20.6630897522,19.116727829,33.5657272339,13.7660827637,16.4668216705,14.1439151764,15.191365242,15.0522060394,12.0904655457,10.3476543427,6.27879428864,6.03165864944,3.71159410477,3.45237922668,1.95511496067,1.80355024338,1.47252869606,0.787457227707,0.520885288715,0.41328471899,0.208314061165,0.148052111268,0.0887071713805,0.0514539778233,0.0280285142362,0.0124574843794,0.00340208364651,0.000787738710642,0.000148809383973,0.0000177529691427,0.0000138921723192],"dvar":[0.00750257633626,1.45939612389,20.3904190063,221.387680054,517.08972168,363.352722168,268.221954346,463.813873291,1950.27526855,1641.80163574,1861.83215332,7272.51123047,1020.07458496,2241.34033203,5007.72119141,1853.62072754,1508.32458496,8413.27050781,492.18347168,110.023033142,85.1516647339,38.7193717957,29.4957447052,10.336435318,9.33759403229,6.61541366577,1.95567893982,1.21942174435,0.917747557163,0.319070339203,0.155299395323,0.0853425562382,0.0211889036,0.00875410623848,0.00371233909391,0.000288070703391,0.00000603616217631,1.53593362029e-7,1.57666013578e-9,2.63681354529e-10],"dvar2":[0.0169055592269,3.67988228798,54.9820632935,565.572509766,1415.78259277,903.514831543,473.363037109,1013.81378174,4028.39257812,2781.35351562,3315.72412109,18430.8496094,2016.89123535,3497.52441406,7161.99462891,2896.75585938,2696.88305664,12375.5761719,912.064208984,247.290100098,193.989776611,78.8584518433,64.0744171143,26.3600082397,21.8072242737,15.2671499252,4.35045433044,2.66092848778,2.01481175423,0.705506265163,0.34930741787,0.164482071996,0.0492790974677,0.0193532854319,0.00743871415034,0.000722649274394,0.0000150045807459,3.44354589288e-7,3.6191718511e-9,6.12507045084e-10],"max":[1.74329996109,19.3203735352,106.102638245,353.585327148,475.843688965,419.875793457,1012.9934082,657.830688477,1138.50671387,1725.09753418,1584.3581543,2589.20605469,1046.78796387,2033.64770508,4349.87597656,2581.9453125,2372.51293945,9082.11816406,1593.45544434,462.655090332,252.321609497,268.254486084,129.923339844,101.037185669,84.6500167847,58.7812194824,30.9792022705,29.5969219208,35.5939292908,18.0408802032,12.933719635,19.7473220825,7.55472993851,5.01602554321,4.1621837616,1.28909242153,0.136004775763,0.00829093623906,0.00094226555666,0.000271730707027],"mean":[0.0279854536057,0.426635742188,2.64458250999,8.94751739502,17.5928955078,21.8082733154,18.7253189087,22.476644516,37.5231895447,33.3733177185,32.7784881592,48.5852813721,20.342622757,25.9321041107,22.3629074097,23.1480884552,23.6649074554,16.1838111877,13.7185964584,8.63393306732,7.78818750381,5.27317333221,4.32148265839,2.54984855652,2.3114464283,2.09792995453,1.19604444504,0.701005160809,0.490029126406,0.220336809754,0.147710353136,0.0859294235706,0.048488188535,0.0277703441679,0.0131602063775,0.00312308175489,0.000662529608235,0.000124913698528,0.0000244444763666,0.0000308076378133],"median":[0.00779665494338,0.125211581588,0.89662539959,2.95497703552,7.25309705734,10.4531326294,8.40096759796,9.0552778244,11.3077869415,8.96329212189,6.73929786682,8.24722576141,4.60569238663,4.79854822159,4.85150194168,5.19509553909,6.30068731308,3.35163354874,3.56068444252,3.11518955231,2.2880423069,1.39900934696,1.19524085522,0.666184067726,0.486560791731,0.304984629154,0.204506978393,0.123388893902,0.078560732305,0.0461575835943,0.0299625135958,0.0181817058474,0.00922233518213,0.00494717806578,0.0021177851595,0.000525351031683,0.000119732052553,0.0000329067770508,0.0000150606338138,0.0000248243177339],"min":[2.92945287583e-7,5.76402214847e-7,7.10631866241e-7,0.000001322234084,0.0000024512382879,0.00000697635823599,0.00000232301613323,0.00000483277153762,0.00000443035469289,0.00000476209834233,0.00000352592132913,0.00000540410474059,0.00000674397415423,0.00000831473789731,0.00000922648359847,0.0000066202733251,0.0000120447048175,0.0000143493689393,0.0000150136156662,0.0000131991619128,0.0000148681065184,0.000023626798793,0.0000175424138433,0.0000202981700568,0.0000281533702946,0.0000206576023629,0.0000202514765988,0.0000271276439889,0.0000256163148151,0.0000221963127842,0.0000100884426502,0.0000168654878507,0.0000164340817719,0.0000107942150862,0.0000085637493612,0.00000377152946385,0.00000177714400706,9.08949232326e-7,1.55354726417e-7,1.01570201139e-8],"var":[0.0084832329303,1.41891276836,28.2348957062,342.782989502,860.174865723,1022.24743652,1598.69555664,1627.16320801,5964.44970703,6858.54394531,6908.29882812,17162.515625,3087.38183594,9045.51855469,14571.4931641,6392.83105469,6157.68945312,24722.2167969,1433.55102539,334.50012207,262.799804688,143.059310913,78.5341415405,29.2502441406,24.022977829,21.8398284912,6.7701716423,2.64342188835,1.65238249302,0.425743192434,0.207129731774,0.169123321772,0.0395586676896,0.0149686122313,0.00974336825311,0.000310040923068,0.00000625739858151,1.72628929818e-7,1.91261229077e-9,7.98580479522e-10]},"erbbands_crest":{"dmean":2.91029858589,"dmean2":4.46731138229,"dvar":7.83620977402,"dvar2":18.3330745697,"max":32.8374252319,"mean":13.3089017868,"median":12.19003582,"min":2.08711457253,"var":35.5802307129},"erbbands_flatness_db":{"dmean":0.0190208610147,"dmean2":0.0259383954108,"dvar":0.000365493702702,"dvar2":0.000707855797373,"max":0.424152672291,"mean":0.235662966967,"median":0.238304883242,"min":0.0314152501523,"var":0.00336275226437},"erbbands_kurtosis":{"dmean":1.45532655716,"dmean2":2.19585585594,"dvar":4.97499513626,"dvar2":11.0459327698,"max":55.9209327698,"mean":1.88641679287,"median":0.546721220016,"min":-1.65509343147,"var":16.8448677063},"erbbands_skewness":{"dmean":0.375568151474,"dmean2":0.553345561028,"dvar":0.120582193136,"dvar2":0.267063140869,"max":5.71075677872,"mean":0.705131709576,"median":0.662440001965,"min":-4.19329357147,"var":0.894551217556},"erbbands_spread":{"dmean":4.50316143036,"dmean2":6.68130397797,"dvar":23.5382900238,"dvar2":53.2382392883,"max":119.638679504,"mean":22.6811389923,"median":19.2949638367,"min":1.55913889408,"var":179.477539062},"gfcc":{"cov":[[10642.0908203,1247.57873535,-898.899597168,689.376159668,-398.103820801,99.2113876343,-127.992469788,-229.343261719,-162.441482544,-294.321899414,-154.630523682,-330.830810547,140.221069336],[1247.57873535,1007.69915771,-117.028503418,-257.106414795,119.117782593,-140.393188477,27.3508472443,-146.303665161,35.2264938354,-107.032142639,66.3049087524,-89.8302612305,20.8262710571],[-898.899597168,-117.028503418,617.899291992,43.5186004639,0.184299185872,61.393699646,-75.6684036255,13.4261856079,-32.6344337463,-2.21396350861,-14.1126995087,27.7166519165,-11.8841362],[689.376159668,-257.106414795,43.5186004639,483.318695068,14.7525930405,31.328912735,0.48046708107,14.3368425369,-32.3146629333,-26.3229789734,-87.9438858032,-22.9610729218,15.2323760986],[-398.103820801,119.117782593,0.184299185872,14.7525930405,251.447387695,0.615600883961,31.0732517242,-14.9597587585,2.3837993145,-5.66332530975,-12.7463979721,-11.6417779922,-18.8873138428],[99.2113876343,-140.393188477,61.393699646,31.328912735,0.615600883961,199.739624023,9.07218647003,21.3097038269,-22.6097011566,2.06951856613,-9.49393081665,-2.03906321526,-13.671918869],[-127.992469788,27.3508472443,-75.6684036255,0.48046708107,31.0732517242,9.07218647003,153.95866394,50.3003463745,12.6666822433,-13.4157857895,-21.6628322601,-13.7934980392,-3.26267623901],[-229.343261719,-146.303665161,13.4261856079,14.3368425369,-14.9597587585,21.3097038269,50.3003463745,150.130966187,39.729057312,15.1830196381,-41.1515083313,-7.19926643372,-8.39002037048],[-162.441482544,35.2264938354,-32.6344337463,-32.3146629333,2.3837993145,-22.6097011566,12.6666822433,39.729057312,112.479858398,32.0550537109,-2.08304047585,-19.8097763062,-17.7313747406],[-294.321899414,-107.032142639,-2.21396350861,-26.3229789734,-5.66332530975,2.06951856613,-13.4157857895,15.1830196381,32.0550537109,106.749771118,35.4629020691,17.7084941864,-16.2582321167],[-154.630523682,66.3049087524,-14.1126995087,-87.9438858032,-12.7463979721,-9.49393081665,-21.6628322601,-41.1515083313,-2.08304047585,35.4629020691,121.773765564,52.0964508057,-3.67905569077],[-330.830810547,-89.8302612305,27.7166519165,-22.9610729218,-11.6417779922,-2.03906321526,-13.7934980392,-7.19926643372,-19.8097763062,17.7084941864,52.0964508057,111.067695618,31.8682689667],[140.221069336,20.8262710571,-11.8841362,15.2323760986,-18.8873138428,-13.671918869,-3.26267623901,-8.39002037048,-17.7313747406,-16.2582321167,-3.67905569077,31.8682689667,94.9601364136]],"icov":[[0.000512505124789,-0.00157317135017,0.000914796837606,-0.00140301813371,0.00148602377158,-0.00119910831563,0.00112625479233,-0.00073043309385,0.00118039303925,-0.000743451411836,0.00095448148204,-0.000222364978981,0.000229591605603],[-0.00157317135017,0.00766412215307,-0.00293869525194,0.00553316995502,-0.00578191829845,0.0049219825305,-0.00421968009323,0.00429547671229,-0.00517702708021,0.00544492714107,-0.00556088611484,0.00415233289823,-0.00246343552135],[0.000914796837606,-0.00293869525194,0.00353255541995,-0.00261621573009,0.00256756460294,-0.00267691607587,0.00318808830343,-0.0019029234536,0.00258343387395,-0.0013029727852,0.00225670007057,-0.00125590199605,0.000990336993709],[-0.00140301813371,0.00553316995502,-0.00261621573009,0.00684571219608,-0.00468798726797,0.00357865355909,-0.00327105238102,0.00300915096886,-0.00327574880794,0.00316448393278,-0.00178800837602,0.00194258557167,-0.00162207137328],[0.00148602377158,-0.00578191829845,0.00256756460294,-0.00468798726797,0.00913242995739,-0.00397057412192,0.00238772388548,-0.00183619721793,0.00380747183226,-0.00359255634248,0.0046041496098,-0.00239100633189,0.00238828663714],[-0.00119910831563,0.0049219825305,-0.00267691607587,0.00357865355909,-0.00397057412192,0.00889444258064,-0.00338298059069,0.00169191684108,-0.00187026523054,0.00267456704751,-0.0034726113081,0.00225956644863,-0.000477940484416],[0.00112625479233,-0.00421968009323,0.00318808830343,-0.00327105238102,0.00238772388548,-0.00338298059069,0.0111869135872,-0.00535644637421,0.00312933465466,-0.00102507660631,0.0027830505278,-0.00116863113362,0.000993851572275],[-0.00073043309385,0.00429547671229,-0.0019029234536,0.00300915096886,-0.00183619721793,0.00169191684108,-0.00535644637421,0.0126830330119,-0.00600640429184,0.00158582034055,0.00100865215063,0.000841138593387,-0.000862638000399],[0.00118039303925,-0.00517702708021,0.00258343387395,-0.00327574880794,0.00380747183226,-0.00187026523054,0.00312933465466,-0.00600640429184,0.0156556889415,-0.00667171506211,0.00328376120888,0.0000569566545892,0.00219516409561],[-0.000743451411836,0.00544492714107,-0.0013029727852,0.00316448393278,-0.00359255634248,0.00267456704751,-0.00102507660631,0.00158582034055,-0.00667171506211,0.0170030314475,-0.00785070285201,0.00275768921711,-0.000555911159609],[0.00095448148204,-0.00556088611484,0.00225670007057,-0.00178800837602,0.0046041496098,-0.0034726113081,0.0027830505278,0.00100865215063,0.00328376120888,-0.00785070285201,0.0193374957889,-0.0102652013302,0.00444311928004],[-0.000222364978981,0.00415233289823,-0.00125590199605,0.00194258557167,-0.00239100633189,0.00225956644863,-0.00116863113362,0.000841138593387,0.0000569566545892,0.00275768921711,-0.0102652013302,0.0186018515378,-0.00732481665909],[0.000229591605603,-0.00246343552135,0.000990336993709,-0.00162207137328,0.00238828663714,-0.000477940484416,0.000993851572275,-0.000862638000399,0.00219516409561,-0.000555911159609,0.00444311928004,-0.00732481665909,0.0144252926111]],"mean":[-93.7623977661,156.370330811,-119.395263672,12.868724823,-50.0146026611,-6.07245492935,-35.6542778015,-8.22725582123,-19.7080402374,-7.0290517807,-11.4248418808,-9.92627334595,-7.92371225357]},"hfc":{"dmean":2.98536276817,"dmean2":4.16955852509,"dvar":25.1751251221,"dvar2":46.9042320251,"max":294.268035889,"mean":11.1238451004,"median":8.6788444519,"min":0.0000847397532198,"var":121.41268158},"melbands":{"dmean":[0.000264572998276,0.000641467515379,0.000950816494878,0.000712678127456,0.000285195739707,0.000214986677747,0.000282098451862,0.000157456408488,0.000109710992547,0.000151202781126,0.0000451617561339,0.0000513396662427,0.0000305852518068,0.0000298291615763,0.0000251131277764,0.0000221593872993,0.000016774642063,0.0000111215331344,0.00000697321593179,0.00000727211954654,0.00000439300310973,0.00000280104677586,0.00000315772490467,0.00000145988428812,0.00000102755927855,9.9574970136e-7,7.58797000344e-7,7.00101622897e-7,3.80572004133e-7,3.13766378213e-7,1.85548344689e-7,1.85244303452e-7,1.02668749946e-7,7.38213614682e-8,6.28048653084e-8,4.38562715033e-8,3.6059930153e-8,2.53464200739e-8,2.03487555694e-8,1.49548213813e-8],"dmean2":[0.000432956352597,0.00106265081558,0.0015788115561,0.00116846675519,0.000426324579166,0.000333194999257,0.000413937290432,0.000216386120883,0.000145800455357,0.000214263054659,0.000064024796302,0.0000677532734699,0.0000430624022556,0.0000404746169806,0.0000344410000253,0.0000309667666443,0.0000241818597715,0.0000165992532857,0.0000104890104922,0.0000113067508209,0.00000675755927659,0.00000424719428338,0.00000477379671793,0.00000228564863392,0.00000166072265984,0.00000158785042004,0.00000119617766359,0.00000107817902517,5.90026559166e-7,4.93710047067e-7,2.83355802821e-7,2.82051445311e-7,1.53713870077e-7,1.10669205355e-7,9.4777931281e-8,6.61017054426e-8,5.38270512607e-8,3.88894711989e-8,3.1587365612e-8,2.22739551248e-8],"dvar":[0.0000010774429029,0.00000395650204155,0.00000747396234146,0.00000199502824216,3.01582616657e-7,2.56298676504e-7,4.53093633723e-7,1.93917358615e-7,1.0318247945e-7,3.29900842644e-7,2.33968169283e-8,4.08371931826e-8,3.73614028604e-8,1.45632101933e-8,8.98787178016e-9,6.00893601543e-9,4.40983072281e-8,1.84494219901e-9,3.37239014492e-10,4.09169642612e-10,1.17764326069e-10,5.34798802465e-11,8.22594353744e-11,1.49012278211e-11,8.65415551721e-12,7.50476590594e-12,5.3925414481e-12,3.45307441495e-12,1.22203842098e-12,9.01646053826e-13,4.34691345419e-13,4.44999153628e-13,1.40470019514e-13,8.33912068088e-14,6.89646839527e-14,2.6304120286e-14,3.29791261574e-14,1.29570985695e-14,7.55936078436e-15,6.43025231315e-15],"dvar2":[0.00000256107432506,0.0000104158043541,0.0000192589832295,0.00000529400631422,6.04262481829e-7,5.23379696915e-7,9.26699897263e-7,3.20388096497e-7,1.82172485097e-7,8.31948113955e-7,4.4700165347e-8,6.13073467548e-8,5.32274171405e-8,2.34212169659e-8,1.579264719e-8,1.16567040465e-8,6.4897243135e-8,3.38088179674e-9,8.20068346563e-10,9.66509761113e-10,2.67305899637e-10,1.18346304978e-10,1.59957991297e-10,3.34981799244e-11,2.22972109526e-11,1.73577697354e-11,1.30444613444e-11,8.01612855955e-12,2.78143523838e-12,2.20727516126e-12,9.71118476432e-13,1.00977472911e-12,3.0564220317e-13,1.85724509773e-13,1.61361728016e-13,5.3340605587e-14,6.45634194436e-14,2.99885848576e-14,1.73521390805e-14,1.32968155326e-14],"max":[0.0189692284912,0.0462359376252,0.0552529543638,0.0220467448235,0.029003418982,0.016966689378,0.0180601719767,0.0200164206326,0.0118847219273,0.0177754294127,0.00515584181994,0.00869223847985,0.0113902688026,0.00661191064864,0.00435354141518,0.00360042625107,0.0206694249064,0.00311475503258,0.000767488731071,0.000540560577065,0.000313866126817,0.000199827933102,0.000401639234042,0.000172023865161,0.000091056987003,0.0000838386258692,0.0000596541067353,0.0000434246503573,0.0000305348730762,0.0000309371680487,0.0000197083954845,0.0000241207217186,0.0000100446832221,0.0000106259385575,0.00000959309545578,0.00000747610556573,0.0000111181952889,0.00000547653007743,0.00000387105001209,0.00000397461280954],"mean":[0.000367922242731,0.00112772383727,0.00178450532258,0.00149032543413,0.000704832840711,0.00051207857905,0.000576744030695,0.000356795935659,0.000244066453888,0.000303692213492,0.0000904164480744,0.000104068858491,0.0000653655806673,0.0000602404616075,0.0000509923156642,0.0000445928162662,0.0000299061575788,0.0000208071924135,0.0000140480206028,0.0000129392565213,0.00000819283468445,0.00000538725953447,0.00000575252579438,0.00000261806007984,0.0000019307644834,0.00000178228970071,0.00000142820260862,0.00000140164729601,7.92277035089e-7,6.06321577834e-7,3.28549788264e-7,3.08672468918e-7,1.6385919821e-7,1.04437070547e-7,9.00669334669e-8,6.16184863134e-8,4.87355684697e-8,3.52644136115e-8,2.81268341951e-8,2.17091979948e-8],"median":[0.000126127124531,0.000404678226914,0.000688015774358,0.000762123730965,0.000340146507369,0.000196743450942,0.000163633405464,0.0000898820726434,0.0000414269707107,0.0000393874033762,0.0000181676114153,0.0000158144666784,0.0000114409558591,0.0000120464446809,0.0000121843313536,0.00000866627215146,0.00000285846135739,0.00000469427777716,0.00000381178233511,0.00000308363132717,0.00000224017958317,0.00000130209468807,0.00000117064178085,7.56975055083e-7,3.89483687968e-7,3.97620596004e-7,2.03181102165e-7,1.92172564084e-7,1.26836539494e-7,9.2719780298e-8,5.77260976797e-8,4.53367334785e-8,3.02967357868e-8,2.05629557826e-8,1.80775909797e-8,1.14175549015e-8,9.92892523755e-9,6.00508753834e-9,4.99101959761e-9,3.48674511486e-9],"min":[3.59999008381e-9,4.19059897894e-10,3.00791447305e-10,5.03635966265e-10,1.37896610797e-10,1.15017086133e-10,7.40892347473e-11,6.08154845927e-11,2.51577526172e-11,3.23194422613e-11,2.799114239e-11,3.05701540471e-11,2.23033796293e-11,3.2240883574e-11,1.64662675856e-11,2.48319646096e-11,2.18439242389e-11,2.27358947641e-11,1.63981848933e-11,1.62894749772e-11,1.6672519268e-11,2.41752000363e-11,1.58244025522e-11,1.58252230764e-11,1.42498903302e-11,2.00893052194e-11,1.23966470769e-11,1.29148410716e-11,1.300910768e-11,1.27810132269e-11,1.57175366472e-11,1.31796223241e-11,1.17903308644e-11,9.02226817562e-12,4.51092722203e-12,5.82545513564e-12,8.99902808521e-12,8.49967492222e-12,8.79035039203e-12,7.98239772892e-12],"var":[0.00000111472229491,0.00000521101355844,0.0000107286914499,0.0000042943720473,0.00000152845257162,9.47756007008e-7,0.00000137951872148,8.7388019665e-7,3.82954056022e-7,7.7056893133e-7,7.06759948343e-8,1.66512421629e-7,1.18787276904e-7,4.37622027505e-8,2.97196880439e-8,1.96679543762e-8,1.28752247974e-7,4.89329154973e-9,1.1758477525e-9,1.03595954037e-9,3.48649248361e-10,1.6303572381e-10,2.52065340822e-10,3.4037411778e-11,2.22828561158e-11,1.69931256566e-11,1.21425794766e-11,1.08039809738e-11,3.82157066409e-12,2.06703252605e-12,7.26083689701e-13,7.49838396669e-13,2.13845610599e-13,1.05588518343e-13,8.5064388259e-14,4.39684909575e-14,6.11841848887e-14,2.59557220823e-14,1.19284194067e-14,1.22379464215e-14]},"melbands_crest":{"dmean":2.98622870445,"dmean2":4.80480957031,"dvar":8.50782775879,"dvar2":22.0379600525,"max":37.3808479309,"mean":14.7488460541,"median":13.7217998505,"min":5.10018730164,"var":25.3906555176},"melbands_flatness_db":{"dmean":0.0224343016744,"dmean2":0.0335524789989,"dvar":0.000497319502756,"dvar2":0.00112799345516,"max":0.557968258858,"mean":0.300410300493,"median":0.299262434244,"min":0.095139503479,"var":0.00377844832838},"melbands_kurtosis":{"dmean":4.74908256531,"dmean2":7.52064847946,"dvar":52.6686286926,"dvar2":138.23828125,"max":167.118652344,"mean":9.99498844147,"median":6.20496273041,"min":-1.80476343632,"var":143.708023071},"melbands_skewness":{"dmean":0.576225936413,"dmean2":0.875711202621,"dvar":0.357551246881,"dvar2":0.882480442524,"max":11.7007408142,"mean":2.04422545433,"median":1.89815533161,"min":-2.3729262352,"var":1.83983802795},"melbands_spread":{"dmean":2.78096628189,"dmean2":4.24574565887,"dvar":11.1757392883,"dvar2":25.6423416138,"max":72.3238220215,"mean":11.5990409851,"median":9.92843723297,"min":0.579878270626,"var":54.2751426697},"mfcc":{"cov":[[9240.76855469,955.124328613,-580.273193359,566.060974121,-282.950439453,190.387954712,-97.3282089233,-45.7982025146,-22.4080581665,-58.1243858337,-278.979400635,-244.051651001,-210.959793091],[955.124328613,1437.8026123,-210.383850098,-135.50553894,6.39550209045,-58.7855110168,-35.4395446777,-71.3048858643,-96.1278915405,-63.3251724243,-13.7931804657,-14.6225500107,-17.4113616943],[-580.273193359,-210.383850098,516.62689209,-26.0824756622,67.9071502686,8.66956233978,-17.3766822815,0.688229084015,-28.6049499512,-7.6138048172,-13.9104881287,-4.29921388626,-0.0361134447157],[566.060974121,-135.50553894,-26.0824756622,334.0987854,23.8716659546,27.2401599884,-6.39504909515,1.66872048378,45.0108833313,12.1338815689,-45.4211578369,-52.7295799255,-31.5370922089],[-282.950439453,6.39550209045,67.9071502686,23.8716659546,185.596099854,49.0391731262,4.08955192566,-13.232213974,-11.2135286331,-7.26217794418,2.05657982826,1.0713493824,-0.772940039635],[190.387954712,-58.7855110168,8.66956233978,27.2401599884,49.0391731262,135.18762207,35.0880699158,1.04165613651,-9.44595336914,-9.65027523041,-16.4262924194,-8.36886405945,-4.72220516205],[-97.3282089233,-35.4395446777,-17.3766822815,-6.39504909515,4.08955192566,35.0880699158,124.127593994,40.5795936584,8.05460929871,-12.9396572113,-11.8665523529,-5.10713815689,-1.3955411911],[-45.7982025146,-71.3048858643,0.688229084015,1.66872048378,-13.232213974,1.04165613651,40.5795936584,114.310501099,45.118724823,13.8722753525,0.775960862637,-8.44644832611,-17.9387073517],[-22.4080581665,-96.1278915405,-28.6049499512,45.0108833313,-11.2135286331,-9.44595336914,8.05460929871,45.118724823,129.444229126,58.6134986877,6.45403909683,-19.8724308014,-26.3624153137],[-58.1243858337,-63.3251724243,-7.6138048172,12.1338815689,-7.26217794418,-9.65027523041,-12.9396572113,13.8722753525,58.6134986877,117.828926086,44.5540122986,-15.8714036942,-28.7544727325],[-278.979400635,-13.7931804657,-13.9104881287,-45.4211578369,2.05657982826,-16.4262924194,-11.8665523529,0.775960862637,6.45403909683,44.5540122986,116.957206726,51.4399909973,-4.79215908051],[-244.051651001,-14.6225500107,-4.29921388626,-52.7295799255,1.0713493824,-8.36886405945,-5.10713815689,-8.44644832611,-19.8724308014,-15.8714036942,51.4399909973,121.250762939,57.8124313354],[-210.959793091,-17.4113616943,-0.0361134447157,-31.5370922089,-0.772940039635,-4.72220516205,-1.3955411911,-17.9387073517,-26.3624153137,-28.7544727325,-4.79215908051,57.8124313354,135.806838989]],"icov":[[0.000185154654901,-0.000140015108627,0.000113637237519,-0.000304158020299,0.000390024331864,-0.000425624311902,0.000251179473707,-0.0000582862958254,0.000111274923256,-0.0000434668072558,0.000306467263727,-0.0000172738127731,0.000211930426303],[-0.000140015108627,0.000997126917355,0.000373485818272,0.000631321861874,-0.00060852826573,0.000771400984377,-0.0000365221530956,0.000337062985636,0.000405446509831,0.000302962900605,-0.0000628790367045,0.000267403782345,0.000151352360263],[0.000113637237519,0.000373485818272,0.00242082355544,0.000256439612713,-0.000776641245466,0.0000692068133503,0.000671712390613,-0.000338391051628,0.000887838483322,-0.000177308771526,0.000784021278378,0.000104123762867,0.000362933409633],[-0.000304158020299,0.000631321861874,0.000256439612713,0.00426075560972,-0.00125522969756,0.000305716617731,0.000177526424523,0.000549127638806,-0.00124561600387,0.000143021490658,0.00077097985195,0.000824314774945,0.000140597199788],[0.000390024331864,-0.00060852826573,-0.000776641245466,-0.00125522969756,0.00737344287336,-0.00333012873307,0.000488187302835,0.000522775633726,-0.0000121890052469,0.000329663569573,-0.000359888683306,-0.0000561524138902,0.000315023295116],[-0.000425624311902,0.000771400984377,0.0000692068133503,0.000305716617731,-0.00333012873307,0.0103939985856,-0.00315760588273,0.00060332682915,0.000953321170527,-0.000241221350734,0.000481285824208,-0.0000946996369748,0.0000897395657375],[0.000251179473707,-0.0000365221530956,0.000671712390613,0.000177526424523,0.000488187302835,-0.00315760588273,0.0106738908216,-0.00375938857906,0.00000829489999887,0.0013059687335,0.000728978135157,0.000398675212637,0.0000671222805977],[-0.0000582862958254,0.000337062985636,-0.000338391051628,0.000549127638806,0.000522775633726,0.00060332682915,-0.00375938857906,0.0119581818581,-0.00394755741581,0.000636464625131,-0.000252740166616,-0.0000923176412471,0.00104383088183],[0.000111274923256,0.000405446509831,0.000887838483322,-0.00124561600387,-0.0000121890052469,0.000953321170527,0.00000829489999887,-0.00394755741581,0.0128275416791,-0.00588345108554,0.00179586966988,-0.000295882229693,0.000881206884515],[-0.0000434668072558,0.000302962900605,-0.000177308771526,0.000143021490658,0.000329663569573,-0.000241221350734,0.0013059687335,0.000636464625131,-0.00588345108554,0.0148138860241,-0.00699391542003,0.0039495290257,0.000161851974553],[0.000306467263727,-0.0000628790367045,0.000784021278378,0.00077097985195,-0.000359888683306,0.000481285824208,0.000728978135157,-0.000252740166616,0.00179586966988,-0.00699391542003,0.0160899497569,-0.00810449011624,0.00352162891068],[-0.0000172738127731,0.000267403782345,0.000104123762867,0.000824314774945,-0.0000561524138902,-0.0000946996369748,0.000398675212637,-0.0000923176412471,-0.000295882229693,0.0039495290257,-0.00810449011624,0.015299199149,-0.00583279691637],[0.000211930426303,0.000151352360263,0.000362933409633,0.000140597199788,0.000315023295116,0.0000897395657375,0.0000671222805977,0.00104383088183,0.000881206884515,0.000161851974553,0.00352162891068,-0.00583279691637,0.0107008321211]],"mean":[-738.099182129,185.189682007,-5.33309555054,23.5733280182,2.4508805275,1.83726227283,-6.01866483688,-4.81574726105,-4.7662768364,-3.8321211338,-4.75968265533,0.377949208021,-1.46565055847]},"pitch_salience":{"dmean":0.0625471994281,"dmean2":0.0999078080058,"dvar":0.00333387521096,"dvar2":0.00883808918297,"max":0.867394208908,"mean":0.533414304256,"median":0.534988701344,"min":0.0973687171936,"var":0.0116120260209},"silence_rate_20dB":{"dmean":0,"dmean2":0,"dvar":0,"dvar2":0,"max":1,"mean":1,"median":1,"min":1,"var":0},"silence_rate_30dB":{"dmean":0.0125786159188,"dmean2":0.0251599606127,"dvar":0.0124203944579,"dvar2":0.0286479648203,"max":1,"mean":0.985796391964,"median":1,"min":0,"var":0.0140018789098},"silence_rate_60dB":{"dmean":0.0149642163888,"dmean2":0.0299316775054,"dvar":0.0147402882576,"dvar2":0.0327230095863,"max":1,"mean":0.135964438319,"median":0,"min":0,"var":0.117478109896},"spectral_centroid":{"dmean":97.2400436401,"dmean2":147.579223633,"dvar":14629.4511719,"dvar2":34063.7148438,"max":3252.46289062,"mean":660.868713379,"median":583.539550781,"min":173.99760437,"var":104234.570312},"spectral_complexity":{"dmean":1.59076118469,"dmean2":2.5700032711,"dvar":3.40073013306,"dvar2":7.32437515259,"max":40,"mean":10.9428606033,"median":10,"min":0,"var":30.8425559998},"spectral_contrast_coeffs":{"dmean":[0.0458523482084,0.0434462502599,0.0357603393495,0.0291323810816,0.0204362794757,0.0175717007369],"dmean2":[0.0755645036697,0.0682644173503,0.053835645318,0.0449585169554,0.0325308330357,0.0274057406932],"dvar":[0.00157196808141,0.00132026872598,0.000925867294427,0.000593311793637,0.000315657700412,0.000294419500278],"dvar2":[0.00419478630647,0.00319529580884,0.00213367468677,0.00130921055097,0.000723384087905,0.000690503860824],"max":[-0.24734659493,-0.330806463957,-0.330512970686,-0.441907346249,-0.605438530445,-0.601763188839],"mean":[-0.560264825821,-0.659941911697,-0.709396064281,-0.733347833157,-0.776586353779,-0.766279578209],"median":[-0.556193888187,-0.660696387291,-0.719414353371,-0.735318303108,-0.778788745403,-0.769211351871],"min":[-0.917219460011,-0.938878417015,-0.947573125362,-0.940647184849,-0.930068612099,-0.901055693626],"var":[0.00891556683928,0.0080577544868,0.0083737000823,0.00451361387968,0.00226526358165,0.00232257414609]},"spectral_contrast_valleys":{"dmean":[0.397222757339,0.311884313822,0.27602776885,0.248005121946,0.216349676251,0.315057247877],"dmean2":[0.650227189064,0.50592148304,0.44220995903,0.391248464584,0.318631619215,0.441062867641],"dvar":[0.132465556264,0.0712527111173,0.0618860498071,0.0545762255788,0.0550046749413,0.148605257273],"dvar2":[0.308828085661,0.172154545784,0.146801307797,0.118785426021,0.103008143604,0.309792488813],"max":[-4.92523622513,-4.91064405441,-5.75788211823,-6.26232719421,-6.32034778595,-9.12860393524],"mean":[-7.9336848259,-7.22984218597,-8.14224243164,-8.80075073242,-9.11421012878,-12.1485462189],"median":[-7.57631397247,-6.99914598465,-7.93727493286,-8.65611553192,-9.08018875122,-12.2126502991],"min":[-13.7516374588,-13.6372022629,-13.7082233429,-13.7615242004,-13.3904695511,-14.9230470657],"var":[1.72593581676,1.34111249447,1.2790402174,1.13380789757,1.191167593,0.90290749073]},"spectral_decrease":{"dmean":2.10593165129e-9,"dmean2":3.2001163941e-9,"dvar":1.4089905041e-17,"dvar2":3.32741904816e-17,"max":-6.59587690049e-15,"mean":-6.88688794881e-9,"median":-5.55021406612e-9,"min":-6.41315409666e-8,"var":4.07670737115e-17},"spectral_energy":{"dmean":0.00818779319525,"dmean2":0.0124075170606,"dvar":0.000209193996852,"dvar2":0.000491934537422,"max":0.246105864644,"mean":0.0270016789436,"median":0.0218024738133,"min":6.39462527374e-8,"var":0.000619943544734},"spectral_energyband_high":{"dmean":0.0000283817153104,"dmean2":0.000041436029278,"dvar":6.65497168484e-9,"dvar2":1.31296129524e-8,"max":0.00240306952037,"mean":0.0000670534573146,"median":0.0000135399795909,"min":6.34799901533e-9,"var":1.9539545093e-8},"spectral_energyband_low":{"dmean":0.00336438138038,"dmean2":0.00542959198356,"dvar":0.0000870134535944,"dvar2":0.000215802763705,"max":0.17125621438,"mean":0.00651404261589,"median":0.00260924850591,"min":1.68507998666e-8,"var":0.000140868665767},"spectral_energyband_middle_high":{"dmean":0.000994160654955,"dmean2":0.00132390006911,"dvar":0.00000772749899625,"dvar2":0.0000125400074467,"max":0.183775544167,"mean":0.00293991947547,"median":0.00141625443939,"min":5.27355181745e-9,"var":0.0000342782950611},"spectral_energyband_middle_low":{"dmean":0.00633896607906,"dmean2":0.00972269102931,"dvar":0.000122170633404,"dvar2":0.000297000515275,"max":0.21964931488,"mean":0.018686298281,"median":0.0145741580054,"min":6.70309585615e-9,"var":0.000335952325258},"spectral_entropy":{"dmean":0.173573747277,"dmean2":0.254660069942,"dvar":0.0316291935742,"dvar2":0.0681314617395,"max":8.92310428619,"mean":6.54100799561,"median":6.51374053955,"min":4.5200176239,"var":0.306147694588},"spectral_flux":{"dmean":0.0203996635973,"dmean2":0.0327498354018,"dvar":0.000805675808806,"dvar2":0.00187519809697,"max":0.382101416588,"mean":0.0582382269204,"median":0.0480033792555,"min":0.000141419368447,"var":0.00211490667425},"spectral_kurtosis":{"dmean":6.04824447632,"dmean2":10.234500885,"dvar":47.3389549255,"dvar2":133.421676636,"max":101.80556488,"mean":15.1936864853,"median":11.9349346161,"min":0.833470582962,"var":140.273193359},"spectral_rms":{"dmean":0.000674807466567,"dmean2":0.00100075721275,"dvar":8.25898723633e-7,"dvar2":0.00000184966279448,"max":0.0154952667654,"mean":0.00457669980824,"median":0.00461201742291,"min":0.00000789851765148,"var":0.00000539692200618},"spectral_rolloff":{"dmean":133.887863159,"dmean2":232.178421021,"dvar":93484.671875,"dvar2":214795.890625,"max":14987.109375,"mean":672.401855469,"median":581.396484375,"min":21.533203125,"var":177106.65625},"spectral_skewness":{"dmean":0.462923794985,"dmean2":0.770821213722,"dvar":0.204837948084,"dvar2":0.570822536945,"max":8.32330608368,"mean":2.70183587074,"median":2.59616374969,"min":0.806536972523,"var":1.04920101166},"spectral_spread":{"dmean":360431.8125,"dmean2":553459.3125,"dvar":201806446592,"dvar2":427047485440,"max":21665996,"mean":2681799.75,"median":2472018.75,"min":835688.1875,"var":1258725179390},"spectral_strongpeak":{"dmean":0.494857043028,"dmean2":0.7933614254,"dvar":0.640878617764,"dvar2":1.46229720116,"max":23.3843002319,"mean":1.16907846928,"median":0.785994052887,"min":0,"var":1.70281624794},"zerocrossingrate":{"dmean":0.00382317556068,"dmean2":0.00487995287403,"dvar":0.0000173726548383,"dvar2":0.0000298358500004,"max":0.19287109375,"mean":0.0295946188271,"median":0.02734375,"min":0.0048828125,"var":0.000164303317433}},"metadata":{"audio_properties":{"analysis_sample_rate":44100,"bit_rate":0,"codec":"flac","downmix":"mix","equal_loudness":0,"length":214.133331299,"lossless":true,"md5_encoded":"2e8a9ac96a6e81d798e34a39eb9c5aa9","replay_gain":1.6694393158},"tags":{"acoustid_id":["be30e432-1ee3-4484-adc8-5e950556f874"],"album":["Stormwatch"],"albumartist":["Jethro Tull"],"albumartistsort":["Jethro Tull"],"artist":["Jethro Tull"],"artists":["Jethro Tull"],"artistsort":["Jethro Tull"],"asin":["B0000YB7ZI"],"barcode":["5013136123821"],"catalognumber":["CCD 1238"],"composer":["Dee Palmer"],"composersort":["Palmer, Dee"],"date":["1984"],"discnumber":["1"],"disctotal":["1"],"file_name":"10 Elegy.flac","label":["Chrysalis"],"language":["zxx"],"media":["CD"],"musicbrainz_albumartistid":["ece57992-dc2e-4f67-a269-fa43626c1a3d"],"musicbrainz_albumid":["9f866b0f-e7c1-3722-896f-6d28987055d6"],"musicbrainz_artistid":["ece57992-dc2e-4f67-a269-fa43626c1a3d"],"musicbrainz_recordingid":["f4f5f1f3-d2c6-447b-af16-a60357c85477"],"musicbrainz_releasegroupid":["138fda3b-cbad-36ce-bd0d-ffe72f7ccb5d"],"musicbrainz_releasetrackid":["9d36e090-27aa-38b6-b788-3d37533e9ba7"],"musicbrainz_workid":["6586dbcc-ad45-4454-be37-976a67fdf606"],"originaldate":["1979-09-14"],"releasecountry":["GB"],"releasestatus":["official"],"releasetype":["album"],"replaygain_album_gain":["+2.02 dB"],"replaygain_album_peak":["0.688080"],"replaygain_track_gain":["+6.46 dB"],"replaygain_track_peak":["0.357330"],"script":["Latn"],"title":["Elegy"],"totaldiscs":["1"],"totaltracks":["10"],"tracknumber":["10"],"tracktotal":["10"],"work":["Elegy"]},"version":{"essentia":"2.1-beta1","essentia_build_sha":"ed039d7e5a6e3dec64cf0b