{"lowlevel":{"average_loudness":0.94008564949,"barkbands":{"dmean":[0.000210614540265,0.00492845848203,0.00398650579154,0.00309313065372,0.00275814649649,0.00124099489767,0.000978110358119,0.000721949327271,0.000971644243691,0.000595155055635,0.000328679627273,0.000430596177466,0.000331325049046,0.000360473175533,0.000276048114756,0.000330263894284,0.000364118226571,0.000267243740382,0.00026569396141,0.000199854344828,0.00017967808526,0.000164436962223,0.000105126884591,0.0000632550072623,0.0000184724249266,0.0000111387516881,0.00000337358756042],"dmean2":[0.000355551455868,0.00805552024394,0.00684406794608,0.005148709286,0.00452061044052,0.00200114562176,0.00156888039783,0.00115311180707,0.0015480958391,0.00094652059488,0.000531082216185,0.000690659158863,0.000536359671969,0.000588531722315,0.000450643594377,0.00054213788826,0.00059601245448,0.000439700786956,0.000445041398052,0.000331805989845,0.000299230014207,0.000261220382527,0.000160845011123,0.0000939253513934,0.0000274741378234,0.0000161032239703,0.00000534580522071],"dvar":[1.75411599912e-7,0.0000781639537308,0.0000347421919287,0.0000237165349972,0.0000168254773598,0.00000446405238108,0.00000336431526193,0.00000251865276368,0.00000339335429089,0.00000136384232974,6.11133771145e-7,7.03749321929e-7,3.45151221381e-7,5.64735728403e-7,2.83264057543e-7,4.03589183406e-7,3.6394138192e-7,2.00538110562e-7,1.02699686977e-7,5.75326701835e-8,4.98018053463e-8,6.36120986997e-8,3.12907069144e-8,1.31326949315e-8,1.01292696453e-9,4.45925213421e-10,1.21972612566e-10],"dvar2":[4.95092990604e-7,0.000196531342226,0.000102611797047,0.0000621640574536,0.0000442191230832,0.0000110409173431,0.0000082274837041,0.00000600467274126,0.00000805674517323,0.00000307877030536,0.00000147317075516,0.00000174607555437,8.03452223863e-7,0.00000144804482716,7.02962438481e-7,0.00000104129389911,9.10069672955e-7,4.90325021474e-7,2.71319379408e-7,1.47505318182e-7,1.30411038413e-7,1.42287674976e-7,6.64359305347e-8,2.56066350346e-8,2.09275130558e-9,8.43837166808e-10,2.79458595154e-10],"max":[0.00509718293324,0.092960961163,0.0894655287266,0.0678681284189,0.0701872557402,0.0487506836653,0.0368359126151,0.0359083861113,0.0352963171899,0.025643626228,0.0198022089899,0.0161477271467,0.0169595927,0.0210041850805,0.0156247988343,0.0165416300297,0.0179806947708,0.0149717386812,0.0062135127373,0.00629047490656,0.0050408099778,0.00702005578205,0.00468425126746,0.00277189165354,0.000878036546055,0.00062601652462,0.000260470609646],"mean":[0.000257270381553,0.00874715298414,0.00619423389435,0.00463834963739,0.00521208764985,0.00212547322735,0.0016828662483,0.00110504380427,0.00182837445755,0.000979135627858,0.000529300887138,0.000745229772292,0.000572277116589,0.000606864516158,0.000482991337776,0.000675222428981,0.000747130194213,0.000573991565034,0.000663894461468,0.000536955660209,0.000481275754282,0.000441295007477,0.000284112611553,0.000173852458829,0.0000476884852105,0.0000271136996162,0.00000412843110098],"median":[0.0000996385133476,0.00566070154309,0.00426305783913,0.00290056690574,0.00359896686859,0.00118240551092,0.000888375099748,0.000515882391483,0.000977334799245,0.000432412256487,0.000255355902482,0.000409694504924,0.000335883523803,0.000320940307574,0.000285122398054,0.000429620791692,0.00052914355183,0.000426864891779,0.000581072526984,0.000480024551507,0.000416584400227,0.000317055732012,0.000173894062755,0.000104075494164,0.0000267723953584,0.0000116391001939,7.8026396011e-8],"min":[1.97288553392e-25,3.06900497606e-24,3.69018161365e-25,1.19839903024e-24,8.18394200905e-24,6.889719453e-24,7.87321443164e-24,9.04057711008e-24,1.94632700805e-23,1.99350720107e-23,1.15507435545e-23,2.80193327669e-23,2.57549801137e-23,2.75964244356e-23,4.22013826131e-23,5.63092385135e-23,6.32395456489e-23,9.76304606157e-23,9.89540682404e-23,1.61435638466e-22,2.00580999176e-22,3.5169511845e-22,3.53524998071e-22,5.85195750206e-22,8.32940029224e-22,1.17077025462e-21,1.90553110421e-21],"var":[2.05489740779e-7,0.000106043095002,0.0000433547684224,0.00003133793507,0.0000294270594168,0.00000846268994792,0.00000642270106255,0.00000456780708191,0.00000848801937536,0.00000324604252455,0.00000114483293601,0.00000134637127758,6.88421721406e-7,0.00000105280105345,5.24867118656e-7,0.00000103993193079,8.20558454961e-7,4.22536828637e-7,2.5517698532e-7,1.57121760935e-7,1.34570726118e-7,1.98729011913e-7,1.16718879895e-7,5.15193150363e-8,3.93124066633e-9,1.62956759198e-9,1.6032145056e-10]},"barkbands_crest":{"dmean":2.44780373573,"dmean2":4.03317260742,"dvar":5.89974784851,"dvar2":15.9453735352,"max":25.0261058807,"mean":8.92120838165,"median":8.1054649353,"min":2.4191057682,"var":13.2298660278},"barkbands_flatness_db":{"dmean":0.0168864112347,"dmean2":0.0269381087273,"dvar":0.000271901779342,"dvar2":0.000688440166414,"max":0.565136253834,"mean":0.125059083104,"median":0.105457521975,"min":0.0186948422343,"var":0.00630406010896},"barkbands_kurtosis":{"dmean":1.9987436533,"dmean2":3.23994660378,"dvar":40.0425071716,"dvar2":102.610153198,"max":452.711151123,"mean":2.7209250927,"median":1.04797077179,"min":-1.88077664375,"var":110.384170532},"barkbands_skewness":{"dmean":0.425270915031,"dmean2":0.670010209084,"dvar":0.223203033209,"dvar2":0.545200586319,"max":15.7894706726,"mean":1.43204116821,"median":1.32744371891,"min":-2.75565028191,"var":1.03813195229},"barkbands_spread":{"dmean":5.31688976288,"dmean2":8.31822109222,"dvar":29.4428329468,"dvar2":67.4544906616,"max":116.891540527,"mean":28.7801094055,"median":28.5596847534,"min":0.21673694253,"var":174.237457275},"dissonance":{"dmean":0.0114618642256,"dmean2":0.0194141026586,"dvar":0.00015455216635,"dvar2":0.000416607334046,"max":0.500000119209,"mean":0.474546730518,"median":0.482478618622,"min":0.202608942986,"var":0.00100335711613},"dynamic_complexity":1.52166879177,"erbbands":{"dmean":[0.130872264504,1.21007025242,3.97655248642,7.39469909668,10.4321651459,9.19361495972,10.0421857834,9.90695762634,13.4035978317,14.1195030212,17.1530189514,18.4732322693,19.933139801,14.8581953049,11.2075309753,16.821018219,14.3465833664,16.2932395935,14.6834993362,13.1787805557,17.3155403137,19.8320579529,15.1553478241,12.640089035,12.3841533661,8.79178237915,7.69247293472,6.9009604454,5.81580734253,5.1236166954,2.74633455276,1.76942181587,0.796375632286,0.306798368692,0.0906664803624,0.0432832948864,0.0234809890389,0.00739803304896,0.000409977132222,0.0000144219802678],"dmean2":[0.221068665385,1.9813195467,6.79649448395,12.259510994,17.332244873,15.4043779373,16.498588562,15.9242630005,21.5989341736,22.6882476807,27.2421665192,29.3364009857,31.4939098358,23.5699157715,18.1393947601,27.0557231903,23.0704879761,26.3647499084,23.8996448517,21.5489368439,28.6133079529,32.3818817139,24.7667350769,21.0907726288,20.5946998596,14.5746250153,12.8326215744,11.4625473022,9.41605567932,7.93827342987,4.21342420578,2.68499112129,1.15756237507,0.453954160213,0.137858107686,0.0656446292996,0.0343030281365,0.011004159227,0.000643245817628,0.0000218693676288],"dvar":[0.0714718922973,4.54126358032,36.6513595581,100.395370483,296.88671875,226.756256104,343.226226807,326.591033936,616.954162598,857.950317383,1412.73156738,1198.10131836,1483.79589844,1031.45031738,585.834594727,1031.01940918,637.585327148,1264.34277344,788.533203125,628.752807617,847.743286133,985.483337402,698.296142578,249.28465271,228.047698975,115.52658844,84.8302764893,87.9033737183,69.7469024658,87.2995910645,23.2374343872,9.35962963104,2.61147499084,0.304634183645,0.0209553651512,0.00550201674923,0.00215246737935,0.000365023326594,0.00000222766061597,5.85380410811e-10],"dvar2":[0.18999812007,11.7231245041,108.060752869,272.401824951,794.145751953,606.709655762,926.341125488,752.676574707,1507.64221191,2069.87939453,3461.90307617,2884.0378418,3383.51782227,2396.18408203,1448.33361816,2548.71166992,1482.70837402,3169.43408203,2023.9822998,1595.09887695,2169.48852539,2420.38183594,1728.6270752,649.093322754,595.134277344,294.602478027,222.654983521,231.534469604,166.426864624,183.055114746,51.9834518433,19.8226547241,4.98593997955,0.623268425465,0.0449820496142,0.0116374557838,0.00431135157123,0.000759263813961,0.00000523043900102,1.2795858817e-9],"max":[2.89314508438,24.2588844299,84.7230377197,143.74382019,216.646453857,317.976287842,367.932647705,485.776824951,669.981811523,621.313903809,901.415405273,823.581359863,844.152587891,817.050170898,946.888305664,672.702270508,777.934814453,754.524902344,768.625732422,640.820068359,737.919311523,965.687744141,963.835083008,381.587432861,305.096374512,347.095611572,305.921386719,216.518829346,186.58291626,326.831939697,174.569351196,67.5883636475,57.5421257019,15.4103403091,3.22093009949,2.11209392548,1.24375152588,0.400196313858,0.0312783792615,0.00053274887614],"mean":[0.191318005323,2.19803977013,6.75479650497,12.7040653229,17.4043083191,16.1890907288,16.2502231598,16.739156723,23.2478656769,23.766040802,29.4990997314,35.9847640991,36.6298408508,26.494222641,21.0809955597,30.5213108063,27.6709976196,29.4726772308,28.1008071899,27.7018318176,38.7505455017,43.5303649902,34.6869544983,31.2880878448,32.7513008118,24.3231449127,21.5118980408,17.3978118896,15.5032949448,12.9345035553,7.54017829895,4.69738674164,2.15603494644,0.775424778461,0.222515597939,0.100685380399,0.0526184029877,0.0133795961738,0.000550551339984,0.0000598196165811],"median":[0.119392380118,1.41504144669,4.87970781326,9.05940341949,12.2264957428,10.0324764252,9.10866737366,9.42433166504,12.8059387207,11.8267202377,14.3300609589,20.1559257507,19.4318962097,12.5908641815,12.4550065994,17.8021602631,17.2730426788,15.735045433,17.8875427246,17.087808609,27.2942905426,31.1041564941,25.2760334015,26.8934345245,29.686914444,21.9402389526,19.0142555237,14.5692300797,11.790971756,7.88392448425,4.67608499527,2.82703924179,1.24192738533,0.424613535404,0.131050214171,0.0548956878483,0.0203006286174,0.00247136619873,0.0000805778254289,0.0000546166738786],"min":[9.33771750502e-23,5.94517788943e-22,2.98548183491e-21,4.77079245567e-21,2.44403178182e-20,2.31773745815e-20,6.3945597919e-20,7.99992736782e-20,1.1410900974e-19,1.92854574877e-19,3.33083945033e-19,4.87563724289e-19,5.70716003667e-19,7.21274197186e-19,1.10317821273e-18,1.17784201636e-18,1.65874497216e-18,2.1562090144e-18,1.77975229339e-18,2.57458352655e-18,3.60989436175e-18,4.09653671023e-18,4.58444960814e-18,6.14198479305e-18,5.6607766076e-18,6.55956293706e-18,8.34019907294e-18,9.00133972113e-18,9.96561476687e-18,1.18450162679e-17,1.16950376695e-17,1.00208381717e-17,8.41519292163e-18,8.37241362189e-18,5.64606147809e-18,4.40309894423e-18,1.97641386364e-18,1.01739172499e-18,2.39923684972e-19,2.70950182849e-20],"var":[0.0696155875921,6.41834545135,44.9234848022,156.529693604,366.148681641,424.779144287,500.130432129,629.630249023,1151.02880859,1534.2265625,2895.77587891,3140.32617188,3414.47924805,2369.52709961,1124.74328613,2025.7557373,1373.51647949,2497.37158203,1499.90026855,1604.75915527,2387.49584961,2369.26196289,1572.85180664,633.48828125,571.991394043,317.213623047,265.481079102,194.13067627,204.491043091,272.952789307,82.8363418579,34.7561759949,9.28668880463,1.11906254292,0.0768120288849,0.0183379091322,0.00708085345104,0.000790308811702,0.00000264853929366,1.06609543415e-9]},"erbbands_crest":{"dmean":1.87598633766,"dmean2":3.05911517143,"dvar":4.14518070221,"dvar2":10.6464014053,"max":28.5631332397,"mean":6.76649093628,"median":5.41276979446,"min":2.27297282219,"var":16.4861850739},"erbbands_flatness_db":{"dmean":0.0104874037206,"dmean2":0.0154175078496,"dvar":0.000105382139736,"dvar2":0.000205475793337,"max":0.398725181818,"mean":0.138549119234,"median":0.126670971513,"min":0.0312570147216,"var":0.00272677117027},"erbbands_kurtosis":{"dmean":0.48679253459,"dmean2":0.763746738434,"dvar":0.677599966526,"dvar2":1.53253078461,"max":58.5415267944,"mean":0.0350340865552,"median":-0.655347585678,"min":-1.78429281712,"var":9.46181297302},"erbbands_skewness":{"dmean":0.247198328376,"dmean2":0.383530944586,"dvar":0.0525968521833,"dvar2":0.116511188447,"max":5.6672205925,"mean":-0.0252840388566,"median":-0.121407620609,"min":-2.25598168373,"var":0.463829755783},"erbbands_spread":{"dmean":7.04317617416,"dmean2":10.859079361,"dvar":48.4146118164,"dvar2":111.342102051,"max":123.784210205,"mean":48.0770759583,"median":48.062664032,"min":2.35422182083,"var":313.505432129},"gfcc":{"cov":[[23782.9023438,6.07775259018,-2861.62475586,971.422485352,-1420.86865234,777.120178223,-765.656066895,262.981781006,-551.371337891,-100.530189514,-434.332580566,177.932907104,-303.300964355],[6.07775259018,1962.40722656,-23.7600593567,39.7005767822,258.623382568,-475.165649414,255.936447144,-167.068222046,154.887039185,-47.270652771,80.0796051025,-195.244552612,122.78213501],[-2861.62475586,-23.7600593567,959.648193359,-108.704566956,215.716674805,-86.1580963135,53.4400520325,-19.2686977386,47.2761878967,65.3603439331,35.6492424011,-0.565312147141,-40.4960441589],[971.422485352,39.7005767822,-108.704566956,233.957565308,-56.3166465759,59.4838180542,-71.785774231,-0.00510179623961,-3.56033420563,-6.88420391083,2.78371095657,-0.0577447377145,4.6068649292],[-1420.86865234,258.623382568,215.716674805,-56.3166465759,290.111694336,-106.087333679,144.094894409,-21.4011440277,62.1100387573,25.9844665527,16.5582904816,-34.0523986816,26.2329387665],[777.120178223,-475.165649414,-86.1580963135,59.4838180542,-106.087333679,278.175750732,-49.4019813538,77.1090164185,-61.189704895,-7.7767572403,-15.5348873138,45.5983047485,-49.5400314331],[-765.656066895,255.936447144,53.4400520325,-71.785774231,144.094894409,-49.4019813538,199.432357788,8.11014461517,49.8516731262,-7.07832193375,12.3895244598,-34.6184768677,25.0278263092],[262.981781006,-167.068222046,-19.2686977386,-0.00510179623961,-21.4011440277,77.1090164185,8.11014461517,105.453781128,8.07146263123,13.38189888,-17.0001182556,15.3471879959,-6.14160394669],[-551.371337891,154.887039185,47.2761878967,-3.56033420563,62.1100387573,-61.189704895,49.8516731262,8.07146263123,109.723571777,28.282497406,20.9117698669,-22.3979244232,27.8568973541],[-100.530189514,-47.270652771,65.3603439331,-6.88420391083,25.9844665527,-7.7767572403,-7.07832193375,13.38189888,28.282497406,74.8108062744,24.8830509186,15.8999538422,-6.12823057175],[-434.332580566,80.0796051025,35.6492424011,2.78371095657,16.5582904816,-15.5348873138,12.3895244598,-17.0001182556,20.9117698669,24.8830509186,80.1753463745,13.8199939728,14.5634746552],[177.932907104,-195.244552612,-0.565312147141,-0.0577447377145,-34.0523986816,45.5983047485,-34.6184768677,15.3471879959,-22.3979244232,15.8999538422,13.8199939728,73.6378707886,2.28027200699],[-303.300964355,122.78213501,-40.4960441589,4.6068649292,26.2329387665,-49.5400314331,25.0278263092,-6.14160394669,27.8568973541,-6.12823057175,14.5634746552,2.28027200699,77.3399810791]],"icov":[[0.000222023023525,-0.000503073446453,0.000457376998384,-0.000386006460758,0.000515249616001,-0.000404510268709,0.000213148829062,-0.000362968683476,0.000551828707103,-0.000954768969677,0.00140347948764,-0.00111962098163,0.000894477416296],[-0.000503073446453,0.00276386761107,-0.000865035690367,-0.000312247895636,-0.00102736044209,0.00320207234472,-0.00207550451159,0.00121671194211,-0.0011229274096,0.00284446356818,-0.00469423877075,0.0048447959125,-0.00225626025349],[0.000457376998384,-0.000865035690367,0.00243369094096,-0.000425116391852,-0.000231731144595,-0.000420782685978,0.000922868377529,-0.000776163768023,0.000826757692266,-0.00211717444472,0.00223178532906,-0.00243764882907,0.00310145877302],[-0.000386006460758,-0.000312247895636,-0.000425116391852,0.00722306128591,-0.0016747926129,-0.00278253760189,0.00356094213203,0.000990248983726,-0.00236494815908,0.00176435185131,-0.00215905625373,0.00190938566811,-0.00261701829731],[0.000515249616001,-0.00102736044209,-0.000231731144595,-0.0016747926129,0.00893182866275,0.000286853144644,-0.00482451263815,0.000598235055804,0.00121881940868,-0.00504851294681,0.00448540877551,-0.00181673082989,0.00076287687989],[-0.000404510268709,0.00320207234472,-0.000420782685978,-0.00278253760189,0.000286853144644,0.0112557895482,-0.00357595854439,-0.0036310122814,0.00157331791706,0.00390419410542,-0.00558407185599,0.00232261279598,0.00198272406124],[0.000213148829062,-0.00207550451159,0.000922868377529,0.00356094213203,-0.00482451263815,-0.00357595854439,0.0126640545204,-0.00300181400962,-0.00190198293421,0.00232041417621,0.000233089667745,-0.000576776801609,0.000253338221228],[-0.000362968683476,0.00121671194211,-0.000776163768023,0.000990248983726,0.000598235055804,-0.0036310122814,-0.00300181400962,0.0158843677491,-0.00423319451511,-0.00228768005036,0.00240787351504,0.000756266177632,-0.00324863754213],[0.000551828707103,-0.0011229274096,0.000826757692266,-0.00236494815908,0.00121881940868,0.00157331791706,-0.00190198293421,-0.00423319451511,0.0170689038932,-0.00803380832076,0.00127675442491,0.00201035058126,-0.00168999179732],[-0.000954768969677,0.00284446356818,-0.00211717444472,0.00176435185131,-0.00504851294681,0.00390419410542,0.00232041417621,-0.00228768005036,-0.00803380832076,0.0257358066738,-0.0124240200967,0.000948147033341,0.00105141068343],[0.00140347948764,-0.00469423877075,0.00223178532906,-0.00215905625373,0.00448540877551,-0.00558407185599,0.000233089667745,0.00240787351504,0.00127675442491,-0.0124240200967,0.0275041479617,-0.0128671014681,0.00302696088329],[-0.00111962098163,0.0048447959125,-0.00243764882907,0.00190938566811,-0.00181673082989,0.00232261279598,-0.000576776801609,0.000756266177632,0.00201035058126,0.000948147033341,-0.0128671014681,0.0295446049422,-0.010218763724],[0.000894477416296,-0.00225626025349,0.00310145877302,-0.00261701829731,0.00076287687989,0.00198272406124,0.000253338221228,-0.00324863754213,-0.00168999179732,0.00105141068343,0.00302696088329,-0.010218763724,0.022894192487]],"mean":[25.847234726,93.5871658325,-116.064537048,53.8873825073,-55.750869751,11.7233285904,-28.2452430725,6.12525606155,-19.5556964874,-1.41217589378,-18.6173648834,-2.23265767097,-14.6931667328]},"hfc":{"dmean":4.74027347565,"dmean2":7.2397146225,"dvar":30.4081382751,"dvar2":67.1203994751,"max":99.0632629395,"mean":30.0955200195,"median":29.5224723816,"min":1.05082861114e-16,"var":193.474853516},"melbands":{"dmean":[0.00126126059331,0.00176765944343,0.00130687584169,0.000672688765917,0.000342041981639,0.000226276766625,0.000200593480258,0.000155288318638,0.000151341635501,0.000122179320897,0.000104029422801,0.0000659152501612,0.0000401589677494,0.0000431169864896,0.0000484705014969,0.0000329117101501,0.0000317719932355,0.0000267640079983,0.0000214000938286,0.0000214844203583,0.0000219397297769,0.000022286474632,0.0000195972716028,0.000011860174709,0.0000114695976663,0.0000113147589218,0.00000898055350262,0.00000630580370853,0.00000538554058949,0.00000520225148648,0.0000040514896682,0.00000361591446563,0.00000370767907043,0.00000283292934,0.00000186944498637,0.00000133897117394,0.00000115851423743,6.89630610395e-7,4.08623776593e-7,2.46969278805e-7],"dmean2":[0.002098856261,0.00294331135228,0.0021709788125,0.00110270851292,0.000563160341699,0.000364020874258,0.000322471489199,0.00024794015917,0.000241205023485,0.000193955434952,0.000164441080415,0.000104558559542,0.0000650293150102,0.0000695729686413,0.0000780974805821,0.0000530265788257,0.0000516422842338,0.0000439360519522,0.0000348513021891,0.0000352787792508,0.0000364810875908,0.0000366296735592,0.0000321974912367,0.0000196791588678,0.0000192719016923,0.0000190544651559,0.0000149817187776,0.0000104670871224,0.00000905313390831,0.00000874203124113,0.00000672875466989,0.00000594804123466,0.00000592067590333,0.00000444931129095,0.00000292199342766,0.00000209666427509,0.00000178990342192,0.00000103552622477,6.20220475867e-7,3.77694874487e-7],"dvar":[0.00000583959945288,0.00000738182870919,0.00000332944591719,0.00000108209258087,3.33593163759e-7,1.52827965394e-7,1.35304006221e-7,9.85457830893e-8,1.07010706074e-7,5.10856565938e-8,3.93652968e-8,1.94896596639e-8,8.61746318748e-9,7.39445749076e-9,9.55124512814e-9,4.47981696183e-9,4.58870896836e-9,2.85545365131e-9,1.88873494622e-9,2.61219890163e-9,1.35303346305e-9,1.23040377886e-9,1.31674271486e-9,3.97849281297e-10,2.12396031318e-10,1.99954663938e-10,1.30627911266e-10,6.30298105375e-11,3.97162094878e-11,4.67650675129e-11,2.87843134744e-11,2.622771271e-11,4.11789387311e-11,2.58899932742e-11,1.04327987221e-11,5.17560950694e-12,4.45775274333e-12,2.06228458789e-12,6.194543576e-13,2.0530875177e-13],"dvar2":[0.0000149136067193,0.0000205279229704,0.00000895901575859,0.00000285468627226,8.93486912901e-7,3.57540187679e-7,3.31257524522e-7,2.35144995031e-7,2.61794440348e-7,1.20038492923e-7,8.9517165236e-8,4.46731114323e-8,2.07138963759e-8,1.82257053893e-8,2.32217463036e-8,1.02887796061e-8,1.15593215e-8,7.40408179212e-9,4.60581484063e-9,6.81172807049e-9,3.44792083773e-9,3.00892288863e-9,3.29601768101e-9,1.02272024183e-9,5.60507862346e-10,5.34271682451e-10,3.33524569074e-10,1.62271376891e-10,1.05491435032e-10,1.23207458125e-10,7.56589582651e-11,6.60570556588e-11,9.15774261978e-11,5.64068305953e-11,2.45489861078e-11,1.2024548024e-11,9.86330201541e-12,4.23483470513e-12,1.32642182828e-12,4.57753084569e-13],"max":[0.0254714731127,0.0329589881003,0.0229831915349,0.0199243854731,0.0102047193795,0.0108653856441,0.00860233139247,0.00681958161294,0.00695567345247,0.00608918908983,0.00434580538422,0.00336681911722,0.00289863813668,0.00200949283317,0.00211291364394,0.0022633462213,0.00133259734139,0.00179128907621,0.00135999044869,0.00158281880431,0.00116233248264,0.00084101507673,0.000980771379545,0.000521163281519,0.00032295708661,0.000303846114548,0.00035612139618,0.000259350432316,0.000189938073163,0.000154814260895,0.0000912306350074,0.000110667526315,0.00019337926642,0.000192687963136,0.000111878296593,0.0000661596568534,0.0000534224673174,0.0000500351525261,0.0000286281338049,0.0000098984755823],"mean":[0.00212779059075,0.00342350197025,0.00234570214525,0.00126270053443,0.000573820376303,0.000393139285734,0.0003546938824,0.000253538921243,0.000255432823906,0.000235849220189,0.000185398603207,0.00011219325097,0.0000686203857185,0.0000740915274946,0.0000831903380458,0.0000560276093893,0.000053617543017,0.0000463562464574,0.0000366756321455,0.0000414464120695,0.0000451508094557,0.0000447690472356,0.0000389838824049,0.000025126426408,0.0000251548080996,0.0000261039094767,0.0000205125143111,0.0000151394451677,0.0000135190330184,0.000012157916899,0.00000916850422072,0.00000872378495842,0.00000852649554872,0.0000065718386395,0.00000459329476143,0.00000329007184519,0.00000272179545391,0.00000164957612014,9.53351673161e-7,5.44459567209e-7],"median":[0.00137846847065,0.0025973576121,0.00175160786603,0.000857473292854,0.000335892400471,0.000228722972679,0.000196547916858,0.000122634941363,0.000117857227451,0.000128864761791,0.0000948173183133,0.0000486741810164,0.0000360805570381,0.0000422014454671,0.0000432915439887,0.0000303069300571,0.0000265646776825,0.000027264621167,0.0000210523267015,0.0000237571330217,0.0000319900900649,0.0000309781280521,0.0000268319890893,0.0000185348526429,0.0000207117809623,0.0000226561041927,0.0000175981313078,0.0000132802688313,0.0000116793489724,0.0000101442728919,0.00000732770877221,0.00000666067489874,0.00000542758880329,0.00000383517408409,0.00000280316544377,0.00000194271569853,0.00000156530416007,9.16470526136e-7,5.25125528839e-7,2.77722904229e-7],"min":[9.94906837715e-25,1.42686843257e-24,1.1549941283e-24,2.05652389509e-24,1.92439383499e-24,1.81853619569e-24,1.64073917499e-24,2.41998820452e-24,1.40104201401e-24,2.92359523147e-24,2.24211486153e-24,2.50917504352e-24,3.3450080797e-24,2.51513370437e-24,3.22492984207e-24,2.60077796627e-24,2.95411921812e-24,2.38832825816e-24,3.13702588811e-24,3.95754240096e-24,3.46913928744e-24,3.63938296497e-24,4.1100067314e-24,4.61281050074e-24,4.43730551541e-24,3.11357916707e-24,4.59587996799e-24,3.19801785229e-24,3.58000343248e-24,4.29552709478e-24,5.64722408423e-24,4.26169482271e-24,5.07926079855e-24,5.67655353826e-24,5.44306767082e-24,4.83336496579e-24,5.80374828732e-24,5.48907364438e-24,6.61881199637e-24,6.97881182591e-24],"var":[0.00000689196758685,0.0000102444610093,0.00000477409093946,0.00000185771739325,5.21262279563e-7,3.04862197709e-7,2.58869079062e-7,1.79504851872e-7,2.39717536488e-7,1.44023914572e-7,9.16116533745e-8,4.58492550592e-8,1.57906239195e-8,1.39961331413e-8,1.96942089303e-8,9.11917208413e-9,8.85501716397e-9,5.09973219209e-9,3.37137895379e-9,6.31484997626e-9,3.74490127797e-9,2.82159584586e-9,2.58705590284e-9,7.96649635149e-10,4.73635297649e-10,4.26457535951e-10,2.86907553271e-10,1.48234313713e-10,1.13388493039e-10,1.04641462162e-10,5.93120483283e-11,6.50600615049e-11,1.09012202043e-10,7.6745686195e-11,3.2600984412e-11,1.68198614758e-11,1.35859171135e-11,6.30473191016e-12,1.80351458594e-12,6.13990412332e-13]},"melbands_crest":{"dmean":3.22864198685,"dmean2":5.31848955154,"dvar":8.48229026794,"dvar2":22.1810626984,"max":36.3226661682,"mean":13.6049346924,"median":13.2458324432,"min":1.66422188282,"var":20.2101173401},"melbands_flatness_db":{"dmean":0.0214000307024,"dmean2":0.0340046323836,"dvar":0.000459441391286,"dvar2":0.0011434527114,"max":0.714313745499,"mean":0.184908390045,"median":0.161784261465,"min":0.00350324227475,"var":0.0101057672873},"melbands_kurtosis":{"dmean":6.08739519119,"dmean2":9.81973743439,"dvar":105.219238281,"dvar2":254.979492188,"max":270.099151611,"mean":12.9989452362,"median":8.70496559143,"min":-1.44541680813,"var":243.782714844},"melbands_skewness":{"dmean":0.6637108922,"dmean2":1.04418492317,"dvar":0.54693198204,"dvar2":1.31337785721,"max":14.1109628677,"mean":2.91453003883,"median":2.72797560692,"min":-0.710397183895,"var":1.96707475185},"melbands_spread":{"dmean":6.72532749176,"dmean2":10.6092176437,"dvar":52.8763961792,"dvar2":128.625640869,"max":191.091461182,"mean":27.3209686279,"median":24.2024784088,"min":0.340373933315,"var":393.391357422},"mfcc":{"cov":[[10327.1210938,-499.948486328,-731.147094727,-163.635040283,-391.900390625,98.3726959229,-212.404922485,235.512573242,-173.98324585,-58.9770622253,-148.084411621,3.13669037819,-94.2503509521],[-499.948486328,1511.64782715,-80.1186828613,349.034393311,-8.01992988586,-71.1203613281,46.8155632019,-111.991165161,75.4670562744,44.4042167664,62.8627128601,-28.2292442322,7.9186463356],[-731.147094727,-80.1186828613,485.783508301,-3.27541780472,113.956825256,3.69420623779,7.64153623581,-16.6489181519,-23.7362689972,13.2149896622,11.4173183441,23.9484062195,8.31764125824],[-163.635040283,349.034393311,-3.27541780472,242.817703247,48.5459251404,6.8328499794,-12.8841400146,-44.6058235168,32.0706710815,5.94842386246,3.552308321,-3.43634963036,38.3662834167],[-391.900390625,-8.01992988586,113.956825256,48.5459251404,133.892501831,21.0520572662,11.8123397827,-16.5141086578,13.2470560074,14.0319776535,9.91000080109,10.6613922119,11.8865823746],[98.3726959229,-71.1203613281,3.69420623779,6.8328499794,21.0520572662,97.8968811035,30.9443187714,27.9056987762,-8.14358520508,2.40406131744,8.8520860672,2.85987496376,-0.975884914398],[-212.404922485,46.8155632019,7.64153623581,-12.8841400146,11.8123397827,30.9443187714,118.170921326,37.1719169617,20.7067165375,5.77629041672,19.2933216095,5.37635564804,-14.256778717],[235.512573242,-111.991165161,-16.6489181519,-44.6058235168,-16.5141086578,27.9056987762,37.1719169617,97.8810958862,19.2640037537,7.69263982773,1.5096193552,0.525107622147,-18.4177360535],[-173.98324585,75.4670562744,-23.7362689972,32.0706710815,13.2470560074,-8.14358520508,20.7067165375,19.2640037537,96.904838562,36.7331085205,11.33066082,-10.2423458099,1.20946204662],[-58.9770622253,44.4042167664,13.2149896622,5.94842386246,14.0319776535,2.40406131744,5.77629041672,7.69263982773,36.7331085205,70.5826263428,25.5511627197,1.05641961098,-6.8115978241],[-148.084411621,62.8627128601,11.4173183441,3.552308321,9.91000080109,8.8520860672,19.2933216095,1.5096193552,11.33066082,25.5511627197,67.6798629761,21.7212371826,-2.59127569199],[3.13669037819,-28.2292442322,23.9484062195,-3.43634963036,10.6613922119,2.85987496376,5.37635564804,0.525107622147,-10.2423458099,1.05641961098,21.7212371826,61.6909408569,24.3874492645],[-94.2503509521,7.9186463356,8.31764125824,38.3662834167,11.8865823746,-0.975884914398,-14.256778717,-18.4177360535,1.20946204662,-6.8115978241,-2.59127569199,24.3874492645,68.7211303711]],"icov":[[0.000143929501064,-0.00000439755876869,0.000166283003637,-0.0000652569506201,0.000221623718971,-0.000184267497389,0.000342963496223,-0.000394097995013,0.000271699187579,-0.000152458756929,0.000310210074531,-0.000287235423457,0.000232526494074],[-0.00000439755876869,0.00142431352288,0.0000496512730024,-0.00219998182729,0.000929955160245,0.00119250232819,-0.00132064078934,0.00113507127389,0.0000320667422784,-0.000518358778208,-0.00112982233986,0.000556026236154,0.000646508240607],[0.000166283003637,0.0000496512730024,0.00295902835205,0.000209933597944,-0.00231097079813,0.000489435216878,0.000145430356497,-0.000537368701771,0.0015725948615,-0.000891856034286,0.000347180903191,-0.000668882916216,0.000174197004526],[-0.0000652569506201,-0.00219998182729,0.000209933597944,0.0090868640691,-0.00314520648681,-0.00283869635314,0.00220211711712,0.000899874255992,-0.0023916172795,0.00144580891356,0.00110966013744,0.000546839029994,-0.00369959650561],[0.000221623718971,0.000929955160245,-0.00231097079813,-0.00314520648681,0.0123819261789,-0.00235522189178,-0.00105849525426,0.00249382806942,-0.00170222774614,-0.00135686434805,0.000248847383773,-0.00155038840603,0.000961127632763],[-0.000184267497389,0.00119250232819,0.000489435216878,-0.00283869635314,-0.00235522189178,0.0147425681353,-0.00417175097391,-0.00329359574243,0.0040047513321,-0.00132250168826,-0.00276606203988,0.0024460721761,-0.00116991321556],[0.000342963496223,-0.00132064078934,0.000145430356497,0.00220211711712,-0.00105849525426,-0.00417175097391,0.0132623221725,-0.00468096090481,-0.0022137647029,0.00238282885402,-0.000888734590262,-0.00218673120253,0.00201387307607],[-0.000394097995013,0.00113507127389,-0.000537368701771,0.000899874255992,0.00249382806942,-0.00329359574243,-0.00468096090481,0.0174898263067,-0.00533767556772,-0.00008628670912,0.000618869322352,-0.0014056940563,0.00273709045723],[0.000271699187579,0.0000320667422784,0.0015725948615,-0.0023916172795,-0.00170222774614,0.0040047513321,-0.0022137647029,-0.00533767556772,0.0176753159612,-0.00834252871573,-0.000205460150028,0.00374138029292,-0.00249813846312],[-0.000152458756929,-0.000518358778208,-0.000891856034286,0.00144580891356,-0.00135686434805,-0.00132250168826,0.00238282885402,-0.00008628670912,-0.00834252871573,0.0215181205422,-0.00681553175673,0.000228652803344,0.00178007746581],[0.000310210074531,-0.00112982233986,0.000347180903191,0.00110966013744,0.000248847383773,-0.00276606203988,-0.000888734590262,0.000618869322352,-0.000205460150028,-0.00681553175673,0.022825203836,-0.00976526457816,0.00344745931216],[-0.000287235423457,0.000556026236154,-0.000668882916216,0.000546839029994,-0.00155038840603,0.0024460721761,-0.00218673120253,-0.0014056940563,0.00374138029292,0.000228652803344,-0.00976526457816,0.0253835711628,-0.0106292460114],[0.000232526494074,0.000646508240607,0.000174197004526,-0.00369959650561,0.000961127632763,-0.00116991321556,0.00201387307607,0.00273709045723,-0.00249813846312,0.00178007746581,0.00344745931216,-0.0106292460114,0.0219312943518]],"mean":[-600.503601074,109.084403992,2.46005320549,40.1272888184,0.573624432087,11.4670438766,-0.177359074354,8.91830348969,1.08449304104,3.97802782059,-0.569945394993,0.69507586956,-3.48419737816]},"pitch_salience":{"dmean":0.0721320062876,"dmean2":0.119275473058,"dvar":0.00472293235362,"dvar2":0.0127234524116,"max":0.952557742596,"mean":0.585553824902,"median":0.595006287098,"min":0.114892959595,"var":0.0107826311141},"silence_rate_20dB":{"dmean":0,"dmean2":0,"dvar":0,"dvar2":0,"max":1,"mean":1,"median":1,"min":1,"var":0},"silence_rate_30dB":{"dmean":0.000676246825606,"dmean2":0.00135260797106,"dvar":0.00067580875475,"dvar2":0.00202715955675,"max":1,"mean":0.999661922455,"median":1,"min":0,"var":0.000337870209478},"silence_rate_60dB":{"dmean":0.00253592571244,"dmean2":0.00507227983326,"dvar":0.00252915709279,"dvar2":0.00538494763896,"max":1,"mean":0.0334713868797,"median":0,"min":0,"var":0.0323520973325},"spectral_centroid":{"dmean":236.606292725,"dmean2":377.979248047,"dvar":58630.9609375,"dvar2":137463.09375,"max":11808.9736328,"mean":1713.53967285,"median":1686.00146484,"min":113.573806763,"var":1037242.6875},"spectral_complexity":{"dmean":4.14928150177,"dmean2":6.67106246948,"dvar":14.7675971985,"dvar2":34.8895568848,"max":59,"mean":31.7753353119,"median":34,"min":0,"var":140.229064941},"spectral_contrast_coeffs":{"dmean":[0.0514308810234,0.0471328943968,0.037779789418,0.0282688532025,0.018739791587,0.0188691727817],"dmean2":[0.0851055756211,0.0774795636535,0.0625262409449,0.0470462888479,0.0312153343111,0.0304068252444],"dvar":[0.00178762385622,0.00149266491644,0.000950103451032,0.000536269217264,0.00023435332696,0.000303362030536],"dvar2":[0.00499071739614,0.0040009948425,0.00253794598393,0.00141044612974,0.000628317298833,0.000773966487031],"max":[-0.352699011564,-0.47388830781,-0.464143574238,-0.596085906029,-0.636384487152,-0.402838230133],"mean":[-0.635400354862,-0.748328924179,-0.777856945992,-0.79582208395,-0.802631378174,-0.70279943943],"median":[-0.636522829533,-0.755201518536,-0.78483581543,-0.800142526627,-0.802579939365,-0.7014118433],"min":[-0.97387778759,-0.978531062603,-0.975493371487,-0.973607182503,-0.966831326485,-0.964687049389],"var":[0.00597950536758,0.00513231987134,0.00408976292238,0.00231813127175,0.00118989637122,0.00285215419717]},"spectral_contrast_valleys":{"dmean":[0.354148775339,0.337824612856,0.285305172205,0.235281318426,0.166325420141,0.215318217874],"dmean2":[0.586090803146,0.550853431225,0.468773692846,0.382044315338,0.266802191734,0.312296718359],"dvar":[0.0957396402955,0.0875397548079,0.067195944488,0.0522196404636,0.0385995320976,0.0787702724338],"dvar2":[0.237573221326,0.206590726972,0.150369226933,0.106824181974,0.0678470060229,0.152762189507],"max":[-5.17502593994,-4.50056791306,-5.48149442673,-5.8297700882,-5.74435853958,-8.01206684113],"mean":[-6.80111503601,-6.5792760849,-7.18150281906,-7.42181539536,-6.98103809357,-10.1201219559],"median":[-6.46946716309,-6.23454284668,-6.81514167786,-7.01256608963,-6.50762748718,-9.62184619904],"min":[-28.0123958588,-27.8974533081,-28.0391559601,-27.6194610596,-27.5179672241,-27.3710708618],"var":[4.45355558395,4.64650726318,4.51549863815,4.51354408264,4.69832611084,4.30906105042]},"spectral_decrease":{"dmean":2.37263186875e-9,"dmean2":3.69120534138e-9,"dvar":7.83505724364e-18,"dvar2":1.85643731285e-17,"max":6.64203400219e-17,"mean":-9.97118032586e-9,"median":-9.46066958107e-9,"min":-3.88409979735e-8,"var":1.91093544576e-17},"spectral_energy":{"dmean":0.00909452978522,"dmean2":0.0141086680815,"dvar":0.000113136375148,"dvar2":0.000266104791081,"max":0.148164436221,"mean":0.040363304317,"median":0.0386761575937,"min":1.00011427106e-20,"var":0.000283762114123},"spectral_energyband_high":{"dmean":0.00043346741586,"dmean2":0.000659201410599,"dvar":3.30119007685e-7,"dvar2":6.67115102715e-7,"max":0.01308046747,"mean":0.00172561209183,"median":0.00144198525231,"min":6.91834800411e-21,"var":0.00000174179331225},"spectral_energyband_low":{"dmean":0.00757847353816,"dmean2":0.0121354274452,"dvar":0.000115501286928,"dvar2":0.000280231557554,"max":0.143074780703,"mean":0.0177849326283,"median":0.0146216899157,"min":1.61663521449e-23,"var":0.000209466685192},"spectral_energyband_middle_high":{"dmean":0.00162533926778,"dmean2":0.00253199948929,"dvar":0.00000366231120097,"dvar2":0.00000868043753144,"max":0.0302501115948,"mean":0.00672897649929,"median":0.00597912678495,"min":1.24466710915e-21,"var":0.0000199351943593},"spectral_energyband_middle_low":{"dmean":0.005591083318,"dmean2":0.00887407921255,"dvar":0.0000469478291052,"dvar2":0.000114119320642,"max":0.0855501517653,"mean":0.0168488062918,"median":0.0145934922621,"min":1.90627392088e-22,"var":0.000116370618343},"spectral_entropy":{"dmean":0.0828591361642,"dmean2":0.126874566078,"dvar":0.00724327377975,"dvar2":0.0153275011107,"max":9.82895469666,"mean":7.77956867218,"median":7.8963932991,"min":4.01475286484,"var":0.397954016924},"spectral_flux":{"dmean":0.0227549877018,"dmean2":0.0344964712858,"dvar":0.000573464785703,"dvar2":0.00120143033564,"max":0.310199350119,"mean":0.102481178939,"median":0.0987612083554,"min":6.42861180955e-11,"var":0.00202987249941},"spectral_kurtosis":{"dmean":1.50029838085,"dmean2":2.62250828743,"dvar":15.8490066528,"dvar2":48.2075042725,"max":124.466415405,"mean":4.16502904892,"median":2.18532514572,"min":-1.27793610096,"var":95.299331665},"spectral_rms":{"dmean":0.000676495605148,"dmean2":0.00104004587047,"dvar":5.03706587551e-7,"dvar2":0.00000113993712603,"max":0.0120229227468,"mean":0.00607968866825,"median":0.0061427061446,"min":3.12365367947e-12,"var":0.00000241623592956},"spectral_rolloff":{"dmean":514.95501709,"dmean2":845.033874512,"dvar":441088.78125,"dvar2":989082.375,"max":19595.2148438,"mean":1826.36547852,"median":1356.59179688,"min":64.599609375,"var":5527848},"spectral_skewness":{"dmean":0.169328346848,"dmean2":0.287143498659,"dvar":0.0637703984976,"dvar2":0.191159531474,"max":9.24714279175,"mean":1.19745028019,"median":1.01636731625,"min":-0.0777889043093,"var":0.827561616898},"spectral_spread":{"dmean":308450.9375,"dmean2":448199.3125,"dvar":256670040064,"dvar2":419442229248,"max":43191752,"mean":4629842.5,"median":4330983.5,"min":838945.9375,"var":11205054824400},"spectral_strongpeak":{"dmean":0.429339259863,"dmean2":0.750476181507,"dvar":0.670426368713,"dvar2":1.77706885338,"max":12.9700059891,"mean":0.68413990736,"median":0.420078128576,"min":0,"var":0.806832015514},"zerocrossingrate":{"dmean":0.00838952232152,"dmean2":0.0104035818949,"dvar":0.0000924966370803,"dvar2":0.000128860090626,"max":0.6181640625,"mean":0.0705400705338,"median":0.0625,"min":0.00244140625,"var":0.00412146840245}},"metadata":{"audio_properties":{"analysis_sample_rate":44100,"bit_rate":192018,"codec":"mp3","downmix":"mix","equal_loudness":0,"length":274.67755127,"lossless":false,"md5_encoded":"5fa279e294bff9ba54f09d32eb820e04","replay_gain":-14.4612789154,"sample_rate":44100},"tags":{"album":["Sonic Boom"],"albumartist":["Kiss"],"artist":["Kiss"],"date":["2009"],"file_name":"1535969.mp3","genre":["hard rock"],"musicbrainz_recordingid":["f5095788-c90f-48f3-8619-85a84b838896"],"title":["Russian Roulette"]},"version":{"essentia":"2.1-beta2","essentia_build_sha":"70f2e5ece6736b2c40cc944ad0e695b16b925413","essentia_git_sha":"v2.1_beta2","extractor":"music 1.0"}},"rhythm":{"beats_count":422,"beats_loudness":{"dmean":0.0146349612623,"dmean2":0.0252259708941,"dvar":0.000131399923703,"dvar2":0.000406336650485,"max":0.100156731904,"mean":0.0523541085422,"median":0.0532439686358,"min":0,"var":0.000299692357657},"beats_loudness_band_ratio":{"dmean":[0.198117151856,0.108696565032,0.0818043425679,0.0482712797821,0.0401771180332,0.049267090857],"dmean2":[0.356629103422,0.201772168279,0.144815415144,0.0838049203157,0.0720178037882,0.0914570689201],"dvar":[0.019654052332,0.00721812667325,0.00586610753089,0.00313847977668,0.00195276632439,0.00475201290101],"dvar2":[0.0607380717993,0.0230263248086,0.0172952730209,0.00830468256027,0.00540880300105,0.0105649391189],"max":[0.987894415855,0.450569212437,0.489399969578,0.317865759134,0.307047963142,0.903564631939],"mean":[0.62193608284,0.120114803314,0.0996163636446,0.0625802278519,0.0570330247283,0.0721812546253],"median":[0.64047563076,0.0951930731535,0.0763359516859,0.0416332483292,0.0462386980653,0.0601402893662],"min":[0,0,0,0,0,0],"var":[0.0378085263073,0.00839673075825,0.00729979947209,0.003551292466,0.00225308607332,0.00833256915212]},"beats_position":[0.626938760281,1.26548755169,1.90403628349,2.55419492722,3.22757363319,3.90095233917,4.58594083786,5.25931978226,5.9443