{"lowlevel":{"average_loudness":0.858667194843,"barkbands":{"dmean":[0.00538881728426,0.0085684703663,0.00413865642622,0.000812491227407,0.00152070843615,0.00103874923661,0.000604039931204,0.00061012088554,0.000919228768907,0.000975765346084,0.000576041813474,0.000564417336136,0.000563358247746,0.000285108049866,0.000340141210472,0.000390395667637,0.000317538215313,0.000173301246832,0.000219057648792,0.000182769479579,0.00012120816973,0.0000658047138131,0.0000562775276194,0.0000537719533895,0.00000679998674968,0.0000427336599387,0.00029539046227],"dmean2":[0.00909337215126,0.0147651750594,0.00715606147423,0.00139543507248,0.00251861405559,0.00175979442429,0.00101122038905,0.00103507901076,0.00154037692118,0.00161799171474,0.000952872040216,0.000929789151996,0.000940104248002,0.000476918707136,0.000552887737285,0.000625296903308,0.000518835673574,0.000263116759015,0.0003338138049,0.00026975129731,0.000181357172551,0.000098472359241,0.0000912838149816,0.0000837023108033,0.0000109751954369,0.0000660830337438,0.000421775272116],"dvar":[0.000119586802612,0.000176345245563,0.0000449091203336,0.00000176487924364,0.00000545521334061,0.00000366841823052,0.0000015196349068,0.00000116237890779,0.0000021915564048,0.00000319936020787,0.00000110456153379,9.38103482895e-7,6.47369972739e-7,2.10347025131e-7,2.54727012816e-7,4.02032469538e-7,2.50246074529e-7,8.85515447635e-8,2.22256076654e-7,1.86120658441e-7,6.30651015854e-8,1.79918622223e-8,2.14667856824e-8,3.09310230762e-8,2.92506630029e-10,1.48821523993e-8,2.02841405894e-7],"dvar2":[0.000294177239994,0.000471873674542,0.000123320729472,0.00000484859674543,0.0000143599936564,0.00000988759711618,0.00000409280437452,0.00000319553669215,0.00000596283052801,0.00000864860430738,0.00000299913881463,0.00000257421061178,0.0000017126626517,5.66517769585e-7,6.55591804843e-7,0.00000101441617062,6.53316476473e-7,1.94355763483e-7,5.14134910645e-7,3.79887211466e-7,1.27034098796e-7,4.16007424064e-8,5.59629462771e-8,7.78936168899e-8,7.03441138672e-10,3.70509596337e-8,3.87990922945e-7],"max":[0.121290586889,0.161725208163,0.0791947692633,0.0203998293728,0.0396170914173,0.0404119566083,0.0396834164858,0.0176283791661,0.0329573862255,0.032022587955,0.0230409894139,0.0226247161627,0.0113166421652,0.0123229892924,0.0103826057166,0.0135579099879,0.00946536101401,0.00673291971907,0.0157850980759,0.0106329023838,0.0067944531329,0.00389420846477,0.00219220132567,0.00277031352744,0.000248937460128,0.00180865090806,0.0128596592695],"mean":[0.00545827532187,0.0112144974992,0.00476678647101,0.000919231213629,0.00216191168875,0.00146547483746,0.000894530676305,0.000878963561263,0.00145682715811,0.0015138706658,0.00094944256125,0.000959680473898,0.000976432813331,0.000515778723639,0.000648589164484,0.0007351457607,0.00062488950789,0.00036819811794,0.000467412930448,0.000398947478971,0.000263211928541,0.00014367888798,0.0000931751274038,0.0000737988011679,0.00000641982660454,0.0000645955296932,0.00100747740362],"median":[0.00143745844252,0.00596768595278,0.00245234696195,0.000487023149617,0.00116576312575,0.000610123039223,0.000402996054618,0.000425469537731,0.000826875912026,0.000643509672955,0.000465953780804,0.000511431135237,0.000607951893471,0.000316544814268,0.000424173660576,0.000419562973548,0.000371614733012,0.000191510422155,0.000213685911149,0.00016780133592,0.000142717675772,0.000079831268522,0.0000376319039788,0.0000178266818693,0.00000137587085192,0.000021243986339,0.000634245807305],"min":[3.04428207529e-23,8.95786393976e-23,3.29893805063e-23,4.13813995675e-23,1.40634979361e-22,4.61167611876e-23,5.50431609368e-23,1.15652259364e-22,9.18164800135e-23,4.25972330154e-23,3.04122665923e-23,4.26126946891e-23,1.14774528544e-22,1.54378905327e-22,7.65152164031e-23,1.17575237193e-22,2.89364605621e-22,1.71322943373e-22,1.78544567375e-22,2.90905093197e-22,4.43508354667e-22,4.23483505552e-22,6.57572034321e-22,8.43900273315e-22,1.38340535135e-21,1.69961139735e-21,2.42541936985e-21],"var":[0.000121592289361,0.000231213780353,0.0000472513092973,0.00000178738036993,0.00000833907051856,0.0000057415622905,0.00000244505372393,0.00000177154333869,0.00000373514740204,0.00000574339492232,0.00000205257015296,0.00000181357495421,0.00000130752857785,4.08083394632e-7,6.14448481429e-7,9.78127104645e-7,6.37245534563e-7,3.07312944869e-7,7.43819896343e-7,6.3309437337e-7,1.97943180069e-7,4.54442421471e-8,2.47027003297e-8,3.11284971133e-8,2.77040140828e-10,1.63814082299e-8,0.00000145261140005]},"barkbands_crest":{"dmean":2.83236312866,"dmean2":4.7622179985,"dvar":5.62064933777,"dvar2":15.0359544754,"max":26.8594875336,"mean":9.74839878082,"median":8.6971950531,"min":2.27432274818,"var":23.1257324219},"barkbands_flatness_db":{"dmean":0.0284427944571,"dmean2":0.0462503246963,"dvar":0.000799847010057,"dvar2":0.00211801752448,"max":0.549609005451,"mean":0.125944346189,"median":0.105034843087,"min":0.0214572176337,"var":0.00520112132654},"barkbands_kurtosis":{"dmean":7.54989004135,"dmean2":12.5801534653,"dvar":557.014465332,"dvar2":1506.45507812,"max":641.079284668,"mean":11.912607193,"median":2.37055373192,"min":-1.84940457344,"var":1268.44714355},"barkbands_skewness":{"dmean":0.760917901993,"dmean2":1.23606312275,"dvar":0.927426874638,"dvar2":2.39752936363,"max":23.6687221527,"mean":2.08199977875,"median":1.48456645012,"min":-2.30372595787,"var":4.5754275322},"barkbands_spread":{"dmean":7.5548825264,"dmean2":12.1134328842,"dvar":56.7233886719,"dvar2":137.163421631,"max":120.643608093,"mean":30.7263946533,"median":30.4978866577,"min":0.181914895773,"var":339.749023438},"dissonance":{"dmean":0.0174117088318,"dmean2":0.0299123097211,"dvar":0.00050317728892,"dvar2":0.00143911468331,"max":0.500000119209,"mean":0.475731432438,"median":0.484176158905,"min":0.184851005673,"var":0.000744599616155},"dynamic_complexity":5.40245246887,"erbbands":{"dmean":[0.379054903984,1.65228891373,5.0069937706,2.98465657234,3.04199504852,6.50204277039,7.8707447052,9.25221920013,8.42176532745,10.0463848114,14.4524812698,21.2694015503,24.3541107178,30.0421066284,21.6680698395,22.6051712036,25.6467971802,14.9867668152,13.9170856476,18.0580329895,21.5788135529,16.6958217621,9.41900444031,9.24942970276,11.3650808334,8.64577865601,5.60917377472,4.25336551666,2.50656890869,1.74706268311,1.70212459564,1.26933443546,0.760462462902,0.149615719914,0.0299402009696,0.108512684703,0.0928539559245,0.0360931381583,0.0236594602466,0.00822983775288],"dmean2":[0.650227248669,2.87810850143,8.62958431244,5.14735984802,5.17672681808,10.9120292664,13.1311883926,15.77684021,14.1296482086,16.9332122803,24.4455432892,35.6847648621,41.0450057983,49.2428283691,35.5433349609,37.0768585205,42.6358718872,24.8505077362,22.7933521271,29.208978653,34.804649353,27.0405387878,14.2638130188,14.0908288956,17.1475601196,12.7151193619,8.23399353027,6.45703077316,3.78594589233,2.6938958168,2.72968268394,1.94393110275,1.20810115337,0.235405415297,0.0480981469154,0.169089913368,0.142134770751,0.0533275157213,0.0315398722887,0.0120887672529],"dvar":[0.563678443432,5.50478124619,62.8935699463,20.9097518921,21.2910633087,124.015365601,200.215438843,334.391693115,327.300476074,313.395019531,679.965515137,1263.24963379,2339.88256836,3163.26074219,1577.26721191,1409.32983398,1335.24499512,537.075256348,489.25402832,822.932373047,1133.25695801,669.621887207,250.786819458,340.275024414,704.754699707,393.266418457,133.366333008,84.3694076538,22.5962371826,14.672249794,24.8887119293,14.783870697,6.79370975494,0.170842081308,0.00306530436501,0.097124889493,0.072488181293,0.00579130137339,0.00248990766704,0.000123869802337],"dvar2":[1.50005364418,15.1739702225,172.688919067,57.9862632751,57.7045669556,334.821899414,521.740478516,916.133911133,899.123168945,834.822143555,1909.61999512,3422.77832031,6414.39257812,8270.85351562,4178.52490234,3788.46899414,3525.47631836,1440.58984375,1272.79016113,2063.57202148,2901.65185547,1726.68005371,555.111877441,763.287536621,1494.85290527,794.033996582,260.243896484,178.879455566,49.102104187,36.0603904724,64.3660049438,37.0417327881,17.4479789734,0.413976609707,0.00738261034712,0.236213862896,0.18114335835,0.0134965050966,0.00384169840254,0.00026034199982],"max":[9.28619003296,29.0661792755,92.3033752441,50.1691169739,95.1585540771,225.99017334,211.871368408,450.448608398,450.649810791,389.348205566,500.18170166,777.646362305,1180.01647949,1048.03417969,1102.890625,1079.27148438,525.700622559,616.005615234,501.35723877,606.729003906,759.599304199,553.159423828,392.630645752,505.758300781,776.393249512,466.957061768,271.553131104,267.665557861,109.636283875,61.5387954712,76.303527832,60.3398551941,40.5531616211,5.29217147827,0.707487821579,4.43090963364,4.03304958344,1.32856965065,1.23165428638,0.340346574783],"mean":[0.421902835369,2.15996265411,5.98539590836,3.79260420799,4.04732513428,8.27603912354,10.629368782,12.588306427,12.3836011887,15.6426105499,21.9416408539,33.4553947449,38.8442726135,49.0948066711,39.6044845581,41.6358604431,46.9385566711,29.9822921753,28.4032649994,37.0516052246,42.5364646912,35.1371955872,21.2789154053,20.9201049805,24.1429977417,19.0476016998,12.7423963547,8.67095947266,5.45763683319,3.64558076859,2.60421776772,1.9260956049,0.920413136482,0.153716519475,0.0330608598888,0.128494769335,0.14590165019,0.0887904837728,0.071155756712,0.0324020907283],"median":[0.159461185336,1.2262403965,3.21288633347,2.32017469406,2.31872320175,3.83001971245,5.02009773254,4.89777040482,5.52610969543,8.05899143219,11.6777019501,18.751039505,20.1261177063,22.6687793732,21.6191062927,24.8161182404,31.0650405884,19.8720417023,19.347858429,24.2086143494,25.302822113,22.3833656311,11.5521650314,10.833199501,9.85718345642,8.13642692566,6.65520524979,4.61855506897,3.03987836838,1.81247735023,0.96718621254,0.54738175869,0.196259886026,0.036406122148,0.0119804032147,0.0304066166282,0.0484172590077,0.0503150038421,0.0335496477783,0.0253723040223],"min":[2.28862821307e-21,1.9992057139e-20,4.23215651303e-20,1.02573304013e-19,1.40836430253e-19,7.59562371488e-19,4.65950580557e-19,3.74040810787e-19,4.2282433025e-19,2.73586740918e-18,1.44476730637e-18,1.79989972478e-18,1.81581199143e-18,1.20391195753e-18,1.51358904352e-18,2.06311645391e-18,4.79568423962e-18,6.86175683024e-18,6.68874580127e-18,5.00239998342e-18,6.42228900569e-18,1.87005187855e-17,1.15692987717e-17,8.74588566846e-18,9.44561511941e-18,1.51635374996e-17,1.94138313693e-17,1.43325998327e-17,1.47224798339e-17,1.88029766849e-17,1.76413437896e-17,1.43320572023e-17,1.52098116375e-17,1.34268759395e-17,1.19203939284e-17,6.30232134709e-18,3.4698419307e-18,1.08998943824e-18,3.72358118626e-19,3.63147378495e-20],"var":[0.591843962669,7.38671112061,69.0002059937,22.7254371643,27.8463077545,158.670501709,285.155761719,486.685699463,510.696746826,525.844116211,1028.50134277,2082.54833984,3845.59399414,5712.96875,3296.84838867,2897.7199707,2785.86450195,1191.07849121,1163.21777344,2134.42797852,2852.62768555,1884.99633789,899.674255371,1221.77099609,2353.46948242,1382.46630859,461.901123047,232.430496216,66.1229095459,27.0056552887,25.3271102905,16.654378891,6.11617469788,0.163959562778,0.0034472590778,0.0983887761831,0.0818077772856,0.0148816024885,0.0136817852035,0.000992999062873]},"erbbands_crest":{"dmean":2.50552487373,"dmean2":4.20557975769,"dvar":6.01514339447,"dvar2":15.6757116318,"max":33.8050003052,"mean":8.53628921509,"median":7.06087398529,"min":2.47880005836,"var":24.3640956879},"erbbands_flatness_db":{"dmean":0.0209245700389,"dmean2":0.0328068956733,"dvar":0.000497340166476,"dvar2":0.00121124798898,"max":0.480968385935,"mean":0.140140905976,"median":0.127691209316,"min":0.0434265583754,"var":0.00281817256473},"erbbands_kurtosis":{"dmean":1.87031948566,"dmean2":3.03200936317,"dvar":30.3763847351,"dvar2":75.5568847656,"max":172.80758667,"mean":2.63382101059,"median":0.298749923706,"min":-1.75566864014,"var":111.246604919},"erbbands_skewness":{"dmean":0.415766060352,"dmean2":0.664646267891,"dvar":0.236685708165,"dvar2":0.593052864075,"max":11.1029052734,"mean":0.234327405691,"median":0.0522955991328,"min":-6.82055187225,"var":1.77759110928},"erbbands_spread":{"dmean":6.63626050949,"dmean2":10.6245317459,"dvar":44.8028144836,"dvar2":109.066665649,"max":126.92791748,"mean":29.1015529633,"median":28.3772888184,"min":0.630309522152,"var":191.298049927},"gfcc":{"cov":[[30901.4453125,-1373.92675781,-1834.9609375,1835.52197266,1331.87304688,135.542907715,773.554321289,395.839599609,560.825195312,-119.796829224,-388.977722168,-144.69039917,-361.637817383],[-1373.92675781,1251.31030273,418.122955322,-364.580474854,128.625030518,167.406799316,66.1157226562,-1.21701109409,-55.5086097717,25.6018161774,45.2354545593,-122.451202393,98.8880767822],[-1834.9609375,418.122955322,698.854553223,-5.51536035538,-111.730186462,248.535995483,-166.890518188,83.4104156494,-85.7900848389,51.6747398376,35.5626792908,-1.82567203045,-4.83711051941],[1835.52197266,-364.580474854,-5.51536035538,564.367980957,154.373535156,-38.6638031006,16.3036460876,17.333404541,37.9019393921,7.8937830925,-45.0594100952,50.7079086304,-65.9466094971],[1331.87304688,128.625030518,-111.730186462,154.373535156,318.883300781,44.4591522217,153.288803101,0.745700359344,33.5741691589,-7.58519077301,-13.9884061813,-37.0392303467,22.8838768005],[135.542907715,167.406799316,248.535995483,-38.6638031006,44.4591522217,366.621368408,15.2355012894,126.678833008,-20.7640171051,14.3100719452,-0.432660371065,-4.380610466,-10.786031723],[773.554321289,66.1157226562,-166.890518188,16.3036460876,153.288803101,15.2355012894,320.664367676,53.5385475159,42.7302589417,-13.1678133011,-7.23533535004,-34.2776756287,21.0808525085],[395.839599609,-1.21701109409,83.4104156494,17.333404541,0.745700359344,126.678833008,53.5385475159,181.679595947,38.8751220703,23.760433197,-3.37751579285,-18.7389354706,-14.3985872269],[560.825195312,-55.5086097717,-85.7900848389,37.9019393921,33.5741691589,-20.7640171051,42.7302589417,38.8751220703,127.020622253,28.6966915131,-3.64022994041,3.62585353851,-34.8468399048],[-119.796829224,25.6018161774,51.6747398376,7.8937830925,-7.58519077301,14.3100719452,-13.1678133011,23.760433197,28.6966915131,75.6917495728,31.4576435089,-2.43653845787,-2.27910614014],[-388.977722168,45.2354545593,35.5626792908,-45.0594100952,-13.9884061813,-0.432660371065,-7.23533535004,-3.37751579285,-3.64022994041,31.4576435089,73.2530593872,29.1899185181,13.3956050873],[-144.69039917,-122.451202393,-1.82567203045,50.7079086304,-37.0392303467,-4.380610466,-34.2776756287,-18.7389354706,3.62585353851,-2.43653845787,29.1899185181,91.6332015991,15.6680765152],[-361.637817383,98.8880767822,-4.83711051941,-65.9466094971,22.8838768005,-10.786031723,21.0808525085,-14.3985872269,-34.8468399048,-2.27910614014,13.3956050873,15.6680765152,93.5087280273]],"icov":[[0.0000688749205437,-0.000111127308628,0.000362150371075,-0.000344069558196,0.0000667719214107,-0.000230579156778,0.0000982148994808,-0.000127788676764,-0.0000826527393656,0.000114933100122,-0.0000802273425506,0.000212373226532,0.0000231207141042],[-0.000111127308628,0.00300448271446,-0.00341402972117,0.00296476483345,-0.00283093610778,0.00120146758854,-0.000882624008227,0.00118888099678,-0.000819453445729,0.0000478360816487,0.000146079284605,0.00111354282126,-0.000991104287095],[0.000362150371075,-0.00341402972117,0.00786885339767,-0.00570150604472,0.0050057945773,-0.00466468464583,0.00244488427415,-0.0014439864317,0.00101564405486,0.000249525386607,-0.00325455050915,0.0028761154972,-0.000770636543166],[-0.000344069558196,0.00296476483345,-0.00570150604472,0.00986841507256,-0.00861882418394,0.00590755557641,-0.00124023703393,-0.00174728804268,0.00391446612775,-0.00565958674997,0.00892827566713,-0.0104908021167,0.0067995605059],[0.0000667719214107,-0.00283093610778,0.0050057945773,-0.00861882418394,0.013440515846,-0.00660457182676,-0.000820732559077,0.00390356825665,-0.00520113250241,0.00542083429173,-0.00857362896204,0.0113008860499,-0.00830381084234],[-0.000230579156778,0.00120146758854,-0.00466468464583,0.00590755557641,-0.00660457182676,0.00900730770081,-0.000910553440917,-0.00470207259059,0.0046207937412,-0.00398688064888,0.00691070128232,-0.00919066369534,0.00607394240797],[0.0000982148994808,-0.000882624008227,0.00244488427415,-0.00124023703393,-0.000820732559077,-0.000910553440917,0.00563325406983,-0.00225303624757,-0.000800270528998,0.00182577071246,-0.00194328161888,0.00189466855954,-0.00124884862453],[-0.000127788676764,0.00118888099678,-0.0014439864317,-0.00174728804268,0.00390356825665,-0.00470207259059,-0.00225303624757,0.0119575196877,-0.00624355906621,0.00179669843055,-0.00394567474723,0.00772477826104,-0.00521899014711],[-0.0000826527393656,-0.000819453445729,0.00101564405486,0.00391446612775,-0.00520113250241,0.0046207937412,-0.000800270528998,-0.00624355906621,0.0181123744696,-0.0113727282733,0.00941812805831,-0.0128421224654,0.0116601474583],[0.000114933100122,0.0000478360816487,0.000249525386607,-0.00565958674997,0.00542083429173,-0.00398688064888,0.00182577071246,0.00179669843055,-0.0113727282733,0.0269247852266,-0.0181795340031,0.0149265695363,-0.00898466911167],[-0.0000802273425506,0.000146079284605,-0.00325455050915,0.00892827566713,-0.00857362896204,0.00691070128232,-0.00194328161888,-0.00394567474723,0.00941812805831,-0.0181795340031,0.0337650105357,-0.0230089891702,0.0104743344709],[0.000212373226532,0.00111354282126,0.0028761154972,-0.0104908021167,0.0113008860499,-0.00919066369534,0.00189466855954,0.00772477826104,-0.0128421224654,0.0149265695363,-0.0230089891702,0.0363078638911,-0.0178788881749],[0.0000231207141042,-0.000991104287095,-0.000770636543166,0.0067995605059,-0.00830381084234,0.00607394240797,-0.00124884862453,-0.00521899014711,0.0116601474583,-0.00898466911167,0.0104743344709,-0.0178788881749,0.0244194082916]],"mean":[-13.8257284164,76.6516189575,-93.8486862183,0.29700383544,-17.529914856,-8.29884624481,2.58077001572,-14.5583152771,-0.222096607089,-9.40228652954,-4.89092636108,-1.11065125465,-6.11950969696]},"hfc":{"dmean":42.7564163208,"dmean2":67.1394119263,"dvar":2432.01196289,"dvar2":5934.56542969,"max":792.257751465,"mean":171.342834473,"median":153.486694336,"min":1.19781906921e-16,"var":16404.2441406},"melbands":{"dmean":[0.00293025723659,0.00238691503182,0.000506825570483,0.000319615908666,0.000279742700513,0.000200460228371,0.000125291655422,0.000112157053081,0.00012776706717,0.000133370544063,0.000124011887237,0.000128099069116,0.0000763537391322,0.0000588820075791,0.0000723055418348,0.0000476138084196,0.0000288708706648,0.0000228428434639,0.0000265413782472,0.0000253862090176,0.0000278901206912,0.0000206647819141,0.0000112086490844,0.00000824271774036,0.00000804371575214,0.00000964004811976,0.00000774828913563,0.00000588044940741,0.00000396262475988,0.00000314502813126,0.00000245234014074,0.00000155232851284,0.00000118456910059,9.98460791379e-7,0.00000107496737201,8.6371812813e-7,7.67608071328e-7,6.00777866566e-7,2.94923495403e-7,6.93075250524e-8],"dmean2":[0.00497061386704,0.00412478856742,0.000865657406393,0.00053636712255,0.000463277363451,0.000340490834787,0.00020959576068,0.000188878824702,0.000215903666685,0.000223685055971,0.000209293386433,0.000210279569728,0.000126201644889,0.0000973290516413,0.000119712320156,0.0000790580379544,0.0000482358627778,0.0000378104159608,0.0000432206870755,0.0000407278566854,0.000045614404371,0.0000339560901921,0.0000176778303285,0.0000127737057483,0.0000126537488541,0.0000148706258187,0.00001159745716,0.00000892402385944,0.00000597113876211,0.00000483459689349,0.0000038131315705,0.00000241056204686,0.00000177853235073,0.00000161748607752,0.00000176903176907,0.00000135712150495,0.0000011678125702,9.68564904724e-7,4.63244731463e-7,1.14845988719e-7],"dvar":[0.0000275913225778,0.0000129349327835,5.82526240578e-7,2.53364731861e-7,2.19153562853e-7,1.46534503642e-7,7.02291345078e-8,3.7023497157e-8,5.02089037013e-8,4.81089372784e-8,6.03303078606e-8,5.88505919552e-8,1.99149834401e-8,1.12246034689e-8,1.17702922964e-8,5.06124564481e-9,2.12935291621e-9,1.43770173544e-9,1.66874114527e-9,2.11248396553e-9,1.94422455913e-9,1.0820407903e-9,3.37357752844e-10,2.40890696279e-10,2.80487966187e-10,4.80580686357e-10,3.90066423606e-10,1.81934176058e-10,6.79790390645e-11,4.91165233485e-11,2.90014141174e-11,9.0639024064e-12,5.27924015267e-12,4.81135010305e-12,9.77819908377e-12,6.31097561363e-12,4.92001665103e-12,4.27250335805e-12,7.44203635349e-13,3.95463521684e-14],"dvar2":[0.0000715979476809,0.0000358022771252,0.00000158767238645,6.88700367846e-7,5.64849642615e-7,3.99941143314e-7,1.90940099287e-7,9.8364367318e-8,1.40499352597e-7,1.30745831939e-7,1.6571486583e-7,1.54103460659e-7,5.34311439537e-8,3.08262499971e-8,3.09337266913e-8,1.35480284769e-8,5.74245495599e-9,3.80032227909e-9,4.34451008502e-9,5.34450261824e-9,5.10614439619e-9,2.85684120804e-9,8.14227352208e-10,5.57717927396e-10,6.69125310715e-10,1.14336995427e-9,8.22999668415e-10,3.94038884854e-10,1.42998363151e-10,1.03136353624e-10,6.62555635356e-11,2.0254515079e-11,1.19311531141e-11,1.23800743962e-11,2.5237463161e-11,1.6662952268e-11,1.21560903704e-11,1.09859959671e-11,1.80343424656e-12,1.01191875246e-13],"max":[0.0620397105813,0.0402504317462,0.00807213783264,0.0101721799001,0.00802946742624,0.00924882199615,0.00776606891304,0.00390434847213,0.00411477359012,0.00416579749435,0.00583262369037,0.00460770400241,0.00332197686657,0.0023415745236,0.00156863313168,0.00103153369855,0.00135768775363,0.000854128680658,0.0010165021522,0.0013857370941,0.00110313703772,0.000795045576524,0.000378626718884,0.000379755772883,0.00049114995636,0.000659764162265,0.000709431245923,0.000333292089636,0.000195662782062,0.000192088104086,0.000157059723279,0.0000783388022683,0.0000491405153298,0.0000311210169457,0.0000484286465507,0.0000376862699341,0.0000338951540471,0.0000320423860103,0.000012101608263,0.00000315822262564],"mean":[0.0036965389736,0.00309033598751,0.000686806917656,0.000435595546151,0.000390115921618,0.000279751577182,0.000187668163562,0.000173293345142,0.000192348132259,0.000208709272556,0.00019229199097,0.000201587594347,0.000132140805363,0.000101753677882,0.00012483028695,0.0000841533110361,0.0000522697519045,0.0000423981400672,0.0000499841007695,0.0000488321020384,0.0000503702103742,0.0000393876325688,0.0000226923712034,0.0000166739664564,0.0000165706824191,0.0000185782100743,0.0000156271235028,0.000011915621144,0.00000829689543025,0.0000062842314037,0.00000454236214864,0.00000312454449158,0.00000253436496678,0.00000183590839242,0.00000153461269292,0.00000131936349135,0.00000109842369511,7.21496974165e-7,3.19960776096e-7,6.05170669132e-8],"median":[0.00177742028609,0.00189108587801,0.000449708022643,0.000235958868871,0.000192827967112,0.00011159904534,0.0000835672253743,0.0000880428269738,0.000101069905213,0.000115839065984,0.0000947528023971,0.0000864259782247,0.0000673424219713,0.0000568383511563,0.0000742426127545,0.0000507072909386,0.0000310726936732,0.0000269858956017,0.0000321393090417,0.0000286607501039,0.0000273939112958,0.0000234384533542,0.00001169899042,0.00000841131986817,0.00000827980329632,0.00000756985764383,0.00000567931056139,0.00000505830303155,0.00000414991063735,0.00000320575895785,0.00000227185455515,0.00000172402451426,0.0000012795587736,8.39594918034e-7,5.531975944e-7,4.1529190753e-7,2.85513635845e-7,1.55046294026e-7,5.87710502487e-8,1.1459228233e-8],"min":[2.36943776105e-23,2.57406007571e-23,1.72137085693e-23,3.12107295124e-23,2.11939157329e-23,7.94142723412e-24,7.39488309974e-24,3.09781102087e-23,1.17081639036e-23,1.13698530158e-23,9.1541817579e-24,5.08924028343e-24,4.53554118064e-24,5.58095976819e-24,5.61178726908e-24,1.29766056964e-23,1.27616095453e-23,1.23131436984e-23,5.00518754841e-24,8.15133444353e-24,6.30443080969e-24,1.93823455734e-23,1.22294897326e-23,9.18295309284e-24,6.80299760711e-24,6.80412094504e-24,8.02551270687e-24,1.00387314909e-23,1.20938450999e-23,1.03367812847e-23,7.81619319883e-24,7.78893489911e-24,8.93524366885e-24,1.14878697627e-23,1.03817692333e-23,9.80130802428e-24,8.22625414142e-24,9.1620735224e-24,1.21976339515e-23,1.05191209609e-23],"var":[0.0000326544541167,0.0000150815612869,6.71161615173e-7,3.55107999894e-7,3.31873678761e-7,2.23610939543e-7,1.13531797297e-7,6.33694767771e-8,7.67516965539e-8,7.99306363319e-8,9.90229125364e-8,1.04337971152e-7,3.89774257314e-8,2.11311590448e-8,2.40354207648e-8,1.03216422076e-8,4.25386792458e-9,2.97816438177e-9,3.82787579412e-9,4.8024557664e-9,4.3283856499e-9,2.61116239741e-9,9.70308056125e-10,7.25204452046e-10,8.38201230646e-10,1.31998101338e-9,1.17698506497e-9,5.50985368442e-10,2.07179509659e-10,1.29636815172e-10,6.82055453782e-11,2.37265936065e-11,1.33810679551e-11,7.30582955244e-12,9.49671244421e-12,6.81914334028e-12,5.54971650232e-12,3.80084158591e-12,7.34560524386e-13,3.20505374898e-14]},"melbands_crest":{"dmean":4.85850429535,"dmean2":8.17612838745,"dvar":16.5921440125,"dvar2":44.2582130432,"max":36.9062728882,"mean":16.4614467621,"median":16.0012397766,"min":2.11898636818,"var":46.6556816101},"melbands_flatness_db":{"dmean":0.0365343540907,"dmean2":0.0590710155666,"dvar":0.00113480899017,"dvar2":0.00299499277025,"max":0.722464025021,"mean":0.221692249179,"median":0.199518352747,"min":0.00889267213643,"var":0.00816381629556},"melbands_kurtosis":{"dmean":11.121462822,"dmean2":18.5651473999,"dvar":682.362915039,"dvar2":1791.57104492,"max":706.924255371,"mean":18.7051410675,"median":4.79121875763,"min":-1.80008614063,"var":2063.93774414},"melbands_skewness":{"dmean":0.961579024792,"dmean2":1.57053112984,"dvar":1.01150012016,"dvar2":2.68824219704,"max":19.0631771088,"mean":2.66433739662,"median":2.09515714645,"min":-6.82074737549,"var":5.24714994431},"melbands_spread":{"dmean":7.93348836899,"dmean2":12.7227935791,"dvar":79.5984039307,"dvar2":190.398483276,"max":165.121948242,"mean":24.6813907623,"median":22.4548816681,"min":0.156800851226,"var":336.662017822},"mfcc":{"cov":[[23007.2148438,1319.87963867,-2418.88037109,1360.67468262,-115.161872864,831.186828613,-122.672996521,939.850036621,268.665161133,785.250183105,-111.676597595,453.345458984,-177.952941895],[1319.87963867,1716.28308105,-58.2214393616,-202.296478271,40.8443489075,175.977432251,258.032012939,35.2915115356,163.517883301,67.5584793091,81.4761123657,-17.3244743347,59.9370651245],[-2418.88037109,-58.2214393616,879.405883789,-233.59487915,207.379760742,-71.5004196167,22.5413131714,-76.5849761963,-69.9633636475,-81.9746856689,39.4252433777,-10.5577058792,-13.0867996216],[1360.67468262,-202.296478271,-233.59487915,543.95135498,10.0989694595,87.1813430786,-39.0894317627,46.0553359985,6.56956338882,45.7941207886,-14.5818386078,17.5836601257,-14.386133194],[-115.161872864,40.8443489075,207.379760742,10.0989694595,227.255081177,63.1433258057,11.0724945068,3.61011171341,-8.25431537628,-6.79864692688,16.5234680176,12.1845541,-4.92510080338],[831.186828613,175.977432251,-71.5004196167,87.1813430786,63.1433258057,201.458190918,66.8673248291,80.9934616089,31.2379951477,32.521446228,-7.73311376572,27.0163078308,-1.62261629105],[-122.672996521,258.032012939,22.5413131714,-39.0894317627,11.0724945068,66.8673248291,226.598648071,55.2583084106,80.8040008545,6.9354557991,28.77161026,-23.2664451599,39.0402565002],[939.850036621,35.2915115356,-76.5849761963,46.0553359985,3.61011171341,80.9934616089,55.2583084106,182.17628479,57.9521598816,68.0982971191,2.00109434128,40.9902305603,-12.8100833893],[268.665161133,163.517883301,-69.9633636475,6.56956338882,-8.25431537628,31.2379951477,80.8040008545,57.9521598816,133.430130005,52.1665878296,31.9910411835,-2.35982489586,24.5640926361],[785.250183105,67.5584793091,-81.9746856689,45.7941207886,-6.79864692688,32.521446228,6.9354557991,68.0982971191,52.1665878296,124.433830261,39.9360580444,32.9717483521,-4.38422107697],[-111.676597595,81.4761123657,39.4252433777,-14.5818386078,16.5234680176,-7.73311376572,28.77161026,2.00109434128,31.9910411835,39.9360580444,100.594367981,27.5346355438,17.5203971863],[453.345458984,-17.3244743347,-10.5577058792,17.5836601257,12.1845541,27.0163078308,-23.2664451599,40.9902305603,-2.35982489586,32.9717483521,27.5346355438,83.4009399414,9.36263751984],[-177.952941895,59.9370651245,-13.0867996216,-14.386133194,-4.92510080338,-1.62261629105,39.0402565002,-12.8100833893,24.5640926361,-4.38422107697,17.5203971863,9.36263751984,62.1102218628]],"icov":[[0.000118854099128,-0.000129909967654,0.000250506651355,-0.000153942397446,-0.000139593612403,0.0000170485691342,0.0000578465296712,-0.000259476510109,0.000130805070512,-0.000356007396476,0.000298800237942,-0.000436785572674,0.000287213420961],[-0.000129909967654,0.00102688372135,-0.00014093927166,0.000621460319962,0.0000925532222027,-0.00086825719336,-0.000626694120001,0.000857326551341,-0.000667443091515,0.0000486243079649,-0.000681661418639,0.000666615029331,-0.000334317941451],[0.000250506651355,-0.00014093927166,0.00263235205784,0.000381523364922,-0.00236405595206,0.00100825447589,-0.000728415732738,-0.000331608927809,0.000981453573331,-0.0000718075607438,-0.000118225660117,-0.00123865786009,0.00155193638057],[-0.000153942397446,0.000621460319962,0.000381523364922,0.00274914433248,-0.000357342680218,-0.00123441801406,0.000221769834752,0.000484439369757,-0.000201888848096,-0.0000785549491411,-0.000654736708384,0.000987115432508,-0.00031350160134],[-0.000139593612403,0.0000925532222027,-0.00236405595206,-0.000357342680218,0.00737492926419,-0.00321206869557,0.000962988706306,0.000465812074253,-0.000485863216454,0.000756555120461,-0.0013519510394,0.000753795029595,-0.000565191730857],[0.0000170485691342,-0.00086825719336,0.00100825447589,-0.00123441801406,-0.00321206869557,0.0097507853061,-0.0028187641874,-0.00187606131658,0.000757768866606,-0.000319954007864,0.00280654756352,-0.00339659908786,0.00159616873134],[0.0000578465296712,-0.000626694120001,-0.000728415732738,0.000221769834752,0.000962988706306,-0.0028187641874,0.00944688171148,-0.00370641704649,-0.00220688898116,0.0019320291467,-0.00274918647483,0.00529355928302,-0.00504457019269],[-0.000259476510109,0.000857326551341,-0.000331608927809,0.000484439369757,0.000465812074253,-0.00187606131658,-0.00370641704649,0.0121489008889,-0.00379875209183,-0.00286559038796,0.00285069388337,-0.0054545099847,0.00461309030652],[0.000130805070512,-0.000667443091515,0.000981453573331,-0.000201888848096,-0.000485863216454,0.000757768866606,-0.00220688898116,-0.00379875209183,0.0143188070506,-0.00422076089308,-0.00202129455283,0.00360326841474,-0.00417004199699],[-0.000356007396476,0.0000486243079649,-0.0000718075607438,-0.0000785549491411,0.000756555120461,-0.000319954007864,0.0019320291467,-0.00286559038796,-0.00422076089308,0.0157891772687,-0.00611687405035,-0.000645573658403,0.00175255420618],[0.000298800237942,-0.000681661418639,-0.000118225660117,-0.000654736708384,-0.0013519510394,0.00280654756352,-0.00274918647483,0.00285069388337,-0.00202129455283,-0.00611687405035,0.0171023383737,-0.00784639082849,0.00034553988371],[-0.000436785572674,0.000666615029331,-0.00123865786009,0.000987115432508,0.000753795029595,-0.00339659908786,0.00529355928302,-0.0054545099847,0.00360326841474,-0.000645573658403,-0.00784639082849,0.0232631172985,-0.00917238090187],[0.000287213420961,-0.000334317941451,0.00155193638057,-0.00031350160134,-0.000565191730857,0.00159616873134,-0.00504457019269,0.00461309030652,-0.00417004199699,0.00175255420618,0.00034553988371,-0.00917238090187,0.0246775895357]],"mean":[-668.731689453,132.499252319,-14.3788328171,25.2223434448,-2.45335435867,18.5722007751,2.08700561523,12.1056213379,1.40070199966,7.65792798996,-4.26539707184,6.10601520538,-0.147398978472]},"pitch_salience":{"dmean":0.0856165364385,"dmean2":0.14297427237,"dvar":0.00535282166675,"dvar2":0.0144088827074,"max":0.891407132149,"mean":0.551263868809,"median":0.569640278816,"min":0.0507114604115,"var":0.0175897441804},"silence_rate_20dB":{"dmean":0,"dmean2":0,"dvar":0,"dvar2":0,"max":1,"mean":1,"median":1,"min":1,"var":0},"silence_rate_30dB":{"dmean":0.0478323586285,"dmean2":0.0956719815731,"dvar":0.0455395244062,"dvar2":0.108387306333,"max":1,"mean":0.959839046001,"median":1,"min":0,"var":0.0385507680476},"silence_rate_60dB":{"dmean":0.00607395032421,"dmean2":0.0121488226578,"dvar":0.00603798078373,"dvar2":0.0132180359215,"max":1,"mean":0.118964470923,"median":0,"min":0,"var":0.104820407927},"spectral_centroid":{"dmean":227.309555054,"dmean2":343.59564209,"dvar":58501.3164062,"dvar2":111117.25,"max":11257.1865234,"mean":1411.54064941,"median":1387.28393555,"min":106.23777771,"var":525341.6875},"spectral_complexity":{"dmean":4.00030374527,"dmean2":5.91875457764,"dvar":17.4815139771,"dvar2":33.9126319885,"max":64,"mean":25.6792430878,"median":27,"min":0,"var":224.898040771},"spectral_contrast_coeffs":{"dmean":[0.0538470521569,0.0488085523248,0.0387665256858,0.029296208173,0.020809084177,0.0304097961634],"dmean2":[0.0905983820558,0.0824408680201,0.0656927749515,0.0491935908794,0.0343916676939,0.0461326874793],"dvar":[0.00173790438566,0.0014690150274,0.000942885992117,0.000563567096833,0.000326231063809,0.000856829807162],"dvar2":[0.00490387436002,0.00418273219839,0.00262062414549,0.00156772416085,0.000854694924783,0.00188865489326],"max":[-0.355100154877,-0.536581635475,-0.568872690201,-0.607956290245,-0.619502007961,-0.421712607145],"mean":[-0.702009439468,-0.785640776157,-0.801887273788,-0.809566736221,-0.822529017925,-0.730953395367],"median":[-0.701724290848,-0.788840353489,-0.80226701498,-0.807544410229,-0.81168627739,-0.717365503311],"min":[-0.97253203392,-0.967025637627,-0.971193432808,-0.989767074585,-0.977532744408,-0.962122142315],"var":[0.00591634307057,0.003946762532,0.00332954037003,0.00231530633755,0.00261429557577,0.00669884542003]},"spectral_contrast_valleys":{"dmean":[0.438910037279,0.39529055357,0.328230470419,0.292958796024,0.30005094409,0.463968664408],"dmean2":[0.720264434814,0.643009662628,0.526731312275,0.461468011141,0.446879416704,0.697684943676],"dvar":[0.141419410706,0.119429253042,0.093312099576,0.0953419953585,0.145345583558,0.200696840882],"dvar2":[0.3460046947,0.283458024263,0.212844833732,0.215622961521,0.334677636623,0.466682046652],"max":[-4.91185092926,-4.67442989349,-5.09267044067,-5.41347646713,-5.22415876389,-8.1456193924],"mean":[-7.22921276093,-6.80081605911,-7.02677631378,-7.44932413101,-7.61897468567,-10.9124612808],"median":[-6.66518115997,-6.35814857483,-6.52611351013,-6.83477973938,-6.93481111526,-10.4792194366],"min":[-27.0189647675,-27.3122749329,-27.2351226807,-27.3652362823,-27.1969814301,-27.1598014832],"var":[3.15235924721,2.22659683228,2.46588087082,3.05865049362,3.52949047089,2.57025933266]},"spectral_decrease":{"dmean":4.40442882166e-9,"dmean2":7.22713355827e-9,"dvar":3.58655951395e-17,"dvar2":8.88995819729e-17,"max":4.1615644264e-9,"mean":-7.81859110788e-9,"median":-6.19435791549e-9,"min":-6.28983727324e-8,"var":5.7668828698e-17},"spectral_energy":{"dmean":0.0174460019916,"dmean2":0.0281602814794,"dvar":0.000537815387361,"dvar2":0.00130944489501,"max":0.253440409899,"mean":0.0450502671301,"median":0.041404414922,"min":1.08399579739e-20,"var":0.00115231436212},"spectral_energyband_high":{"dmean":0.000523417256773,"dmean2":0.000731787586119,"dvar":9.02300655525e-7,"dvar2":0.0000019013492647,"max":0.0164445824921,"mean":0.00154191872571,"median":0.000951477210037,"min":7.86556027836e-21,"var":0.0000038896314436},"spectral_energyband_low":{"dmean":0.0139526529238,"dmean2":0.023464763537,"dvar":0.000406990206102,"dvar2":0.00104750401806,"max":0.20605379343,"mean":0.0200789198279,"median":0.0133767407387,"min":1.62993001354e-22,"var":0.000556788349058},"spectral_energyband_middle_high":{"dmean":0.00229793204926,"dmean2":0.00354136014357,"dvar":0.00000771450322645,"dvar2":0.0000192859970412,"max":0.0405508689582,"mean":0.00777165731415,"median":0.00683862809092,"min":1.33468580672e-21,"var":0.0000416588627559},"spectral_energyband_middle_low":{"dmean":0.0034640582744,"dmean2":0.00558408629149,"dvar":0.0000187888508663,"dvar2":0.0000482447903778,"max":0.0531062185764,"mean":0.00818558502942,"median":0.00663901492953,"min":4.98864327352e-22,"var":0.0000517894004588},"spectral_entropy":{"dmean":0.166746988893,"dmean2":0.263265252113,"dvar":0.0495448932052,"dvar2":0.128596529365,"max":9.80365180969,"mean":7.62254619598,"median":7.7887430191,"min":4.41715669632,"var":0.25201639533},"spectral_flux":{"dmean":0.0276666600257,"dmean2":0.044841684401,"dvar":0.00109500845429,"dvar2":0.00266584358178,"max":0.388142466545,"mean":0.121299892664,"median":0.124823242426,"min":1.04115119304e-10,"var":0.0039672004059},"spectral_kurtosis":{"dmean":4.19241857529,"dmean2":6.62373781204,"dvar":73.8381958008,"dvar2":196.814941406,"max":205.967300415,"mean":15.7930965424,"median":12.808180809,"min":-1.15948593616,"var":132.001998901},"spectral_rms":{"dmean":0.001149619231,"dmean2":0.00182278209832,"dvar":0.00000161661137099,"dvar2":0.00000385902285416,"max":0.0157244689763,"mean":0.00598791800439,"median":0.00635567074642,"min":3.25200998942e-12,"var":0.0000080965592133},"spectral_rolloff":{"dmean":4475.82226562,"dmean2":8480.32714844,"dvar":52097532,"dvar2":126518256,"max":22050,"mean":12812.1923828,"median":19918.2128906,"min":43.06640625,"var":88852568},"spectral_skewness":{"dmean":0.349233865738,"dmean2":0.540059328079,"dvar":0.304592400789,"dvar2":0.780900478363,"max":11.7158975601,"mean":2.61807775497,"median":2.35210180283,"min":-0.0170573629439,"var":0.991016328335},"spectral_spread":{"dmean":480820.0625,"dmean2":733168.0625,"dvar":319317016576,"dvar2":644056481792,"max":39745028,"mean":4215388.5,"median":4160085.75,"min":859747.5625,"var":995121430528},"spectral_strongpeak":{"dmean":2.81733751297,"dmean2":5.34616279602,"dvar":112.256561279,"dvar2":320.464233398,"max":140.725463867,"mean":2.01161146164,"median":0.242707759142,"min":0,"var":76.4424591064},"zerocrossingrate":{"dmean":0.039941970259,"dmean2":0.0516756176949,"dvar":0.00133264891338,"dvar2":0.00215555005707,"max":0.8115234375,"mean":0.26835423708,"median":0.27099609375,"min":0.009765625,"var":0.010349676013}},"metadata":{"audio_properties":{"analysis_sample_rate":44100,"bit_rate":320000,"codec":"mp3","downmix":"mix","equal_loudness":0,"length":305.816589355,"lossless":false,"md5_encoded":"19ec1078c47404e29374ef29eb57f26b","replay_gain":-10.1807022095,"sample_rate":44100},"tags":{"album":["Eat Me, Drink Me"],"album artist credit":["Marilyn Manson"],"albumartist":["Marilyn Manson"],"albumartistsort":["Marilyn Manson"],"artist":["Marilyn Manson"],"artist credit":["Marilyn Manson"],"artistsort":["Marilyn Manson"],"asin":["B000PDZJ0S"],"bpm":["0"],"catalognumber":["B0009054‒02"],"date":["2007-06-05"],"discnumber":["1/1"],"file_name":"06 - Marilyn Manson - Heart‐Shaped Glasses (When the Heart Guides the Hand).mp3","genre":["Rock - Alternative Metal / Punk"],"label":["Interscope Records"],"language":["eng"],"length":["305000"],"media":["CD"],"musicbrainz album release country":["US"],"musicbrainz album status":["Official"],"musicbrainz album type":["album"],"musicbrainz_albumartistid":["5dfdca28-9ddc-4853-933c-8bc97d87beec"],"musicbrainz_albumid":["5588c657-b3e6-4880-a309-090435237790"],"musicbrainz_artistid":["5dfdca28-9ddc-4853-933c-8bc97d87beec"],"musicbrainz_recordingid":["f512d1fb-93e6-42bb-b764-f74071c74462"],"musicbrainz_releasegroupid":["5cd377df-140b-3f46-8089-e6ab31e73ed4"],"originaldate":["2007-06-01"],"replaygain_album_gain":["0.00 dB"],"replaygain_album_peak":["0.000000"],"replaygain_track_gain":["0.00 dB"],"replaygain_track_peak":["0.000000"],"script":["Latn"],"title":["Heart‐Shaped Glasses (When the Heart Guides the Hand)"],"tracknumber":["6/11"]},"version":{"essentia":"2.1-beta1","essentia_build_sha":"ca57ba49d9b1854bd80e60cf9ccf267278fb7d6b","essentia_git_sha":"v2.1_beta1-28-g21ef5f4-dirty","extractor":"music 1.0"}},"rhythm":{"beats_count":625,"beats_loudness":{"dmean":0.0252997837961,"dmean2":0.0458759889007,"dvar":0.000702572055161,"dvar2":0.00221986137331,"max":0.204079598188,"mean":0.0614380799234,"median":0.0610410124063,"min":3.19062905874e-7,"var":0.00132101622876},"beats