{"lowlevel":{"average_loudness":0.654766142368,"barkbands":{"dmean":[0.00400265259668,0.0120001584291,0.0071533722803,0.00220380583778,0.00192156189587,0.00159848388284,0.000793438521214,0.000591508112848,0.00048442510888,0.000408359919675,0.000456690730061,0.000389279943192,0.00032328380621,0.000223669339903,0.00027657544706,0.000201689195819,0.000345760898199,0.000204010677407,0.0000798184191808,0.0000372388349206,0.0000253162033914,0.00000795190953795,0.00000414818305217,0.00000341728491549,0.00000322811683873,0.00000363466187991,0.000119114913105],"dmean2":[0.00645971065387,0.0197793208063,0.0120247639716,0.00378458364867,0.00323472474702,0.00274339714088,0.0013210583711,0.00101412273943,0.000803339353297,0.000655952899251,0.000740328978281,0.000642733415589,0.000528857344761,0.000369864748791,0.000463800621219,0.000326777633745,0.000592164462432,0.000356266042218,0.000134910253109,0.0000617888945271,0.0000383854639949,0.0000122600913528,0.00000678854394209,0.00000569808162254,0.00000539562915947,0.00000594933635512,0.000187836776604],"dvar":[0.0000947500084294,0.000542124267668,0.000212524173548,0.000012812623936,0.0000097451829788,0.0000294022611342,0.00000457636406281,0.00000213113617065,0.00000131134220283,8.60515285694e-7,0.00000158199179623,7.11589677849e-7,5.26624603481e-7,2.18218545456e-7,3.1179592952e-7,2.02086852141e-7,8.44301780489e-7,1.84845006856e-7,3.53480054116e-8,2.36840485002e-8,3.28819149686e-9,2.29312180355e-10,5.34665194063e-11,4.17926353247e-11,3.83658035896e-11,4.54349544099e-11,1.23711515698e-7],"dvar2":[0.000218252942432,0.0013865143992,0.000552238023374,0.0000353662180714,0.00002601372762,0.0000839006606839,0.0000118491925605,0.00000571430882701,0.000003520235623,0.00000220332071876,0.0000039595488488,0.00000177970844106,0.000001283363531,5.64226866118e-7,7.99330678092e-7,4.96450070386e-7,0.00000227448595069,4.96485938584e-7,8.93285090342e-8,6.11684995988e-8,6.17941919856e-9,5.29568777718e-10,1.30837105039e-10,1.05558922714e-10,9.75500791256e-11,1.10528267094e-10,2.880866532e-7],"max":[0.103898115456,0.248740702868,0.194401741028,0.0500918477774,0.0434269346297,0.110380418599,0.0437129288912,0.0265131480992,0.0223979912698,0.0176127161831,0.0282210130244,0.0128465881571,0.0196947623044,0.00918885413557,0.00672261882573,0.00988404359668,0.0132210096344,0.00376240047626,0.00324333808385,0.00449943076819,0.00153667875566,0.000303141510813,0.0000732676708139,0.0000634989773971,0.0000613575539319,0.000080612830061,0.0146048264578],"mean":[0.00394526962191,0.0159200616181,0.0122230965644,0.00307082664222,0.00350313773379,0.00196547829546,0.00110221735667,0.00076521578012,0.000719605886843,0.000637388555333,0.000712128065061,0.00057676283177,0.000431754102465,0.00031797750853,0.000269141222816,0.000187005920452,0.000273396348348,0.000162599782925,0.0000793638464529,0.0000417262563133,0.00003111546539,0.00000983412519417,0.00000455426152257,0.00000330391094394,0.00000302774969896,0.00000399822374675,0.000168706726981],"median":[0.000878406513948,0.00576274562627,0.00339804682881,0.00145139661618,0.00255395611748,0.000426174869062,0.000340827013133,0.000173661799636,0.000178066649823,0.000168169033714,0.000196244989638,0.000129268126329,0.0000980182958301,0.0000512037186127,0.0000238287138927,0.0000155233028636,0.0000118409107017,0.0000101477799035,0.00000779183028499,0.00000431014768765,0.00000269166889666,0.00000181618395345,0.00000121417747323,8.45317231324e-7,7.1635383847e-7,0.00000116104229164,0.0000247286261583],"min":[1.90854098485e-25,6.24604958068e-24,6.12687409575e-25,1.67057488051e-24,1.57741147256e-23,1.1324100661e-23,6.13703886434e-24,6.84394658784e-24,1.72153620217e-23,2.19874577387e-23,1.07313915976e-23,3.37663359228e-23,3.46125217722e-23,3.83964918971e-23,7.40539388244e-23,7.13842568163e-23,6.49259914248e-23,9.84353133092e-23,1.38540345398e-22,1.71883097725e-22,2.95989194446e-22,3.5046202157e-22,4.15390095587e-22,6.10874195035e-22,9.26490046854e-22,1.10880309744e-21,2.04326636972e-21],"var":[0.0000969336761045,0.000682721612975,0.000465694261948,0.0000182412568392,0.0000135614682222,0.0000364424522559,0.00000695946755513,0.00000283923645839,0.00000242335295297,0.00000172109730556,0.00000286540375782,0.00000133608284614,8.34320303511e-7,3.74858416308e-7,3.32006948156e-7,2.45579855118e-7,6.81120184254e-7,1.54999767688e-7,4.30627444814e-8,2.85846724069e-8,7.95671351028e-9,3.62656654707e-10,6.54790319188e-11,4.34690512752e-11,3.86597004409e-11,5.55643205058e-11,3.17006112027e-7]},"barkbands_crest":{"dmean":2.71276378632,"dmean2":4.49724149704,"dvar":5.08402967453,"dvar2":13.6318635941,"max":22.9138469696,"mean":11.5328588486,"median":11.2259845734,"min":2.67705130577,"var":12.3740491867},"barkbands_flatness_db":{"dmean":0.0432109497488,"dmean2":0.0695027559996,"dvar":0.00132492440753,"dvar2":0.00366625352763,"max":0.504710376263,"mean":0.214699074626,"median":0.210371643305,"min":0.053998850286,"var":0.0053294217214},"barkbands_kurtosis":{"dmean":8.008477211,"dmean2":12.8930711746,"dvar":82.1122436523,"dvar2":207.760543823,"max":133.985794067,"mean":18.9248714447,"median":15.1005592346,"min":-1.76390147209,"var":343.996795654},"barkbands_skewness":{"dmean":0.826543092728,"dmean2":1.31896042824,"dvar":0.603354513645,"dvar2":1.6222332716,"max":9.12396240234,"mean":2.72276687622,"median":2.60433387756,"min":-2.11584591866,"var":2.10358786583},"barkbands_spread":{"dmean":3.78104019165,"dmean2":6.13526821136,"dvar":31.5375671387,"dvar2":78.5362701416,"max":124.335868835,"mean":9.19017219543,"median":6.20564985275,"min":0.503211438656,"var":83.2735290527},"dissonance":{"dmean":0.0219085644931,"dmean2":0.0368403233588,"dvar":0.000377216405468,"dvar2":0.00102874648292,"max":0.5,"mean":0.46112293005,"median":0.466766834259,"min":0.335831284523,"var":0.000748592836317},"dynamic_complexity":5.1575050354,"erbbands":{"dmean":[0.514235317707,2.27305412292,7.75221967697,7.24482011795,7.00968408585,5.65166854858,7.36561393738,16.1064510345,13.1045694351,11.2355194092,11.6098842621,11.5387639999,9.2002325058,16.7387599945,14.5150814056,15.8173322678,13.5251054764,12.1244220734,13.4779901505,12.4074697495,12.5082578659,19.1496372223,12.5525302887,4.88020610809,3.69901394844,1.74487137794,1.21372842789,0.816006302834,0.317412883043,0.184860780835,0.110829614103,0.0766777694225,0.0544537641108,0.0364407151937,0.0228012166917,0.0129312826321,0.00689060054719,0.00576764019206,0.00597171206027,0.00335486955009],"dmean2":[0.859450817108,3.74610710144,13.0477724075,12.1667957306,11.896987915,9.61840057373,12.6183490753,27.7491760254,22.3247184753,19.02409935,19.5979042053,18.9975128174,15.6295690536,27.1694946289,23.0470657349,25.7694969177,21.4305019379,20.1753406525,22.4066543579,20.5226211548,20.3033447266,32.8893737793,21.626947403,8.18385314941,6.30819892883,2.85153603554,1.8054651022,1.24008119106,0.472564578056,0.295435667038,0.180939227343,0.127493083477,0.0908929929137,0.0609371177852,0.038090467453,0.0215686783195,0.0112618338317,0.00885714963078,0.00914467219263,0.00515275774524],"dvar":[1.39576172829,16.7343826294,258.946044922,138.186050415,164.072036743,89.5721282959,322.419158936,3465.23681641,1246.35876465,733.814758301,931.718200684,733.232788086,442.998626709,1815.50427246,1439.24914551,1104.38378906,787.689208984,797.456359863,794.242736816,687.533630371,720.78314209,2581.46655273,760.334472656,113.701293945,98.7753067017,39.4498138428,13.9570035934,3.07526922226,0.369058310986,0.0920164659619,0.0402876511216,0.0206729359925,0.0107054607943,0.00488613406196,0.00191133003682,0.000602365646046,0.000169837469002,0.000174928325578,0.00042146933265,0.0000798178152763],"dvar2":[3.63642168045,43.7111244202,692.284057617,366.918365479,427.406005859,249.831100464,926.57232666,9800.45605469,3323.43066406,1833.59204102,2361.56762695,1955.12658691,1194.68505859,4543.52490234,3389.19165039,2729.40917969,1787.26879883,2121.1640625,2073.48242188,1730.87878418,1795.28894043,6949.86035156,2017.2734375,300.101715088,250.153564453,99.7023468018,28.6876335144,7.08574056625,0.816007554531,0.221341103315,0.0985580533743,0.0519558005035,0.0271743368357,0.0124208414927,0.00485718343407,0.00152563140728,0.000409726897487,0.000386329455068,0.00083309377078,0.000182181684067],"max":[10.8521986008,50.3697814941,213.95199585,158.665740967,209.479721069,122.978111267,281.796417236,1257.80651855,766.332214355,613.330566406,483.516265869,435.926177979,381.92098999,665.582458496,943.014831543,513.671936035,777.341247559,630.62487793,543.060119629,449.845977783,411.117523193,740.155090332,327.639190674,118.477432251,212.506622314,186.563827515,93.0260238647,44.7786331177,13.337392807,3.49907517433,2.24190807343,1.40298366547,1.01833200455,0.693171441555,0.438046067953,0.253903895617,0.185393542051,0.411787450314,0.745243549347,0.347484320402],"mean":[0.560330569744,3.30583810806,13.3816661835,12.348567009,12.773308754,9.00515842438,9.75202465057,18.7713050842,17.6125602722,15.9467067719,16.3641357422,17.1096687317,15.059009552,27.6013145447,25.2248725891,24.3301277161,20.2409248352,16.6932239532,15.5958919525,11.7912826538,11.163236618,15.1453084946,10.11926651,4.56925439835,3.70645570755,1.99522006512,1.55033016205,0.961815297604,0.401418268681,0.212601348758,0.119493827224,0.0759209692478,0.0517877787352,0.03416133672,0.0215057116002,0.0125857982785,0.00764540955424,0.00758136762306,0.00883722770959,0.00610467139632],"median":[0.165352299809,1.23728299141,3.58192849159,5.77389383316,9.40846443176,5.65551137924,3.728317976,3.64441370964,4.45874357224,4.80130767822,4.09997463226,4.23993492126,4.88475465775,7.28343248367,7.30329465866,5.95379257202,4.93484115601,3.02121114731,1.6364531517,1.04852843285,0.842292487621,0.680615484715,0.577157735825,0.465810924768,0.336742699146,0.203454315662,0.128936424851,0.0923800319433,0.0674687176943,0.0484599247575,0.0326193086803,0.020687751472,0.0127879027277,0.00804616138339,0.00510354759172,0.00317577132955,0.00221454398707,0.00125300174113,0.00104980834294,0.00143860420212],"min":[5.75090517741e-23,1.43368191809e-21,1.46223903627e-21,5.92504262503e-21,2.34249503851e-20,4.18330051186e-20,2.77309133808e-20,1.04126135281e-19,1.29539211037e-19,2.20574922318e-19,2.05499142064e-19,3.79290331599e-19,6.48837939246e-19,1.00696314881e-18,9.83776242267e-19,1.55809332503e-18,1.63418515259e-18,2.09386854754e-18,3.60111094441e-18,3.80910509585e-18,4.9985056171e-18,5.08295744892e-18,5.55533920364e-18,5.37479049134e-18,7.61623736594e-18,7.52259969342e-18,8.72387852826e-18,1.09101458386e-17,1.18110671212e-17,1.28316227086e-17,1.21984846057e-17,1.16404379588e-17,9.93820282855e-18,8.42616878118e-18,6.62553514041e-18,4.12666593686e-18,2.20166052111e-18,1.06088126268e-18,2.77933409601e-19,2.74776571728e-20],"var":[1.37112534046,24.6699447632,524.314758301,275.413024902,216.923187256,117.715316772,410.592926025,3981.14916992,1898.17456055,1134.75866699,1360.96765137,1398.72497559,772.083190918,3642.52050781,3127.69677734,2128.1003418,1618.78405762,1136.00500488,1026.06933594,769.822265625,770.061767578,2084.40527344,635.995178223,116.66595459,131.164520264,54.785774231,29.2187614441,6.01808357239,0.659856319427,0.130436092615,0.0475937686861,0.0220138821751,0.0109570398927,0.00492035690695,0.00193303578999,0.000628560315818,0.000214042258449,0.000363963306881,0.00115750811528,0.000242366470047]},"erbbands_crest":{"dmean":2.22818636894,"dmean2":3.72476959229,"dvar":4.01780986786,"dvar2":10.0076570511,"max":25.2519283295,"mean":9.22251796722,"median":8.26176929474,"min":2.63490080833,"var":18.7196826935},"erbbands_flatness_db":{"dmean":0.0342196002603,"dmean2":0.0540632046759,"dvar":0.000863464199938,"dvar2":0.00232234178111,"max":0.325676590204,"mean":0.167096033692,"median":0.163083106279,"min":0.0421439148486,"var":0.00203150673769},"erbbands_kurtosis":{"dmean":2.26270484924,"dmean2":3.74212551117,"dvar":36.7861099243,"dvar2":108.688285828,"max":121.524238586,"mean":2.78715515137,"median":0.443420648575,"min":-1.6556122303,"var":66.2542877197},"erbbands_skewness":{"dmean":0.476797610521,"dmean2":0.757306575775,"dvar":0.258294582367,"dvar2":0.703063905239,"max":8.52728271484,"mean":0.827484607697,"median":0.562889039516,"min":-1.5823816061,"var":1.73596870899},"erbbands_spread":{"dmean":7.50588417053,"dmean2":11.8462533951,"dvar":46.1840667725,"dvar2":115.825553894,"max":131.437911987,"mean":26.9268245697,"median":25.3207168579,"min":2.39322972298,"var":169.03805542},"gfcc":{"cov":[[38157.8984375,2615.54052734,-4009.18457031,-546.779663086,156.507171631,-493.300445557,375.707214355,-98.0467910767,25.9896774292,2.93262958527,71.6329727173,-95.0305099487,-153.121429443],[2615.54052734,1231.78295898,-22.8006458282,-261.657653809,53.4938583374,-77.1798782349,10.103099823,-113.400039673,-4.82118082047,-109.971107483,58.4009742737,-68.4514541626,13.6266937256],[-4009.18457031,-22.8006458282,891.679748535,183.382873535,-194.863754272,184.555877686,-210.812149048,29.2845802307,-94.9315948486,-25.0687160492,-54.9263877869,-16.4303398132,18.9468326569],[-546.779663086,-261.657653809,183.382873535,345.730712891,20.8197803497,63.3800849915,-29.8279399872,31.8634185791,-19.7310657501,6.22257804871,-76.8158874512,24.3666992188,-31.9185810089],[156.507171631,53.4938583374,-194.863754272,20.8197803497,260.611663818,-57.5808601379,131.253631592,-19.2845001221,72.2213363647,-18.8016414642,29.3991394043,2.33903574944,-9.10922336578],[-493.300445557,-77.1798782349,184.555877686,63.3800849915,-57.5808601379,203.545593262,-38.6739044189,78.4575500488,-53.5564079285,16.9549312592,-15.9214220047,-7.13685894012,-8.59117603302],[375.707214355,10.103099823,-210.812149048,-29.8279399872,131.253631592,-38.6739044189,188.716384888,-2.92126011848,55.9060897827,9.18897533417,18.9095344543,0.481154620647,-20.1333999634],[-98.0467910767,-113.400039673,29.2845802307,31.8634185791,-19.2845001221,78.4575500488,-2.92126011848,97.5829772949,8.42436408997,28.0192108154,-2.09333109856,1.18777263165,-5.04462385178],[25.9896774292,-4.82118082047,-94.9315948486,-19.7310657501,72.2213363647,-53.5564079285,55.9060897827,8.42436408997,76.4183502197,23.5237312317,21.4111804962,9.3183555603,-2.23873662949],[2.93262958527,-109.971107483,-25.0687160492,6.22257804871,-18.8016414642,16.9549312592,9.18897533417,28.0192108154,23.5237312317,60.9841499329,22.8079299927,10.3493146896,-3.53540492058],[71.6329727173,58.4009742737,-54.9263877869,-76.8158874512,29.3991394043,-15.9214220047,18.9095344543,-2.09333109856,21.4111804962,22.8079299927,60.8052406311,7.55645847321,10.0055246353],[-95.0305099487,-68.4514541626,-16.4303398132,24.3666992188,2.33903574944,-7.13685894012,0.481154620647,1.18777263165,9.3183555603,10.3493146896,7.55645847321,36.7017669678,11.9692811966],[-153.121429443,13.6266937256,18.9468326569,-31.9185810089,-9.10922336578,-8.59117603302,-20.1333999634,-5.04462385178,-2.23873662949,-3.53540492058,10.0055246353,11.9692811966,40.3959236145]],"icov":[[0.000192418970983,-0.000645261956379,0.00139101943932,-0.000928171968553,0.000750112871174,-0.000268211879302,0.000382146332413,-0.000246385927312,0.000276724458672,-0.000345644861227,-0.0000683027246851,0.000588666240219,-0.000339400779922],[-0.000645261956379,0.00368210626766,-0.00449895858765,0.00298808747903,-0.00148962519597,-0.000114633927296,-0.00132559670601,0.0024455296807,-0.00324580073357,0.0054594152607,-0.00303039420396,0.000834858219605,0.000868770293891],[0.00139101943932,-0.00449895858765,0.012818374671,-0.00956109445542,0.00848681107163,-0.00509207462892,0.00378215010278,0.000414283800637,-0.00226110685617,0.00222101528198,-0.00462086685002,0.00831743050367,-0.00525978486985],[-0.000928171968553,0.00298808747903,-0.00956109445542,0.0154109802097,-0.012098566629,0.00422772672027,0.00036306475522,-0.00202760030515,0.00744681060314,-0.0102262897417,0.0173182804137,-0.0155439740047,0.0100676314905],[0.000750112871174,-0.00148962519597,0.00848681107163,-0.012098566629,0.0192203279585,-0.00682932743803,-0.00358635699376,0.00468090455979,-0.0161351710558,0.0187753625214,-0.0187263619155,0.0133015867323,-0.00706950901076],[-0.000268211879302,-0.000114633927296,-0.00509207462892,0.00422772672027,-0.00682932743803,0.0161943566054,-0.00144356652163,-0.0124486489221,0.0175522956997,-0.01143458765,0.0068614310585,-0.00608681235462,0.00445694709197],[0.000382146332413,-0.00132559670601,0.00378215010278,0.00036306475522,-0.00358635699376,-0.00144356652163,0.0116989184171,-0.0000971859117271,-0.00122155074496,-0.00384523905814,0.00373292528093,-0.000930805690587,0.00405850121751],[-0.000246385927312,0.0024455296807,0.000414283800637,-0.00202760030515,0.00468090455979,-0.0124486489221,-0.0000971859117271,0.0236376151443,-0.0166529007256,0.00606521870941,-0.00563793675974,0.00670244777575,-0.00322540709749],[0.000276724458672,-0.00324580073357,-0.00226110685617,0.00744681060314,-0.0161351710558,0.0175522956997,-0.00122155074496,-0.0166529007256,0.0491481423378,-0.0322551429272,0.0180062651634,-0.0155179146677,0.0065333256498],[-0.000345644861227,0.0054594152607,0.00222101528198,-0.0102262897417,0.0187753625214,-0.01143458765,-0.00384523905814,0.00606521870941,-0.0322551429272,0.0593441687524,-0.0385796688497,0.0138029856607,-0.00275881611742],[-0.0000683027246851,-0.00303039420396,-0.00462086685002,0.0173182804137,-0.0187263619155,0.0068614310585,0.00373292528093,-0.00563793675974,0.0180062651634,-0.0385796688497,0.0568153336644,-0.0239698719233,0.00565881840885],[0.000588666240219,0.000834858219605,0.00831743050367,-0.0155439740047,0.0133015867323,-0.00608681235462,-0.000930805690587,0.00670244777575,-0.0155179146677,0.0138029856607,-0.0239698719233,0.0542771928012,-0.021952547133],[-0.000339400779922,0.000868770293891,-0.00525978486985,0.0100676314905,-0.00706950901076,0.00445694709197,0.00405850121751,-0.00322540709749,0.0065333256498,-0.00275881611742,0.00565881840885,-0.021952547133,0.0397944971919]],"mean":[-91.1817779541,133.684265137,-62.4199714661,3.21486878395,-12.2281665802,-2.15052342415,-8.14325714111,-9.61323261261,-11.4465112686,-10.3325624466,-6.08854579926,-6.19759082794,-7.22966432571]},"hfc":{"dmean":27.3075046539,"dmean2":40.4880828857,"dvar":3854.66040039,"dvar2":8502.2578125,"max":1597.41479492,"mean":67.0325775146,"median":22.215007782,"min":1.0999269421e-16,"var":16898.4824219},"melbands":{"dmean":[0.00388876954094,0.00344384112395,0.00120983540546,0.00044714534306,0.000253655947745,0.000341459468473,0.000190644699614,0.000125857695821,0.0000976976079983,0.0000691010500304,0.0000480272756249,0.0000687873180141,0.000056942262745,0.0000432812885265,0.0000373658549506,0.0000311406220135,0.000021972327886,0.0000214918800339,0.0000208114252018,0.0000133671001095,0.0000160291801876,0.0000202521732717,0.0000177947858901,0.00000752135247239,0.00000348430216945,0.00000341833106177,0.00000160317370046,0.0000011431694702,8.00880286533e-7,6.57671989757e-7,4.04062376447e-7,1.78202270718e-7,1.39983001191e-7,8.99116301412e-8,6.61915677824e-8,5.23973824329e-8,4.48378045803e-8,3.90063839006e-8,3.36935102041e-8,2.97272908512e-8],"dmean2":[0.00633186660707,0.00575272599235,0.00202928879298,0.000749402912334,0.000434827874415,0.000587205868214,0.000322799547575,0.000213714272832,0.000165174613358,0.000114005328214,0.0000813437072793,0.000112427216663,0.0000917407596717,0.000069752408308,0.0000608503614785,0.0000522318186995,0.0000365666383004,0.0000359135192411,0.000035288019717,0.0000215685577132,0.0000264668015006,0.0000351362359652,0.000030629664252,0.0000130570979309,0.00000592310652792,0.00000576233469474,0.00000270991108664,0.00000189796151062,0.00000120882941701,0.00000102022704596,6.17544571924e-7,2.72312576044e-7,2.22215120971e-7,1.45602299995e-7,1.08074594607e-7,8.67005383043e-8,7.48065218659e-8,6.50448797046e-8,5.63769759765e-8,4.96885412815e-8],"dvar":[0.0000692656540195,0.0000454730507045,0.00000375967397304,5.48626019281e-7,2.96058317417e-7,0.0000014572129885,2.53344722978e-7,9.47633154169e-8,6.75919693549e-8,2.48396609948e-8,1.22328396301e-8,2.93120816508e-8,2.60177959177e-8,9.84264492132e-9,5.21170129275e-9,6.81760115029e-9,2.54757037688e-9,2.22849805276e-9,1.83821413646e-9,1.05849007337e-9,1.22899201926e-9,2.92100410526e-9,2.19757589903e-9,2.8801994123e-10,5.9073614056e-11,7.73499667095e-11,2.2740318309e-11,2.12827758889e-11,9.05888211666e-12,2.13172036446e-12,7.5682044182e-13,1.41078284038e-13,5.99087768868e-14,2.22826433276e-14,1.42918920513e-14,9.56244208572e-15,7.11011822606e-15,5.47806996637e-15,4.16022095516e-15,3.25602620122e-15],"dvar2":[0.000174839544343,0.000122838449897,0.00000997585084406,0.00000142410908666,8.44994929139e-7,0.00000412788949689,6.74227351283e-7,2.46415822858e-7,1.70565641611e-7,6.71960691534e-8,3.31188267921e-8,7.38025889291e-8,6.52856115835e-8,2.41155859726e-8,1.32470319159e-8,1.75121286361e-8,6.8417844723e-9,5.89601967249e-9,4.79198503101e-9,2.52964293956e-9,3.15638382098e-9,7.93216159423e-9,5.92051208059e-9,7.93844434632e-10,1.53417695214e-10,1.9666310247e-10,5.85137979736e-11,5.54176669831e-11,1.95289201477e-11,4.56397636697e-12,1.71408482026e-12,3.1911962222e-13,1.4619882182e-13,5.47120366319e-14,3.4777905653e-14,2.39748406674e-14,1.78959020454e-14,1.39144380764e-14,1.05719596692e-14,8.27996474688e-15],"max":[0.075812831521,0.091667227447,0.0269566066563,0.0103611629456,0.00756962643936,0.0258583016694,0.0101603027433,0.00715254340321,0.00396274402738,0.00239697564393,0.00195937277749,0.00286276964471,0.00404332811013,0.00178834586404,0.00121150841005,0.00215889862739,0.0010853249114,0.000972310896032,0.000424599245889,0.000902165134903,0.000369244080503,0.000684559636284,0.000617496261839,0.000215833526454,0.000096084397228,0.000182669988135,0.000112205540063,0.000136892616865,0.0000810337951407,0.0000375446907128,0.000020641788069,0.00000894813638297,0.00000364654169971,0.00000149174775288,0.00000141861403335,9.36916876526e-7,8.23854065857e-7,7.23767698219e-7,6.38709025225e-7,5.65856282719e-7],"mean":[0.00478126341477,0.00610098941252,0.0022072060965,0.000839667511173,0.000334376061801,0.000408354098909,0.000260464701569,0.000172685366124,0.000136191520141,0.000101359728433,0.0000743108103052,0.000110861008579,0.0000936667056521,0.0000636005133856,0.000058609595726,0.0000388687840314,0.0000295843183267,0.0000254439692071,0.0000192568277271,0.0000131309379867,0.0000135601922011,0.0000157967988343,0.0000139077783388,0.00000624265976512,0.00000326038116327,0.00000326981353282,0.00000168243786902,0.00000126388408717,0.00000103291472442,7.64191270264e-7,4.77743185456e-7,2.28043802508e-7,1.58924422067e-7,1.01112220818e-7,7.15268271279e-8,5.25161034659e-8,4.38403091607e-8,3.71287356415e-8,3.15140873397e-8,2.78013985167e-8],"median":[0.00171160430182,0.00191788759548,0.00121030688751,0.000600900966674,0.00013199984096,0.000082497994299,0.0000686693820171,0.0000508320008521,0.0000318076927215,0.0000254187361861,0.0000238007669395,0.0000268583426077,0.0000262855555775,0.0000151231315613,0.0000147490491145,0.00000840361008159,0.00000511572943651,0.00000254885344475,0.00000167895325376,0.00000113049475203,8.83494124082e-7,7.18924411558e-7,5.472892326e-7,4.9234705557e-7,3.5810583654e-7,2.80169416556e-7,1.77431388693e-7,1.2211458511e-7,8.60481748077e-8,6.53715517274e-8,4.95176415427e-8,3.88336438562e-8,3.16546646673e-8,2.48218601229e-8,1.91910469738e-8,1.44531000501e-8,1.14174296684e-8,9.11338204901e-9,7.38800620681e-9,6.51696963061e-9],"min":[1.06341467417e-24,1.12161900112e-24,1.76370562961e-24,2.72404083537e-24,1.41257663955e-24,2.5704364037e-24,1.78509579027e-24,1.87629895775e-24,1.92740333934e-24,1.78798696549e-24,2.98563500015e-24,3.38870781841e-24,2.04202936482e-24,2.69993975421e-24,2.5583480964e-24,4.07178760383e-24,3.3814972353e-24,4.36684524821e-24,4.30560242627e-24,4.13650180819e-24,4.61287242632e-24,3.36031750329e-24,4.14429496507e-24,3.93747772383e-24,3.61938612988e-24,5.29593327908e-24,4.31683619999e-24,4.6684334776e-24,3.40401053668e-24,5.06121442205e-24,5.69040080816e-24,5.90007727575e-24,6.72183328629e-24,6.75701963811e-24,5.61792815679e-24,6.69385712315e-24,6.54371441035e-24,6.01110589829e-24,7.3188968619e-24,6.56176946432e-24],"var":[0.0000778734902269,0.0000896709243534,0.00000745415673009,8.23642153591e-7,3.85856139928e-7,0.00000173935382008,3.97015924136e-7,1.36348447199e-7,1.02274853475e-7,4.65925111826e-8,2.04052756914e-8,5.89073536617e-8,4.72570071963e-8,1.83204740267e-8,1.06271080824e-8,8.35173175062e-9,3.64145225085e-9,2.90101875855e-9,1.779680181e-9,1.43534639729e-9,1.13573284111e-9,2.28547780701e-9,1.70313618764e-9,2.46004799864e-10,6.01462560312e-11,9.33939661718e-11,3.23638130184e-11,2.56300241447e-11,1.74574504158e-11,4.15126917216e-12,1.49855637881e-12,2.32056317521e-13,8.18201775321e-14,2.95346260198e-14,1.69421497231e-14,1.03291788507e-14,7.49936374664e-15,5.61861263759e-15,4.19542025632e-15,3.27509354814e-15]},"melbands_crest":{"dmean":3.55120062828,"dmean2":5.83324813843,"dvar":10.2446737289,"dvar2":25.9462757111,"max":33.9196662903,"mean":17.0764694214,"median":16.2986087799,"min":1.00013589859,"var":33.0438842773},"melbands_flatness_db":{"dmean":0.0528615787625,"dmean2":0.0847641900182,"dvar":0.00194954592735,"dvar2":0.00541306333616,"max":0.667984545231,"mean":0.344966292381,"median":0.345160961151,"min":4.70263302077e-7,"var":0.00935055036098},"melbands_kurtosis":{"dmean":12.1692237854,"dmean2":19.7249221802,"dvar":243.039581299,"dvar2":652.012756348,"max":231.72265625,"mean":24.9928874969,"median":16.404706955,"min":-1.42662763596,"var":836.621398926},"melbands_skewness":{"dmean":0.970056891441,"dmean2":1.56151652336,"dvar":0.903911054134,"dvar2":2.3785841465,"max":13.2790384293,"mean":3.30613636971,"median":2.96185541153,"min":-0.34237164259,"var":2.95414423943},"melbands_spread":{"dmean":3.27135276794,"dmean2":5.34332323074,"dvar":28.7620925903,"dvar2":70.7861328125,"max":150.530838013,"mean":9.53384590149,"median":4.55148744583,"min":0.328763723373,"var":375.66708374},"mfcc":{"cov":[[15965.7646484,1680.62719727,-2855.67822266,285.460418701,-553.379211426,81.2005996704,53.9649009705,146.630264282,119.93938446,108.348060608,270.225372314,255.555877686,145.091156006],[1680.62719727,1873.63146973,-24.680688858,-58.8343200684,26.3000125885,13.7877311707,54.6399345398,19.1444377899,-60.1942062378,-19.8399505615,23.2665557861,3.58708238602,-10.0470724106],[-2855.67822266,-24.680688858,1132.24755859,-56.9770927429,189.374465942,4.44176149368,6.11542129517,-36.7522087097,-29.1088886261,-28.1023292542,-76.2918701172,-65.6091918945,-51.1295776367],[285.460418701,-58.8343200684,-56.9770927429,273.864532471,49.2106552124,60.197063446,-10.4712400436,27.6517353058,39.6119918823,-9.02084350586,-6.194231987,9.9361038208,3.23052239418],[-553.379211426,26.3000125885,189.374465942,49.2106552124,173.977859497,28.8406429291,16.1146469116,24.2818260193,4.33183574677,2.60062980652,-12.373714447,-12.4628305435,-1.66463279724],[81.2005996704,13.7877311707,4.44176149368,60.197063446,28.8406429291,84.0470352173,44.7118148804,27.0773677826,17.2133369446,4.83413887024,3.51013898849,-0.751038312912,-3.84689712524],[53.9649009705,54.6399345398,6.11542129517,-10.4712400436,16.1146469116,44.7118148804,93.0327758789,40.8176574707,10.0537843704,23.9044532776,13.6033506393,-6.92341852188,0.00868196040392],[146.630264282,19.1444377899,-36.7522087097,27.6517353058,24.2818260193,27.0773677826,40.8176574707,64.856338501,32.6988143921,14.1931877136,8.70809078217,-1.40760207176,4.38077259064],[119.93938446,-60.1942062378,-29.1088886261,39.6119918823,4.33183574677,17.2133369446,10.0537843704,32.6988143921,53.2027511597,17.8268222809,4.70592403412,6.50366258621,1.7507443428],[108.348060608,-19.8399505615,-28.1023292542,-9.02084350586,2.60062980652,4.83413887024,23.9044532776,14.1931877136,17.8268222809,48.0552749634,30.2165126801,3.49352455139,6.29573392868],[270.225372314,23.2665557861,-76.2918701172,-6.194231987,-12.373714447,3.51013898849,13.6033506393,8.70809078217,4.70592403412,30.2165126801,56.0125160217,21.089761734,5.57862377167],[255.555877686,3.58708238602,-65.6091918945,9.9361038208,-12.4628305435,-0.751038312912,-6.92341852188,-1.40760207176,6.50366258621,3.49352455139,21.089761734,37.245059967,15.648768425],[145.091156006,-10.0470724106,-51.1295776367,3.23052239418,-1.66463279724,-3.84689712524,0.00868196040392,4.38077259064,1.7507443428,6.29573392868,5.57862377167,15.648768425,29.8230209351]],"icov":[[0.000149309678818,-0.000140848962474,0.000309854687657,-0.000106484454591,0.000192092062207,-0.0000999312615022,0.0000242185305979,-0.0000395323586417,-0.000102554695331,-0.000203715622774,0.0000534352984687,-0.000366225838661,0.0000037350769162],[-0.000140848962474,0.000724988698494,-0.000256216764683,0.000169526741956,-0.000300996471196,0.000121675540868,-0.000307696231175,-0.000500833673868,0.00105901877396,0.000531528319698,-0.00027937075356,-0.0000363849976566,0.000441377982497],[0.000309854687657,-0.000256216764683,0.00205779820681,0.000249333243119,-0.00131768546999,-0.0000859182255226,-0.000545493501704,0.00146816088818,-0.000730421452317,-0.00033921742579,0.00123969907872,-0.000256598665146,0.00162426836323],[-0.000106484454591,0.000169526741956,0.000249333243119,0.00584072479978,-0.00173802464269,-0.00454008532688,0.00308190868236,-0.000274466030532,-0.00327704963274,0.00210231309757,-0.000277889776044,0.000276784936432,-0.000617955985945],[0.000192092062207,-0.000300996471196,-0.00131768546999,-0.00173802464269,0.00927862338722,-0.00199023471214,0.00193625222892,-0.00555555522442,0.00392516050488,-0.00363166886382,0.00181295885704,-0.000683919119183,-0.00147410074715],[-0.0000999312615022,0.000121675540868,-0.0000859182255226,-0.00454008532688,-0.00199023471214,0.0227322615683,-0.0127906352282,0.0022572488524,-0.00398512417451,0.00500735500827,-0.00160188844893,-0.00106053438503,0.0033979814034],[0.0000242185305979,-0.000307696231175,-0.000545493501704,0.00308190868236,0.00193625222892,-0.0127906352282,0.0257542449981,-0.0157018266618,0.00954690203071,-0.0121730873361,0.00256304861978,0.000452977430541,0.000558849074878],[-0.0000395323586417,-0.000500833673868,0.00146816088818,-0.000274466030532,-0.00555555522442,0.0022572488524,-0.0157018266618,0.0403227731586,-0.0263530183583,0.0132212033495,-0.0103064803407,0.0129507090896,-0.00947867054492],[-0.000102554695331,0.00105901877396,-0.000730421452317,-0.00327704963274,0.00392516050488,-0.00398512417451,0.00954690203071,-0.0263530183583,0.0465235747397,-0.0255468729883,0.0172097571194,-0.0186280701309,0.0127489622682],[-0.000203715622774,0.000531528319698,-0.00033921742579,0.00210231309757,-0.00363166886382,0.00500735500827,-0.0121730873361,0.0132212033495,-0.0255468729883,0.0551159195602,-0.0342993624508,0.023171717301,-0.0170126538724],[0.0000534352984687,-0.00027937075356,0.00123969907872,-0.000277889776044,0.00181295885704,-0.00160188844893,0.00256304861978,-0.0103064803407,0.0172097571194,-0.0342993624508,0.0481109954417,-0.0316032841802,0.0170229543],[-0.000366225838661,-0.0000363849976566,-0.000256598665146,0.000276784936432,-0.000683919119183,-0.00106053438503,0.000452977430541,0.0129507090896,-0.0186280701309,0.023171717301,-0.0316032841802,0.0610317848623,-0.0306890141219],[0.0000037350769162,0.000441377982497,0.00162426836323,-0.000617955985945,-0.00147410074715,0.0033979814034,0.000558849074878,-0.00947867054492,0.0127489622682,-0.0170126538724,0.0170229543,-0.0306890141219,0.0540234185755]],"mean":[-745.335754395,187.866027832,11.8160839081,26.3331489563,13.672205925,15.6001958847,11.101934433,8.6838684082,1.71457576752,-0.598405301571,1.31641018391,1.64591526985,-1.03127110004]},"pitch_salience":{"dmean":0.0802771747112,"dmean2":0.13334825635,"dvar":0.00487185548991,"dvar2":0.0126528143883,"max":0.996096611023,"mean":0.570625603199,"median":0.582512080669,"min":0.137845039368,"var":0.0125718805939},"silence_rate_20dB":{"dmean":0,"dmean2":0,"dvar":0,"dvar2":0,"max":1,"mean":1,"median":1,"min":1,"var":0},"silence_rate_30dB":{"dmean":0.0951949208975,"dmean2":0.190476194024,"dvar":0.0861333087087,"dvar2":0.182314768434,"max":1,"mean":0.845038533211,"median":1,"min":0,"var":0.13094958663},"silence_rate_60dB":{"dmean":0.00906618312001,"dmean2":0.0181405898184,"dvar":0.00898385141045,"dvar2":0.0223461389542,"max":1,"mean":0.060262799263,"median":0,"min":0,"var":0.056631077081},"spectral_centroid":{"dmean":188.948822021,"dmean2":299.542266846,"dvar":137781.640625,"dvar2":330022.625,"max":11845.8691406,"mean":735.516601562,"median":393.581665039,"min":115.030326843,"var":2389297},"spectral_complexity":{"dmean":4.04261112213,"dmean2":5.86303853989,"dvar":25.0199832916,"dvar2":48.2332496643,"max":58,"mean":13.8409605026,"median":12,"min":0,"var":114.038642883},"spectral_contrast_coeffs":{"dmean":[0.0507804900408,0.0468841008842,0.0332935340703,0.0300148930401,0.0381391979754,0.0315781310201],"dmean2":[0.0863875970244,0.0795682743192,0.0569961592555,0.0498642250896,0.0603147335351,0.0502744652331],"dvar":[0.00167570170015,0.00137177645229,0.000717345625162,0.000630257301964,0.00111546274275,0.00158574036323],"dvar2":[0.00476937368512,0.00393085693941,0.00206261733547,0.00164965924341,0.00284733739682,0.00369882420637],"max":[-0.386451423168,-0.534000694752,-0.6395226717,-0.658449053764,-0.660669744015,-0.562765181065],"mean":[-0.661620736122,-0.7958304286,-0.835930109024,-0.843041718006,-0.854239404202,-0.821630895138],"median":[-0.657812595367,-0.798971712589,-0.837835252285,-0.84089589119,-0.850636065006,-0.84777700901],"min":[-0.978474020958,-0.996743142605,-0.998909056187,-0.987611532211,-0.988281786442,-0.96482527256],"var":[0.00583856925368,0.00375837297179,0.00263494439423,0.0027270137798,0.00375366164371,0.00442096590996]},"spectral_contrast_valleys":{"dmean":[0.399523198605,0.402110755444,0.373283684254,0.519410192966,0.653749346733,0.80021327734],"dmean2":[0.650296747684,0.662297129631,0.589440405369,0.784038305283,1.00744926929,1.27668058872],"dvar":[0.147654563189,0.166099354625,0.175096511841,0.266839444637,0.371129870415,0.458080202341],"dvar2":[0.274593263865,0.323937386274,0.350787490606,0.575199067593,0.871747612953,1.16289591789],"max":[-4.79369306564,-4.5827331543,-4.89911603928,-5.02929067612,-5.59044027328,-8.97403430939],"mean":[-7.06919670105,-7.20007658005,-7.73465633392,-8.45018291473,-8.92283153534,-11.6978616714],"median":[-6.55759716034,-6.63582086563,-7.09179925919,-7.99594211578,-8.4626455307,-11.2836313248],"min":[-27.9478397369,-28.3340702057,-27.9662818909,-27.5789146423,-27.5549144745,-27.4192504883],"var":[9.78419494629,10.1357126236,9.89336490631,9.508852005,9.0079126358,6.56324481964]},"spectral_decrease":{"dmean":5.83046011471e-9,"dmean2":9.21745080262e-9,"dvar":9.46772995853e-17,"dvar2":2.41893445615e-16,"max":2.60137622554e-9,"mean":-1.15115836863e-8,"median":-6.14208728322e-9,"min":-9.75617311383e-8,"var":1.89412078297e-16},"spectral_energy":{"dmean":0.022802753374,"dmean2":0.0356224104762,"dvar":0.00140866497532,"dvar2":0.00357013102621,"max":0.377039641142,"mean":0.0495274178684,"median":0.0265414789319,"min":1.0237108905e-20,"var":0.0032995196525},"spectral_energyband_high":{"dmean":0.000132180459332,"dmean2":0.000206222219276,"dvar":1.1413498413e-7,"dvar2":2.44724134291e-7,"max":0.0104257659987,"mean":0.000183074909728,"median":0.0000268051117018,"min":7.20998006103e-21,"var":3.07475175987e-7},"spectral_energyband_low":{"dmean":0.0189650710672,"dmean2":0.0305455587804,"dvar":0.00115858251229,"dvar2":0.00300578260794,"max":0.350610435009,"mean":0.0327367223799,"median":0.0143991466612,"min":1.74902453373e-23,"var":0.00204298389144},"spectral_energyband_middle_high":{"dmean":0.00213227537461,"dmean2":0.00328476377763,"dvar":0.0000173621447175,"dvar2":0.0000390179338865,"max":0.0970213934779,"mean":0.00360436551273,"median":0.000897299381904,"min":1.17082962745e-21,"var":0.0000435499969171},"spectral_energyband_middle_low":{"dmean":0.0050729685463,"dmean2":0.00825497694314,"dvar":0.0000726869184291,"dvar2":0.000193298066733,"max":0.137409478426,"mean":0.0112560652196,"median":0.00668944232166,"min":1.65000014959e-22,"var":0.000167293124832},"spectral_entropy":{"dmean":0.376573294401,"dmean2":0.593517780304,"dvar":0.118743188679,"dvar2":0.327456235886,"max":9.82372951508,"mean":6.96240329742,"median":7.01459217072,"min":4.59508800507,"var":0.562209427357},"spectral_flux":{"dmean":0.0325423367321,"dmean2":0.0520410165191,"dvar":0.00185976002831,"dvar2":0.00440227147192,"max":0.430134803057,"mean":0.104701824486,"median":0.0761862024665,"min":6.34055169479e-11,"var":0.00665383879095},"spectral_kurtosis":{"dmean":11.8126249313,"dmean2":19.2705287933,"dvar":188.639404297,"dvar2":505.683166504,"max":109.118988037,"mean":22.894990921,"median":18.0959300995,"min":-1.25997209549,"var":266.62286377},"spectral_rms":{"dmean":0.00126828090288,"dmean2":0.00192029960454,"dvar":0.00000258665068031,"dvar2":0.00000617015211901,"max":0.0191792473197,"mean":0.00587792228907,"median":0.00508862687275,"min":3.16028843719e-12,"var":0.0000137695342346},"spectral_rolloff":{"dmean":1305.84338379,"dmean2":2505.48730469,"dvar":19780224,"dvar2":53174244,"max":22050,"mean":1971.97485352,"median":279.931640625,"min":64.599609375,"var":28388030},"spectral_skewness":{"dmean":0.870911717415,"dmean2":1.39648962021,"dvar":0.781165003777,"dvar2":2.10464024544,"max":8.3293838501,"mean":3.36923003197,"median":3.07261896133,"min":-0.0745997577906,"var":1.64404737949},"spectral_spread":{"dmean":891117.75,"dmean2":1456809.375,"dvar":1626999750660,"dvar2":3758453686270,"max":48311096,"mean":4119598,"median":3238129.25,"min":983597,"var":30386417565700},"spectral_strongpeak":{"dmean":1.61249816418,"dmean2":2.97728252411,"dvar":146.514678955,"dvar2":389.065460205,"max":169.584976196,"mean":1.37574601173,"median":0.33602270484,"min":0,"var":109.27571106},"zerocrossingrate":{"dmean":0.0262341611087,"dmean2":0.034208253026,"dvar":0.000730744795874,"dvar2":0.00122223852668,"max":0.5341796875,"mean":0.126007542014,"median":0.11083984375,"min":0.00244140625,"var":0.00821459665895}},"metadata":{"audio_properties":{"analysis_sample_rate":44100,"bit_rate":320000,"codec":"mp3","downmix":"mix","equal_loudness":0,"length":51.2010650635,"lossless":false,"md5_encoded":"813a5bbccb093f63439aee506782b9d9","replay_gain":1.6669178009,"sample_rate":44100},"tags":{"album":["State of Euphoria"],"albumartist":["Anthrax"],"albumartistsort":["Anthrax"],"artist":["Anthrax"],"artistsort":["Anthrax"],"asin":["B000001FSU"],"catalognumber":["259 334"],"date":["1988"],"discnumber":["1/1"],"file_name":"09. Anthrax - 13.mp3","genre":["Thrash Metal"],"label":["Island Records"],"musicbrainz album release country":["US"],"musicbrainz album status":["official"],"musicbrainz album type":["album"],"musicbrainz_albumartistid":["b616d6f0-ec1f-4c69-8a79-12a97ece7372"],"musicbrainz_albumid":["f57198ae-50eb-4fdc-940b-2f44e864de94"],"musicbrainz_artistid":["b616d6f0-ec1f-4c69-8a79-12a97ece7372"],"musicbrainz_recordingid":["f517c12e-7caf-4528-a971-f6b794a34261"],"musicip_puid":["e2b3e631-e81a-1012-116d-6106f5b1b462"],"title":["13"],"tracknumber":["9/10"]},"version":{"essentia":"2.1-beta1","essentia_build_sha":"ca57ba49d9b1854bd80e60cf9ccf267278fb7d6b","essentia_git_sha":"v2.1_beta1-28-g21ef5f4-dirty","extractor":"music 1.0"}},"rhythm":{"beats_count":114,"beats_loudness":{"dmean":0.0249356329441,"dmean2":0.0440950356424,"dvar":0.0010420473991,"dvar2":0.00322518520989,"max":0.214173525572,"mean":0.0487764328718,"median":0.0278754904866,"min":0,"var":0.00248396606185},"beats_loudness_band_ratio":{"dmean":[0.154149025679,0.142511248589,0.0553995519876,0.0386825948954,0.0108705544844,0.0392948687077],"dmean2":[0.273251146078,0.250749051571,0.106666982174,0.0734290927649,0.019157230854,0.0669827312231],"dvar":[0.0197847262025,0.0122349057347,0.00329443952069,0.00257152644917,0.000174288681592,0.00279338192195],"dvar2":[0.052921269089,0.0348591580987,0.0100555028766,0.00872086826712,0.000502903596498,0.00804516114295],"max":[0.992710590363,0.70567959547,0.343931823969,0.29477545619,0.0882376357913,0.360263884068],"mean":[0.675385057926,0.23306477