{"lowlevel":{"average_loudness":0.796845734119,"barkbands":{"dmean":[0.000210664089536,0.00629032030702,0.00298759248108,0.0034766078461,0.0027802537661,0.000907213950995,0.000559960491955,0.0003015610273,0.000244171329541,0.000130810658447,0.0000854665486258,0.000165308330907,0.000106702704215,0.0000873610115377,0.000076458301919,0.0000843384041218,0.0000859875435708,0.000147044178448,0.000102318641439,0.0000953842245508,0.000109276530566,0.00011819145584,0.0000959086537478,0.0000595621640969,0.0000396652430936,0.0000325481378241,0.00000842737244966],"dmean2":[0.000308521848638,0.00935107190162,0.00528824236244,0.00560291996226,0.0043009002693,0.00141872372478,0.000904969405383,0.000443390657892,0.000357699580491,0.000190301958355,0.000127625957248,0.000243248068728,0.000162766664289,0.000139991927426,0.000120720585983,0.000136299640872,0.000135636131745,0.00023506762227,0.000167619247804,0.000146422404214,0.000168204685906,0.000160806317581,0.000126062281197,0.000078199976997,0.000052383998991,0.0000501869399159,0.00001291168428],"dvar":[5.88106445321e-7,0.000543606525753,0.000112557681859,0.000175726148882,0.0000758372043492,0.00000632129012956,0.00000350574873664,9.75020839178e-7,0.0000012659533013,1.49109780523e-7,7.13465766466e-8,2.83582437532e-7,1.33139124614e-7,4.31314077787e-8,2.70313478268e-8,3.51976403579e-8,4.2595992511e-8,1.25207321844e-7,1.46330435769e-7,7.44462482771e-8,1.09332816578e-7,1.81086392104e-7,1.10586725555e-7,8.35340756566e-8,1.85910380424e-8,1.15063132355e-8,8.2838691462e-10],"dvar2":[0.00000119311550861,0.00120648788288,0.000322162319208,0.000419348245487,0.0001786241628,0.0000143620636663,0.00000868557253852,0.00000183086024208,0.00000232272736866,2.71410129926e-7,1.50180213154e-7,6.63086041186e-7,2.54058733162e-7,1.01924911178e-7,6.3680040796e-8,8.56062243315e-8,9.43869764569e-8,3.1555350688e-7,3.76612831587e-7,1.74711345835e-7,2.55987600895e-7,3.67503446341e-7,1.87206055102e-7,1.36141537155e-7,2.98858182646e-8,2.74095075525e-8,1.89461979438e-9],"max":[0.00793286506087,0.257666677237,0.124527089298,0.151621103287,0.139321967959,0.0915776267648,0.0881732180715,0.0504805147648,0.0766104161739,0.0222614966333,0.0103024905547,0.022279785946,0.0175922997296,0.00502653513104,0.00471509248018,0.00687722861767,0.00829951185733,0.0089808832854,0.0188144613057,0.00473817996681,0.00733101740479,0.00672199483961,0.00909753609449,0.015595623292,0.00621487572789,0.00155063543934,0.00052607874386],"mean":[0.00020298785239,0.00652756821364,0.00309477327392,0.00332474056631,0.00422367220744,0.00189172709361,0.000872446165886,0.000659268058371,0.000499411544297,0.00027686834801,0.00016835531278,0.000319918297464,0.000199463233002,0.000141304670251,0.000140341682709,0.000155275716679,0.000150886742631,0.000250991404755,0.000147499347804,0.000137715833262,0.000155613466632,0.000148781487951,0.000130527841975,0.0000859493229655,0.0000504146846652,0.0000289081508527,0.00000752213281885],"median":[0.000003843729246,0.000804701354355,0.000880529347342,0.000522701651789,0.00184353673831,0.000818271422759,0.000290357827907,0.000229362500249,0.000140314266901,0.0000905532797333,0.0000523411035829,0.000109718523163,0.0000969734828686,0.0000706294304109,0.0000795481391833,0.0000842909721541,0.0000768870959291,0.0000804141600383,0.0000547674499103,0.0000198398338398,0.0000310509531118,0.00000225103576668,6.85006114054e-7,8.62294484705e-7,6.07780123119e-7,2.82298429966e-7,7.52473710008e-8],"min":[4.7786353739e-25,2.99391961737e-24,9.46387750524e-25,2.29484212722e-24,2.20842572827e-23,7.85720923274e-24,8.54176458249e-24,1.15029015072e-23,1.2744194652e-23,3.5629590671e-23,3.3361334734e-23,3.30585604523e-23,5.64473017937e-23,5.50573478113e-23,6.66056214424e-23,1.04128989468e-22,8.95663457893e-23,8.83246029938e-23,1.3490152568e-22,1.97872378994e-22,3.22267400754e-22,4.12457653478e-22,4.62332822542e-22,6.80053131237e-22,9.86524255008e-22,1.4037576093e-21,2.10786360178e-21],"var":[6.83709060922e-7,0.000582713109907,0.0000742144547985,0.000157989838044,0.0000799600675236,0.000014761397324,0.00000734579725759,0.0000026750537927,0.00000263229958364,5.14000248586e-7,2.17746148223e-7,7.61869273447e-7,2.82292546672e-7,7.94458969722e-8,4.7280078519e-8,5.60829569451e-8,7.41714671904e-8,2.03836322044e-7,1.49566915297e-7,1.26659301714e-7,1.59363821695e-7,2.9191207318e-7,2.32229055541e-7,2.22362629643e-7,4.52600374956e-8,1.17678755629e-8,8.81777151296e-10]},"barkbands_crest":{"dmean":2.35695242882,"dmean2":3.70588541031,"dvar":7.00847911835,"dvar2":15.6506242752,"max":25.4933986664,"mean":9.49078559875,"median":8.60202598572,"min":2.29321122169,"var":15.4430971146},"barkbands_flatness_db":{"dmean":0.0235612727702,"dmean2":0.0349082686007,"dvar":0.000654591363855,"dvar2":0.00161353766453,"max":0.328015893698,"mean":0.158762857318,"median":0.160073131323,"min":0.0206455085427,"var":0.00222850078717},"barkbands_kurtosis":{"dmean":4.28261470795,"dmean2":6.75402021408,"dvar":117.330955505,"dvar2":291.371673584,"max":159.362106323,"mean":5.54680681229,"median":2.75059461594,"min":-1.86556506157,"var":123.255409241},"barkbands_skewness":{"dmean":0.606413185596,"dmean2":0.899750292301,"dvar":0.81248831749,"dvar2":1.75565767288,"max":11.1532411575,"mean":1.90525078773,"median":1.74152123928,"min":-5.03691482544,"var":1.60279107094},"barkbands_spread":{"dmean":5.56090211868,"dmean2":8.41238498688,"dvar":64.8396224976,"dvar2":149.712402344,"max":121.321853638,"mean":19.8562908173,"median":16.4313430786,"min":1.45157814026,"var":198.932891846},"dissonance":{"dmean":0.0137051614001,"dmean2":0.0223169606179,"dvar":0.000212642684346,"dvar2":0.000529296521563,"max":0.500000119209,"mean":0.462554454803,"median":0.467905282974,"min":0.271706730127,"var":0.000724791549146},"dynamic_complexity":5.29275369644,"erbbands":{"dmean":[0.188533440232,1.49261081219,3.48810744286,6.4626121521,15.8711624146,5.54314422607,7.38983488083,7.10323762894,8.6810131073,6.00438451767,6.82359457016,5.28098106384,5.02998733521,3.32738637924,4.26598739624,6.41482543945,4.80292272568,4.80828332901,3.91792035103,3.74319601059,4.82509231567,4.33454608917,7.19054317474,6.1158747673,4.45631074905,4.6803689003,5.37095975876,3.36176204681,4.19931030273,3.75322246552,2.55095243454,1.32882893085,1.05762267113,0.558937072754,0.23327998817,0.136976182461,0.0572569146752,0.0128343226388,0.0014980515698,0.0000880750449141],"dmean2":[0.275750517845,2.38836741447,6.14915370941,10.6272363663,24.7858200073,8.69320964813,11.3366680145,11.1243505478,13.9610481262,9.16092586517,9.92017555237,7.74512958527,7.3118724823,4.84414386749,6.1820397377,9.18826293945,7.2182469368,7.61616611481,6.06554603577,5.94766521454,7.82993173599,6.76187515259,11.422123909,9.93197059631,7.08515977859,7.21443557739,8.31767845154,5.03830575943,5.73275375366,5.03152513504,3.34435939789,1.77394068241,1.35749948025,0.723389625549,0.31908851862,0.206755593419,0.0895342230797,0.0201642010361,0.00228590425104,0.000128661762574],"dvar":[0.504296243191,32.9507484436,167.127410889,392.922058105,3879.57202148,167.106491089,418.445617676,405.418365479,862.000732422,332.437683105,496.810333252,381.395202637,479.969573975,89.3288650513,182.91645813,382.179229736,247.301818848,144.529373169,88.3203277588,61.7438163757,98.4093399048,92.5825805664,281.041320801,488.527008057,205.92578125,174.132202148,230.039978027,133.705474854,230.648422241,176.242538452,83.0675354004,26.8717460632,34.0933876038,5.08733129501,0.512968540192,0.188173398376,0.0380238369107,0.00201671011746,0.0000256756738963,7.45717230188e-8],"dvar2":[0.956691026688,82.7630386353,475.110626221,976.427368164,9184.75097656,411.05291748,996.216369629,808.243225098,2095.76513672,742.848022461,977.089782715,849.958312988,876.108215332,180.739257812,378.664886475,873.317626953,449.04989624,337.291107178,202.681533813,150.157440186,244.085784912,207.979858398,700.62878418,1258.07800293,524.24005127,410.699554443,544.883666992,305.164398193,482.185821533,316.105438232,144.565216064,45.9316368103,54.9223670959,7.59132385254,0.949286937714,0.436568140984,0.0916801765561,0.00482370564714,0.0000586172209296,1.62995036135e-7],"max":[7.54618740082,64.1320800781,149.276901245,217.31350708,924.684204102,226.745452881,827.229797363,1026.83789062,1535.30932617,543.18145752,1065.47399902,912.915893555,1740.91894531,332.187927246,649.309692383,841.723266602,924.024780273,394.907806396,313.740814209,254.519500732,326.005523682,311.156097412,403.854064941,1148.56298828,326.994293213,278.65838623,343.708312988,231.85736084,235.985778809,224.592437744,301.827972412,196.69229126,329.156738281,132.78364563,19.836971283,5.5185956955,3.11763572693,0.789877891541,0.0854130089283,0.00605331966653],"mean":[0.199353098869,1.42419052124,3.51960802078,6.83589458466,16.9774913788,10.6290941238,14.4708070755,14.4676656723,14.9881563187,10.5425167084,15.5060863495,11.7054204941,10.9278707504,7.0745511055,9.26986789703,13.1217927933,9.90731906891,8.40292739868,7.3205575943,7.2218708992,9.12258911133,8.02562999725,12.8888778687,9.93670463562,6.3812789917,6.82541799545,7.95839357376,4.38544225693,5.26310348511,4.8472495079,3.48517107964,1.85130262375,1.50549685955,0.741775691509,0.275611609221,0.130088418722,0.0496765635908,0.0110159516335,0.00134810560849,0.0000946198779275],"median":[0.010327978991,0.245127484202,1.07472646236,1.84317886829,3.70319986343,5.27343988419,6.54122495651,5.40932035446,5.65326213837,3.11680364609,5.58082675934,3.6880607605,4.01254034042,2.23593568802,3.70523691177,5.19120883942,4.95488834381,4.75673007965,3.73687696457,4.45385980606,5.01115751266,4.31681156158,4.76790046692,4.12811088562,1.69321477413,1.25590360165,1.87558925152,0.37531748414,0.100332595408,0.0323576368392,0.0214681979269,0.0187479723245,0.014945150353,0.00817872676998,0.00362332910299,0.00151849037502,0.000441371754277,0.0000905958877411,0.0000211971855606,0.0000152730517584],"min":[3.06408216846e-23,1.03594385374e-21,1.35638455556e-21,7.11064972507e-21,1.25956245902e-20,4.50929336062e-20,1.02633268145e-19,6.57645616237e-20,1.38414380796e-19,1.9170332041e-19,3.78458834137e-19,2.06554870095e-19,7.14004985662e-19,1.07143650089e-18,1.18733691241e-18,1.65661219035e-18,2.23760027796e-18,3.05705585077e-18,3.45939567354e-18,3.54333403299e-18,5.59420842063e-18,5.18093533811e-18,4.14778592585e-18,6.60007079884e-18,5.64005490608e-18,9.6450996503e-18,1.24813745849e-17,1.11270855347e-17,1.45982488865e-17,1.35833371523e-17,1.21645247056e-17,1.1371999652e-17,1.18111332956e-17,7.68234150459e-18,7.36465865444e-18,4.99096917454e-18,2.30105847263e-18,1.05601320138e-18,2.65935206515e-19,3.05425455193e-20],"var":[0.621465802193,28.3420219421,108.795440674,340.494720459,3628.97558594,282.78527832,758.135009766,1155.37268066,2160.99975586,638.54498291,1301.80895996,924.554016113,1335.26940918,319.011169434,588.592468262,994.234863281,607.118713379,268.407196045,170.246566772,100.233718872,173.873031616,181.09538269,478.631835938,500.623504639,261.6144104,295.817169189,326.44039917,202.777496338,363.958374023,315.987823486,179.379211426,65.9146118164,89.7687683105,14.0172595978,0.951094686985,0.211213856936,0.0373867452145,0.00196920242161,0.0000275163256447,8.63245688265e-8]},"erbbands_crest":{"dmean":1.76304388046,"dmean2":2.80551505089,"dvar":3.54497098923,"dvar2":9.26574516296,"max":28.8258590698,"mean":7.24259138107,"median":6.54555130005,"min":2.35550713539,"var":8.94488430023},"erbbands_flatness_db":{"dmean":0.0196327194571,"dmean2":0.0241888277233,"dvar":0.000525872514118,"dvar2":0.000902355473954,"max":0.368626534939,"mean":0.169929504395,"median":0.179058283567,"min":0.0298029687256,"var":0.00258910492994},"erbbands_kurtosis":{"dmean":0.503797709942,"dmean2":0.779400527477,"dvar":0.927500188351,"dvar2":2.26134896278,"max":29.4013633728,"mean":-0.451054781675,"median":-0.784883737564,"min":-1.81774365902,"var":1.75730073452},"erbbands_skewness":{"dmean":0.283597111702,"dmean2":0.431091785431,"dvar":0.0963015630841,"dvar2":0.207955032587,"max":4.10936737061,"mean":0.13220153749,"median":0.124973289669,"min":-3.43885278702,"var":0.397995442152},"erbbands_spread":{"dmean":8.28309440613,"dmean2":11.4407749176,"dvar":111.537185669,"dvar2":198.954452515,"max":131.706329346,"mean":44.9169082642,"median":40.9726524353,"min":4.62919139862,"var":403.488586426},"gfcc":{"cov":[[15778.6591797,-427.753936768,22.9812831879,662.848083496,-1044.59228516,331.916503906,-404.319763184,175.845748901,-169.872451782,-11.2260808945,-148.569961548,-97.3482971191,-172.017303467],[-427.753936768,2809.77563477,-1080.53857422,-356.508270264,710.810302734,-640.585327148,348.740264893,10.7429847717,79.385848999,18.7061786652,146.976882935,-128.681976318,225.594345093],[22.9812831879,-1080.53857422,940.528076172,133.938751221,-167.06199646,343.413879395,-149.944717407,66.9846496582,27.5262870789,23.4217128754,-28.1451873779,85.4632720947,-97.5054779053],[662.848083496,-356.508270264,133.938751221,357.771606445,-63.4358711243,79.3441696167,-23.1202583313,-23.2278633118,4.43026351929,13.736907959,8.77757358551,7.54126119614,-26.0613746643],[-1044.59228516,710.810302734,-167.06199646,-63.4358711243,523.681274414,-168.632369995,196.968704224,37.129070282,51.2496070862,72.1538772583,41.3881111145,33.5536117554,55.23021698],[331.916503906,-640.585327148,343.413879395,79.3441696167,-168.632369995,334.035827637,-50.458114624,42.3834266663,3.84809947014,1.83748483658,-18.3015956879,33.4429664612,-29.5884552002],[-404.319763184,348.740264893,-149.944717407,-23.1202583313,196.968704224,-50.458114624,238.626312256,13.5877332687,22.2605228424,51.8285865784,1.80102181435,8.73425292969,37.1175804138],[175.845748901,10.7429847717,66.9846496582,-23.2278633118,37.129070282,42.3834266663,13.5877332687,134.252410889,26.4325466156,15.1051607132,30.7037601471,6.51069116592,13.7052850723],[-169.872451782,79.385848999,27.5262870789,4.43026351929,51.2496070862,3.84809947014,22.2605228424,26.4325466156,92.9858398438,24.7346630096,7.12228012085,24.0447101593,9.61800670624],[-11.2260808945,18.7061786652,23.4217128754,13.736907959,72.1538772583,1.83748483658,51.8285865784,15.1051607132,24.7346630096,104.82257843,14.3901987076,11.7402267456,13.4385385513],[-148.569961548,146.976882935,-28.1451873779,8.77757358551,41.3881111145,-18.3015956879,1.80102181435,30.7037601471,7.12228012085,14.3901987076,91.9547805786,-1.84221720695,16.6521720886],[-97.3482971191,-128.681976318,85.4632720947,7.54126119614,33.5536117554,33.4429664612,8.73425292969,6.51069116592,24.0447101593,11.7402267456,-1.84221720695,96.9128189087,-6.59809970856],[-172.017303467,225.594345093,-97.5054779053,-26.0613746643,55.23021698,-29.5884552002,37.1175804138,13.7052850723,9.61800670624,13.4385385513,16.6521720886,-6.59809970856,91.0224075317]],"icov":[[0.000136184171424,-0.000324562541209,0.0000352426868631,-0.000435543712229,0.000477280205814,-0.000225851807045,0.00027087845956,-0.000557181949262,0.000507455202751,-0.000481136608869,0.000658091739751,-0.000389836204704,0.000454001507023],[-0.000324562541209,0.00250955461524,0.000658485048916,0.00184488273226,-0.00236113904975,0.00177922553848,-0.00130090210587,0.00158694805577,-0.00270408252254,0.0022481365595,-0.00322305038571,0.0026590267662,-0.00256076012738],[0.0000352426868631,0.000658485048916,0.0026308146771,-0.0000818393164081,-0.000788091216236,-0.00144003529567,0.00117057503667,-0.000771812803578,-0.000711569737177,-0.000516628148034,0.0000695359631209,-0.000379927514587,0.000989501015283],[-0.000435543712229,0.00184488273226,-0.0000818393164081,0.00496969884261,-0.00188142771367,0.000773180800024,-0.00135969184339,0.00301495497115,-0.00266640703194,0.00162288814317,-0.00383274885826,0.00228139408864,-0.00165815756191],[0.000477280205814,-0.00236113904975,-0.000788091216236,-0.00188142771367,0.00640353979543,0.000359346333425,-0.00116094748955,-0.00279953936115,0.00218978035264,-0.00323308235966,0.00252714962699,-0.00382990832441,0.00200326368213],[-0.000225851807045,0.00177922553848,-0.00144003529567,0.000773180800024,0.000359346333425,0.00739327538759,-0.00232782773674,-0.000402270263294,-0.00161495665088,0.00158248771913,-0.00186383421533,0.000901677238289,-0.00261932029389],[0.00027087845956,-0.00130090210587,0.00117057503667,-0.00135969184339,-0.00116094748955,-0.00232782773674,0.00823134742677,-0.00160761293955,0.00154494261369,-0.00363921746612,0.00367280351929,-0.00161358655896,0.0010191045003],[-0.000557181949262,0.00158694805577,-0.000771812803578,0.00301495497115,-0.00279953936115,-0.000402270263294,-0.00160761293955,0.0122251939029,-0.00440012384206,0.00236951257102,-0.00624187244102,0.00290013896301,-0.00309970066883],[0.000507455202751,-0.00270408252254,-0.000711569737177,-0.00266640703194,0.00218978035264,-0.00161495665088,0.00154494261369,-0.00440012384206,0.0161792319268,-0.0046213530004,0.00428946781904,-0.00551997404546,0.00210190960206],[-0.000481136608869,0.0022481365595,-0.000516628148034,0.00162288814317,-0.00323308235966,0.00158248771913,-0.00363921746612,0.00236951257102,-0.0046213530004,0.0145646901801,-0.00485952245072,0.00262135011144,-0.0035494689364],[0.000658091739751,-0.00322305038571,0.0000695359631209,-0.00383274885826,0.00252714962699,-0.00186383421533,0.00367280351929,-0.00624187244102,0.00428946781904,-0.00485952245072,0.0179328881204,-0.00350718200207,0.00224102055654],[-0.000389836204704,0.0026590267662,-0.000379927514587,0.00228139408864,-0.00382990832441,0.000901677238289,-0.00161358655896,0.00290013896301,-0.00551997404546,0.00262135011144,-0.00350718200207,0.0154101913795,-0.00228749611415],[0.000454001507023,-0.00256076012738,0.000989501015283,-0.00165815756191,0.00200326368213,-0.00261932029389,0.0010191045003,-0.00309970066883,0.00210190960206,-0.0035494689364,0.00224102055654,-0.00228749611415,0.0164865199476]],"mean":[-73.1787643433,125.429840088,-117.277374268,29.3185920715,-36.0158805847,-10.661564827,-33.0381393433,0.166408717632,-28.1882266998,0.178445249796,-13.2489004135,-5.25073623657,-8.55160808563]},"hfc":{"dmean":6.1298456192,"dmean2":7.95448541641,"dvar":224.272476196,"dvar2":410.51574707,"max":269.163360596,"mean":12.3398885727,"median":5.25284719467,"min":1.10189827894e-16,"var":454.615844727},"melbands":{"dmean":[0.00168802763801,0.00182088383008,0.00157711515203,0.000738955801353,0.00023327312374,0.000160990835866,0.000127704872284,0.0000621450308245,0.0000543426576769,0.0000334889664373,0.000025216198992,0.000013775723346,0.0000127018120111,0.0000195410775632,0.0000122201572594,0.0000108001022454,0.00000918598198041,0.00000641170754534,0.00000523134758623,0.0000058114951571,0.00000586467058383,0.00000496148550155,0.00000463548531116,0.00000878814989846,0.00000474386661153,0.0000038634525481,0.00000283153303826,0.00000324134452967,0.00000364373067896,0.00000276619812212,0.00000175458012563,0.00000230008117796,0.00000271088151749,0.0000019490678369,0.0000015718638906,0.00000121463392588,6.70774397804e-7,7.94134507487e-7,6.14443536051e-7,4.52562403552e-7],"dmean2":[0.00247684284113,0.00306537048891,0.00254066893831,0.00115063937847,0.000359746190952,0.000252655503573,0.000205068834475,0.0000937145960052,0.0000789414407336,0.0000492715371365,0.0000368936307495,0.0000202906849154,0.0000187120058399,0.0000289776835416,0.0000177177244041,0.0000167055550264,0.0000146996781041,0.00000996807375486,0.00000840632310428,0.00000917694615055,0.00000961850491876,0.00000782273582445,0.0000073637247624,0.0000140069378176,0.00000780282698543,0.00000638439587419,0.00000436482605437,0.00000506889682583,0.00000570346855966,0.000004305152288,0.00000266024676421,0.00000322940013575,0.00000377049013878,0.00000267715654445,0.00000209384552363,0.00000167861878708,9.32974785428e-7,0.00000106232653252,7.90855608557e-7,6.06292644534e-7],"dvar":[0.0000397056537622,0.0000461865201942,0.0000294983401545,0.00000621757862973,3.25779865307e-7,1.93101257651e-7,1.76784780592e-7,3.60111869213e-8,3.160333506e-8,2.03783638852e-8,1.24170949078e-8,1.6003894876e-9,1.55578427918e-9,4.30283986219e-9,1.65169111721e-9,1.58837332176e-9,5.12156317356e-10,2.66983241071e-10,1.17330797855e-10,1.80631745672e-10,1.41061745618e-10,1.0795429134e-10,2.57794036118e-10,4.28103136274e-10,3.92044119391e-10,1.73549397076e-10,7.86202422609e-11,8.92019791365e-11,9.80988276722e-11,7.98816776615e-11,4.35630490014e-11,6.90794851876e-11,1.09638374768e-10,4.84197994199e-11,3.2777836001e-11,2.33438129937e-11,7.51486026185e-12,2.09573955412e-11,1.17568385583e-11,2.79408202304e-12],"dvar2":[0.0000810561978142,0.000125017948449,0.0000707268263795,0.0000145900430653,7.89500120391e-7,4.08859250456e-7,4.36062663312e-7,7.50838466956e-8,6.30236201005e-8,4.20534149725e-8,2.28875158825e-8,3.3328431126e-9,3.15094261794e-9,9.93572069063e-9,3.32590777141e-9,3.19203685706e-9,1.25290555708e-9,6.23681328804e-10,2.87783741282e-10,4.3973935604e-10,3.52447598884e-10,2.54513826681e-10,5.81797277022e-10,1.04721042948e-9,1.00940611425e-9,4.59808857656e-10,1.82384191083e-10,2.13573436714e-10,2.37888236887e-10,1.93279739436e-10,1.01542822761e-10,1.48900336505e-10,2.34602198779e-10,8.58902116097e-11,6.08330330554e-11,4.32592503485e-11,1.39996547341e-11,3.62991026126e-11,2.07396200907e-11,4.55324753595e-12],"max":[0.0720238313079,0.0740367621183,0.0671960487962,0.03817262128,0.0218767412007,0.0208021569997,0.0211642961949,0.00627403100953,0.00699663627893,0.00881923083216,0.00880074314773,0.00151405856013,0.00163107493427,0.00261145480908,0.00163422408514,0.00178849208169,0.000660345889628,0.000549234915525,0.000258517218754,0.000484283227706,0.000289426650852,0.000311862444505,0.000646533153486,0.000380263314582,0.00112218922004,0.00038475333713,0.000178559537744,0.000228393488214,0.000237755986745,0.000195330751012,0.00014413765166,0.000123341378639,0.000194927721168,0.000103952777863,0.000187488723896,0.000162243086379,0.000107581516204,0.000223859940888,0.000231391240959,0.0000739788301871],"mean":[0.00179844594095,0.00187376805115,0.00163712084759,0.000992676708847,0.000485729047796,0.000333856936777,0.000218367247726,0.000113272690214,0.000124140453408,0.0000704291596776,0.0000530389697815,0.0000272784727713,0.0000264044774667,0.0000392062866013,0.0000234557082877,0.0000203590589081,0.0000149929037434,0.0000111159706648,0.00000944903058553,0.000011026849279,0.0000104254386315,0.00000858764997247,0.0000073241062637,0.0000154862118507,0.00000704765170667,0.00000544833028471,0.00000387189083995,0.00000455573854197,0.00000538829590369,0.00000360775084118,0.0000021612756882,0.00000279180130747,0.00000329974545821,0.00000248708784056,0.00000207014113585,0.00000164219966337,9.0418018317e-7,0.00000110490168481,8.32066120893e-7,5.74162811517e-7],"median":[0.000160587776918,0.000533626356628,0.000394085247535,0.000356810516678,0.00022904969228,0.000130861197249,0.0000817189866211,0.0000335553704645,0.0000444890101789,0.0000211658134504,0.0000189812017197,0.00000758273199608,0.00000986690520222,0.0000138190498546,0.00000995215123112,0.0000104369519249,0.00000810427445685,0.00000512676479048,0.00000540417067896,0.00000668872371534,0.00000534061564395,0.00000453653638033,0.00000258017030319,0.00000431119678979,0.00000293775519822,0.00000175705304173,4.18046283812e-7,7.43449163565e-7,0.00000134334266022,5.17924206633e-7,7.04092002479e-8,4.7854896934e-8,3.62467886816e-8,8.54810622286e-9,1.00959063332e-8,1.31817019522e-8,8.73947136881e-9,1.06365707353e-8,7.73881936311e-9,6.04887739897e-9],"min":[4.83914741483e-25,1.30936207872e-24,2.56731645882e-24,2.75830244499e-24,3.19338073068e-24,1.54318222596e-24,1.88033122027e-24,2.01734492102e-24,2.45572182859e-24,1.49817386562e-24,3.76153452627e-24,3.1700306451e-24,3.62793540994e-24,4.64259157763e-24,5.21080927095e-24,5.63692353296e-24,4.21214134166e-24,5.4874872451e-24,4.91218676414e-24,4.42384833722e-24,5.36596440595e-24,4.65001515318e-24,3.34842108641e-24,4.9937013392e-24,3.87900183151e-24,4.50718399768e-24,3.28897469796e-24,6.58357949619e-24,6.55980638395e-24,7.05744074778e-24,5.10694074442e-24,7.97229378362e-24,7.2135507989e-24,7.39134900288e-24,5.28681720246e-24,6.48237692509e-24,6.13355564901e-24,8.25216901102e-24,6.67182976009e-24,5.72251336346e-24],"var":[0.0000465458833787,0.0000343202773365,0.0000267864688794,0.00000626266546533,6.47024023692e-7,5.41734607395e-7,4.07775019085e-7,8.19167809141e-8,8.37642772922e-8,4.28314947953e-8,3.32455485363e-8,5.03367036941e-9,5.03786701245e-9,1.0948552287e-8,3.85124643287e-9,3.06605296707e-9,8.68109528707e-10,5.01383989882e-10,2.01183084081e-10,2.64648164494e-10,2.44402470484e-10,1.91938326344e-10,4.25552731942e-10,8.42360459163e-10,3.66001534635e-10,1.83906639917e-10,1.29385085978e-10,1.48939444111e-10,1.36539876627e-10,1.06372875786e-10,6.19314044492e-11,1.03738267976e-10,1.5936527098e-10,8.57850734892e-11,6.41430450421e-11,5.13616510434e-11,1.65485194992e-11,5.04226521647e-11,2.99070872234e-11,6.71838799871e-12]},"melbands_crest":{"dmean":3.16083526611,"dmean2":4.8955283165,"dvar":11.4325361252,"dvar2":24.404510498,"max":38.6077079773,"mean":13.7412261963,"median":12.5155763626,"min":1.61876904964,"var":27.850069046},"melbands_flatness_db":{"dmean":0.0295082032681,"dmean2":0.04384258762,"dvar":0.00108473538421,"dvar2":0.00262402067892,"max":0.452586591244,"mean":0.244096547365,"median":0.24838475883,"min":0.00374294444919,"var":0.00418525049463},"melbands_kurtosis":{"dmean":10.9676818848,"dmean2":16.9981555939,"dvar":652.188476562,"dvar2":1553.45544434,"max":352.072052002,"mean":17.6874046326,"median":10.3988218307,"min":-1.88841414452,"var":721.147644043},"melbands_skewness":{"dmean":0.835343837738,"dmean2":1.21684336662,"dvar":1.53502511978,"dvar2":3.16101956367,"max":14.0685596466,"mean":3.192912817,"median":2.85204339027,"min":-3.41706156731,"var":3.07035183907},"melbands_spread":{"dmean":6.01297616959,"dmean2":8.91816711426,"dvar":110.346801758,"dvar2":209.015808105,"max":250.773010254,"mean":18.9261035919,"median":14.8489961624,"min":0.897897660732,"var":352.796691895},"mfcc":{"cov":[[10835.5654297,-421.997009277,627.161499023,275.655181885,-306.814117432,24.4720840454,-86.027961731,-15.2735204697,-108.923278809,71.1955490112,-87.1375427246,-30.5533618927,-58.1227111816],[-421.997009277,2936.05688477,-1284.10339355,290.842712402,117.809272766,-303.064239502,217.560821533,-140.951461792,171.644500732,-3.22993040085,26.8098316193,154.151138306,-46.7128143311],[627.161499023,-1284.10339355,1037.828125,-203.141830444,29.376115799,148.292373657,-125.697906494,107.552391052,-99.0824584961,44.7171630859,-21.0864982605,-68.2520599365,54.6604499817],[275.655181885,290.842712402,-203.141830444,353.160766602,56.0824394226,14.2690925598,43.7945556641,-31.3370742798,19.3978004456,-9.897772789,48.3530845642,21.983297348,-17.4064807892],[-306.814117432,117.809272766,29.376115799,56.0824394226,203.053070068,6.21028375626,16.5365943909,20.7769298553,-0.333689600229,27.8579673767,18.6503810883,19.1960754395,8.10150146484],[24.4720840454,-303.064239502,148.292373657,14.2690925598,6.21028375626,202.071929932,1.31665718555,39.3688735962,21.7242488861,-11.6471853256,42.582118988,-15.1878557205,22.5600395203],[-86.027961731,217.560821533,-125.697906494,43.7945556641,16.5365943909,1.31665718555,175.486984253,-6.73648738861,54.8578071594,15.9335975647,19.1052055359,45.7928962708,-11.3160915375],[-15.2735204697,-140.951461792,107.552391052,-31.3370742798,20.7769298553,39.3688735962,-6.73648738861,128.258285522,10.0118093491,0.83377802372,25.7643947601,-21.9847698212,31.8954029083],[-108.923278809,171.644500732,-99.0824584961,19.3978004456,-0.333689600229,21.7242488861,54.8578071594,10.0118093491,138.796798706,12.1555976868,19.6625213623,25.7667293549,9.29848957062],[71.1955490112,-3.22993040085,44.7171630859,-9.897772789,27.8579673767,-11.6471853256,15.9335975647,0.83377802372,12.1555976868,92.4921951294,3.65496730804,15.224612236,4.46610164642],[-87.1375427246,26.8098316193,-21.0864982605,48.3530845642,18.6503810883,42.582118988,19.1052055359,25.7643947601,19.6625213623,3.65496730804,115.890861511,6.27543306351,2.40748953819],[-30.5533618927,154.151138306,-68.2520599365,21.983297348,19.1960754395,-15.1878557205,45.7928962708,-21.9847698212,25.7667293549,15.224612236,6.27543306351,82.3583984375,12.0037021637],[-58.1227111816,-46.7128143311,54.6604499817,-17.4064807892,8.10150146484,22.5600395203,-11.3160915375,31.8954029083,9.29848957062,4.46610164642,2.40748953819,12.0037021637,83.7659988403]],"icov":[[0.000118126205052,-0.0000586009846302,-0.000180689617991,-0.000220330170123,0.000313953001751,-0.00000990732405626,0.0000311445692205,-0.0000721589749446,0.0000614960517851,-0.000137212016853,0.000120453696582,-0.0000713928457117,0.00013265243615],[-0.0000586009846302,0.000957664044108,0.00105122546665,0.0000436903574155,-0.000786904827692,0.000760373135563,-0.000188819642062,0.000145898578921,-0.000451173575129,0.0000685942577547,-0.000149578307173,-0.00030368345324,-0.000298995320918],[-0.000180689617991,0.00105122546665,0.00292536080815,0.000986977713183,-0.0014083153801,-0.000530157180037,0.000393341179006,-0.000541049579624,0.000561956432648,-0.000896014331374,0.000162262964295,0.0000782127099228,-0.000735303387046],[-0.000220330170123,0.0000436903574155,0.000986977713183,0.0041429377161,-0.00166723958682,-0.000736708403565,-0.000285020825686,0.000982820056379,0.000168881073478,0.000592999625951,-0.00141369504854,0.000167176272953,0.00000158264106176],[0.000313953001751,-0.000786904827692,-0.0014083153801,-0.00166723958682,0.00703174620867,-0.000390907895053,0.000050345362979,-0.00152767717373,0.000967239204329,-0.00186970713548,0.000156279376824,-0.00132766109891,0.000543316768017],[-0.00000990732405626,0.000760373135563,-0.000530157180037,-0.000736708403565,-0.000390907895053,0.00758553575724,-0.00077646720456,-0.0000992624554783,-0.00199903361499,0.00168874417432,-0.00228133634664,0.000916176883038,-0.00139608536847],[0.0000311445692205,-0.000188819642062,0.000393341179006,-0.000285020825686,0.000050345362979,-0.00077646720456,0.00799075420946,-0.000909548311029,-0.00175231089815,-0.000998306553811,-0.0000967952146311,-0.00362513819709,0.00200048671104],[-0.0000721589749446,0.000145898578921,-0.000541049579624,0.000982820056379,-0.00152767717373,-0.0000992624554783,-0.000909548311029,0.0111364452168,-0.00134719989728,0.000766058743466,-0.00256214803085,0.00385955767706,-0.00397094758227],[0.0000614960517851,-0.000451173575129,0.000561956432648,0.000168881073478,0.000967239204329,-0.00199903361499,-0.00175231089815,-0.00134719989728,0.00974646396935,-0.00156823138241,-0.000168682541698,-0.00134768744465,-0.000619777187239],[-0.000137212016853,0.0000685942577547,-0.000896014331374,0.000592999625951,-0.00186970713548,0.00168874417432,-0.000998306553811,0.000766058743466,-0.00156823138241,0.0128359189257,-0.000914118776564,-0.00133600004483,-0.000342147861375],[0.000120453696582,-0.000149578307173,0.000162262964295,-0.00141369504854,0.000156279376824,-0.00228133634664,-0.0000967952146311,-0.00256214803085,-0.000168682541698,-0.000914118776564,0.0108621409163,-0.00101154996082,0.00106255861465],[-0.0000713928457117,-0.00030368345324,0.0000782127099228,0.000167176272953,-0.00132766109891,0.000916176883038,-0.00362513819709,0.00385955767706,-0.00134768744465,-0.00133600004483,-0.00101154996082,0.0176433511078,-0.00459124473855],[0.00013265243615,-0.000298995320918,-0.000735303387046,0.00000158264106176,0.000543316768017,-0.00139608536847,0.00200048671104,-0.00397094758227,-0.000619777187239,-0.000342147861375,0.00106255861465,-0.00459124473855,0.0151636032388]],"mean":[-715.951171875,158.071105957,-15.629196167,38.3585510254,10.5134515762,-2.15034508705,4.62757492065,-7.05137252808,-2.54244112968,-4.36221170425,-4.68854904175,4.03452157974,-6.10686588287]},"pitch_salience":{"dmean":0.0752788260579,"dmean2":0.11848950386,"dvar":0.00773760210723,"dvar2":0.0178589858115,"max":0.918261289597,"mean":0.578464984894,"median":0.595156133175,"min":0.0577075593174,"var":0.0158040188253},"silence_rate_20dB":{"dmean":0,"dmean2":0,"dvar":0,"dvar2":0,"max":1,"mean":1,"median":1,"min":1,"var":0},"silence_rate_30dB":{"dmean":0.063345015049,"dmean2":0.126705899835,"dvar":0.0593259260058,"dvar2":0.129434347153,"max":1,"mean":0.941294252872,"median":1,"min":0,"var":0.0552611537278},"silence_rate_60dB":{"dmean":0.0420630946755,"dmean2":0.084136724472,"dvar":0.0402944087982,"dvar2":0.0850717127323,"max":1,"mean":0.16284891963,"median":0,"min":0,"var":0.136321038008},"spectral_centroid":{"dmean":246.137954712,"dmean2":374.423797607,"dvar":100066.539062,"dvar2":219212.5625,"max":11404.1005859,"mean":1182.44482422,"median":1027.43261719,"min":269.447601318,"var":568006.375},"spectral_complexity":{"dmean":3.1589884758,"dmean2":4.59271335602,"dvar":22.1033172607,"dvar2":42.1269683838,"max":60,"mean":14.5356111526,"median":14,"min":0,"var":72.7493972778},"spectral_contrast_coeffs":{"dmean":[0.0480537638068,0.0365856029093,0.0317683890462,0.0278630312532,0.0239497702569,0.0205294098705],"dmean2":[0.0759637132287,0.0592214986682,0.0492685958743,0.0434112809598,0.0368176028132,0.0313598513603],"dvar":[0.00209437543526,0.00116047938354,0.000946272280999,0.000652452756185,0.000546575116459,0.000483501033159],"dvar2":[0.00464113708586,0.00299223395996,0.00214406847954,0.00143188214861,0.00120261055417,0.00110331503674],"max":[-0.285815536976,-0.405739933252,-0.449155569077,-0.542701005936,-0.542393386364,-0.587460041046],"mean":[-0.631432771683,-0.720540225506,-0.757666826248,-0.759260058403,-0.759529590607,-0.763997912407],"median":[-0.638692259789,-0.72142791748,-0.756049275398,-0.755929231644,-0.759564697742,-0.767319619656],"min":[-0.980747997761,-0.978065609932,-0.970262527466,-0.968889653683,-0.967018485069,-0.963751196861],"var":[0.00890544429421,0.00464242743328,0.00395506154746,0.00330703193322,0.00337838963605,0.00274266907945]},"spectral_contrast_valleys":{"dmean":[0.406759291887,0.34346100688,0.342620790005,0.345987468958,0.36412897706,0.515920996666],"dmean2":[0.626978814602,0.533619940281,0.511284530163,0.498904049397,0.486789524555,0.581109702587],"dvar":[0.169257745147,0.156971201301,0.15603621304,0.1583776474,0.214727759361,0.462363094091],"dvar2":[0.347269326448,0.333456099033,0.313710778952,0.308063596487,0.402161866426,0.785066723824],"max":[-4.82664060593,-4.64148616791,-5.46904754639,-5.98960018158,-5.3264837265,-7.19348669052],"mean":[-7.53246545792,-7.2532916069,-8.18255901337,-8.55958938599,-8.45686721802,-11.5800895691],"median":[-7.30735254288,-7.05195760727,-8.03593063354,-8.44201660156,-8.3874578476,-11.7516794205],"min":[-28.1797904968,-27.4794769287,-27.737165451,-27.6305961609,-27.458650589,-27.3463230133],"var":[2.29285693169,2.2957136631,2.17495059967,1.99738204479,2.3077070713,3.06063771248]},"spectral_decrease":{"dmean":3.89545729007e-9,"dmean2":5.69852520726e-9,"dvar":9.15306383607e-17,"dvar2":2.02558784027e-16,"max":6.11039011047e-29,"mean":-6.06047745322e-9,"median":-2.5524504732e-9,"min":-8.80048034446e-8,"var":1.13176320482e-16},"spectral_energy":{"dmean":0.0151934036985,"dmean2":0.0220985356718,"dvar":0.00136836396996,"dvar2":0.00301454006694,"max":0.336039692163,"mean":0.0239929072559,"median":0.0102947736159,"min":1.02069006568e-20,"var":0.0017166249454},"spectral_energyband_high":{"dmean":0.000462182302726,"dmean2":0.000599561957642,"dvar":0.00000193989694708,"dvar2":0.00000327175325765,"max":0.0317044407129,"mean":0.000690723827574,"median":0.0000680105003994,"min":7.25782082724e-21,"var":0.00000432385422755},"spectral_energyband_low":{"dmean":0.00914883427322,"dmean2":0.0136236073449,"dvar":0.000835524057038,"dvar2":0.00185864500236,"max":0.324016183615,"mean":0.0108719952404,"median":0.00286713568494,"min":1.81644058669e-23,"var":0.000955121999141},"spectral_energyband_middle_high":{"dmean":0.000746517092921,"dmean2":0.00109231588431,"dvar":0.00000227377108786,"dvar2":0.00000493846528116,"max":0.0354176722467,"mean":0.0019438881427,"median":0.00114556809422,"min":1.42529187118e-21,"var":0.00000662422462483},"spectral_energyband_middle_low":{"dmean":0.00698509858921,"dmean2":0.0106989592314,"dvar":0.000519225257449,"dvar2":0.00120162067469,"max":0.298420995474,"mean":0.0116078266874,"median":0.00490226829425,"min":1.44873749886e-22,"var":0.000564314890653},"spectral_entropy":{"dmean":0.18369525671,"dmean2":0.255240857601,"dvar":0.0478223785758,"dvar2":0.100103370845,"max":9.82061958313,"mean":7.26138687134,"median":7.16312742233,"min":5.76303386688,"var":0.257879853249},"spectral_flux":{"dmean":0.0322046540678,"dmean2":0.0487857237458,"dvar":0.00353052467108,"dvar2":0.00761895813048,"max":0.527320444584,"mean":0.0666524395347,"median":0.0355422347784,"min":6.58071930282e-11,"var":0.00649505667388},"spectral_kurtosis":{"dmean":3.06093430519,"dmean2":5.10671234131,"dvar":14.0991973877,"dvar2":39.2518157959,"max":95.4181289673,"mean":6.82409715652,"median":5.65427303314,"min":-1.24465322495,"var":31.5842914581},"spectral_rms":{"dmean":0.00104764814023,"dmean2":0.00139685440809,"dvar":0.000003800793138,"dvar2":0.00000718585351933,"max":0.0181064512581,"mean":0.00387668400072,"median":0.00316917686723,"min":3.15562224788e-12,"var":0.00000837901188788},"spectral_rolloff":{"dmean":531.532958984,"dmean2":863.686340332,"dvar":1430747.625,"dvar2":3357921,"max":19250.6835938,"mean":1255.66162109,"median":732.12890625,"min":21.533203125,"var":2987571.5},"spectral_skewness":{"dmean":0.333054512739,"dmean2":0.534147202969,"dvar":0.112254068255,"dvar2":0.306740731001,"max":7.4745516777,"mean":1.63689279556,"median":1.58617961407,"min":-0.17429241538,"var":0.39311081171},"spectral_spread":{"dmean":653052.9375,"dmean2":831764.0625,"dvar":829972348928,"dvar2":1534955487230,"max":42460880,"mean":3814020.25,"median":3055814.5,"min":1006296.875,"var":6084021977090},"spectral_strongpeak":{"dmean":0.269460141659,"dmean2":0.436349511147,"dvar":0.295681625605,"dvar2":0.744376957417,"max":11.5020542145,"mean":0.505620777607,"median":0.305252373219,"min":0,"var":0.436482906342},"zerocrossingrate":{"dmean":0.0102030485868,"dmean2":0.0115547263995,"dvar":0.000228922770475,"dvar2":0.000293282704661,"max":0.51123046875,"mean":0.0499292500317,"median":0.03955078125,"min":0,"var":0.00179012224544}},"metadata":{"audio_properties":{"analysis_sample_rate":44100,"bit_rate":0,"codec":"flac","downmix":"mix","equal_loudness":0,"length":185.466659546,"lossless":true,"md5_encoded":"8feaf42f14c884b49dd1b68df4920473","replay_gain":0.842332839966,"sample_rate":44100},"tags":{"album":["Legendary Hearts"],"albumartist":["Lou Reed"],"albumartistsort":["Reed, Lou"],"artist":["Lou Reed"],"artistsort":["Reed, Lou"],"asin":["B00000739Q"],"barcode":["0035628984326"],"catalognumber":["ND89843"],"date":["1989"],"discnumber":["01"],"disctotal":["01"],"file_name":"11_rooftop_garden.flac","genre":["Rock"],"label":["RCA Records"],"language":["English"],"media":["CD"],"musicbrainz_albumartistid":["9d1ebcfe-4c15-4d18-95d3-d919898638a1"],"musicbrainz_albumid":["3b4e3ee0-857d-3de2-ab70-a56466534924"],"musicbrainz_artistid":["9d1ebcfe-4c15-4d18-95d3-d919898638a1"],"musicbrainz_discid":["ECMys5rSQeeomCrqdrx6pRaGqYg-","G6Lo16lojQNwlQqeMh.rnINkQ44-","omG3Mqo8kkY0lqTDDI.VWmhElzQ-"],"musicbrainz_recordingid":["f523f495-655d-40d9-baea-c57e3506041a"],"musicbrainz_releasegroupid":["752ba621-0a8a-3ee0-ae10-5850d3f5c631"],"musicip_puid":["9ee42fe2-d6f2-30cb-3992-ca4ee2fb6755"],"releasecountry":["United States"],"script":["Latin"],"title":["Rooftop Garden"],"tracknumber":["11"],"tracktotal":["11"]},"version":{"essentia":"2.1-beta2","essentia_build_sha":"70f2e5ece6736b2c40cc944ad0e695b16b925413","essentia_git_sha":"v2.1_beta2","extractor":"music 1.0"}},"rhythm":{"beats_count":286,"beats_loudness":{"dmean":0.0670877769589,"dmean2":0.118494518101,"dvar":0.00283076008782,"dvar2":0.00812544487417,"max":0.268621653318,"mean":0.0973268225789,"median":0.11411973834,"min":2.84181904675e-8,"var":0.00387032004073},"beats_loudness_band_ratio":{"dmean":[0.24926841259,0.161792695522,0.081757158041,0.0399123728275,0.0259721372277,0.0636937767267],"dmean2":[0.410358637571,0.241601407528,0.152233421803,0.07639