{"lowlevel":{"average_loudness":0.9046189785,"barkbands":{"dmean":[0.0014739719918,0.00580011354759,0.00216678413562,0.0025490981061,0.00368997990154,0.00134389754385,0.00113435683306,0.000579874205869,0.000778089452069,0.000400835793698,0.000235753934248,0.000313417782309,0.000258174346527,0.000206312179216,0.000134464818984,0.0000563444700674,0.0000426961378253,0.0000314891549351,0.0000281347747659,0.0000150694049807,0.00000807366450317,0.00000457370015283,0.00000285588862425,0.00000224941686611,0.00000214006900023,0.00000219051321437,0.0000103771217255],"dmean2":[0.00233029806986,0.00870513543487,0.00344436522573,0.00406641419977,0.0057929395698,0.00213208445348,0.00158321706112,0.000891921867151,0.00112934422214,0.000606870045885,0.000369872781448,0.000493892061058,0.000406482955441,0.000323051703162,0.000207240751479,0.0000830209683045,0.0000598408078076,0.000044497239287,0.0000390973436879,0.0000210035868804,0.0000115906759675,0.00000687450710757,0.00000449626440968,0.0000035866773942,0.00000341806412507,0.00000348225194102,0.0000134576139317],"dvar":[0.00000701838871464,0.0000816336614662,0.0000125292190205,0.0000225711228268,0.0000461266135972,0.00000862119304657,0.0000243140075327,0.00000297037718155,0.00000756463350626,0.00000186861859675,4.94148650887e-7,7.34968352845e-7,3.85086423194e-7,1.47648748339e-7,1.62593835284e-7,1.41915883489e-8,1.0972745379e-8,4.80999506891e-9,7.308199379e-9,2.02277861128e-9,3.89223125952e-10,6.13528117199e-11,2.2932482302e-11,1.63432305883e-11,1.50578577385e-11,1.47595286687e-11,3.90127652405e-10],"dvar2":[0.0000170143703144,0.00017262827896,0.0000311936055368,0.0000557909042982,0.000106958235847,0.000020998337277,0.0000402735968237,0.0000058301379795,0.0000126971517602,0.00000369735107597,0.00000119653543607,0.00000164996981766,8.95949881397e-7,3.63565845873e-7,3.91874607431e-7,2.93760180625e-8,2.23591491988e-8,9.37454558425e-9,1.2891621104e-8,3.49672935052e-9,7.78591469075e-10,1.28657043352e-10,5.21541664023e-11,3.67075397856e-11,3.37449235221e-11,3.3078227657e-11,5.90890003593e-10],"max":[0.0507383793592,0.18792822957,0.0630192607641,0.116025879979,0.117411114275,0.0562260448933,0.185509353876,0.0867968350649,0.126438230276,0.0574843250215,0.0179147385061,0.0424926094711,0.0293293949217,0.00713071413338,0.0179953165352,0.00250074709766,0.00211960542947,0.00164863932878,0.00325983576477,0.00171102816239,0.000982698868029,0.000178256043,0.0000773894062149,0.0000710378371878,0.0000685065824655,0.0000678485666867,0.000579549407121],"mean":[0.00278631248511,0.0110165495425,0.00337094231509,0.00417762994766,0.0066837775521,0.00202281796373,0.00178540614434,0.000854316866025,0.00139930599835,0.0006061012391,0.000375234667445,0.00048627355136,0.000470094673801,0.000356706732418,0.000209615798667,0.0000893120304681,0.0000637945267954,0.0000487697834615,0.0000433298846474,0.0000233756800299,0.0000114559989015,0.00000599680652158,0.00000332371041623,0.00000237429458139,0.00000221600384975,0.0000024005269097,0.0000204028074222],"median":[0.000755365588702,0.00504002487287,0.00157782062888,0.0015458202688,0.00272560771555,0.000573276134674,0.000333573669195,0.000230164892855,0.000286078371573,0.000160753072123,0.0000995766677079,0.00015825254377,0.00015673157759,0.000133230059873,0.0000574402583879,0.0000311802687065,0.0000158647962962,0.0000159122009791,0.0000113389005492,0.00000542080806554,0.00000324024745169,0.00000202102228286,0.00000110769462935,6.55190660837e-7,5.62084608191e-7,7.30175202079e-7,0.0000080773670561],"min":[1.77270250935e-23,1.73811758508e-23,7.81516846852e-24,5.1742813034e-23,8.70817494822e-23,4.17311868037e-23,5.07852684237e-23,3.56135894164e-23,4.67809915361e-23,4.70630881958e-23,5.48280985214e-23,1.21476690795e-22,1.06236327246e-22,1.70341461568e-22,1.34036669071e-22,1.01989144309e-22,1.11040452294e-22,2.05500310538e-22,1.61338879943e-22,3.58360475606e-22,5.48561655613e-22,3.78149625704e-22,4.58540383206e-22,9.63289385719e-22,1.30646685112e-21,1.55802063411e-21,2.56285635759e-21],"var":[0.0000213844959944,0.000254574697465,0.0000268817875622,0.0000568689974898,0.00012585746299,0.0000157591748575,0.0000629834830761,0.0000055620994317,0.0000255048289546,0.00000378468666895,0.0000012303182757,0.00000129143734284,0.00000187011789876,3.4568955698e-7,2.63533053158e-7,2.7969971228e-8,2.08691446346e-8,9.85796688724e-9,1.7596585522e-8,6.13309580899e-9,9.17711184822e-10,1.18535403715e-10,3.28669869099e-11,2.28168855337e-11,2.09513309479e-11,2.09449489003e-11,1.31395094805e-9]},"barkbands_crest":{"dmean":2.78449368477,"dmean2":4.47453784943,"dvar":5.73550605774,"dvar2":14.5963058472,"max":26.2259902954,"mean":11.5654678345,"median":10.8648900986,"min":2.54740071297,"var":17.6673755646},"barkbands_flatness_db":{"dmean":0.0339310653508,"dmean2":0.0520710647106,"dvar":0.000786485441495,"dvar2":0.0018686800031,"max":0.39563331008,"mean":0.205420807004,"median":0.204337015748,"min":0.0354395024478,"var":0.00315850274637},"barkbands_kurtosis":{"dmean":4.80155324936,"dmean2":7.49309921265,"dvar":41.7923812866,"dvar2":98.4275588989,"max":117.372596741,"mean":9.85480213165,"median":6.32357597351,"min":-1.85220634937,"var":126.973625183},"barkbands_skewness":{"dmean":0.630813717842,"dmean2":0.972137749195,"dvar":0.359909623861,"dvar2":0.844200670719,"max":8.55484294891,"mean":2.10312891006,"median":2.01984834671,"min":-2.64255976677,"var":1.98650920391},"barkbands_spread":{"dmean":2.80743026733,"dmean2":4.28206157684,"dvar":13.8903675079,"dvar2":30.6109752655,"max":120.149482727,"mean":9.77169036865,"median":7.88696193695,"min":0.404798001051,"var":66.591583252},"dissonance":{"dmean":0.0255346149206,"dmean2":0.0427045300603,"dvar":0.000653596129268,"dvar2":0.00172564864624,"max":0.499999970198,"mean":0.456196516752,"median":0.464658647776,"min":0.212786152959,"var":0.00125306064729},"dynamic_complexity":3.85039639473,"erbbands":{"dmean":[0.249399974942,1.0726224184,1.98379683495,5.76420783997,12.0913934708,11.9942321777,12.7459421158,10.481467247,10.0187807083,23.5503044128,11.7380638123,19.4646663666,11.1344385147,12.0532169342,9.88317871094,13.4325437546,10.9046535492,9.83297252655,9.12046527863,4.32544326782,2.93520712852,2.35070419312,1.7059943676,1.68630695343,1.22059941292,0.700235426426,0.406993359327,0.267238408327,0.173347622156,0.116984426975,0.0761362761259,0.0509644411504,0.0357079692185,0.0241919849068,0.0150799788535,0.00835209432989,0.00406380137429,0.00194976327475,0.000899358477909,0.000222018396016],"dmean2":[0.371827483177,1.62684857845,3.14548707008,9.01583862305,20.0551834106,18.4116706848,20.2905197144,16.8941307068,15.1183204651,33.0063476562,17.5012340546,27.7266864777,16.7916717529,18.0877418518,15.431350708,20.9373455048,17.1025791168,15.2187900543,13.9567861557,6.45708417892,4.19007205963,3.23085069656,2.37200021744,2.38016676903,1.67116641998,0.948206007481,0.573426902294,0.388778090477,0.260719060898,0.180825814605,0.120173230767,0.081174120307,0.0569962225854,0.0386294610798,0.0240793246776,0.0133354952559,0.00646146386862,0.00296452851035,0.0011906492291,0.000275366735877],"dvar":[0.167349383235,2.90530920029,9.05928707123,105.894165039,547.738952637,672.894287109,812.370422363,665.402954102,615.952514648,13450.7460938,821.358215332,5857.81738281,819.385009766,2223.07836914,761.432373047,1559.79931641,638.55456543,380.189697266,405.355834961,207.63432312,38.949798584,32.4411354065,14.3344726562,16.6684474945,20.8992290497,3.97334384918,1.19978046417,0.348690360785,0.0923666283488,0.0393864735961,0.0163471587002,0.00811088457704,0.0041739596054,0.00192368216813,0.000747466401663,0.000229030410992,0.0000508395496581,0.0000102453341242,0.00000426830592914,1.73826990135e-7],"dvar2":[0.362794667482,6.2226266861,22.7434406281,249.044616699,1392.28674316,1511.43896484,1970.75183105,1638.57104492,1285.19604492,22406.84375,1711.73852539,9438.12109375,1789.11755371,4271.72070312,1795.99047852,3348.12792969,1518.94421387,922.422241211,952.452453613,472.512573242,77.2206497192,63.9057159424,27.3921508789,33.0772094727,36.734916687,6.46247196198,2.29754781723,0.709207594395,0.191150248051,0.0894267782569,0.0369862578809,0.0182504113764,0.00935747008771,0.00431068893522,0.00167483382393,0.00051319913473,0.000114171903988,0.0000220432193601,0.00000608861637375,2.60367727378e-7],"max":[6.45920944214,37.7124595642,47.3854370117,220.995285034,640.031188965,452.037567139,479.576049805,577.113586426,675.215942383,4311.79199219,780.859924316,3777.14477539,788.717407227,1806.66784668,859.471130371,2195.54882812,1103.17773438,490.455352783,422.767883301,744.760253906,105.543327332,137.505966187,78.5208206177,144.174667358,206.121322632,83.4792861938,57.2501907349,21.809633255,7.32534456253,2.64773607254,2.14059042931,1.58100700378,1.13942015171,0.774136066437,0.482794314623,0.266977697611,0.125508755445,0.0457579232752,0.0905193760991,0.01144740358],"mean":[0.479051411152,1.8714748621,3.43265581131,10.1298084259,20.3077220917,20.2307720184,19.1265392303,15.8574399948,16.0795078278,36.1805381775,19.9994277954,35.1790351868,18.4489994049,19.012348175,17.5652236938,22.3402462006,20.9217453003,17.5750141144,16.4129981995,7.12539863586,4.78012800217,3.63153982162,2.69135046005,2.56447196007,1.89609456062,1.09103870392,0.597579419613,0.364427000284,0.228741064668,0.143958315253,0.087983302772,0.0552849397063,0.0372100807726,0.0250949319452,0.0156431049109,0.00869372766465,0.00447258539498,0.00250737695023,0.00148547219578,0.000501554110087],"median":[0.174965769053,0.85737735033,1.81957638264,4.54384946823,7.62333154678,7.15416574478,5.34334087372,4.49577856064,4.53147554398,5.16614151001,6.0681552887,6.75360918045,5.3448343277,5.37802410126,5.39452123642,7.64414215088,7.98985910416,6.65507030487,5.05126810074,2.57919120789,1.62740087509,0.9746286273,0.842230081558,0.766483485699,0.452825129032,0.250938206911,0.155785098672,0.106507107615,0.075867600739,0.048570998013,0.0292844586074,0.0163094308227,0.00980304181576,0.00641746073961,0.00398585246876,0.00226578023285,0.00136958796065,0.000856545986608,0.000452399253845,0.000242118432652],"min":[1.18008936511e-21,1.50695838716e-21,7.43634401333e-21,9.95976768561e-20,2.3130058558e-19,2.50473236312e-19,3.08553050938e-19,4.15906541239e-19,4.54715968574e-19,1.00788411103e-18,8.99893820902e-19,9.53134267053e-19,1.74601552531e-18,1.64181568695e-18,2.43716587254e-18,5.38177313648e-18,3.77344120374e-18,8.93178127624e-18,6.29466785847e-18,7.7668793632e-18,6.03885853172e-18,5.9852117331e-18,1.22953085779e-17,8.225638694e-18,1.04972313388e-17,1.67282555074e-17,2.04076475163e-17,2.16104260296e-17,1.37677148837e-17,1.31966914273e-17,1.48080185811e-17,1.88897479312e-17,1.52763632808e-17,1.17477133581e-17,1.0122379555e-17,5.11915942202e-18,3.31912383282e-18,1.45480121399e-18,3.48103192663e-19,3.8368452827e-20],"var":[0.518089532852,8.10965156555,20.9189453125,280.894287109,1453.30834961,1468.24499512,1412.44921875,1185.23425293,1493.69555664,32219.7734375,1960.85095215,20266.1601562,1839.41918945,4310.92578125,2328.87158203,2863.73754883,2876.27758789,985.362609863,986.980285645,310.898742676,81.9895248413,64.5123291016,30.6433906555,32.5234222412,53.4853172302,12.8077688217,3.14713597298,0.735218882561,0.180107340217,0.0598534084857,0.0235597491264,0.0114178694785,0.00581301515922,0.00267836730927,0.00104100431781,0.000319033279084,0.0000721161341062,0.0000179428134288,0.0000147341061165,5.78307947308e-7]},"erbbands_crest":{"dmean":2.98947095871,"dmean2":4.78373622894,"dvar":8.68431091309,"dvar2":19.1350708008,"max":32.7320518494,"mean":10.3258266449,"median":8.8333530426,"min":2.34322357178,"var":30.4063453674},"erbbands_flatness_db":{"dmean":0.0321893654764,"dmean2":0.0496906228364,"dvar":0.000730776635464,"dvar2":0.00177624053322,"max":0.448673844337,"mean":0.189233243465,"median":0.183894902468,"min":0.0470718033612,"var":0.00274360110052},"erbbands_kurtosis":{"dmean":1.4248329401,"dmean2":2.25432515144,"dvar":8.30394172668,"dvar2":18.70429039,"max":73.6061935425,"mean":1.33408594131,"median":-0.00911712646484,"min":-1.84385180473,"var":23.4405670166},"erbbands_skewness":{"dmean":0.41341561079,"dmean2":0.636137068272,"dvar":0.159263581038,"dvar2":0.344296514988,"max":6.47549390793,"mean":0.387273073196,"median":0.278454691172,"min":-4.32508039474,"var":1.00723004341},"erbbands_spread":{"dmean":5.41752958298,"dmean2":8.36835193634,"dvar":24.1195735931,"dvar2":53.6804046631,"max":105.753669739,"mean":25.8806095123,"median":25.4368877411,"min":0.824086010456,"var":123.96182251},"gfcc":{"cov":[[19227.7578125,3603.65209961,-468.246490479,-242.406600952,297.206848145,-328.624420166,-22.7214164734,-415.595092773,-162.605224609,-161.439727783,-24.4916572571,-256.780731201,11.8575553894],[3603.65209961,1995.69250488,-114.715316772,-247.380401611,261.833740234,-155.339370728,142.704772949,-271.14855957,44.2182922363,-143.778381348,43.5660018921,-123.404708862,-17.6023254395],[-468.246490479,-114.715316772,460.316467285,147.598831177,-142.302612305,199.704833984,-161.97984314,96.3007965088,-82.909362793,58.1435623169,-35.3729553223,24.6558437347,-2.54107141495],[-242.406600952,-247.380401611,147.598831177,295.08770752,73.1514053345,-2.54136061668,-1.70653772354,23.9715538025,-8.80433177948,6.03008556366,-19.7311420441,37.5470085144,-12.4450893402],[297.206848145,261.833740234,-142.302612305,73.1514053345,278.191070557,-23.9567375183,129.237045288,-74.5170059204,30.89153862,-63.994682312,24.1708641052,-18.8137283325,9.82057380676],[-328.624420166,-155.339370728,199.704833984,-2.54136061668,-23.9567375183,301.088409424,-32.7561988831,100.158660889,-82.8040466309,18.6884613037,-20.5174293518,15.2240667343,23.6775398254],[-22.7214164734,142.704772949,-161.97984314,-1.70653772354,129.237045288,-32.7561988831,216.066619873,-6.46895122528,59.05834198,-58.3451004028,4.61095952988,2.3351662159,-5.3890504837],[-415.595092773,-271.14855957,96.3007965088,23.9715538025,-74.5170059204,100.158660889,-6.46895122528,203.454147339,28.4250450134,52.4327735901,1.55130302906,12.6112747192,1.84833538532],[-162.605224609,44.2182922363,-82.909362793,-8.80433177948,30.89153862,-82.8040466309,59.05834198,28.4250450134,145.06628418,56.7099876404,28.530374527,1.95087981224,-13.3134489059],[-161.439727783,-143.778381348,58.1435623169,6.03008556366,-63.994682312,18.6884613037,-58.3451004028,52.4327735901,56.7099876404,115.717803955,50.5986251831,21.3667221069,-1.86446905136],[-24.4916572571,43.5660018921,-35.3729553223,-19.7311420441,24.1708641052,-20.5174293518,4.61095952988,1.55130302906,28.530374527,50.5986251831,90.9238815308,43.0302276611,6.86227464676],[-256.780731201,-123.404708862,24.6558437347,37.5470085144,-18.8137283325,15.2240667343,2.3351662159,12.6112747192,1.95087981224,21.3667221069,43.0302276611,87.2163467407,33.9149551392],[11.8575553894,-17.6023254395,-2.54107141495,-12.4450893402,9.82057380676,23.6775398254,-5.3890504837,1.84833538532,-13.3134489059,-1.86446905136,6.86227464676,33.9149551392,68.7611999512]],"icov":[[0.000255385966739,-0.00121769611724,0.00249812961556,-0.00199925457127,0.00115548807662,-0.000860617496073,0.000810853147414,-0.000819314969704,0.00156906258781,-0.00212445855141,0.00166058575269,-0.000651746173389,-0.00000646402168059],[-0.00121769611724,0.00758492993191,-0.0159458834678,0.0137699209154,-0.00901783350855,0.00690357713029,-0.00533619243652,0.00479365279898,-0.00741079589352,0.0106965033337,-0.00837596133351,0.00356812309474,0.000349445908796],[0.00249812961556,-0.0159458834678,0.04845745489,-0.0511893890798,0.044471591711,-0.0354648716748,0.0184031352401,-0.000867210852448,-0.00642470782623,0.00800859089941,-0.0154195092618,0.0197351202369,-0.013882426545],[-0.00199925457127,0.0137699209154,-0.0511893890798,0.0758332312107,-0.0757620930672,0.0555718652904,-0.019527040422,-0.0143377967179,0.039891820401,-0.0555200874805,0.0691044256091,-0.0638133957982,0.0370390936732],[0.00115548807662,-0.00901783350855,0.044471591711,-0.0757620930672,0.0887905806303,-0.0614314228296,0.0157439876348,0.0243035946041,-0.0590908974409,0.0831464976072,-0.0968586876988,0.0833056345582,-0.0461323782802],[-0.000860617496073,0.00690357713029,-0.0354648716748,0.0555718652904,-0.0614314228296,0.0513258315623,-0.0163452457637,-0.0185727477074,0.0468702428043,-0.0615009516478,0.0679253041744,-0.0567573420703,0.0296039935201],[0.000810853147414,-0.00533619243652,0.0184031352401,-0.019527040422,0.0157439876348,-0.0163452457637,0.01815504767,-0.000359048426617,-0.0129439467564,0.0169405192137,-0.0116007830948,0.00728627713397,-0.00403052056208],[-0.000819314969704,0.00479365279898,-0.000867210852448,-0.0143377967179,0.0243035946041,-0.0185727477074,-0.000359048426617,0.0219988655299,-0.0330361835659,0.0413813330233,-0.0452626682818,0.0357848703861,-0.0173610635102],[0.00156906258781,-0.00741079589352,-0.00642470782623,0.039891820401,-0.0590908974409,0.0468702428043,-0.0129439467564,-0.0330361835659,0.0883351489902,-0.112508483231,0.107308410108,-0.0798230245709,0.0397027917206],[-0.00212445855141,0.0106965033337,0.00800859089941,-0.0555200874805,0.0831464976072,-0.0615009516478,0.0169405192137,0.0413813330233,-0.112508483231,0.166402190924,-0.159568026662,0.114620372653,-0.0550113357604],[0.00166058575269,-0.00837596133351,-0.0154195092618,0.0691044256091,-0.0968586876988,0.0679253041744,-0.0116007830948,-0.0452626682818,0.107308410108,-0.159568026662,0.181864649057,-0.136999025941,0.0661302432418],[-0.000651746173389,0.00356812309474,0.0197351202369,-0.0638133957982,0.0833056345582,-0.0567573420703,0.00728627713397,0.0357848703861,-0.0798230245709,0.114620372653,-0.136999025941,0.124678142369,-0.0627088099718],[-0.00000646402168059,0.000349445908796,-0.013882426545,0.0370390936732,-0.0461323782802,0.0296039935201,-0.00403052056208,-0.0173610635102,0.0397027917206,-0.0550113357604,0.0661302432418,-0.0627088099718,0.0478954426944]],"mean":[-75.5732803345,143.153869629,-86.7693786621,1.45545816422,-18.2185249329,-0.252331674099,-14.1455392838,-9.97081661224,-12.0419635773,-3.95596194267,-7.88229751587,-5.88529729843,-10.367272377]},"hfc":{"dmean":3.7798473835,"dmean2":5.07868337631,"dvar":32.9309844971,"dvar2":56.1170921326,"max":130.470870972,"mean":11.0824804306,"median":7.65996026993,"min":1.20759832929e-16,"var":130.766143799},"melbands":{"dmean":[0.00187942956109,0.00106543279253,0.00111289892811,0.000846579438075,0.000456418376416,0.00023719361343,0.000172069907421,0.000229475685046,0.000100853751064,0.000117151881568,0.0000546943811059,0.0000517794542247,0.0000333589268848,0.0000348227003997,0.0000340951228281,0.0000211612223211,0.0000191553117475,0.00001663661169,0.00000831999568618,0.00000444623037765,0.00000342161251865,0.00000266744132205,0.00000188229284959,0.00000146798709011,0.00000144581827044,9.65791741692e-7,7.70033864228e-7,4.15309415303e-7,2.82570255195e-7,1.92466075077e-7,1.4525257086e-7,1.03652823213e-7,7.85204434806e-8,6.04372445423e-8,4.55475976935e-8,3.57886982272e-8,2.94075590546e-8,2.54075445127e-8,2.23205738337e-8,1.97403018376e-8],"dmean2":[0.00280615501106,0.0016485612141,0.00177741085645,0.00134654063731,0.000718363735359,0.000377532735001,0.000252485391684,0.000324257474858,0.000151405009092,0.000167753431015,0.0000831551878946,0.0000780593181844,0.0000522661321156,0.0000548624448129,0.0000538147251063,0.0000330702969222,0.0000300137890008,0.0000258470336121,0.0000127246239572,0.0000066806887844,0.00000494716505273,0.00000379374273507,0.00000266649385594,0.0000021171319986,0.00000209950076169,0.00000136090091019,0.00000104987736904,5.86870669395e-7,4.04571068202e-7,2.81824497961e-7,2.16788379248e-7,1.57006795121e-7,1.20543290905e-7,9.45220222093e-8,7.18968209412e-8,5.70247209453e-8,4.68904097772e-8,4.05569586803e-8,3.56435414517e-8,3.15221342362e-8],"dvar":[0.00000900108261703,0.00000217095703192,0.00000373044667867,0.00000262467528955,9.88234205579e-7,3.0502067716e-7,2.60499660953e-7,0.00000112888358217,7.91793368649e-8,1.96999749846e-7,2.02445704645e-8,4.30035811405e-8,1.00041797069e-8,8.54049186927e-9,7.2218808711e-9,2.0016972524e-9,1.45807488305e-9,1.26632804243e-9,8.99058216763e-10,1.19465548565e-10,5.61618321293e-11,4.67901620227e-11,1.89955568636e-11,1.09420606256e-11,1.26693473421e-11,1.12734162283e-11,7.65085737819e-12,1.33213210428e-12,6.21119692137e-13,2.33179957548e-13,1.0393170157e-13,3.50097555113e-14,1.79932329073e-14,1.08296211625e-14,5.87301220704e-15,3.84195467798e-15,2.77301985085e-15,2.11277143275e-15,1.63730314622e-15,1.28093372718e-15],"dvar2":[0.0000188754620467,0.00000501848035128,0.00000935144180403,0.00000618207968728,0.00000234662161347,7.43749467347e-7,4.70133556973e-7,0.00000189300203601,1.64172718087e-7,3.25365363096e-7,4.45332943855e-8,8.2472666918e-8,2.40609363544e-8,1.94208045201e-8,1.67644387261e-8,4.62015359304e-9,3.6556184746e-9,2.9696272108e-9,2.15666196013e-9,2.58330107306e-10,1.16535781025e-10,9.88478465747e-11,3.92791042747e-11,2.20668257972e-11,2.66979979791e-11,2.0502688089e-11,1.30923301714e-11,2.3954395325e-12,1.28448022618e-12,4.742925345e-13,2.21820554546e-13,7.37386361823e-14,4.08364917673e-14,2.49547408969e-14,1.33590004564e-14,8.69914441182e-15,6.24179595271e-15,4.73688310324e-15,3.66922560179e-15,2.87046294462e-15],"max":[0.0558138117194,0.0269905868918,0.0446383953094,0.0285214949399,0.0210110135376,0.0118388263509,0.0171312615275,0.0391219332814,0.00913379713893,0.0217243954539,0.00385924009606,0.00798782706261,0.00256608962081,0.00429587857798,0.00380507670343,0.00127438339405,0.000909265887458,0.000666162290145,0.00157429685351,0.000366797001334,0.000143790923175,0.000178653164767,0.000108455053123,0.0000816565443529,0.000117875555588,0.000122041492432,0.000121174882224,0.0000415427020926,0.0000347359928128,0.0000217127453652,0.00001056457495,0.00000459427064925,0.0000019085744043,0.00000142188696373,0.00000126496377106,0.00000107604739696,9.22586082197e-7,8.1027150145e-7,7.14055317985e-7,6.31671298379e-7],"mean":[0.00377000262961,0.00202290411107,0.00206870515831,0.00151405914221,0.000721090007573,0.000363394850865,0.00027781719109,0.000352097704308,0.000172380096046,0.000208809928154,0.0000863840978127,0.000077977842011,0.0000550217482669,0.0000550831609871,0.0000620249993517,0.000036802055547,0.0000322105333908,0.0000291191900033,0.0000128565488922,0.00000684999167788,0.00000525121322426,0.00000389373599319,0.00000275916545434,0.00000221861205318,0.00000209906193049,0.00000145022295328,0.00000116579451515,6.12600558725e-7,4.01093871005e-7,2.64278924078e-7,1.91261378291e-7,1.35185402428e-7,9.78650476213e-8,7.23012760773e-8,5.23467669211e-8,3.99630657455e-8,3.11244008344e-8,2.63992241401e-8,2.31325945066e-8,2.0450086069e-8],"median":[0.0016204736894,0.00114506680984,0.000931396149099,0.000612057221588,0.000205955249839,0.000103265883808,0.0000707354411134,0.0000535007457074,0.0000487012657686,0.0000406402214139,0.0000243390240939,0.0000203202325793,0.0000159184201038,0.0000180687475222,0.0000205117794394,0.0000131695669552,0.0000113189862532,0.00000848752006277,0.00000392214269596,0.00000248969422501,0.00000161778984875,9.479214782e-7,7.84332144121e-7,7.1102590482e-7,6.14036139268e-7,3.5180724467e-7,2.48503653211e-7,1.4088564626e-7,1.0130860062e-7,7.28608071654e-8,5.61462485393e-8,4.45827303963e-8,3.33762280036e-8,2.38276403053e-8,1.73813656801e-8,1.24064767348e-8,8.62472759877e-9,6.89064094672e-9,5.92896087781e-9,5.18054044107e-9],"min":[8.83411801169e-24,2.81429362267e-24,2.07358431379e-23,1.87049238929e-23,1.18186596506e-23,8.73590482899e-24,7.97776768944e-24,9.83280802909e-24,7.63449802198e-24,6.08260746188e-24,8.47920081296e-24,6.2821608719e-24,8.05040126843e-24,1.32115986826e-23,7.776390433e-24,1.36074340965e-23,1.69970810538e-23,1.02169572575e-23,1.22356641469e-23,8.21409148398e-24,6.99312570704e-24,6.3173728617e-24,8.41703541818e-24,9.78503619039e-24,6.47354957156e-24,6.03613842696e-24,8.68858185214e-24,1.19106684423e-23,1.1605866788e-23,1.36922208666e-23,1.19107804605e-23,6.95852626774e-24,7.54350528314e-24,7.2240071502e-24,8.48212748691e-24,1.08053449409e-23,1.11154903389e-23,1.09581236324e-23,1.00007904368e-23,9.35563553385e-24],"var":[0.0000296849975712,0.00000608600430496,0.0000101177074612,0.00000706368882675,0.00000188344699836,5.66308926864e-7,6.92520416123e-7,0.0000026755133149,2.00636449676e-7,6.61313322325e-7,4.3805265193e-8,8.24216144224e-8,2.44249633852e-8,1.56916311056e-8,2.95216171509e-8,6.54519238807e-9,3.40969052992e-9,3.19952841998e-9,1.24650867406e-9,2.05813033283e-10,1.09205824939e-10,8.26062343529e-11,3.67906156928e-11,2.07640727529e-11,2.21502816089e-11,2.6911360293e-11,2.19174418198e-11,3.77510045793e-12,1.46069419581e-12,5.24846821819e-13,1.90975056949e-13,6.68964598885e-14,2.87036121596e-14,1.54003854347e-14,8.3607217151e-15,5.44367322893e-15,3.86506766601e-15,2.94074020946e-15,2.27858681427e-15,1.78320488902e-15]},"melbands_crest":{"dmean":3.6314125061,"dmean2":5.85723352432,"dvar":10.2473545074,"dvar2":26.1290111542,"max":37.6782188416,"mean":16.9587535858,"median":15.9492101669,"min":1.87236762047,"var":41.4081306458},"melbands_flatness_db":{"dmean":0.0405471175909,"dmean2":0.0619915872812,"dvar":0.00112520635594,"dvar2":0.00267920945771,"max":0.547819912434,"mean":0.324736624956,"median":0.328423082829,"min":0.00437566125765,"var":0.006191465538},"melbands_kurtosis":{"dmean":7.7276673317,"dmean2":12.0010843277,"dvar":107.760681152,"dvar2":256.980010986,"max":172.886352539,"mean":16.5032520294,"median":10.6529378891,"min":-1.73788130283,"var":334.348907471},"melbands_skewness":{"dmean":0.760869085789,"dmean2":1.16826927662,"dvar":0.527974486351,"dvar2":1.21451020241,"max":10.2381076813,"mean":2.87637376785,"median":2.72475481033,"min":-2.31947350502,"var":2.82275128365},"melbands_spread":{"dmean":3.25616979599,"dmean2":4.99332380295,"dvar":21.1894416809,"dvar2":46.5718574524,"max":173.53112793,"mean":11.9515190125,"median":7.70146465302,"min":0.571401715279,"var":346.141967773},"mfcc":{"cov":[[8413.89648438,1665.55126953,-517.50604248,266.12789917,-92.2008514404,127.586647034,-51.6963119507,-63.8145294189,-91.6114959717,2.3631746769,4.89643859863,-13.2407674789,-46.6755752563],[1665.55126953,1763.34594727,-158.746459961,-37.6544761658,32.016368866,100.559448242,49.6781539917,-16.4354553223,-55.7962760925,17.4994506836,51.3290634155,-49.073474884,-43.9949302673],[-517.50604248,-158.746459961,615.166442871,-86.0823135376,86.141960144,1.34732854366,1.4018112421,-23.0858192444,2.45138072968,-11.1313028336,-13.3230895996,26.1607475281,-18.4472084045],[266.12789917,-37.6544761658,-86.0823135376,325.303741455,44.1224327087,12.9625339508,-24.8662567139,11.6331148148,7.06364822388,-3.51732540131,-6.00533103943,5.41407012939,32.506729126],[-92.2008514404,32.016368866,86.141960144,44.1224327087,154.682495117,59.0947952271,43.0418548584,6.64210557938,-0.0422616861761,2.02122402191,-3.37630677223,3.79977869987,6.72643756866],[127.586647034,100.559448242,1.34732854366,12.9625339508,59.0947952271,145.993301392,68.89037323,21.8689804077,2.29270863533,-16.9849300385,-21.7631950378,-20.4895515442,-9.69982719421],[-51.6963119507,49.6781539917,1.4018112421,-24.8662567139,43.0418548584,68.89037323,142.616088867,83.232208252,16.4773349762,-12.0711860657,-18.2708339691,-12.8505783081,-4.87117624283],[-63.8145294189,-16.4354553223,-23.0858192444,11.6331148148,6.64210557938,21.8689804077,83.232208252,120.58164978,58.6352767944,5.52584981918,-7.74235630035,0.490459829569,7.52099132538],[-91.6114959717,-55.7962760925,2.45138072968,7.06364822388,-0.0422616861761,2.29270863533,16.4773349762,58.6352767944,91.4421081543,45.6433067322,6.17939424515,1.95071017742,3.52676439285],[2.3631746769,17.4994506836,-11.1313028336,-3.51732540131,2.02122402191,-16.9849300385,-12.0711860657,5.52584981918,45.6433067322,77.0645446777,47.683013916,12.569688797,4.77799129486],[4.89643859863,51.3290634155,-13.3230895996,-6.00533103943,-3.37630677223,-21.7631950378,-18.2708339691,-7.74235630035,6.17939424515,47.683013916,79.0640335083,48.1734313965,16.5632915497],[-13.2407674789,-49.073474884,26.1607475281,5.41407012939,3.79977869987,-20.4895515442,-12.8505783081,0.490459829569,1.95071017742,12.569688797,48.1734313965,88.874458313,54.1911964417],[-46.6755752563,-43.9949302673,-18.4472084045,32.506729126,6.72643756866,-9.69982719421,-4.87117624283,7.52099132538,3.52676439285,4.77799129486,16.5632915497,54.1911964417,76.267074585]],"icov":[[0.00017362224753,-0.000170823055669,0.0000965328872553,-0.00017698960437,0.000191966231796,-0.000170140076079,0.000113229492854,-0.00006138671597,0.000312394404318,-0.000517838285305,0.000710474152584,-0.000709219893906,0.000448850652901],[-0.000170823055669,0.000850210199133,0.0000440010953753,0.000282922293991,-0.000289941759547,-0.000305775087327,-0.000124672573293,-0.0000821243229439,0.000273094716249,0.000481934373965,-0.00178452930413,0.00151893449947,-0.000471761421068],[0.0000965328872553,0.0000440010953753,0.00225949543528,0.00060159113491,-0.00155468995217,0.000275829050224,0.000223561524763,0.000551410776097,-0.000483236159198,-0.0000965340877883,0.00184260564856,-0.00275340583175,0.00209131254815],[-0.00017698960437,0.000282922293991,0.00060159113491,0.00416694581509,-0.00215448462404,-0.000363907340216,0.00255111954175,-0.00187320227269,-0.0000256032799371,0.00106259901077,-0.000734965084121,0.00165625556838,-0.00216686422937],[0.000191966231796,-0.000289941759547,-0.00155468995217,-0.00215448462404,0.0102394372225,-0.00303165777586,-0.00326964235865,0.00186318228953,0.00132484000642,-0.00338428420946,0.00160879467148,-0.00130374298897,-0.000461006391561],[-0.000170140076079,-0.000305775087327,0.000275829050224,-0.000363907340216,-0.00303165777586,0.0113979624584,-0.00614357786253,0.00414270814508,-0.0043612094596,0.00449677696452,-0.00125836161897,0.00193061551545,-0.000321157946019],[0.000113229492854,-0.000124672573293,0.000223561524763,0.00255111954175,-0.00326964235865,-0.00614357786253,0.0204568505287,-0.0170085988939,0.00899711903185,-0.0041028521955,0.00345316785388,-0.000564442598261,0.000947094638832],[-0.00006138671597,-0.0000821243229439,0.000551410776097,-0.00187320227269,0.00186318228953,0.00414270814508,-0.0170085988939,0.0290025323629,-0.0214432384819,0.0126466648653,-0.00638300972059,0.00175975833554,-0.00240186904557],[0.000312394404318,0.000273094716249,-0.000483236159198,-0.0000256032799371,0.00132484000642,-0.0043612094596,0.00899711903185,-0.0214432384819,0.0379025042057,-0.0310101732612,0.0185631662607,-0.00855020340532,0.00449436623603],[-0.000517838285305,0.000481934373965,-0.0000965340877883,0.00106259901077,-0.00338428420946,0.00449677696452,-0.0041028521955,0.0126466648653,-0.0310101732612,0.051471684128,-0.0377615988255,0.0200004484504,-0.00895493570715],[0.000710474152584,-0.00178452930413,0.00184260564856,-0.000734965084121,0.00160879467148,-0.00125836161897,0.00345316785388,-0.00638300972059,0.0185631662607,-0.0377615988255,0.0528184771538,-0.0339782834053,0.0148919671774],[-0.000709219893906,0.00151893449947,-0.00275340583175,0.00165625556838,-0.00130374298897,0.00193061551545,-0.000564442598261,0.00175975833554,-0.00855020340532,0.0200004484504,-0.0339782834053,0.0447799488902,-0.0260753743351],[0.000448850652901,-0.000471761421068,0.00209131254815,-0.00216686422937,-0.000461006391561,-0.000321157946019,0.000947094638832,-0.00240186904557,0.00449436623603,-0.00895493570715,0.0148919671774,-0.0260753743351,0.0304876938462]],"mean":[-729.405334473,194.572021484,-2.99024224281,21.2427997589,10.832195282,15.8662033081,7.11975955963,3.01140022278,-1.96855604649,3.63007164001,4.62154579163,-1.91446077824,-2.23720192909]},"pitch_salience":{"dmean":0.0798635929823,"dmean2":0.129547834396,"dvar":0.00472522387281,"dvar2":0.0120734507218,"max":0.967383265495,"mean":0.546840369701,"median":0.561460614204,"min":0.112103939056,"var":0.0166112780571},"silence_rate_20dB":{"dmean":0,"dmean2":0,"dvar":0,"dvar2":0,"max":1,"mean":1,"median":1,"min":1,"var":0},"silence_rate_30dB":{"dmean":0.0283294394612,"dmean2":0.0566671527922,"dvar":0.0275277644396,"dvar2":0.064259506762,"max":1,"mean":0.964958369732,"median":1,"min":0,"var":0.0338112041354},"silence_rate_60dB":{"dmean":0.0110981306061,"dmean2":0.0221995040774,"dvar":0.0109741343185,"dvar2":0.0257946830243,"max":1,"mean":0.0527084246278,"median":0,"min":0,"var":0.0499293506145},"spectral_centroid":{"dmean":118.552947998,"dmean2":175.623962402,"dvar":28219.5996094,"dvar2":46018,"max":11319.9501953,"mean":651.270812988,"median":517.309326172,"min":164.962539673,"var":353485.5625},"spectral_complexity":{"dmean":2.91442751884,"dmean2":4.16036224365,"dvar":9.68023300171,"dvar2":15.8797664642,"max":47,"mean":13.0608844757,"median":12,"min":0,"var":49.5962333679},"spectral_contrast_coeffs":{"dmean":[0.0538011714816,0.0474750958383,0.0361143089831,0.0290921255946,0.0265927743167,0.0373134091496],"dmean2":[0.0883330181241,0.0778372883797,0.0597407333553,0.0472754202783,0.0418572127819,0.0607154555619],"dvar":[0.00187132752035,0.00150173786096,0.000845838279929,0.000589244184084,0.00050724594621,0.00172691966873],"dvar2":[0.00484781106934,0.00383208855055,0.00220809248276,0.0014715178404,0.00127666082699,0.00429350836203],"max":[-0.298293292522,-0.431824356318,-0.52980363369,-0.585125386715,-0.712181568146,-0.445686817169],"mean":[-0.662353694439,-0.771075487137,-0.80256062746,-0.807259202003,-0.839373648167,-0.809786379337],"median":[-0.668325960636,-0.779483556747,-0.809140563011,-0.811874747276,-0.833276629448,-0.831161737442],"min":[-0.930466473103,-0.961839258671,-0.964075922966,-0.973102390766,-0.959467768669,-0.953885853291],"var":[0.00926699955016,0.00538164842874,0.00357007328421,0.0026637383271,0.00178332265932,0.00330548780039]},"spectral_contrast_valleys":{"dmean":[0.376565605402,0.38292491436,0.331079363823,0.325563013554,0.458652675152,0.849538803101],"dmean2":[0.606902778149,0.598407149315,0.508858978748,0.466235935688,0.649474620819,1.34345829487],"dvar":[0.109109066427,0.116466253996,0.0971756726503,0.09951531142,0.176386132836,0.542996406555],"dvar2":[0.250079542398,0.248246267438,0.189383596182,0.168691724539,0.364881545305,1.48033440113],"max":[-4.87777853012,-4.31594085693,-5.2913403511,-5.80990076065,-5.91122102737,-8.91443824768],"mean":[-6.89632511139,-6.81262207031,-7.3996462822,-7.94018507004,-8.6020450592,-11.5840234756],"median":[-6.58877897263,-6.61497688293,-7.19709968567,-7.75311994553,-8.5058555603,-11.3904056549],"min":[-28.2045230865,-27.3545589447,-27.5741634369,-27.4069499969,-27.2417087555,-27.4010753632],"var":[3.29661798477,2.48372960091,2.21883964539,1.98081421852,1.68526172638,1.69174313545]},"spectral_decrease":{"dmean":3.19535753412e-9,"dmean2":4.61486493464e-9,"dvar":1.58347747144e-17,"dvar2":3.2048199626e-17,"max":1.05851407856e-17,"mean":-9.52153467182e-9,"median":-7.50128936744e-9,"min":-6.35403765159e-8,"var":6.71315234427e-17},"spectral_energy":{"dmean":0.0123318983242,"dmean2":0.0177716724575,"dvar":0.000236171501456,"dvar2":0.00047502736561,"max":0.25164821744,"mean":0.0369417108595,"median":0.0293641574681,"min":1.05872502577e-20,"var":0.00100335921161},"spectral_energyband_high":{"dmean":0.0000333150055667,"dmean2":0.0000470408231195,"dvar":3.70796415794e-9,"dvar2":6.41760200537e-9,"max":0.00196983851492,"mean":0.0000501825088577,"median":0.0000164453995239,"min":7.84891569192e-21,"var":1.04228483622e-8},"spectral_energyband_low":{"dmean":0.00797893106937,"dmean2":0.0118856895715,"dvar":0.000116540359159,"dvar2":0.000245608389378,"max":0.209036767483,"mean":0.0186383835971,"median":0.0112116383389,"min":6.54907842785e-23,"var":0.000447546248324},"spectral_energyband_middle_high":{"dmean":0.00113452132791,"dmean2":0.00160852866247,"dvar":0.0000044736102609,"dvar2":0.00000900147006178,"max":0.058737501502,"mean":0.00267322780564,"median":0.00123212777544,"min":1.33397898735e-21,"var":0.0000162624382938},"spectral_energyband_middle_low":{"dmean":0.00726300384849,"dmean2":0.0109769757837,"dvar":0.000127952283947,"dvar2":0.000275113066891,"max":0.230040699244,"mean":0.017084909603,"median":0.0101800709963,"min":3.38191031443e-22,"var":0.000408655410865},"spectral_entropy":{"dmean":0.27741509676,"dmean2":0.423552513123,"dvar":0.0610446855426,"dvar2":0.136904731393,"max":9.79036998749,"mean":6.98110628128,"median":6.97988271713,"min":4.9444103241,"var":0.293331205845},"spectral_flux":{"dmean":0.0247167535126,"dmean2":0.03991285339,"dvar":0.000671514659189,"dvar2":0.0016526064137,"max":0.31740874052,"mean":0.0850750654936,"median":0.0788242891431,"min":1.02894366638e-10,"var":0.00211561727338},"spectral_kurtosis":{"dmean":6.93115711212,"dmean2":11.1824331284,"dvar":65.5529022217,"dvar2":169.658737183,"max":88.9013824463,"mean":17.9094982147,"median":14.9578475952,"min":-1.21059596539,"var":117.95639801},"spectral_rms":{"dmean":0.000950435234699,"dmean2":0.00134822970722,"dvar":9.10882249627e-7,"dvar2":0.00000172463751369,"max":0.0156687740237,"mean":0.00543056707829,"median":0.00535237882286,"min":3.21387990006e-12,"var":0.00000654939049127},"spectral_rolloff":{"dmean":174.284515381,"dmean2":291.183227539,"dvar":150338.0625,"dvar2":342231.6875,"max":18927.6855469,"mean":854.75402832,"median":387.59765625,"min":21.533203125,"var":6100729},"spectral_skewness":{"dmean":0.500662922859,"dmean2":0.774752378464,"dvar":0.251093894243,"dvar2":0.61823451519,"max":7.68379211426,"mean":2.95067715645,"median":2.84161639214,"min":-0.0384170152247,"var":0.75319814682},"spectral_spread":{"dmean":689414.4375,"dmean2":1092488.875,"dvar":477650812928,"dvar2":1029334433790,"max":39925404,"mean":2982715.75,"median":2722451.25,"min":993502,"var":2102597386240},"spectral_strongpeak":{"dmean":0.357175439596,"dmean2":0.583342790604,"dvar":0.348006814718,"dvar2":0.808238327503,"max":9.4822473526,"mean":0.615596950054,"median":0.306371986866,"min":0,"var":0.769459605217},"zerocrossingrate":{"dmean":0.00395808694884,"dmean2":0.00499791186303,"dvar":0.0000396663199353,"dvar2":0.0000600876228418,"max":0.52734375,"mean":0.0297221336514,"median":0.01806640625,"min":0.00146484375,"var":0.00462087290362}},"metadata":{"audio_properties":{"analysis_sample_rate":44100,"bit_rate":138529,"codec":"mp3","downmix":"mix","equal_loudness":0,"length":159.008407593,"lossless":false,"md5_encoded":"5a4a25f1d6662519cfdb4a917d3baa9a","replay_gain":-2.02642059326,"sample_rate":44100},"tags":{"album":["The Complete Columbia Album Collection"],"albumartist":["Johnny Cash"],"albumartistsort":["Cash, Johnny"],"artist":["Johnny Cash"],"artists":["Johnny Cash"],"artistsort":["Cash, Johnny"],"asin":["B008DDC874"],"barcode":["886979104723"],"catalognumber":["88697910472"],"date":["2012-12-04"],"discnumber":["12/63"],"file_name":"09 - Still in Town.mp3","label":["Columbia","Legacy"],"media":["CD"],"musicbrainz album release country":["US"],"musicbrainz album status":["official"],"musicbrainz album type":["album","compilation"],"musicbrainz release track id":["9c7a5cc5-3768-364b-a5f0-d36f15b884ac"],"musicbrainz_albumartistid":["d43d12a1-2dc9-4257-a2fd-0a3bb1081b86"],"musicbrainz_albumid":["de36c451-000c-4488-9375-b6d40b6636e5"],"musicbrainz_artistid":["d43d12a1-2dc9-4257-a2fd-0a3bb1081b86"],"musicbrainz_recordingid":["f52f910f-32f4-4d27-a85d-bcb783452c41"],"musicbrainz_releasegroupid":["30578604-ce5e-4d3d-a09c-6c06fc4c526b"],"originaldate":["2012"],"script":["Latn"],"title":["Still in Town"],"tracknumber":["9/12"]},"version":{"essentia":"2.1-beta1","essentia_build_sha":"ca57ba49d9b1854bd80e60cf9ccf267278fb7d6b","essentia_git_sha":"v2.1_beta1-28-g21ef5f4-dirty","extractor":"music 1.0"}},"rhythm":{"beats_count":290,"beats_loudness":{"dmean":0.0368433222175,"dmean2":0.064937658608,"dvar":0.000904346408788,"dvar2":0.00271921488456,"max":0.189569532871,"mean":0.0660935863853,"median":0.062554128468,"min":6.46879938504e-10,"var":0.00120079820044},"beats_loudness_band_ratio":{"dmean":[0.277741372585,0.164580151439,0.124792583287,0.0604283884168,0.0299056433141,0.0114622786641],"dmean2":[0.510739505291,0.288959413767,0.22974807024,0.110064134002,0.0584930256009,0.0204325988889],"dvar":[0.0433935523033,0.0183157939464,0.023681