{"lowlevel":{"average_loudness":0.961567342281,"barkbands":{"dmean":[0.0000701833268977,0.00224473676644,0.00113275635522,0.0010507897241,0.00104721763637,0.000591573654674,0.000749291386455,0.000594595330767,0.000711479748134,0.000328300666297,0.000270689168246,0.000212550818105,0.000273955753073,0.000227490483667,0.0002740334603,0.000207430304727,0.000266419461695,0.000450615596492,0.000316544115776,0.00011783206719,0.0000630156791885,0.0000509084238729,0.0000451075975434,0.0000376479802071,0.0000378939294023,0.0000250235607382,0.0000152243828779],"dmean2":[0.000113755275379,0.00376460677944,0.00194516335614,0.00179724756163,0.00172847695649,0.000928321620449,0.00108588277362,0.000951687106863,0.00105786544736,0.000520558096468,0.000453541782917,0.000350167945726,0.00044288879144,0.000372220005374,0.000439538242063,0.000339476624504,0.00043040284072,0.000726003432646,0.000500677560922,0.000193025000044,0.000100777695479,0.0000742800402804,0.000066272681579,0.0000534009268449,0.0000542628476978,0.0000347292261722,0.0000213802450162],"dvar":[2.09758397318e-8,0.0000270207037829,0.00000402508840125,0.00000356193959306,0.0000025788772291,0.00000122182495943,0.00000243576141656,0.00000219943717639,0.00000234821141021,2.17092093635e-7,8.25835002161e-7,3.18526673482e-7,5.75696219585e-7,4.99807015331e-7,4.69025081884e-7,2.58790890939e-7,2.90898242383e-7,0.00000117553042855,4.36053255726e-7,5.7451725155e-8,1.14037188581e-8,6.23752027806e-9,9.42414413174e-9,1.69288139062e-8,9.62597823673e-9,2.49131204555e-9,7.36357474995e-10],"dvar2":[5.13326376961e-8,0.0000685961640556,0.000011205894225,0.00000946234194998,0.00000668837401463,0.00000290627508548,0.00000459950115328,0.000005276318916,0.00000509207438881,5.50144932276e-7,0.00000213228258872,7.40060727367e-7,0.00000138863038046,0.00000120073923426,0.0000011223492038,7.07791002696e-7,7.03199475538e-7,0.00000289001195597,0.00000100951615423,1.33250551926e-7,2.90082411425e-8,1.34115634154e-8,2.13878834643e-8,2.29525696227e-8,1.59294319957e-8,4.25221324818e-9,1.32068211922e-9],"max":[0.00191675731912,0.0507223531604,0.023675346747,0.0284768268466,0.0214387848973,0.0239247959107,0.0324454456568,0.0378772802651,0.0434273555875,0.00969028007239,0.030344452709,0.0173760131001,0.0211738087237,0.0185519121587,0.0189468041062,0.0157660916448,0.0189950764179,0.022591996938,0.0135226631537,0.00684336107224,0.00300135137513,0.00180249591358,0.00425266893581,0.0109117692336,0.00428106635809,0.00227319658734,0.000357364042429],"mean":[0.0000692527319188,0.0022411167156,0.00163559464272,0.00131738465279,0.00162843044382,0.000989017193206,0.00157330033835,0.000967360800132,0.00138300214894,0.000612981268205,0.000362218968803,0.000305804569507,0.000392963032937,0.000311350042466,0.000451210857136,0.000387345178751,0.000504965952132,0.000912904681172,0.00070868228795,0.000250680051977,0.000156121575856,0.00012605584925,0.000111761612061,0.0000951860347413,0.000101504439954,0.0000539798274986,0.0000264415612037],"median":[0.0000238393786276,0.000821692345198,0.00101300969254,0.000695906579494,0.000976498529781,0.000469462189358,0.000471055158414,0.000257096195128,0.000659083074424,0.000456820707768,0.00010312111408,0.000104709331936,0.000131379245431,0.0000798623223091,0.000158964103321,0.000215278792894,0.0002751610009,0.000321485858876,0.000303743930999,0.000133548339363,0.000111672663479,0.0000821120265755,0.0000705149068381,0.0000622920561,0.0000742236006772,0.0000347031600541,0.0000133066423587],"min":[4.54256322599e-24,2.30820582539e-24,5.74993219637e-24,3.51714004371e-25,1.13405775988e-23,6.4196620887e-24,2.41656857138e-23,1.86936668477e-23,1.40017351759e-23,1.54824397168e-23,1.27663308778e-23,2.16077994954e-23,4.88734671753e-23,5.23772717719e-23,7.36144549478e-23,6.87605622435e-23,9.83740156614e-23,1.19145878188e-22,1.07999185245e-22,1.98122845487e-22,2.65424961689e-22,4.221810394e-22,4.83862035714e-22,7.35732675733e-22,9.47313551371e-22,1.30388362827e-21,2.09260175597e-21],"var":[1.92139495425e-8,0.0000226471511269,0.00000413000861954,0.00000410998973166,0.0000036602198179,0.00000260066849478,0.0000109086358862,0.0000054966276366,0.00000620330411039,4.03207906174e-7,0.00000144987609474,6.79921754454e-7,0.00000117871900329,8.38597145503e-7,9.81128550848e-7,4.93057825679e-7,6.17295711436e-7,0.00000317051399179,0.00000153731787123,1.54552324716e-7,2.2785906495e-8,1.83952408861e-8,2.32355290564e-8,4.81035904443e-8,2.64505857217e-8,6.72042199668e-9,1.51320000974e-9]},"barkbands_crest":{"dmean":2.48923540115,"dmean2":4.05734348297,"dvar":5.75698661804,"dvar2":14.2154417038,"max":26.640712738,"mean":8.39936733246,"median":7.355697155,"min":2.1048116684,"var":17.045463562},"barkbands_flatness_db":{"dmean":0.0167800504714,"dmean2":0.025382976979,"dvar":0.000257207546383,"dvar2":0.000597223523073,"max":0.445938318968,"mean":0.0917785316706,"median":0.0771318748593,"min":0.0146322632208,"var":0.00312249385752},"barkbands_kurtosis":{"dmean":1.55951917171,"dmean2":2.43497824669,"dvar":10.3847160339,"dvar2":23.1345710754,"max":123.934776306,"mean":1.42091631889,"median":0.315620422363,"min":-1.83014476299,"var":22.8690891266},"barkbands_skewness":{"dmean":0.441242545843,"dmean2":0.675799369812,"dvar":0.219733670354,"dvar2":0.489431887865,"max":9.77279949188,"mean":1.09024500847,"median":1.06006753445,"min":-2.33468842506,"var":0.928876399994},"barkbands_spread":{"dmean":5.98845624924,"dmean2":9.08037090302,"dvar":31.9349651337,"dvar2":72.389251709,"max":94.2617721558,"mean":31.1386089325,"median":30.6486682892,"min":0.756775379181,"var":145.813491821},"dissonance":{"dmean":0.012633501552,"dmean2":0.0209733359516,"dvar":0.000156346039148,"dvar2":0.000411003798945,"max":0.500000178814,"mean":0.474224328995,"median":0.480078577995,"min":0.259527355433,"var":0.000567552517168},"dynamic_complexity":2.51653790474,"erbbands":{"dmean":[0.0630178079009,0.524647414684,1.24094247818,2.40585875511,3.62859892845,3.85139918327,2.83596849442,6.08158254623,9.83571052551,11.7259254456,11.7506275177,18.2032051086,10.8910865784,8.03213310242,10.7181358337,8.80935955048,12.7500896454,10.0386419296,12.5576982498,13.6417922974,9.91560173035,13.5246419907,24.1219539642,19.5327854156,11.8853330612,5.75182676315,3.1766872406,2.18911075592,1.98784184456,1.51880002022,1.32338953018,0.845408439636,0.669483602047,0.47120064497,0.257893413305,0.118332996964,0.0466862469912,0.0128492908552,0.00260648271069,0.000159718620125],"dmean2":[0.104955948889,0.89726960659,2.13534402847,4.15690469742,6.10615348816,6.39287185669,4.49684810638,9.47996520996,14.0998210907,18.1678771973,18.5230903625,26.7194442749,17.1620597839,13.1654453278,17.9959449768,14.3928937912,20.5923080444,16.3795833588,20.059709549,21.7601547241,16.1155872345,21.575138092,38.8938941956,30.837348938,18.8893032074,9.3828420639,5.16497468948,3.43135738373,2.93922638893,2.19622755051,1.99190235138,1.23547399044,0.948468565941,0.683861851692,0.375095188618,0.165935114026,0.0659861117601,0.0180606544018,0.00370686943643,0.000226942414884],"dvar":[0.0217233579606,1.5130726099,5.6777472496,17.4436016083,35.3872451782,38.5384063721,19.9894580841,150.607070923,512.462463379,582.919616699,985.319030762,1772.86132812,229.867904663,315.648742676,1016.59991455,510.396911621,1190.64331055,805.648193359,947.24822998,1409.79138184,283.010375977,654.035461426,3610.16821289,2048.75878906,721.241699219,121.06729126,29.8329734802,14.148680687,8.6499786377,7.89459943771,7.49187612534,5.44054985046,6.32221412659,1.90697491169,0.433988839388,0.0714409053326,0.00749971019104,0.000508214987349,0.0000217012147914,7.71457564497e-8],"dvar2":[0.0539965294302,3.97064256668,15.780714035,47.4520645142,93.4254455566,100.094696045,49.8185348511,351.957183838,940.935119629,1465.30786133,2414.53662109,3813.96557617,572.249267578,834.456848145,2601.92944336,1236.85913086,2814.7199707,1914.44006348,2228.1472168,3546.375,730.283325195,1563.63867188,9018.54101562,4801.66357422,1725.0604248,275.192077637,72.7624969482,36.0595016479,18.8188343048,17.1865234375,17.4131965637,9.88538837433,8.57360076904,3.22871136665,0.862424969673,0.12685868144,0.013208755292,0.000937858421821,0.000039644230128,1.45164960941e-7],"max":[1.5240598917,11.6495771408,26.3343963623,51.045135498,84.9986038208,80.7721710205,87.6185836792,253.621414185,487.395111084,613.350280762,1016.79168701,1283.43005371,314.430236816,591.482727051,1094.04333496,585.774719238,961.577880859,1041.44897461,585.490356445,1333.65393066,432.52154541,773.368713379,1371.09472656,1236.73791504,556.288330078,362.933624268,189.445220947,142.153335571,68.7243804932,69.0920791626,125.204803467,146.920196533,211.355957031,74.2054367065,33.1482810974,13.4084777832,3.4105181694,0.402935355902,0.0630218461156,0.00353785930201],"mean":[0.0598729364574,0.531197845936,1.78186047077,3.24485421181,4.96204185486,5.78139209747,5.307035923,10.0920200348,20.8827648163,22.8003902435,21.0808086395,36.1838226318,20.777715683,14.2725429535,15.0246229172,13.4440279007,18.7627468109,15.0099906921,20.3072547913,25.5407371521,21.327173233,28.3540554047,49.4192466736,44.5281677246,26.7830886841,12.8418855667,7.42500019073,5.56066894531,4.88881635666,3.57239317894,3.16803312302,2.0935151577,1.66917133331,1.18662333488,0.636020958424,0.275991499424,0.0927531793714,0.0229382459074,0.00447379844263,0.000286961527308],"median":[0.0190533325076,0.214202284813,1.07429683208,2.06572437286,2.78852677345,3.19983649254,3.14277434349,4.60367488861,6.40626382828,9.25047588348,8.77195835114,16.4636116028,15.111410141,8.93109416962,4.63540744781,5.0057964325,6.57274389267,4.6259765625,6.93735074997,9.78145027161,14.8060131073,16.1274242401,18.0953102112,18.0106086731,11.3915624619,7.47248649597,5.20262336731,3.93850922585,3.31673908234,1.99123644829,2.04971170425,1.35155057907,1.0798163414,0.841441512108,0.463159322739,0.18770763278,0.0563465580344,0.0125433113426,0.00219803396612,0.000156258596689],"min":[1.570949976e-22,5.04823874879e-22,5.59720687603e-21,9.83815258696e-21,7.41853943532e-21,4.53677643648e-20,2.13627196478e-20,8.97745128788e-20,2.73217782176e-19,2.08129524713e-19,2.85076708726e-19,2.66564148123e-19,5.08043527183e-19,5.57279902182e-19,7.95209099601e-19,1.29256586686e-18,2.30469144988e-18,2.72414005605e-18,2.56741559295e-18,4.90947699495e-18,4.44104626842e-18,6.11917859638e-18,5.65473736195e-18,9.46716731027e-18,8.16260670414e-18,9.01773195933e-18,1.03438373117e-17,1.12937673912e-17,1.26638043059e-17,1.50369143458e-17,1.28901440826e-17,1.45898678925e-17,1.11279879888e-17,9.30550644008e-18,6.93797986933e-18,4.07984792778e-18,2.38827846436e-18,1.0302293613e-18,2.96835830766e-19,2.95265092331e-20],"var":[0.0185103286058,1.19385039806,5.28536844254,17.1326503754,43.2877502441,55.6233062744,43.9143791199,321.931884766,2327.67553711,1560.32348633,2072.38720703,4736.48974609,436.701538086,486.25378418,1783.76672363,962.630554199,2405.16601562,1599.21569824,1797.32861328,3351.60375977,582.316467285,1499.87634277,9187.96972656,6719.96777344,2230.45922852,334.587310791,59.7467193604,30.2459583282,25.6860179901,21.0613994598,18.0683727264,13.9763059616,17.5196495056,4.79527235031,0.985718786716,0.20256601274,0.0186043716967,0.0010557557689,0.0000438742536062,1.52509542772e-7]},"erbbands_crest":{"dmean":2.33482909203,"dmean2":3.71727514267,"dvar":5.08454656601,"dvar2":12.2428722382,"max":32.0304641724,"mean":8.61601161957,"median":7.2329955101,"min":2.38531017303,"var":25.0815620422},"erbbands_flatness_db":{"dmean":0.0151982354,"dmean2":0.0214056819677,"dvar":0.000223782291869,"dvar2":0.000428882456617,"max":0.471779614687,"mean":0.134228125215,"median":0.121914952993,"min":0.0358476415277,"var":0.00341655639932},"erbbands_kurtosis":{"dmean":0.776293754578,"dmean2":1.18375790119,"dvar":2.77075052261,"dvar2":5.76241159439,"max":56.4341545105,"mean":0.135384619236,"median":-0.591337203979,"min":-1.7478992939,"var":7.53138542175},"erbbands_skewness":{"dmean":0.321490466595,"dmean2":0.486606955528,"dvar":0.0968985408545,"dvar2":0.213942185044,"max":7.15146970749,"mean":-0.0424279943109,"median":0.00143824960105,"min":-4.25318241119,"var":0.750955820084},"erbbands_spread":{"dmean":6.88265180588,"dmean2":10.6389951706,"dvar":45.4555664062,"dvar2":110.401916504,"max":120.002082825,"mean":41.8328857422,"median":42.4249000549,"min":2.4123210907,"var":201.436889648},"gfcc":{"cov":[[7361.08105469,-1504.14135742,744.393249512,-362.032928467,-265.359069824,502.544647217,-534.659362793,88.087020874,-376.793914795,62.1138534546,187.602966309,341.730194092,-337.031463623],[-1504.14135742,1384.23449707,-549.845153809,366.024780273,182.207305908,-213.71975708,256.223480225,-93.4373474121,148.375534058,-14.1698942184,-63.350151062,-170.595672607,169.855072021],[744.393249512,-549.845153809,807.147644043,-117.393959045,-6.26244926453,171.49710083,-124.525291443,37.1078300476,-121.505683899,32.8220710754,45.4561271667,130.561599731,-60.3441619873],[-362.032928467,366.024780273,-117.393959045,368.889709473,91.0417098999,-29.6352767944,30.8192596436,7.02428483963,43.1889190674,-18.4324569702,-14.8411951065,-46.442035675,71.7616729736],[-265.359069824,182.207305908,-6.26244926453,91.0417098999,202.973007202,-16.9652385712,68.7579956055,4.07276296616,28.8240013123,9.94954872131,-1.96621572971,-19.4963474274,36.0018882751],[502.544647217,-213.71975708,171.49710083,-29.6352767944,-16.9652385712,210.288879395,-31.5604133606,-14.1429672241,-57.7862701416,15.4517297745,36.4862861633,55.1176605225,-37.1750907898],[-534.659362793,256.223480225,-124.525291443,30.8192596436,68.7579956055,-31.5604133606,261.530151367,29.5016307831,52.6424026489,26.8445739746,-46.9269790649,-72.0283584595,65.4263916016],[88.087020874,-93.4373474121,37.1078300476,7.02428483963,4.07276296616,-14.1429672241,29.5016307831,129.195236206,42.8421592712,11.5843667984,-9.4987821579,-12.5900802612,-3.67234182358],[-376.793914795,148.375534058,-121.505683899,43.1889190674,28.8240013123,-57.7862701416,52.6424026489,42.8421592712,116.449440002,30.6532115936,-15.9223995209,-49.8525466919,22.4222335815],[62.1138534546,-14.1698942184,32.8220710754,-18.4324569702,9.94954872131,15.4517297745,26.8445739746,11.5843667984,30.6532115936,76.2063369751,14.9153928757,-7.64960432053,2.1592092514],[187.602966309,-63.350151062,45.4561271667,-14.8411951065,-1.96621572971,36.4862861633,-46.9269790649,-9.4987821579,-15.9223995209,14.9153928757,77.2110671997,48.6936035156,-31.9313335419],[341.730194092,-170.595672607,130.561599731,-46.442035675,-19.4963474274,55.1176605225,-72.0283584595,-12.5900802612,-49.8525466919,-7.64960432053,48.6936035156,91.2369384766,-17.0708084106],[-337.031463623,169.855072021,-60.3441619873,71.7616729736,36.0018882751,-37.1750907898,65.4263916016,-3.67234182358,22.4222335815,2.1592092514,-31.9313335419,-17.0708084106,90.1632385254]],"icov":[[0.000260054715909,-0.0000203167019208,0.000163619086379,-0.0000453614047728,0.00000613506790614,-0.00027597224107,0.000314172211802,-0.00055298540974,0.000831956625916,-0.000800523499493,0.000547602365259,-0.000710644177161,0.000660897756461],[-0.0000203167019208,0.00221030344255,0.000297468039207,-0.00121428177226,-0.000453940883745,0.000934086507186,-0.00121647969354,0.00232710270211,-0.00125308986753,0.00102749431971,-0.00173176359385,0.0019106073305,-0.00149494851939],[0.000163619086379,0.000297468039207,0.0025080004707,-0.000112182591693,-0.000835428014398,-0.000790011428762,0.000659158569761,-0.00148069264833,0.00239925831556,-0.00265251495875,0.00222307839431,-0.00300362659618,0.000973770511337],[-0.0000453614047728,-0.00121428177226,-0.000112182591693,0.00504171848297,-0.00112912338227,-0.001546394662,0.00206055236049,-0.00182940007653,0.0000269474294328,0.00195953412913,-0.00221520522609,0.00331834517419,-0.00393619854003],[0.00000613506790614,-0.000453940883745,-0.000835428014398,-0.00112912338227,0.00653265649453,0.000249892473221,-0.00149713899009,0.000313672411721,-0.000949452456553,0.000233137019677,-0.00135677971411,-0.00000191711546904,-0.000438964867499],[-0.00027597224107,0.000934086507186,-0.000790011428762,-0.001546394662,0.000249892473221,0.00791642535478,-0.0022401434835,0.00223035016097,0.000692834553774,-0.00121785607189,-0.000733557099011,-0.00202299794182,0.00200545159169],[0.000314172211802,-0.00121647969354,0.000659158569761,0.00206055236049,-0.00149713899009,-0.0022401434835,0.00808547157794,-0.00370517396368,0.00246535078622,-0.00266685918905,0.00110904045869,0.00342028262094,-0.00358559680171],[-0.00055298540974,0.00232710270211,-0.00148069264833,-0.00182940007653,0.000313672411721,0.00223035016097,-0.00370517396368,0.0139394728467,-0.008415825665,0.00360657670535,-0.00138493673876,0.00175503327046,-0.0000869030191097],[0.000831956625916,-0.00125308986753,0.00239925831556,0.0000269474294328,-0.000949452456553,0.000692834553774,0.00246535078622,-0.008415825665,0.0211691427976,-0.0103203821927,0.00179398804903,0.00130065588746,0.00145216844976],[-0.000800523499493,0.00102749431971,-0.00265251495875,0.00195953412913,0.000233137019677,-0.00121785607189,-0.00266685918905,0.00360657670535,-0.0103203821927,0.0239600911736,-0.0121260443702,0.0104021830484,-0.0071082804352],[0.000547602365259,-0.00173176359385,0.00222307839431,-0.00221520522609,-0.00135677971411,-0.000733557099011,0.00110904045869,-0.00138493673876,0.00179398804903,-0.0121260443702,0.0331406667829,-0.0236704517156,0.0150378821418],[-0.000710644177161,0.0019106073305,-0.00300362659618,0.00331834517419,-0.00000191711546904,-0.00202299794182,0.00342028262094,0.00175503327046,0.00130065588746,0.0104021830484,-0.0236704517156,0.0386063568294,-0.0157968644053],[0.000660897756461,-0.00149494851939,0.000973770511337,-0.00393619854003,-0.000438964867499,0.00200545159169,-0.00358559680171,-0.0000869030191097,0.00145216844976,-0.0071082804352,0.0150378821418,-0.0157968644053,0.0259066689759]],"mean":[14.4913482666,66.4778289795,-112.409339905,29.7328166962,-50.1441574097,-3.38434791565,-31.758184433,16.7471408844,-19.6141376495,-2.90893793106,-19.4261932373,-3.8084526062,-12.990688324]},"hfc":{"dmean":4.84655475616,"dmean2":6.83376121521,"dvar":43.024230957,"dvar2":82.1458053589,"max":189.263214111,"mean":20.0018367767,"median":15.4713888168,"min":1.09141995199e-16,"var":249.113235474},"melbands":{"dmean":[0.000598160841037,0.000644546700642,0.000442373449914,0.000275842176052,0.000106465427962,0.000126592334709,0.000150115185534,0.00013206031872,0.000102910438727,0.000105503655504,0.0000547533090867,0.0000337760830007,0.0000404862912546,0.0000229311917792,0.0000278701172647,0.0000246603831329,0.0000199991718546,0.0000213266121136,0.0000198084417207,0.0000168364840647,0.0000121094954011,0.0000136922853926,0.0000213751864067,0.0000238262891799,0.0000170604034793,0.0000116354440252,0.00000608654318057,0.00000380465667149,0.00000224343853006,0.00000166671134139,0.00000134072638502,0.00000129697491502,9.95491632239e-7,9.22489675759e-7,8.80288610006e-7,6.07330093771e-7,5.63208459425e-7,5.1233450904e-7,5.11542225468e-7,4.25503998258e-7],"dmean2":[0.000997075927444,0.00110028521158,0.00075804250082,0.000455831293948,0.000169161983649,0.000198029054445,0.000214445637539,0.000206854718272,0.000157931572176,0.000157126458362,0.0000868255228852,0.0000553607933398,0.0000677925054333,0.0000378431395802,0.000045244989451,0.000039734179154,0.0000330910224875,0.0000341968952853,0.0000314886237902,0.0000272636407317,0.000019894383513,0.0000222474354814,0.000034617860365,0.0000381581885449,0.0000272460092674,0.0000186234246939,0.00000987527891994,0.0000062769354372,0.00000369441136172,0.00000273256000582,0.00000212205281969,0.00000198272005036,0.00000150406208377,0.00000137391498356,0.0000013652798998,9.23751827031e-7,8.47677767979e-7,7.45242459743e-7,7.69121243138e-7,6.33011438822e-7],"dvar":[0.0000019284643713,0.0000017542789692,5.90761260355e-7,1.86959923099e-7,2.4041783675e-8,6.05325638503e-8,1.14390978467e-7,7.32383895752e-8,5.87815414121e-8,5.66475648611e-8,5.9465556923e-9,5.02514474476e-9,1.77888921371e-8,4.26311830282e-9,5.11836883987e-9,4.94902385739e-9,3.7203333747e-9,3.26896087977e-9,2.82856804645e-9,2.53615906054e-9,3.48957640561e-10,6.26383500624e-10,2.23985696657e-9,4.26678026244e-9,1.64201419128e-9,6.55229370761e-10,2.1217758106e-10,5.81106308906e-11,1.49058577981e-11,9.18003173478e-12,4.79533687064e-12,3.51639247234e-12,3.08696232638e-12,3.20897735467e-12,3.07811263457e-12,2.71387339684e-12,2.53656167251e-12,4.65395907576e-12,2.51271616361e-12,1.39177580051e-12],"dvar2":[0.00000481004599351,0.00000474661192129,0.00000158734167144,4.82014627323e-7,5.96241065409e-8,1.41916004281e-7,2.07784196959e-7,1.82839073659e-7,1.40429520457e-7,1.24782900457e-7,1.4909186774e-8,1.32308262124e-8,4.5444281227e-8,9.80084191582e-9,1.24370460597e-8,1.18281722195e-8,9.10007091903e-9,7.72115793524e-9,6.6077991967e-9,6.84638834514e-9,8.87122764137e-10,1.54193136037e-9,5.47589396049e-9,1.05625739266e-8,3.89134502399e-9,1.61015334399e-9,5.15722409222e-10,1.32157090826e-10,3.60541839439e-11,2.44705349733e-11,1.20563576483e-11,8.01962489472e-12,7.20805056267e-12,7.42197102388e-12,7.34458240753e-12,6.91602461064e-12,4.15467356699e-12,6.42552937941e-12,4.18434731309e-12,2.64146256951e-12],"max":[0.0144080147147,0.0138432662934,0.0111444452778,0.00592926703393,0.00233379751444,0.00513000134379,0.00728321447968,0.00571103207767,0.00729354703799,0.00729135982692,0.00154306076001,0.00228696758859,0.00486045097932,0.0023018012289,0.00227513560094,0.00221023405902,0.00188171572518,0.00108608568553,0.00142747582868,0.00150589027908,0.000409798027249,0.000566445232835,0.00126097362954,0.00172375480179,0.00106657622382,0.00054483889835,0.000355511496309,0.000291984499199,0.000127893305034,0.0000938273005886,0.0000784030125942,0.0000369044246327,0.000045687196689,0.0000569813782931,0.0000827284020488,0.0000953292110353,0.000114789290819,0.00018887151964,0.000112802386866,0.0000650213260087],"mean":[0.000583492626902,0.000859787629452,0.000626958208159,0.000407932588132,0.000203447169042,0.000210643702303,0.000321721337968,0.000248623080552,0.000191640239791,0.000206099226489,0.000098808974144,0.0000583603032283,0.0000550291952095,0.0000330823022523,0.0000417123228544,0.0000350845548382,0.0000272758843494,0.0000318928941851,0.0000333181014867,0.000030748968129,0.0000240182689595,0.0000264514837909,0.0000394732123823,0.0000465154407721,0.0000355258744094,0.0000238992342929,0.0000120728300317,0.00000767859910411,0.00000464395679955,0.00000373694706468,0.00000303875140162,0.00000291193100566,0.00000212953773371,0.0000019478889044,0.00000193637401935,0.00000137456265747,0.00000126068675854,0.00000117527338261,0.0000011102396229,9.8171699392e-7],"median":[0.000198409456061,0.000496245513204,0.000396818621084,0.000236273102928,0.000123980731587,0.0000989432446659,0.0000947270164033,0.000097405310953,0.0000798644687166,0.0000996640883386,0.0000698455260135,0.0000368347755284,0.0000150092182594,0.0000110826094897,0.0000165664914675,0.0000106594361569,0.00000747424564906,0.00000929980797082,0.0000119327569337,0.0000125616588775,0.0000174843917193,0.000015854700905,0.0000162617234309,0.0000140258425745,0.0000144349787661,0.0000102887534013,0.00000458909698864,0.00000456638099422,0.0000031136889902,0.00000251935716733,0.00000212020290746,0.00000200092608793,0.000001200044494,0.00000102219678411,0.00000125140513774,8.13475992345e-7,8.23875154765e-7,7.17301929853e-7,7.37729351385e-7,6.99956729022e-7],"min":[1.250645288e-24,1.83826462085e-24,1.91673616497e-24,2.37726310346e-24,1.4604099108e-24,2.12190646186e-24,5.22203357834e-24,2.34366748966e-24,2.06700706766e-24,1.56300146874e-24,2.50951839523e-24,2.05059106944e-24,1.8756986346e-24,1.43634807547e-24,4.31335732339e-24,5.99799069131e-24,4.50292533208e-24,4.34706850532e-24,4.44373552064e-24,5.29927410502e-24,4.89142591727e-24,5.12437378157e-24,4.07364694899e-24,5.76374081209e-24,6.22701673362e-24,4.05947821827e-24,5.80403779928e-24,4.36201347517e-24,5.45660965155e-24,4.30655182037e-24,6.13076860343e-24,5.8360379419e-24,7.73752167848e-24,8.06256155928e-24,6.72494218712e-24,7.23939545987e-24,7.91142922048e-24,6.73956056855e-24,7.82262714838e-24,6.84349693712e-24],"var":[0.00000165048595591,0.00000149602863075,6.32651733667e-7,2.51899365367e-7,5.46869038942e-8,1.29939621729e-7,5.36586924227e-7,2.01421187285e-7,1.31628695499e-7,1.42806683812e-7,1.10042446266e-8,7.65268115543e-9,3.21146345073e-8,9.30936661092e-9,1.06228661423e-8,1.01908881334e-8,6.17437034833e-9,6.01822192081e-9,6.27905105688e-9,5.24872989516e-9,6.28710139505e-10,1.28981603176e-9,4.80351625143e-9,1.09854711994e-8,4.77359529683e-9,1.8019359338e-9,5.50082701611e-10,1.3636884677e-10,2.87210966815e-11,1.59341550371e-11,9.99899989196e-12,9.05952656644e-12,7.29706399472e-12,7.40076489675e-12,6.80918993065e-12,5.02317545198e-12,6.39203924166e-12,1.17417568724e-11,6.21620506805e-12,2.96937257768e-12]},"melbands_crest":{"dmean":3.29883122444,"dmean2":5.38204860687,"dvar":8.53048038483,"dvar2":21.5812358856,"max":30.9273262024,"mean":12.4445896149,"median":11.5725831985,"min":1.59017980099,"var":24.7427635193},"melbands_flatness_db":{"dmean":0.0220621488988,"dmean2":0.0335869304836,"dvar":0.00047989160521,"dvar2":0.00110397860408,"max":0.475187510252,"mean":0.155394345522,"median":0.140308171511,"min":0.00314119458199,"var":0.00389682361856},"melbands_kurtosis":{"dmean":4.56713581085,"dmean2":7.22911691666,"dvar":67.3678436279,"dvar2":155.019271851,"max":184.580749512,"mean":8.11798477173,"median":5.38649177551,"min":-1.85457491875,"var":132.754455566},"melbands_skewness":{"dmean":0.618024706841,"dmean2":0.95892816782,"dvar":0.494346022606,"dvar2":1.12607324123,"max":10.501955986,"mean":2.26304030418,"median":2.10836148262,"min":-1.7564817667,"var":1.6487582922},"melbands_spread":{"dmean":8.42445373535,"dmean2":13.0245714188,"dvar":80.1041030884,"dvar2":176.055297852,"max":228.544616699,"mean":34.0039978027,"median":29.7577419281,"min":0.928739070892,"var":395.781066895},"mfcc":{"cov":[[4454.48535156,-816.789611816,580.334716797,-609.598632812,187.097061157,66.1828918457,47.0334014893,127.668083191,-487.753204346,-187.465576172,58.1966781616,40.7034606934,92.2074356079],[-816.789611816,791.075012207,-281.829650879,297.036804199,-47.0957107544,64.4247436523,35.4207458496,-66.6368026733,147.721466064,52.683555603,-39.6512145996,-3.33496403694,-7.09558773041],[580.334716797,-281.829650879,537.05078125,-173.079223633,74.0094985962,10.5273685455,22.8629951477,27.2964496613,-89.5893478394,-104.257286072,-2.82499456406,45.0378646851,27.4263153076],[-609.598632812,297.036804199,-173.079223633,404.455108643,31.3029003143,-4.09750699997,20.9420776367,-22.5382061005,147.989822388,78.7485351562,-41.0117111206,-25.6317958832,-3.62258052826],[187.097061157,-47.0957107544,74.0094985962,31.3029003143,183.649200439,10.5059595108,-28.9897632599,28.2392444611,-56.7390632629,-20.0036678314,7.62104988098,-13.1283159256,-8.04206466675],[66.1828918457,64.4247436523,10.5273685455,-4.09750699997,10.5059595108,165.403244019,56.754108429,-10.6578330994,-6.82195997238,-13.8863077164,-23.6155948639,13.6541910172,16.4035015106],[47.0334014893,35.4207458496,22.8629951477,20.9420776367,-28.9897632599,56.754108429,133.464736938,15.2977399826,43.0731506348,6.333111763,-12.8746109009,13.2643251419,22.7409305573],[127.668083191,-66.6368026733,27.2964496613,-22.5382061005,28.2392444611,-10.6578330994,15.2977399826,89.3255615234,-22.7564258575,-3.17344307899,12.4756946564,-8.14165019989,-0.95806658268],[-487.753204346,147.721466064,-89.5893478394,147.989822388,-56.7390632629,-6.82195997238,43.0731506348,-22.7564258575,211.257507324,87.070350647,-20.03307724,6.8081817627,1.31472849846],[-187.465576172,52.683555603,-104.257286072,78.7485351562,-20.0036678314,-13.8863077164,6.333111763,-3.17344307899,87.070350647,124.030204773,28.8135108948,-2.68278288841,4.78559923172],[58.1966781616,-39.6512145996,-2.82499456406,-41.0117111206,7.62104988098,-23.6155948639,-12.8746109009,12.4756946564,-20.03307724,28.8135108948,79.6550369263,25.2786693573,-1.42383933067],[40.7034606934,-3.33496403694,45.0378646851,-25.6317958832,-13.1283159256,13.6541910172,13.2643251419,-8.14165019989,6.8081817627,-2.68278288841,25.2786693573,63.3365020752,20.3911533356],[92.2074356079,-7.09558773041,27.4263153076,-3.62258052826,-8.04206466675,16.4035015106,22.7409305573,-0.95806658268,1.31472849846,4.78559923172,-1.42383933067,20.3911533356,54.7058181763]],"icov":[[0.000392808462493,0.000147327140439,-0.000110332824988,0.000286230351776,-0.000264971022261,0.0000237627773458,-0.000377049611416,-0.0000672688765917,0.000702232529875,-0.000293882447295,0.00021238354384,-0.0000790845588199,-0.000415387010435],[0.000147327140439,0.00228662556037,0.000762514071539,-0.00122307927813,0.000220269750571,-0.000861288630404,-0.000204223120818,0.000759941758588,-0.000294651807053,0.000884540611878,-0.000232702092035,-0.000505287083797,0.0000858208077261],[-0.000110332824988,0.000762514071539,0.00332704582252,0.000701075594407,-0.00156295252964,0.000437382957898,-0.000820186629426,0.000136176604428,-0.000797602115199,0.00206545903347,0.000772471656092,-0.00210635294206,-0.000710557040293],[0.000286230351776,-0.00122307927813,0.000701075594407,0.00564584275708,-0.00296346377581,0.00122567103244,-0.00096581078833,0.000278263003565,-0.00171958946157,-0.00170109095052,0.00265954434872,0.00021847334574,-0.000837583560497],[-0.000264971022261,0.000220269750571,-0.00156295252964,-0.00296346377581,0.00860461220145,-0.00200584018603,0.00261020637117,-0.00219580903649,0.00168876862153,0.000382971978979,-0.002227447927,0.00189323106315,0.000967640604358],[0.0000237627773458,-0.000861288630404,0.000437382957898,0.00122567103244,-0.00200584018603,0.00881754886359,-0.00420810608193,0.00149990664795,0.00172786135226,-0.00125735672191,0.0038748641964,-0.00282999943011,-0.000228952078032],[-0.000377049611416,-0.000204223120818,-0.000820186629426,-0.00096581078833,0.00261020637117,-0.00420810608193,0.0120918611065,-0.00367008103058,-0.00331547716632,0.00131684250664,-0.000835999380797,0.000492771388963,-0.0027299656067],[-0.0000672688765917,0.000759941758588,0.000136176604428,0.000278263003565,-0.00219580903649,0.00149990664795,-0.00367008103058,0.0141127742827,0.000555687816814,0.0000875314872246,-0.00234212726355,0.00276615517214,0.0000493226216349],[0.000702232529875,-0.000294651807053,-0.000797602115199,-0.00171958946157,0.00168876862153,0.00172786135226,-0.00331547716632,0.000555687816814,0.0127953272313,-0.00830407999456,0.00593265378848,-0.00476189469919,0.00253057293594],[-0.000293882447295,0.000884540611878,0.00206545903347,-0.00170109095052,0.000382971978979,-0.00125735672191,0.00131684250664,0.0000875314872246,-0.00830407999456,0.0186137482524,-0.0110726002604,0.00571226095781,-0.00449675647542],[0.00021238354384,-0.000232702092035,0.000772471656092,0.00265954434872,-0.002227447927,0.0038748641964,-0.000835999380797,-0.00234212726355,0.00593265378848,-0.0110726002604,0.0252297446132,-0.0137781566009,0.00483625940979],[-0.0000790845588199,-0.000505287083797,-0.00210635294206,0.00021847334574,0.00189323106315,-0.00282999943011,0.000492771388963,0.00276615517214,-0.00476189469919,0.00571226095781,-0.0137781566009,0.0278041381389,-0.00899891555309],[-0.000415387010435,0.0000858208077261,-0.000710557040293,-0.000837583560497,0.000967640604358,-0.000228952078032,-0.0027299656067,0.0000493226216349,0.00253057293594,-0.00449675647542,0.00483625940979,-0.00899891555309,0.0244509298354]],"mean":[-631.999145508,104.933708191,-6.40181159973,31.7089767456,3.11838531494,-10.2907018661,-1.82983577251,7.09056091309,5.01664924622,2.83360648155,2.19385743141,-2.19159960747,-4.83248901367]},"pitch_salience":{"dmean":0.0661428496242,"dmean2":0.106635421515,"dvar":0.00343116931617,"dvar2":0.00869491137564,"max":0.832189083099,"mean":0.597091138363,"median":0.610864758492,"min":0.0644382983446,"var":0.011316430755},"silence_rate_20dB":{"dmean":0,"dmean2":0,"dvar":0,"dvar2":0,"max":1,"mean":1,"median":1,"min":1,"var":0},"silence_rate_30dB":{"dmean":0,"dmean2":0,"dvar":0,"dvar2":0,"max":1,"mean":1,"median":1,"min":1,"var":0},"silence_rate_60dB":{"dmean":0.011222910136,"dmean2":0.0224487166852,"dvar":0.0110971527174,"dvar2":0.0273630712181,"max":1,"mean":0.0423062033951,"median":0,"min":0,"var":0.0405191257596},"spectral_centroid":{"dmean":245.156143188,"dmean2":380.592926025,"dvar":59208.8710938,"dvar2":136838.65625,"max":11507.1025391,"mean":1815.05969238,"median":1768.79724121,"min":365.383850098,"var":451035.1875},"spectral_complexity":{"dmean":3.65350866318,"dmean2":5.81486272812,"dvar":12.7388925552,"dvar2":28.9365024567,"max":50,"mean":20.5263767242,"median":21,"min":0,"var":67.9004516602},"spectral_contrast_coeffs":{"dmean":[0.0505028739572,0.0459011122584,0.0373836234212,0.0311373081058,0.0216670073569,0.0157509054989],"dmean2":[0.0833346918225,0.0755285024643,0.0604724995792,0.0510750599205,0.0353212542832,0.0251182597131],"dvar":[0.0017167199403,0.00136746151838,0.000918639882002,0.00063106691232,0.000365417334251,0.000202321665711],"dvar2":[0.00459677027538,0.00372526422143,0.00239722873084,0.00162608374376,0.000869491195772,0.000473127467558],"max":[-0.399068295956,-0.395422279835,-0.389868587255,-0.545947253704,-0.542048931122,-0.589716613293],"mean":[-0.658466994762,-0.737717986107,-0.762778699398,-0.779611289501,-0.779276609421,-0.756826043129],"median":[-0.662356138229,-0.747997760773,-0.771221518517,-0.789782881737,-0.795448958874,-0.768752038479],"min":[-0.984614789486,-0.975016117096,-0.978243947029,-0.965702533722,-0.96702682972,-0.963101923466],"var":[0.00448125461116,0.0059964498505,0.00434138672426,0.0030002403073,0.00303615094163,0.0018435966922]},"spectral_contrast_valleys":{"dmean":[0.420289158821,0.332355767488,0.3335955441,0.274803489447,0.191295161843,0.217913731933],"dmean2":[0.666276931763,0.550484836102,0.536271393299,0.439419955015,0.311163425446,0.27997776866],"dvar":[0.142457649112,0.089102730155,0.100015729666,0.0768292397261,0.0515590161085,0.0867717042565],"dvar2":[0.323640346527,0.210657700896,0.226227238774,0.166758999228,0.108937807381,0.150596037507],"max":[-5.5201125145,-5.06425046921,-5.41910266876,-6.00963497162,-5.55332374573,-7.55821371078],"mean":[-7.39502477646,-6.74481344223,-7.33805894852,-7.71070051193,-7.15778017044,-9.99094867706],"median":[-7.26781129837,-6.58203983307,-7.17084693909,-7.5740904808,-7.01123714447,-9.60975074768],"min":[-27.6295337677,-27.5902233124,-27.5922794342,-27.4976787567,-27.4745731354,-27.3475513458],"var":[1.41424679756,1.34426426888,1.45156216621,1.23106455803,1.2119743824,1.98846566677]},"spectral_decrease":{"dmean":1.57669499679e-9,"dmean2":2.43600895011e-9,"dvar":4.6782179752e-18,"dvar2":1.14944074934e-17,"max":1.73808990431e-28,"mean":-4.20288115421e-9,"median":-3.56566776105e-9,"min":-2.04811865245e-8,"var":7.98053018925e-18},"spectral_energy":{"dmean":0.00626731337979,"dmean2":0.00962377060205,"dvar":0.0000707041399437,"dvar2":0.000172486121301,"max":0.0796208158135,"mean":0.0176768451929,"median":0.0150555884466,"min":1.0212820168e-20,"var":0.000133533438202},"spectral_energyband_high":{"dmean":0.000241878267843,"dmean2":0.000316982885124,"dvar":1.70587625803e-7,"dvar2":2.85519888621e-7,"max":0.0202885866165,"mean":0.000788051867858,"median":0.000594687822741,"min":7.05879745601e-21,"var":6.70821691529e-7},"spectral_energyband_low":{"dmean":0.00338185252622,"dmean2":0.00556110404432,"dvar":0.0000449814033345,"dvar2":0.000112222129246,"max":0.0639156624675,"mean":0.00456322031096,"median":0.00265118852258,"min":3.20949479239e-23,"var":0.0000428842940892},"spectral_energyband_middle_high":{"dmean":0.00155937136151,"dmean2":0.00236936239526,"dvar":0.00000565331538382,"dvar2":0.0000126753357108,"max":0.0435208454728,"mean":0.00495615974069,"median":0.0029757139273,"min":1.13945078537e-21,"var":0.0000271669523499},"spectral_energyband_middle_low":{"dmean":0.00315346405841,"dmean2":0.00484073814005,"dvar":0.0000151165686475,"dvar2":0.0000364246407116,"max":0.0457607805729,"mean":0.00810197554529,"median":0.00633894558996,"min":1.5510373597e-22,"var":0.0000385883722629},"spectral_entropy":{"dmean":0.104939572513,"dmean2":0.150100529194,"dvar":0.0101519683376,"dvar2":0.0188711006194,"max":9.81633377075,"mean":7.77486610413,"median":7.82971858978,"min":5.16039562225,"var":0.164604693651},"spectral_flux":{"dmean":0.0200165305287,"dmean2":0.0308151431382,"dvar":0.000538668246008,"dvar2":0.00111597008072,"max":0.253977924585,"mean":0.0715447068214,"median":0.0656122416258,"min":6.61619856124e-11,"var":0.00125469057821},"spectral_kurtosis":{"dmean":1.01073491573,"dmean2":1.69634509087,"dvar":2.15904831886,"dvar2":6.77673006058,"max":25.9460659027,"mean":4.0938949585,"median":3.93258285522,"min":-1.23477447033,"var":3.42057943344},"spectral_rms":{"dmean":0.000686084968038,"dmean2":0.00102590641472,"dvar":6.18390572527e-7,"dvar2":0.00000141503278428,"max":0.008813560009,"mean":0.00393077312037,"median":0.00383254210465,"min":3.15653731452e-12,"var":0.00000179472181117},"spectral_rolloff":{"dmean":580.502502441,"dmean2":941.663024902,"dvar":601749.3125,"dvar2":1324825.75,"max":19207.6171875,"mean":2149.29052734,"median":2174.85351562,"min":64.599609375,"var":2194082.5},"spectral_skewness":{"dmean":0.149722024798,"dmean2":0.246160432696,"dvar":0.029996117577,"dvar2":0.0857326313853,"max":3.5861620903,"mean":1.41551291943,"median":1.48313295841,"min":-0.0549980811775,"var":0.121439881623},"spectral_spread":{"dmean":456956.46875,"dmean2":656887.5,"dvar":388382392320,"dvar2":691562807296,"max":41601116,"mean":4863108.5,"median":4789692,"min":2008123.875,"var":4300810223620},"spectral_strongpeak":{"dmean":0.688049137592,"dmean2":1.16789293289,"dvar":1.85074472427,"dvar2":4.77817296982,"max":22.7972774506,"mean":1.10385680199,"median":0.412139713764,"min":0,"var":3.0862827301},"zerocrossingrate":{"dmean":0.0116583444178,"dmean2":0.0138445468619,"dvar":0.000141737196827,"dvar2":0.000175734559889,"max":0.517578125,"mean":0.0863715559244,"median":0.0830078125,"min":0.009765625,"var":0.00145442923531}},"metadata":{"audio_properties":{"analysis_sample_rate":44100,"bit_rate":0,"codec":"flac","downmix":"mix","equal_loudness":0,"length":180,"lossless":true,"md5_encoded":"a633545db0338d93f3d30d7f00bf4388","replay_gain":-14.6107406616,"sample_rate":44100},"tags":{"album":["Pleasant Dreams"],"albumartist":["Ramones"],"albumartistsort":["Ramones"],"artist":["Ramones"],"artistsort":["Ramones"],"asin":["B0000691TH"],"catalognumber":["812218156-2"],"date":["2002-08-20"],"discnumber":["1"],"disctotal":["1"],"file_name":"01-09 You Didn't Mean Anything to Me.flac","genre":["Alternative"],"label":["Warner Bros. Records"],"labelno":["8122-78156-2"],"media":["CD"],"musicbrainz_albumartistid":["d6ed7887-a401-47a8-893c-34b967444d26"],"musicbrainz_albumid":["2f4ea69e-c1f7-4e3f-8bc7-5a9ade610c0e"],"musicbrainz_artistid":["d6ed7887-a401-47a8-893c-34b967444d26"],"musicbrainz_recordingid":["f572c56d-4315-4e19-9ebf-05bf46bdabef"],"musicbrainz_releasegroupid":["49afe458-8e5c-3ea1-bf5e-f131a3096df2"],"originaldate":["1981-07"],"publisher":["Warner Bros. Records"],"release date":["2002-08-26"],"releasecountry":["US"],"releasestatus":["official"],"releasetype":["album"],"script":["Latn"],"title":["You Didn't Mean Anything to Me"],"totaldiscs":["1"],"totaltracks":["19"],"tracknumber":["9"],"tracktotal":["19"]},"version":{"essentia":"2.1-beta1","essentia_build_sha":"ca57ba49d9b1854bd80e60cf9ccf267278fb7d6b","essentia_git_sha":"v2.1_beta1-28-g21ef5f4-dirty","extractor":"music 1.0"}},"rhythm":{"beats_count":292,"beats_loudness":{"dmean":0.00896008685231,"dmean2":0.0154580408707,"dvar":0.0000529374665348,"dvar2":0.000156474401592,"max":0.0589182898402,"mean":0.0229711197317,"median":0.0228340402246,"min":0.000243001210038,"var":0.0000841172295623},"beats_loudness_band_ratio":{"dmean":[0.143158018589,0.132791295648,0.131814837456,0.0517887063324,0.0884489715099,0.0516578815877],"dmean2":[0.247302979231,0.228137001395,0.225350692868,0.0858821049333,0.159436643124,0.0906467735767],"dvar"