{"lowlevel":{"average_loudness":0.629891395569,"barkbands":{"dmean":[0.0000048000733841,0.000230629564612,0.000574757286813,0.000653901894111,0.00100498273969,0.000620114151388,0.0010242247954,0.000982944620773,0.00123795354739,0.000547224888578,0.000346883898601,0.000157296351972,0.000162290161825,0.000155481364345,0.000142061631777,0.000145814468851,0.0000902611936908,0.0000825382230687,0.0000807711985544,0.0000695179987815,0.0000586259338888,0.0000496579341416,0.0000357481039828,0.0000158854672918,0.00000789383284427,0.00000151480446675,7.18849548775e-8],"dmean2":[0.00000706729088051,0.000370849680621,0.000844701484311,0.00102988246363,0.00159501435701,0.000958096352406,0.0015295157209,0.00139517826028,0.00173134601209,0.000763941498008,0.000529852695763,0.000240973240579,0.000242104651988,0.000232752514421,0.000217414664803,0.000228146411246,0.000140507268952,0.00011956650269,0.000117303439765,0.0000972315028775,0.0000786572200013,0.0000653307506582,0.0000492472718179,0.0000213287930819,0.0000105820690806,0.00000207004677577,1.07591169751e-7],"dvar":[2.08974504368e-10,6.89585363034e-7,0.00000357999829248,0.0000055181803873,0.00000565121899854,0.00000131338538267,0.00000871033626026,0.0000149071111082,0.0000194270614884,0.0000053992885114,0.00000136055939493,2.72242942856e-7,3.66649999251e-7,4.72487215575e-7,1.38883976319e-7,6.94775792454e-8,4.36546336857e-8,5.03806383279e-8,5.93600297805e-8,4.92088005899e-8,4.35698126466e-8,3.24329363366e-8,2.03094749907e-8,3.58592244787e-9,8.05128463899e-10,3.2731137245e-11,1.46001984916e-13],"dvar2":[3.97401694885e-10,0.00000188683543456,0.00000808811000752,0.0000112755187729,0.0000144238429129,0.00000306963761432,0.0000168906644831,0.000026704663469,0.0000327950874635,0.00000815346265881,0.0000028386723443,5.86909322919e-7,7.49641344555e-7,8.80218124166e-7,2.99821778071e-7,1.5919398777e-7,1.01996711521e-7,1.00325564745e-7,1.15846717108e-7,9.24426544202e-8,7.69080230612e-8,5.84366475209e-8,4.07459701535e-8,6.19080253728e-9,1.41362099804e-9,6.3018333607e-11,3.04795088907e-13],"max":[0.000597748789005,0.0149231310934,0.0286436174065,0.0694029703736,0.0399277545512,0.0258918441832,0.0995517373085,0.159631773829,0.160074412823,0.145970985293,0.0492525696754,0.0159015823156,0.0210233423859,0.038988634944,0.0117887603119,0.00571266096085,0.00779726728797,0.0072430097498,0.00719961151481,0.00393900182098,0.00378763279878,0.00366276013665,0.00382297532633,0.00111990608275,0.000723323959392,0.00018702680245,0.0000154614717758],"mean":[0.00000631588227407,0.000394250178942,0.00103425700217,0.00099574169144,0.00178144243546,0.00133651553188,0.00233760452829,0.00175170460716,0.00267432513647,0.00102402199991,0.000569158873986,0.00026000541402,0.000268362753559,0.000258699787082,0.000283691973891,0.000316803925671,0.000169397506397,0.000147197468323,0.000133304347401,0.000114533984743,0.000089733141067,0.0000707154686097,0.0000437993148807,0.000019418537704,0.00000948445449467,0.00000190708396985,7.79871101031e-8],"median":[0.0000010760479654,0.0000950640824158,0.000201157818083,0.0000767867459217,0.000653590657748,0.000663465994876,0.000417006551288,0.000308781221975,0.000421116565121,0.000118586023746,0.000116172210255,0.0000761500195949,0.0000511434591317,0.0000553443533136,0.000107780993858,0.000149380939547,0.0000765841105022,0.0000567943716305,0.0000379999364668,0.0000389848210034,0.0000198031739274,0.0000119792530313,0.00000396450741391,0.00000110303165002,4.8668277941e-7,1.993326606e-7,1.38875968503e-8],"min":[3.50315452594e-25,2.05508639331e-24,1.8794599234e-24,1.78162342178e-24,1.09820695052e-23,1.06294297479e-23,7.59234602837e-24,8.43172321938e-24,1.36087609605e-23,1.30550026932e-23,9.27705394364e-24,2.24348286467e-23,2.46214595681e-23,4.69644868935e-23,6.92181394338e-23,6.09166153403e-23,4.56711210404e-23,1.116695594e-22,1.31850337916e-22,1.43798866949e-22,2.06886648381e-22,3.22403337265e-22,3.18984855864e-22,5.48968026264e-22,9.81746761904e-22,1.25976053e-21,1.87952419032e-21],"var":[3.80085102281e-10,7.22327001768e-7,0.00000564853417018,0.0000132094519358,0.00000886864290806,0.00000359944647244,0.0000489341109642,0.0000415969843743,0.0000875096011441,0.0000291309279419,0.00000269878000836,4.89437013584e-7,8.69805262482e-7,0.00000102238334421,3.0514436844e-7,2.14388791164e-7,9.96486022586e-8,1.13650457934e-7,1.15644219534e-7,8.96685676821e-8,7.96839287887e-8,5.53200827369e-8,2.8556442544e-8,6.4291865165e-9,1.43151779319e-9,5.49388728954e-11,1.94644661175e-13]},"barkbands_crest":{"dmean":2.3508439064,"dmean2":3.66194391251,"dvar":5.0928235054,"dvar2":11.6905527115,"max":26.7302036285,"mean":10.6014118195,"median":9.44975280762,"min":2.08269643784,"var":23.1480178833},"barkbands_flatness_db":{"dmean":0.0186180882156,"dmean2":0.0270860996097,"dvar":0.000356800155714,"dvar2":0.000705024634954,"max":0.422280758619,"mean":0.167421638966,"median":0.165664702654,"min":0.019543973729,"var":0.00276964507066},"barkbands_kurtosis":{"dmean":2.36953139305,"dmean2":3.6145362854,"dvar":20.5744762421,"dvar2":41.9146842957,"max":151.214630127,"mean":4.67535495758,"median":1.87430930138,"min":-1.88219404221,"var":127.281570435},"barkbands_skewness":{"dmean":0.444171518087,"dmean2":0.667115151882,"dvar":0.259105145931,"dvar2":0.518254041672,"max":12.2872648239,"mean":1.39283549786,"median":1.25234341621,"min":-2.85120463371,"var":1.78524279594},"barkbands_spread":{"dmean":3.6912021637,"dmean2":5.42367076874,"dvar":23.1048240662,"dvar2":47.0500030518,"max":133.499908447,"mean":16.3360519409,"median":13.4431238174,"min":0.791446089745,"var":156.813140869},"dissonance":{"dmean":0.020774461329,"dmean2":0.0344185121357,"dvar":0.000411812739912,"dvar2":0.00108376983553,"max":0.500000119209,"mean":0.450872033834,"median":0.459605783224,"min":0.247950911522,"var":0.001300277072},"dynamic_complexity":4.94205713272,"erbbands":{"dmean":[0.00178632873576,0.075543448329,0.597988069057,1.29221093655,3.45486807823,3.07923650742,3.19393253326,5.81688022614,11.6859292984,18.3662147522,21.8112316132,27.1641769409,19.2614707947,11.5621814728,12.0619268417,6.10910272598,7.19802761078,7.33363676071,6.05347442627,8.1899766922,6.08937501907,5.22851991653,4.0304942131,4.92828226089,3.34418535233,3.23742079735,2.86264753342,2.11762976646,1.90549039841,1.33036673069,0.964391827583,0.42783793807,0.217948302627,0.109502129257,0.0448332056403,0.0114470319822,0.00190196360927,0.000225655065151,0.0000144257965076,0.0000057930501498],"dmean2":[0.0028330788482,0.119429029524,0.88751745224,1.95175182819,5.42365646362,4.84554767609,4.97577095032,8.94513130188,17.8884525299,26.5836105347,30.7506656647,37.9925613403,25.3498477936,16.1725730896,18.7014541626,9.07876014709,10.5978212357,10.7996492386,9.06050872803,12.5813217163,9.26958656311,8.08230304718,5.86250782013,7.10159397125,4.75574827194,4.48259830475,3.91216397285,2.80140066147,2.53716659546,1.78289270401,1.34197485447,0.574239313602,0.295229226351,0.147669881582,0.0607046075165,0.0156220309436,0.00259196129628,0.000310281960992,0.0000206041841011,0.0000076524920587],"dvar":[0.0000246025319939,0.0738845765591,4.14722537994,16.4184818268,117.858711243,41.402507782,35.0940704346,141.511032104,1159.45458984,3572.68774414,9388.63671875,10978.1835938,5545.56933594,2079.14477539,1534.74853516,437.378265381,695.47064209,1354.3560791,538.679138184,319.296234131,148.787734985,143.621139526,128.3621521,204.636505127,106.44480896,101.303092957,111.951034546,52.5197029114,45.626121521,23.5714530945,15.4165773392,2.64709854126,0.655220270157,0.162923976779,0.0261393431574,0.00173943850677,0.0000559379914193,0.00000108288622869,4.73895145348e-9,9.63364735207e-11],"dvar2":[0.0000627572953817,0.195641726255,9.52977085114,34.3178482056,288.289093018,99.1736297607,83.2046279907,330.059906006,2490.38891602,6621.79785156,16545.6738281,17866.4921875,7933.73681641,4100.45605469,3528.36523438,904.425292969,1398.70263672,2578.24414063,1139.57788086,743.702392578,332.524475098,337.448059082,257.508575439,396.04776001,210.156341553,187.777008057,203.127929688,92.806854248,81.9052505493,43.4928321838,31.3055763245,4.62258195877,1.1485054493,0.290350496769,0.0466347672045,0.00323757855222,0.000102152713225,0.00000202175920094,9.74985603364e-9,1.4979707752e-10],"max":[0.0973497480154,4.93877792358,33.4934463501,118.762672424,213.404296875,122.328407288,150.17036438,288.613067627,1242.73852539,2109.61254883,3999.35986328,4570.23339844,4420.14794922,2300.02685547,2086.21899414,721.182495117,777.666381836,2311.86987305,1039.38122559,599.101867676,334.365509033,522.277587891,476.155609131,378.846221924,191.674530029,188.218048096,164.265686035,139.737319946,133.096725464,83.286567688,106.542793274,29.4441947937,15.8259363174,11.8588485718,4.10829257965,1.45788490772,0.276655197144,0.0512925349176,0.00299242278561,0.000220553018153],"mean":[0.00356103852391,0.131536260247,1.08000218868,2.26644158363,5.50814247131,5.70487260818,6.81113862991,12.7856311798,25.6680641174,43.2752914429,41.7214622498,60.3689193726,42.1703910828,22.3536739349,20.770898819,11.2415218353,12.7245950699,12.8013801575,11.6348438263,20.102973938,13.7908382416,10.3198242188,7.7496805191,8.45589351654,5.68437433243,5.40779399872,4.34989738464,3.23863530159,2.73460149765,1.7429318428,1.17125535011,0.525212526321,0.265031039715,0.130527615547,0.0538809932768,0.0140712670982,0.00251288153231,0.000300175481243,0.0000220490055653,0.0000195424236153],"median":[0.00101784372237,0.0340756773949,0.245165750384,0.327529966831,1.08366620541,2.14116048813,3.86894321442,5.52945423126,6.14845132828,6.6810503006,10.6618089676,9.40033435822,5.46469736099,3.64336013794,5.09048318863,3.65169644356,3.03687024117,2.91368508339,3.72134828568,9.01343631744,7.13790941238,4.91524362564,3.36698031425,2.77410721779,1.67734742165,1.8347607851,1.05402386189,0.6839184165,0.48045361042,0.234928712249,0.101881526411,0.0366718396544,0.0133761456236,0.00563150877133,0.00316167552955,0.00114433595445,0.000320586172165,0.0000597718353674,0.00000732197531761,0.0000112919151434],"min":[8.17715796303e-23,4.13391260893e-22,3.16787192881e-21,5.87041073831e-21,1.24780623534e-20,2.61111224891e-20,4.30303199747e-20,8.30419864756e-20,1.12755108947e-19,2.24513801299e-19,1.55671216605e-19,2.84039941226e-19,4.77593923161e-19,7.18874029241e-19,6.6862957957e-19,1.04524486077e-18,1.47812832765e-18,2.21188674823e-18,2.05324198534e-18,3.49926184995e-18,4.22517156729e-18,4.21045685137e-18,5.61078677446e-18,6.94341113723e-18,6.92747715709e-18,8.35932100716e-18,6.58774291258e-18,8.60926769131e-18,1.00689676757e-17,1.06946694249e-17,9.48939530769e-18,1.10616232882e-17,9.92239540704e-18,9.24985786437e-18,7.14105932716e-18,4.67657395373e-18,2.19057547372e-18,1.05658933267e-18,2.47315706968e-19,2.64856204335e-20],"var":[0.0000383160149795,0.0832293629646,6.23237752914,36.7237129211,182.586898804,102.228820801,87.2718048096,398.398345947,4873.68652344,19841.3925781,25226.3125,48869.546875,36307.8359375,6140.21386719,2954.23046875,965.908874512,1699.84069824,2559.79394531,1337.265625,937.500183105,379.231506348,335.896453857,298.078887939,432.184967041,201.02545166,189.543441772,194.045669556,98.0405883789,78.3374862671,38.19480896,21.1979007721,4.63315439224,1.17002880573,0.288112580776,0.0452308766544,0.00291744805872,0.000103649224911,0.00000183812483101,6.58788001928e-9,5.51803269744e-10]},"erbbands_crest":{"dmean":2.76717090607,"dmean2":4.32085418701,"dvar":8.13328838348,"dvar2":17.5396537781,"max":33.4310836792,"mean":11.5199623108,"median":9.82555294037,"min":2.40077185631,"var":38.290763855},"erbbands_flatness_db":{"dmean":0.0174475144595,"dmean2":0.0244107954204,"dvar":0.000320152292261,"dvar2":0.000560977961868,"max":0.409509569407,"mean":0.213013395667,"median":0.210398048162,"min":0.032199781388,"var":0.00261403690092},"erbbands_kurtosis":{"dmean":1.27188146114,"dmean2":1.92855489254,"dvar":4.91101264954,"dvar2":10.1857061386,"max":50.7808380127,"mean":1.51674664021,"median":0.0274395495653,"min":-1.72302544117,"var":20.3117809296},"erbbands_skewness":{"dmean":0.389111578465,"dmean2":0.5756290555,"dvar":0.154022872448,"dvar2":0.298288494349,"max":6.23183107376,"mean":0.561466634274,"median":0.523359656334,"min":-5.88554096222,"var":1.37304615974},"erbbands_spread":{"dmean":5.84814596176,"dmean2":8.82076072693,"dvar":46.4324645996,"dvar2":106.283805847,"max":109.41708374,"mean":29.1888275146,"median":27.6425094604,"min":2.18608784676,"var":209.990493774},"gfcc":{"cov":[[23439.5234375,2694.16748047,-2506.7980957,698.90637207,-1507.97973633,-74.2802963257,-455.715423584,-65.2888336182,-398.254852295,-277.756072998,-298.555084229,-226.006912231,-210.751602173],[2694.16748047,1468.08374023,-35.6708297729,134.151611328,149.372253418,-196.77243042,110.322242737,-74.0702896118,45.7712135315,-98.3912811279,-41.5495872498,-54.7561302185,-38.4428672791],[-2506.7980957,-35.6708297729,1118.7010498,312.88873291,369.165130615,181.188095093,47.9334182739,58.7373962402,-2.49316000938,-17.6444664001,-12.617442131,-63.3279571533,-18.7110042572],[698.90637207,134.151611328,312.88873291,604.229797363,179.099578857,142.692138672,-61.6658058167,-44.0564537048,-0.00986164063215,-75.3255157471,-45.0799674988,-81.8085708618,-24.8172168732],[-1507.97973633,149.372253418,369.165130615,179.099578857,441.270935059,62.882976532,65.459236145,-16.4075450897,34.671546936,0.379790842533,-65.6389770508,-22.9611930847,-12.0678596497],[-74.2802963257,-196.77243042,181.188095093,142.692138672,62.882976532,313.868255615,47.2784080505,44.5229644775,-34.9575195313,-52.2862434387,-40.4842338562,-48.0171470642,-17.7027492523],[-455.715423584,110.322242737,47.9334182739,-61.6658058167,65.459236145,47.2784080505,313.068695068,78.3759231567,12.3975534439,-24.9343776703,1.0830129385,-8.77508163452,-47.0515899658],[-65.2888336182,-74.0702896118,58.7373962402,-44.0564537048,-16.4075450897,44.5229644775,78.3759231567,179.065963745,-6.88916444778,30.1875953674,7.05997419357,-16.4151172638,-16.0846729279],[-398.254852295,45.7712135315,-2.49316000938,-0.00986164063215,34.671546936,-34.9575195313,12.3975534439,-6.88916444778,176.723495483,30.2065601349,9.05868530273,-4.95603227615,-7.91812467575],[-277.756072998,-98.3912811279,-17.6444664001,-75.3255157471,0.379790842533,-52.2862434387,-24.9343776703,30.1875953674,30.2065601349,128.448760986,23.7319564819,21.7702770233,-3.37686562538],[-298.555084229,-41.5495872498,-12.617442131,-45.0799674988,-65.6389770508,-40.4842338562,1.0830129385,7.05997419357,9.05868530273,23.7319564819,139.437652588,28.85704422,10.4347162247],[-226.006912231,-54.7561302185,-63.3279571533,-81.8085708618,-22.9611930847,-48.0171470642,-8.77508163452,-16.4151172638,-4.95603227615,21.7702770233,28.85704422,104.406684875,24.2695789337],[-210.751602173,-38.4428672791,-18.7110042572,-24.8172168732,-12.0678596497,-17.7027492523,-47.0515899658,-16.0846729279,-7.91812467575,-3.37686562538,10.4347162247,24.2695789337,86.652053833]],"icov":[[0.000322266423609,-0.000805750896689,0.000588395167142,-0.000715490896255,0.00125039357226,-0.000633436371572,0.000459491333459,-0.000385814055335,0.000607170164585,-0.000580187537707,0.000741520721931,-0.000151747561176,0.000557166233193],[-0.000805750896689,0.00302570615895,-0.00135560333729,0.00152665539645,-0.00349008571357,0.00262929452583,-0.00156449654605,0.00108288356569,-0.00159583112691,0.00232599745505,-0.00176522880793,0.000894648605026,-0.00116344238631],[0.000588395167142,-0.00135560333729,0.00257615977898,-0.00168935814872,0.00104666536208,-0.00145890156273,0.000961237004958,-0.00129381811712,0.00127187825274,-0.000914542935789,0.000651996524539,0.000073575785791,0.00101306766737],[-0.000715490896255,0.00152665539645,-0.00168935814872,0.00435189483687,-0.00346003496088,0.000440723844804,0.000101814795926,0.00123198016081,-0.00150675792247,0.00232822517864,-0.00193269876763,0.00137165316846,-0.000487547949888],[0.00125039357226,-0.00349008571357,0.00104666536208,-0.00346003496088,0.00907991826534,-0.00270267156884,0.000614089076407,-0.000402532488806,0.00180146587081,-0.00382825033739,0.00479979021475,-0.00124587165192,0.00148534355685],[-0.000633436371572,0.00262929452583,-0.00145890156273,0.000440723844804,-0.00270267156884,0.00670474115759,-0.00174585881177,-0.000178990288987,-0.000659360957798,0.00314001599327,-0.000595875608269,0.00145262316801,-0.000823776004836],[0.000459491333459,-0.00156449654605,0.000961237004958,0.000101814795926,0.000614089076407,-0.00174585881177,0.00563028035685,-0.00270369788632,0.00041301298188,0.00108429638203,0.00022612864268,-0.000800588866696,0.00322138029151],[-0.000385814055335,0.00108288356569,-0.00129381811712,0.00123198016081,-0.000402532488806,-0.000178990288987,-0.00270369788632,0.00826173368841,-0.000205365795409,-0.00211356882937,-0.000765669392422,0.00166276656091,-0.000886267283931],[0.000607170164585,-0.00159583112691,0.00127187825274,-0.00150675792247,0.00180146587081,-0.000659360957798,0.00041301298188,-0.000205365795409,0.00742978975177,-0.00273792189546,0.000892940384801,0.000556038052309,0.00122313748579],[-0.000580187537707,0.00232599745505,-0.000914542935789,0.00232822517864,-0.00382825033739,0.00314001599327,0.00108429638203,-0.00211356882937,-0.00273792189546,0.0128345508128,-0.00260733510368,-0.000763554009609,0.00117273419164],[0.000741520721931,-0.00176522880793,0.000651996524539,-0.00193269876763,0.00479979021475,-0.000595875608269,0.00022612864268,-0.000765669392422,0.000892940384801,-0.00260733510368,0.0105997286737,-0.00220930413343,0.000457343645394],[-0.000151747561176,0.000894648605026,0.000073575785791,0.00137165316846,-0.00124587165192,0.00145262316801,-0.000800588866696,0.00166276656091,0.000556038052309,-0.000763554009609,-0.00220930413343,0.0128944246098,-0.00289062759839],[0.000557166233193,-0.00116344238631,0.00101306766737,-0.000487547949888,0.00148534355685,-0.000823776004836,0.00322138029151,-0.000886267283931,0.00122313748579,0.00117273419164,0.000457343645394,-0.00289062759839,0.0149937393144]],"mean":[-93.054725647,112.071052551,-147.962097168,20.9409427643,-65.5643234253,-11.2980356216,-37.2632293701,-1.91563618183,-15.881649971,-2.92285609245,-21.5286827087,-3.47067642212,-9.43255996704]},"hfc":{"dmean":3.71834635735,"dmean2":4.66389846802,"dvar":54.1701507568,"dvar2":75.3073501587,"max":191.409057617,"mean":11.8927755356,"median":6.26467609406,"min":1.07787245409e-16,"var":272.785247803},"melbands":{"dmean":[0.0000369380904885,0.000235033992794,0.000286658061668,0.000250215729466,0.000108979693323,0.000132340806886,0.000183039883268,0.000200745358597,0.000199743750272,0.000168432001374,0.0000978234529612,0.0000502496804984,0.000043828789785,0.0000187903697224,0.0000202564442588,0.0000152606535266,0.0000149303559738,0.0000109152433652,0.000010689105693,0.0000132586774271,0.00000604712840868,0.00000611338464296,0.00000396058203478,0.0000039300998651,0.00000431114949606,0.00000287495549856,0.00000220614401769,0.00000232725142268,0.00000203460649573,0.00000148456081206,0.00000118448224384,0.0000011391280168,9.02945487269e-7,7.36449123906e-7,6.71606926517e-7,3.25810987079e-7,2.37493722466e-7,1.62067664178e-7,1.22938658365e-7,8.35472135918e-8],"dmean2":[0.0000592416909058,0.000351539842086,0.000437331793364,0.00039549646317,0.00016959826462,0.000203689356567,0.00027576595312,0.000291499454761,0.000285126006929,0.000231725978665,0.000130243191961,0.0000716700087651,0.0000673721151543,0.0000292449858534,0.0000296618400171,0.0000230219065998,0.0000222542166739,0.0000166474110301,0.0000163430649991,0.0000207654884434,0.00000915189593798,0.00000962509420788,0.00000600270323048,0.00000572219914829,0.00000633944137007,0.00000420444257543,0.00000319070750265,0.00000330360376211,0.00000287455213765,0.00000205460401048,0.00000159439423442,0.00000154428869337,0.0000012405993175,0.00000101128421193,9.557438716e-7,4.42477556817e-7,3.25776284171e-7,2.23428713753e-7,1.666858509e-7,1.14153650088e-7],"dvar":[1.60527875437e-8,6.50611013953e-7,8.32803323192e-7,3.9101999505e-7,3.66181254208e-8,7.13142327413e-8,2.63693664238e-7,4.04829165745e-7,7.09463449766e-7,4.11885423546e-7,1.46346607721e-7,4.34380424963e-8,2.50249065914e-8,3.12959280713e-9,5.66580649064e-9,3.66319929945e-9,5.74999914349e-9,2.16605200443e-9,6.48149200977e-10,5.67862756817e-10,1.87798637752e-10,1.91912430392e-10,1.23280191611e-10,1.24478968799e-10,1.66212182906e-10,8.63395119288e-11,4.58389715075e-11,5.29213582678e-11,5.84194914666e-11,2.9221697978e-11,1.62084512478e-11,1.62847721419e-11,1.19549422445e-11,7.7180458205e-12,9.70794885452e-12,1.5946290512e-12,8.45371570055e-13,3.70299765243e-13,2.17368034379e-13,9.79888438728e-14],"dvar2":[4.36285887417e-8,0.00000152994834934,0.00000177040590188,9.8579812402e-7,8.5286274043e-8,1.6531700453e-7,5.46967271475e-7,7.52837820528e-7,0.00000123127279039,6.56623399209e-7,2.10873409401e-7,8.77816717093e-8,5.47499965364e-8,7.19718729059e-9,1.03040687094e-8,8.15482614769e-9,1.1289218449e-8,4.6571222434e-9,1.40972455931e-9,1.3488989925e-9,4.21283008478e-10,4.65102872882e-10,2.6964344646e-10,2.56443061231e-10,3.28525429083e-10,1.8356466347e-10,9.19511897179e-11,1.03498452864e-10,1.12782040651e-10,5.53777093626e-11,2.9817807945e-11,2.98455773984e-11,2.33625514767e-11,1.53245662687e-11,2.12765898649e-11,2.8615720904e-12,1.53378958839e-12,6.78866034567e-13,4.08969949919e-13,1.78695884587e-13],"max":[0.00232997233979,0.0137350531295,0.022649589926,0.0102690327913,0.0043817171827,0.00843680463731,0.0170887354761,0.0231564696878,0.0281981676817,0.0273943580687,0.0233692433685,0.00970597099513,0.00794663373381,0.00203950703144,0.00341536453925,0.00199810275808,0.00496096070856,0.00204818835482,0.000860662781633,0.000483142677695,0.00042313861195,0.000609956739936,0.000414634938352,0.000308767630486,0.000339676917065,0.000262646732153,0.000142280317959,0.000134385947604,0.000120988072013,0.0000987312305369,0.0000808688128018,0.0000715592905181,0.0000737852969905,0.0000624142048764,0.000100343095255,0.0000209949885175,0.000017980715711,0.0000141722939588,0.0000113317255455,0.00000956795975071],"mean":[0.0000670109147904,0.000426274782512,0.000499347108416,0.000431733293226,0.000235990781221,0.000288511626422,0.000412954366766,0.000454552675365,0.000371150963474,0.000376078445697,0.000203361894819,0.0000895221310202,0.0000733344131731,0.0000317934282066,0.0000333693169523,0.0000245843493758,0.0000241771904257,0.0000184159289347,0.0000214246119867,0.000030785548006,0.0000121113916975,0.000011201173038,0.00000726268217477,0.00000678778269503,0.00000700260079611,0.0000044806392907,0.00000351152675648,0.00000367467805518,0.00000292785716738,0.00000217393858293,0.00000175685886461,0.00000161533625942,0.0000012056077594,9.08707249891e-7,7.81394987825e-7,3.99542471996e-7,2.84975868681e-7,1.94077287574e-7,1.42504916312e-7,9.81465149152e-8],"median":[0.0000172305190063,0.000102344383777,0.0000829205382615,0.000127990162582,0.000141196040204,0.00013346679043,0.0000877203056007,0.0000627439512755,0.0000840081993374,0.000050163234846,0.0000224843697652,0.0000125532678794,0.0000156525511557,0.00000982616984402,0.00000831501074572,0.00000414031865148,0.00000502928060087,0.00000423411620432,0.00000897545032785,0.0000128758829305,0.00000596128438701,0.00000497871269545,0.00000311786129714,0.00000259308012573,0.00000205962305699,0.00000109280415472,0.00000111806798486,0.00000118185710107,6.91098250627e-7,4.60278471337e-7,3.35466154411e-7,2.72659207212e-7,1.82800235393e-7,9.95188429442e-8,6.37172945517e-8,2.7914929035e-8,1.65648561534e-8,9.13383058077e-9,5.30896793194e-9,3.83166343099e-9],"min":[6.67686939798e-25,1.76054190295e-24,9.91290304895e-25,1.1747903955e-24,1.57939458999e-24,1.89690696282e-24,1.08842018436e-24,2.20109843319e-24,1.03949108671e-24,1.98728853167e-24,2.32783012091e-24,2.12777065661e-24,1.75291046255e-24,2.08492288768e-24,2.55077187627e-24,2.18927971911e-24,3.97535764121e-24,2.1243653413e-24,4.9846243112e-24,4.40916290261e-24,4.04633816217e-24,3.14677542004e-24,3.78859206088e-24,4.71696498935e-24,4.12386110105e-24,4.31842654357e-24,4.78943251311e-24,4.05358739946e-24,3.50540598427e-24,4.14155406786e-24,5.07159464827e-24,4.59411568058e-24,6.19809354296e-24,5.19418915497e-24,5.13816030918e-24,5.67245777244e-24,5.43832346134e-24,5.17185413616e-24,6.53662136752e-24,6.35695040775e-24],"var":[1.78516703642e-8,9.40673260175e-7,0.00000184290377092,6.30382260169e-7,9.20642975188e-8,1.934390923e-7,0.00000134539482133,0.00000214457668335,0.00000211014275919,0.00000205142600862,9.49665832195e-7,1.21026658917e-7,4.60610749542e-8,6.02604810496e-9,1.39699452006e-8,7.59282858809e-9,1.05405124629e-8,5.09956388228e-9,1.45387624162e-9,2.1409247708e-9,3.90606685885e-10,4.3455777865e-10,2.54530396759e-10,2.53829263164e-10,3.34057365103e-10,1.4540638138e-10,8.04166178092e-11,9.2208608804e-11,9.34377991646e-11,4.9340326963e-11,2.92701834992e-11,2.75494956709e-11,1.8083839981e-11,1.13258126835e-11,1.15491947603e-11,2.65443591586e-12,1.44355089948e-12,6.36543281193e-13,3.57782705372e-13,1.68306246219e-13]},"melbands_crest":{"dmean":2.9283618927,"dmean2":4.58050775528,"dvar":8.22075176239,"dvar2":19.0746364594,"max":39.7975997925,"mean":13.9588689804,"median":12.7137088776,"min":1.70083498955,"var":35.499874115},"melbands_flatness_db":{"dmean":0.0223808661103,"dmean2":0.0321651361883,"dvar":0.000549705524463,"dvar2":0.00108979316428,"max":0.440038383007,"mean":0.217443034053,"median":0.219991073012,"min":0.00300332601182,"var":0.00447630509734},"melbands_kurtosis":{"dmean":4.45202541351,"dmean2":6.79067277908,"dvar":78.6872406006,"dvar2":163.468475342,"max":290.992004395,"mean":10.4115018845,"median":5.29305267334,"min":-1.91776382923,"var":446.265594482},"melbands_skewness":{"dmean":0.541228353977,"dmean2":0.818522691727,"dvar":0.432220637798,"dvar2":0.923470795155,"max":16.5925788879,"mean":2.08646178246,"median":1.85258150101,"min":-1.73763597012,"var":2.52284097672},"melbands_spread":{"dmean":5.42257642746,"dmean2":8.20153999329,"dvar":58.2012405396,"dvar2":121.74382019,"max":157.323257446,"mean":21.881893158,"median":16.4808826447,"min":0.914964139462,"var":371.268493652},"mfcc":{"cov":[[9916.42871094,1058.06652832,-161.575744629,306.448638916,-512.286804199,8.48382377625,-38.192489624,123.1537323,-168.345962524,-114.191711426,-22.7474918365,-20.1499824524,-203.513320923],[1058.06652832,1577.29467773,-107.345344543,316.868560791,-25.7186946869,-3.14640593529,-24.0598278046,37.2608261108,74.7919006348,-37.391872406,13.662779808,25.4546966553,39.5464057922],[-161.575744629,-107.345344543,673.516174316,161.779693604,270.255401611,101.21157074,119.757575989,58.0128555298,38.0754432678,27.1978359222,-11.9132671356,10.4755420685,15.8716049194],[306.448638916,316.868560791,161.779693604,483.787445068,207.301422119,125.345542908,7.93827438354,25.0535068512,41.003288269,23.8294219971,-40.3593711853,16.6560611725,50.3669166565],[-512.286804199,-25.7186946869,270.255401611,207.301422119,425.563446045,140.462020874,38.479133606,-19.2497730255,55.1732521057,30.5547370911,-59.9299545288,-14.8268709183,39.8933601379],[8.48382377625,-3.14640593529,101.21157074,125.345542908,140.462020874,266.972686768,38.0847434998,69.6700897217,38.0648918152,40.4009933472,-28.9409332275,-41.5818710327,1.94424164295],[-38.192489624,-24.0598278046,119.757575989,7.93827438354,38.479133606,38.0847434998,259.257354736,90.7877807617,54.5459213257,-9.12459754944,40.4946136475,20.986114502,-55.5629653931],[123.1537323,37.2608261108,58.0128555298,25.0535068512,-19.2497730255,69.6700897217,90.7877807617,182.423690796,48.7774543762,28.3584651947,23.6748752594,-1.03133749962,-22.1252689362],[-168.345962524,74.7919006348,38.0754432678,41.003288269,55.1732521057,38.0648918152,54.5459213257,48.7774543762,145.309066772,47.7774085999,20.745262146,-20.1679916382,11.5637340546],[-114.191711426,-37.391872406,27.1978359222,23.8294219971,30.5547370911,40.4009933472,-9.12459754944,28.3584651947,47.7774085999,125.710372925,31.2339935303,-4.20313739777,5.78385162354],[-22.7474918365,13.662779808,-11.9132671356,-40.3593711853,-59.9299545288,-28.9409332275,40.4946136475,23.6748752594,20.745262146,31.2339935303,137.438369751,31.8290500641,-8.51531028748],[-20.1499824524,25.4546966553,10.4755420685,16.6560611725,-14.8268709183,-41.5818710327,20.986114502,-1.03133749962,-20.1679916382,-4.20313739777,31.8290500641,120.764930725,19.9867458344],[-203.513320923,39.5464057922,15.8716049194,50.3669166565,39.8933601379,1.94424164295,-55.5629653931,-22.1252689362,11.5637340546,5.78385162354,-8.51531028748,19.9867458344,127.482475281]],"icov":[[0.000131866399897,-0.0000710597523721,-0.0000492588696943,-0.000138593022712,0.000235614192206,-0.000056408905948,0.0000312624724756,-0.0000308037670038,0.000136352726258,0.0000339856960636,0.000046204226237,0.0000409312488046,0.000211611957639],[-0.0000710597523721,0.000890263996553,0.000215382722672,-0.00066873250762,0.0000907949579414,0.000178560687345,0.000195005442947,-0.000155432804604,-0.000668938620947,0.000564997724723,-0.000240827153903,-0.000102163474367,-0.0000903594991541],[-0.0000492588696943,0.000215382722672,0.0023025625851,-0.000282458437141,-0.00145661074203,0.000261754583335,-0.000764834461734,-0.000683669000864,0.000416400143877,-0.000147784783621,-0.0002022672561,0.00000218960235543,-0.000365622079698],[-0.000138593022712,-0.00066873250762,-0.000282458437141,0.00370642985217,-0.00141554244328,-0.000878572755028,0.000154473775183,-0.000175248729647,-0.0000311692165269,-0.00041101523675,0.000553610676434,-0.000915169192012,-0.000747791666072],[0.000235614192206,0.0000907949579414,-0.00145661074203,-0.00141554244328,0.00538368476555,-0.0017083180137,-0.000592657597736,0.00214029336348,-0.00116439699195,-0.00039268808905,0.00154260988347,-0.0000418422823714,-0.000223903320148],[-0.000056408905948,0.000178560687345,0.000261754583335,-0.000878572755028,-0.0017083180137,0.00607725838199,-0.00035983780981,-0.00234034704044,0.00061195762828,-0.00120572338346,0.000499494664837,0.0019424110651,-0.000224002200412],[0.0000312624724756,0.000195005442947,-0.000764834461734,0.000154473775183,-0.000592657597736,-0.00035983780981,0.00687962444499,-0.00235423445702,-0.00252767349593,0.00266835675575,-0.00160227820743,-0.0018216931494,0.00309123354964],[-0.0000308037670038,-0.000155432804604,-0.000683669000864,-0.000175248729647,0.00214029336348,-0.00234034704044,-0.00235423445702,0.0087124183774,-0.00165721587837,-0.00123290927149,0.0001632701169,-0.000357236916898,0.000278496474493],[0.000136352726258,-0.000668938620947,0.000416400143877,-0.0000311692165269,-0.00116439699195,0.00061195762828,-0.00252767349593,-0.00165721587837,0.010947464034,-0.00364561611786,-0.000845872564241,0.00287741166539,-0.00198384607211],[0.0000339856960636,0.000564997724723,-0.000147784783621,-0.00041101523675,-0.00039268808905,-0.00120572338346,0.00266835675575,-0.00123290927149,-0.00364561611786,0.0112974848598,-0.00302201299928,-0.000541523098946,0.000851231918205],[0.000046204226237,-0.000240827153903,-0.0002022672561,0.000553610676434,0.00154260988347,0.000499494664837,-0.00160227820743,0.0001632701169,-0.000845872564241,-0.00302201299928,0.0100115956739,-0.00224916916341,0.0000297565693472],[0.0000409312488046,-0.000102163474367,0.00000218960235543,-0.000915169192012,-0.0000418422823714,0.0019424110651,-0.0018216931494,-0.000357236916898,0.00287741166539,-0.000541523098946,-0.00224916916341,0.0108815059066,-0.00250685424544],[0.000211611957639,-0.0000903594991541,-0.000365622079698,-0.000747791666072,-0.000223903320148,-0.000224002200412,0.00309123354964,0.000278496474493,-0.00198384607211,0.000851231918205,0.0000297565693472,-0.00250685424544,0.0105564976111]],"mean":[-716.605712891,139.58366394,-28.680562973,25.866071701,-15.1731615067,-3.29208469391,-19.1516113281,-2.67978954315,-0.731208026409,-1.66579377651,-6.63431453705,-4.41235876083,0.176244214177]},"pitch_salience":{"dmean":0.0627392753959,"dmean2":0.0995076447725,"dvar":0.00361178303137,"dvar2":0.00898373126984,"max":0.875409007072,"mean":0.548955917358,"median":0.564443230629,"min":0.0127991139889,"var":0.0162182450294},"silence_rate_20dB":{"dmean":0,"dmean2":0,"dvar":0,"dvar2":0,"max":1,"mean":1,"median":1,"min":1,"var":0},"silence_rate_30dB":{"dmean":0.00314237363636,"dmean2":0.00628550723195,"dvar":0.00313227274455,"dvar2":0.00697046797723,"max":1,"mean":0.99419939518,"median":1,"min":0,"var":0.00576736265793},"silence_rate_60dB":{"dmean":0.0447183959186,"dmean2":0.0894476026297,"dvar":0.0427225492895,"dvar2":0.0891783684492,"max":1,"mean":0.195891231298,"median":0,"min":0,"var":0.157523781061},"spectral_centroid":{"dmean":192.842971802,"dmean2":287.624328613,"dvar":74385.1171875,"dvar2":147337.09375,"max":11955.8164063,"mean":1285.23413086,"median":1054.34777832,"min":224.553466797,"var":1299187.5},"spectral_complexity":{"dmean":2.50833940506,"dmean2":3.52689480782,"dvar":13.4503040314,"dvar2":17.5111217499,"max":60,"mean":12.943444252,"median":12,"min":0,"var":80.5373153687},"spectral_contrast_coeffs":{"dmean":[0.041157644242,0.0453156158328,0.0368898287416,0.0278042405844,0.0198562480509,0.0287778824568],"dmean2":[0.0674269720912,0.0726353526115,0.0585118047893,0.0453056357801,0.0319594144821,0.0420652925968],"dvar":[0.00131648452953,0.00150288525037,0.000978673459031,0.000519023975357,0.000261060689809,0.00105900957715],"dvar2":[0.00332295242697,0.00370358419605,0.00223733996972,0.00132306292653,0.000646920525469,0.00201716064475],"max":[-0.301767617464,-0.28413939476,-0.415640741587,-0.508375585079,-0.64229798317,-0.313832819462],"mean":[-0.603113234043,-0.700548827648,-0.756005942822,-0.757354319096,-0.792093932629,-0.713774800301],"median":[-0.599166214466,-0.704966962337,-0.765549302101,-0.760748624802,-0.790408611298,-0.720981419086],"min":[-0.981788396835,-0.977602303028,-0.974099516869,-0.969576358795,-0.966409385204,-0.965018451214],"var":[0.00850305426866,0.00852270238101,0.00639434438199,0.00407993234694,0.00175694620702,0.00569914840162]},"spectral_contrast_valleys":{"dmean":[0.408428043127,0.334389448166,0.295947939157,0.240759178996,0.239432141185,0.462791204453],"dmean2":[0.639729499817,0.540005505085,0.47034689784,0.373373150826,0.334212124348,0.601338863373],"dvar":[0.218682125211,0.113230399787,0.101708844304,0.0816655009985,0.0979605168104,0.325778067112],"dvar2":[0.399177134037,0.226125761867,0.182987824082,0.129467561841,0.143648669124,0.577658474445],"max":[-6.00389575958,-5.03168106079,-5.05379915237,-5.54197502136,-5.48586559296,-8.05380249023],"mean":[-8.89532756805,-7.31467580795,-8.11998081207,-8.41686344147,-8.41229057312,-11.960308075],"median":[-8.4878616333,-6.93194246292,-7.77000761032,-8.11866855621,-8.12295436859,-11.9306907654],"min":[-28.3918533325,-27.8707809448,-27.926202774,-27.752828598,-27.5537548065,-27.3711128235],"var":[5.7564573288,5.77346658707,5.32158374786,4.92400360107,4.96123409271,4.06852436066]},"spectral_decrease":{"dmean":1.16365039826e-9,"dmean2":1.59991020432e-9,"dvar":3.96276051208e-18,"dvar2":6.95448708563e-18,"max":1.78281962727e-28,"mean":-3.97796462437e-9,"median":-2.32398145172e-9,"min":-4.33282139056e-8,"var":2.27969653331e-17},"spectral_energy":{"dmean":0.00465613650158,"dmean2":0.00634127343073,"dvar":0.0000631495422567,"dvar2":0.000107603955257,"max":0.180310457945,"mean":0.0160924568772,"median":0.00939878355712,"min":9.87499120479e-21,"var":0.000372259732103},"spectral_energyband_high":{"dmean":0.000195829037693,"dmean2":0.000250925571891,"dvar":4.54128922911e-7,"dvar2":7.31782733965e-7,"max":0.0109128262848,"mean":0.000302732252749,"median":0.0000716147842468,"min":6.93317343945e-21,"var":8.74550948993e-7},"spectral_energyband_low":{"dmean":0.000959939847235,"dmean2":0.00139751040842,"dvar":0.00000787491626397,"dvar2":0.0000176642697625,"max":0.044706646353,"mean":0.00185248232447,"median":0.000470801285701,"min":1.1045584641e-23,"var":0.00001378989964},"spectral_energyband_middle_high":{"dmean":0.00113005691674,"dmean2":0.00151255005039,"dvar":0.00000859290958033,"dvar2":0.0000131758661155,"max":0.169538140297,"mean":0.0032702870667,"median":0.00155537750106,"min":1.08374160494e-21,"var":0.0000516136715305},"spectral_energyband_middle_low":{"dmean":0.0038580656983,"dmean2":0.00553915230557,"dvar":0.0000507105578436,"dvar2":0.000095668969152,"max":0.162948727608,"mean":0.0113481609151,"median":0.00604550074786,"min":1.46061534595e-22,"var":0.000251371297054},"spectral_entropy":{"dmean":0.152225002646,"dmean2":0.218170896173,"dvar":0.0282362475991,"dvar2":0.0550560466945,"max":9.82881259918,"mean":7.26443576813,"median":7.24819993973,"min":5.3225903511,"var":0.275499850512},"spectral_flux":{"dmean":0.0178490038961,"dmean2":0.0280860997736,"dvar":0.000575076905079,"dvar2":0.00129573012237,"max":0.373165369034,"mean":0.0537504591048,"median":0.0426268838346,"min":6.43062339489e-11,"var":0.00174419453833},"spectral_kurtosis":{"dmean":2.43609380722,"dmean2":4.16061687469,"dvar":5.66738605499,"dvar2":16.3102264404,"max":34.795539856,"mean":5.7371969223,"median":4.98756074905,"min":-1.31019389629,"var":14.1015815735},"spectral_rms":{"dmean":0.000514905666932,"dmean2":0.0006915742415,"dvar":4.8560605137e-7,"dvar2":7.70644817294e-7,"max":0.013263206929,"mean":0.00339752133004,"median":0.00302812550217,"min":3.10389084227e-12,"var":0.00000415685371991},"spectral_rolloff":{"dmean":359.804779053,"dmean2":591.327575684,"dvar":470336.46875,"dvar2":964053.6875,"max":19702.8808594,"mean":1614.69824219,"median":1055.12695313,"min":21.533203125,"var":5065821.5},"spectral_skewness":{"dmean":0.270211517811,"dmean2":0.439788490534,"dvar":0.0582628287375,"dvar2":0.154084146023,"max":4.44225072861,"mean":1.58330786228,"median":1.53304135799,"min":-0.0881497263908,"var":0.269993692636},"spectral_spread":{"dmean":371875.1875,"dmean2":547207.1875,"dvar":574913904640,"dvar2":1203433111550,"max":52787568,"mean":3765963,"median":3068970.75,"min":1836232.125,"var":15455211225100},"spectral_strongpeak":{"dmean":0.473394155502,"dmean2":0.75118380785,"dvar":0.503961801529,"dvar2":1.09327411652,"max":15.5533761978,"mean":1.23753523827,"median":0.701043963432,"min":0,"var":2.04300093651},"zerocrossingrate":{"dmean":0.00735903717577,"dmean2":0.00851526390761,"dvar":0.000115367649414,"dvar2":0.000147935308632,"max":0.52001953125,"mean":0.0572296902537,"median":0.04541015625,"min":0,"var":0.00305113755167}},"metadata":{"audio_properties":{"analysis_sample_rate":44100,"bit_rate":188451,"codec":"mp3","downmix":"mix","equal_loudness":0,"length":192.104492188,"lossless":false,"md5_encoded":"f661921c8f5f62e7df92a0c928b8c184","replay_gain":-6.64502906799,"sample_rate":44100},"tags":{"album":["With a Lot o' Soul"],"albumartist":["The Temptations"],"albumartistsort":["Temptations, The"],"artist":["The Temptations"],"artistsort":["Temptations, The"],"barcode":["731453093225"],"catalognumber":["530 932-2"],"contentgroup":["R&B"],"date":["1967"],"discnumber":["1/1"],"file_name":"10. The Temptations ~ Now That You've Won Me.mp3","genre":["Soul; Motown; Funk"],"label":["Motown Records"],"media":["CD"],"mood":["Funky"],"musicbrainz album release country":["US"],"musicbrainz album status":["official"],"musicbrainz album type":["album"],"musicbrainz_albumartistid":["d8df96ae-8fcf-4997-b3e6-e5d1aaf0f69e"],"musicbrainz_albumid":["0c53c1da-b9a5-4ab3-96d4-277cff99ff08"],"musicbrainz_artistid":["d8df96ae-8fcf-4997-b3e6-e5d1aaf0f69e"],"musicbrainz_recordingid":["f599944b-50ee-403f-a62b-b2471bc56595"],"musicbrainz_releasegroupid":["762baf89-9d41-30ac-82a1-55e0ac2e7aae"],"originaldate":["1967-07-17"],"originalyear":["1967"],"script":["Latn"],"title":["Now That You've Won Me"],"tracknumber":["10/12"]},"version":{"essentia":"2.1-beta2","essentia_build_sha":"2d9f1f26377add8aeb1075a9c2973f962c4f09fd","essentia_git_sha":"v2.1_beta2-1-ge3940c0","extractor":"music 1.0"}},"rhythm":{"beats_count":273,"beats_loudness":{"dmean":0.0208102017641,"dmean2":0.0367865152657,"dvar":0.000399883865612,"dvar2":0.00118294451386,"max":0.153537794948,"mean":0.0240614749491,"median":0.0202473215759,"min":0,"var":0.000449869752629},"beats_loudness