{"lowlevel":{"average_loudness":0.882287502289,"barkbands":{"dmean":[0.00410792697221,0.0164855215698,0.00367710646242,0.0012419213308,0.00135192775633,0.000865068403073,0.000500555208419,0.000261900102487,0.000331102492055,0.000222726448555,0.000207188131753,0.000421760632889,0.000472277781228,0.000569993047975,0.000507803924847,0.000274737045402,0.000215209423914,0.000168024082086,0.0000939085875871,0.0000703064142726,0.0000711841930752,0.0000497160253872,0.0000292666773021,0.00000710804079063,0.00000215620048039,0.0000888849172043,0.00058861146681],"dmean2":[0.00652244407684,0.0274104941636,0.00613191490993,0.00201863190159,0.0021004898008,0.00127626315225,0.00073241814971,0.000403758138418,0.000509339442942,0.000338895217283,0.000315215322189,0.000634989526588,0.000710122345481,0.000853909295984,0.000747275480535,0.000409274274716,0.000322596024489,0.000251484510954,0.000137788083521,0.000105193685158,0.000104852319055,0.0000711816974217,0.0000421202348662,0.0000106112147478,0.00000360636954611,0.000128701649373,0.000807978445664],"dvar":[0.0000659356883261,0.00143241113983,0.0000789101031842,0.0000116115916171,0.00000776781143941,0.00000500733858644,0.00000428976909461,0.00000234033109336,0.00000215376849155,5.52837661871e-7,3.38537319067e-7,0.00000156351927671,0.00000257084207078,0.00000344460863744,0.00000315853230859,7.957448247e-7,4.77764388052e-7,2.56559786749e-7,6.02631970992e-8,2.45778331021e-8,1.98952037067e-8,1.14760903003e-8,4.73793182465e-9,2.32670854805e-10,3.11593910396e-11,4.33620854778e-8,0.00000163990637247],"dvar2":[0.000161404022947,0.00379633973353,0.000199040441657,0.000029273905966,0.0000192566167243,0.000010343120266,0.0000092189766292,0.00000545114016859,0.00000493679954161,0.00000124597136164,7.61591081755e-7,0.0000034076904285,0.00000580957112106,0.00000768493828218,0.000006476352155,0.00000172491797912,0.0000010038304481,5.29128101334e-7,1.22416764725e-7,5.01869727998e-8,4.07775821998e-8,2.29173213739e-8,9.72912062025e-9,4.88252493991e-10,7.4357076052e-11,8.92665426022e-8,0.00000286733802568],"max":[0.123843476176,0.423057734966,0.132250711322,0.0673593431711,0.0706517025828,0.0963952317834,0.117506802082,0.11092671752,0.0850720256567,0.0303654670715,0.0147533528507,0.0236611552536,0.0298814103007,0.0428705848753,0.0440258085728,0.0160532407463,0.0159387085587,0.0108442539349,0.00391973555088,0.00364096648991,0.00284990575165,0.00125109357759,0.00127057859208,0.000216966494918,0.000124774000142,0.00218575890176,0.0246620997787],"mean":[0.00574285583571,0.0189522821456,0.00418203184381,0.00149492768105,0.00219563045539,0.00144525943324,0.000778011453804,0.000357138051186,0.000427621445851,0.000278377294308,0.0002660054015,0.000513801234774,0.000547799456399,0.000674675626215,0.000613806245383,0.000318962149322,0.000231847239775,0.000190557737369,0.000110934517579,0.0000781982307672,0.0000764400465414,0.000052416446124,0.0000298141621897,0.00000711310758561,0.00000196444125322,0.0000869902796694,0.00078107509762],"median":[0.00143531837966,0.00399579852819,0.000734699424356,0.000314377888571,0.000642435043119,0.000216824060772,0.0000766092707636,0.0000331177361659,0.0000415666363551,0.0000319956488966,0.000032915675547,0.0000490740021633,0.0000497737637488,0.0000569844196434,0.0000713458866812,0.0000427003178629,0.0000269578122243,0.0000232286420214,0.0000130502685352,0.00000828091378935,0.00000775086482463,0.00000377406672669,0.00000184182067642,7.97764585059e-7,3.29721586922e-7,0.00000289677882392,0.000181731680641],"min":[8.96131751857e-26,2.83014065497e-24,1.05628149804e-24,3.82675586958e-25,4.20623395677e-24,6.64090404602e-24,5.71160499486e-24,7.40050531141e-24,7.66719788422e-24,1.97271298538e-23,9.10352742145e-24,1.63550886942e-23,1.85946774259e-23,2.39578634637e-23,4.59005123253e-23,4.91985725316e-23,5.29425253204e-23,7.87389206316e-23,1.20571999865e-22,1.42659764424e-22,1.97694651787e-22,2.34848107157e-22,3.58706286983e-22,4.65372398273e-22,8.6355717246e-22,1.29419212495e-21,1.97162295632e-21],"var":[0.000094053488283,0.00128637545276,0.0000801825808594,0.0000127449256979,0.0000157890845003,0.0000154551253218,0.00000920169622987,0.00000417033379563,0.0000037550973957,8.02252486665e-7,4.78615390875e-7,0.00000216941270992,0.00000313779514727,0.00000445349814981,0.00000433122022514,9.78957245934e-7,5.97168138938e-7,3.36593473094e-7,9.16790767747e-8,4.03100628432e-8,3.00176878909e-8,1.60634527901e-8,6.39112940348e-9,2.8195351609e-10,2.94259373812e-11,5.31552544203e-8,0.00000293275684271]},"barkbands_crest":{"dmean":3.33265089989,"dmean2":5.28428411484,"dvar":9.75886631012,"dvar2":24.2510795593,"max":26.6352825165,"mean":12.8905534744,"median":12.6594696045,"min":2.55035734177,"var":28.4035511017},"barkbands_flatness_db":{"dmean":0.0431568361819,"dmean2":0.0624530352652,"dvar":0.00173485523555,"dvar2":0.00358171435073,"max":0.552459418774,"mean":0.190208569169,"median":0.177204743028,"min":0.0276994798332,"var":0.00739087257534},"barkbands_kurtosis":{"dmean":25.0479488373,"dmean2":38.2843551636,"dvar":2771.46044922,"dvar2":6409.62548828,"max":970.569580078,"mean":35.2371559143,"median":10.5941867828,"min":-1.85062205791,"var":4619.56494141},"barkbands_skewness":{"dmean":1.58257913589,"dmean2":2.33706235886,"dvar":3.8042280674,"dvar2":8.59103775024,"max":26.931394577,"mean":3.69910550117,"median":2.88000535965,"min":-2.85308694839,"var":10.6265888214},"barkbands_spread":{"dmean":12.0976810455,"dmean2":18.6169471741,"dvar":250.115844727,"dvar2":550.144958496,"max":132.415420532,"mean":25.3592815399,"median":17.8614196777,"min":0.212359562516,"var":552.225891113},"dissonance":{"dmean":0.0192728918046,"dmean2":0.0312425922602,"dvar":0.00049856439,"dvar2":0.00123638065998,"max":0.500000238419,"mean":0.468406796455,"median":0.47789978981,"min":0.180484846234,"var":0.00102984462865},"dynamic_complexity":5.11202001572,"erbbands":{"dmean":[0.518280744553,3.54276275635,5.25983905792,3.81744480133,3.74390244484,5.62202119827,6.62194681168,6.18889379501,7.27575159073,5.88371181488,6.32564783096,7.6579284668,6.5081372261,7.05304479599,9.34196949005,18.3334770203,20.3648643494,27.0382022858,25.8855876923,21.7003574371,13.984869957,12.1216745377,10.0093746185,5.99755573273,3.97771692276,3.31761908531,3.2003455162,2.47362065315,1.89590466022,1.34649205208,0.720620989799,0.272744566202,0.0666029080749,0.0256764106452,0.0153809580952,0.0253923162818,0.18381793797,0.204422727227,0.0544941462576,0.010742184706],"dmean2":[0.875731825829,5.94683456421,8.63872337341,6.19550418854,6.09521961212,8.54647541046,10.0245409012,9.22759151459,10.5191612244,8.88037109375,9.78280639648,11.624578476,9.79114723206,10.6941652298,13.9897346497,27.4856414795,29.6371002197,39.9498939514,37.7048683167,31.4381351471,20.6164932251,17.9295711517,14.8792171478,8.81514453888,5.78067588806,4.98141336441,4.76963806152,3.61834168434,2.71463084221,1.93762218952,1.03951406479,0.3959659338,0.104797758162,0.0426296517253,0.0255469661206,0.0397562049329,0.268650174141,0.289072602987,0.0780033022165,0.014567039907],"dvar":[1.5417137146,71.4166030884,154.564865112,87.1026916504,94.41822052,150.583236694,254.925613403,328.233612061,823.129272461,554.482116699,1364.91113281,1186.62329102,534.805114746,418.94052124,704.546691895,2901.18408203,4588.85449219,7799.60205078,6381.2265625,5845.51171875,1957.11962891,1540.43029785,916.610778809,280.752197266,105.200737,53.4374694824,42.1490249634,25.0767269135,16.6696929932,9.85873317719,2.8201751709,0.366348773241,0.0208011418581,0.00419425731525,0.00153768993914,0.00345948245376,0.18984413147,0.205227404833,0.0105401175097,0.000618225545622],"dvar2":[4.19559574127,188.922210693,387.323791504,217.821746826,246.776092529,355.140777588,542.174194336,703.258483887,1531.72973633,1302.84362793,3170.16821289,2603.69335938,1200.51220703,950.745483398,1582.41174316,6235.5546875,9850.62207031,17037.1308594,13306.9238281,11647.0410156,4127.66845703,3193.53881836,1880.35925293,572.776672363,205.711898804,109.639297485,88.2882385254,50.4163208008,33.2365455627,20.4347629547,5.72494363785,0.742813706398,0.0465830378234,0.00997730903327,0.00364998611622,0.00801912043244,0.394229918718,0.404719084501,0.0201428439468,0.00103850162122],"max":[15.6815690994,99.8825302124,160.567642212,167.671340942,195.188980103,407.167663574,442.922485352,737.659667969,1796.36230469,1307.53295898,2747.99145508,2056.28271484,1137.36877441,575.631835938,676.131530762,894.651977539,1333.84008789,2091.7644043,1677.71777344,1638.11181641,869.008117676,909.69342041,647.519287109,471.021148682,224.148681641,163.69317627,212.59437561,69.3154067993,50.3978691101,56.0516319275,34.4588394165,7.88009405136,2.82736182213,1.56172001362,0.892466664314,1.15530574322,4.39358234406,4.56783008575,1.95332622528,0.406557619572],"mean":[0.640756905079,3.78135037422,6.03452682495,4.92518758774,5.02482318878,9.3667049408,10.6275415421,10.4697313309,11.6922483444,8.93214130402,8.7411737442,10.0695810318,8.71523666382,9.00357627869,12.2644996643,22.5799484253,24.9324264526,32.4326858521,33.5710105896,26.2091274261,16.6422557831,13.2623214722,11.3378210068,7.11869812012,4.69657421112,3.67467951775,3.43611931801,2.6538131237,1.99429833889,1.38764810562,0.740339279175,0.277469962835,0.0644485354424,0.0237683150917,0.014330027625,0.0238360203803,0.178456187248,0.208981052041,0.0612455271184,0.0156165016815],"median":[0.131235793233,0.577657401562,1.04660320282,1.33025443554,1.51766729355,2.29904842377,2.22585296631,1.61645340919,1.27976870537,0.874638974667,0.894955933094,0.973444998264,1.02124190331,1.26131486893,1.50321054459,2.16735076904,2.4172744751,3.20490932465,4.11477565765,3.1039018631,2.45521783829,1.63093423843,1.41480183601,0.843035399914,0.557115197182,0.389048010111,0.374738872051,0.241088852286,0.143869787455,0.0858250111341,0.0481767430902,0.0241786651313,0.00904844608158,0.00416441261768,0.00260567013174,0.00285451137461,0.00559200532734,0.00781984906644,0.00632750894874,0.00446498580277],"min":[7.51533900452e-23,4.56991590503e-22,1.82625686887e-21,2.90286131473e-21,6.8048223118e-21,1.53550926513e-20,3.64865620035e-20,6.74138111311e-20,1.02296728421e-19,1.70057968334e-19,1.88196139237e-19,2.50417582566e-19,5.89670847403e-19,7.81206120902e-19,6.14024026914e-19,7.39392399432e-19,1.18238768401e-18,1.81898464266e-18,3.0111932353e-18,3.28136386504e-18,2.14941620721e-18,3.76145659744e-18,5.48647062738e-18,6.27238443995e-18,6.813461063e-18,7.59018779409e-18,7.22641940329e-18,8.70288054841e-18,9.80120352114e-18,1.04258952828e-17,1.06313512305e-17,9.66593715711e-18,8.31348527505e-18,8.73711341806e-18,5.65134964375e-18,3.93099098629e-18,2.16151082854e-18,9.42437477564e-19,2.51862434452e-19,2.62812987443e-20],"var":[1.38975548744,60.843547821,153.441329956,97.3922424316,103.968139648,360.144714355,687.144775391,874.105712891,2023.78991699,1181.32299805,2481.81591797,2209.78295898,871.253234863,606.811889648,990.563354492,4067.02392578,6120.50244141,10098.0009766,9751.73828125,8104.6328125,2519.7746582,1951.79272461,1206.56860352,401.762023926,169.234558105,87.427986145,65.8957061768,36.9279518127,23.1888370514,13.1421327591,3.88712072372,0.469617903233,0.0225049033761,0.003996161744,0.00147506140638,0.00347688281909,0.226936668158,0.277082920074,0.0177111327648,0.0011826667469]},"erbbands_crest":{"dmean":2.8824224472,"dmean2":4.60426616669,"dvar":8.39565563202,"dvar2":18.5834369659,"max":32.5033111572,"mean":9.25574016571,"median":7.83294582367,"min":2.00426506996,"var":25.8442173004},"erbbands_flatness_db":{"dmean":0.0311735011637,"dmean2":0.046361733228,"dvar":0.000846419832669,"dvar2":0.00175983668305,"max":0.414131581783,"mean":0.148935720325,"median":0.144511282444,"min":0.0240746811032,"var":0.00306495442055},"erbbands_kurtosis":{"dmean":2.67486405373,"dmean2":4.14357852936,"dvar":39.003288269,"dvar2":84.301322937,"max":146.766448975,"mean":2.5009226799,"median":0.229555845261,"min":-1.82137107849,"var":71.9868392944},"erbbands_skewness":{"dmean":0.650840938091,"dmean2":0.96285289526,"dvar":0.586360156536,"dvar2":1.16221892834,"max":9.91220474243,"mean":0.25277197361,"median":-0.0119529739022,"min":-4.10632801056,"var":1.96917200089},"erbbands_spread":{"dmean":12.485622406,"dmean2":18.8035793304,"dvar":208.764724731,"dvar2":454.052764893,"max":160.039703369,"mean":36.5641212463,"median":31.6044521332,"min":0.921613276005,"var":540.496765137},"gfcc":{"cov":[[24774.9316406,634.890869141,-1342.49475098,212.901046753,269.475097656,-300.356292725,332.047271729,-540.638305664,156.921127319,67.6924972534,-230.591384888,249.422653198,-369.583221436],[634.890869141,1751.40380859,220.327850342,-274.062561035,129.592773438,89.7863082886,-166.749237061,87.4219970703,-4.1940984726,-17.256357193,147.76524353,-175.184906006,165.296569824],[-1342.49475098,220.327850342,1089.19775391,578.032165527,-115.64415741,310.103637695,-78.7066802979,249.564437866,-13.063501358,109.106254578,-25.1218795776,31.8372707367,17.8993873596],[212.901046753,-274.062561035,578.032165527,761.273498535,180.967224121,121.401817322,147.315750122,144.530517578,61.3631515503,51.8418960571,-73.6195602417,81.0052719116,-38.8231544495],[269.475097656,129.592773438,-115.64415741,180.967224121,487.167572021,54.9514045715,199.202713013,-6.99004936218,77.8709106445,-42.1298370361,20.9077720642,-14.7743358612,14.4026069641],[-300.356292725,89.7863082886,310.103637695,121.401817322,54.9514045715,428.429351807,25.0470485687,177.819641113,-22.8579826355,54.9089622498,29.626991272,-0.622016906738,16.6320343018],[332.047271729,-166.749237061,-78.7066802979,147.315750122,199.202713013,25.0470485687,284.923278809,20.7814693451,105.039810181,18.2471790314,-9.56643199921,57.1804580688,-51.0860404968],[-540.638305664,87.4219970703,249.564437866,144.530517578,-6.99004936218,177.819641113,20.7814693451,313.853088379,84.1810684204,90.8436355591,42.4803199768,-36.1356391907,44.4451980591],[156.921127319,-4.1940984726,-13.063501358,61.3631515503,77.8709106445,-22.8579826355,105.039810181,84.1810684204,187.098892212,84.0581130981,15.0193843842,8.49002170563,-30.6061458588],[67.6924972534,-17.256357193,109.106254578,51.8418960571,-42.1298370361,54.9089622498,18.2471790314,90.8436355591,84.0581130981,119.383674622,40.4972610474,9.66790294647,-7.97713708878],[-230.591384888,147.76524353,-25.1218795776,-73.6195602417,20.9077720642,29.626991272,-9.56643199921,42.4803199768,15.0193843842,40.4972610474,93.7006454468,1.16855680943,43.2926864624],[249.422653198,-175.184906006,31.8372707367,81.0052719116,-14.7743358612,-0.622016906738,57.1804580688,-36.1356391907,8.49002170563,9.66790294647,1.16855680943,110.422790527,-15.895318985],[-369.583221436,165.296569824,17.8993873596,-38.8231544495,14.4026069641,16.6320343018,-51.0860404968,44.4451980591,-30.6061458588,-7.97713708878,43.2926864624,-15.895318985,109.085632324]],"icov":[[0.000098836280813,-0.000333038915414,0.000633821182419,-0.000503384158947,0.00015968696971,-0.000161696851137,0.000150009975187,0.0000163401164173,0.000295906938845,-0.00075992877828,0.000721944204997,-0.000539671978913,0.000285815942334],[-0.000333038915414,0.00244053150527,-0.00344949122518,0.00284610036761,-0.0012541974429,0.000742207164876,-0.000453346117865,0.000345402688254,-0.001971519785,0.00389182101935,-0.0041422736831,0.00332668889314,-0.00168800109532],[0.000633821182419,-0.00344949122518,0.00864074472338,-0.0075911199674,0.00377147458494,-0.00324142444879,0.00209767185152,0.000280969514279,0.00184293312486,-0.00579203059897,0.00512602971867,-0.00378949590959,0.00162602833007],[-0.000503384158947,0.00284610036761,-0.0075911199674,0.0101103158668,-0.00642740586773,0.00394621118903,-0.00108897697646,-0.00342168891802,0.00169542036019,0.00026707194047,0.00160025013611,-0.00119140592869,-0.000356732489308],[0.00015968696971,-0.0012541974429,0.00377147458494,-0.00642740586773,0.00930084846914,-0.00413899403065,-0.00303949345835,0.00470893923193,-0.00568062672392,0.00647406186908,-0.00566754397005,0.00518043432385,-0.00252002757043],[-0.000161696851137,0.000742207164876,-0.00324142444879,0.00394621118903,-0.00413899403065,0.00620493525639,-0.000576393678784,-0.00439412565902,0.00513428449631,-0.00322572211735,0.00133247906342,-0.00194658513647,0.00177679955959],[0.000150009975187,-0.000453346117865,0.00209767185152,-0.00108897697646,-0.00303949345835,-0.000576393678784,0.00897569395602,-0.0017996695824,-0.00127476092894,-0.00177275552414,0.00284165423363,-0.00579388253391,0.00342996791005],[0.0000163401164173,0.000345402688254,0.000280969514279,-0.00342168891802,0.00470893923193,-0.00439412565902,-0.0017996695824,0.0105837257579,-0.00735557777807,0.00330255716108,-0.0056413137354,0.00751008186489,-0.00532769039273],[0.000295906938845,-0.001971519785,0.00184293312486,0.00169542036019,-0.00568062672392,0.00513428449631,-0.00127476092894,-0.00735557777807,0.0203173402697,-0.0183930862695,0.0106511432678,-0.00728989765048,0.00572413764894],[-0.00075992877828,0.00389182101935,-0.00579203059897,0.00026707194047,0.00647406186908,-0.00322572211735,-0.00177275552414,0.00330255716108,-0.0183930862695,0.0360119305551,-0.0234303437173,0.0104810073972,-0.00166626879945],[0.000721944204997,-0.0041422736831,0.00512602971867,0.00160025013611,-0.00566754397005,0.00133247906342,0.00284165423363,-0.0056413137354,0.0106511432678,-0.0234303437173,0.0348328277469,-0.0143488068134,-0.00201440299861],[-0.000539671978913,0.00332668889314,-0.00378949590959,-0.00119140592869,0.00518043432385,-0.00194658513647,-0.00579388253391,0.00751008186489,-0.00728989765048,0.0104810073972,-0.0143488068134,0.0227192919701,-0.00510568218306],[0.000285815942334,-0.00168800109532,0.00162602833007,-0.000356732489308,-0.00252002757043,0.00177679955959,0.00342996791005,-0.00532769039273,0.00572413764894,-0.00166626879945,-0.00201440299861,-0.00510568218306,0.0176779497415]],"mean":[-86.8636016846,88.963722229,-76.8163986206,7.40278959274,3.16065120697,-14.5154790878,-4.64348459244,-23.0333461761,-0.606020689011,-5.93596220016,-7.00748348236,1.17843389511,-8.47952651978]},"hfc":{"dmean":27.3981742859,"dmean2":34.6922302246,"dvar":3259.29907227,"dvar2":5043.22900391,"max":904.555847168,"mean":50.8713912964,"median":22.9499664307,"min":1.04862870776e-16,"var":7158.57080078},"melbands":{"dmean":[0.00473476434126,0.00345871853642,0.000656092597637,0.0003229402937,0.000223731025471,0.000146826889249,0.000107566083898,0.0000609777307545,0.0000561166452826,0.0000461743293272,0.0000329528011207,0.0000287745060632,0.0000286055801553,0.0000369143635908,0.0000639241188765,0.0000399196796934,0.0000551579360035,0.0000427571794717,0.0000412580338889,0.0000216638181882,0.000015316731151,0.0000128259898702,0.0000114190825116,0.00000742629026718,0.00000476449758935,0.00000336826246894,0.00000241264274337,0.0000022010099201,0.00000208029155147,0.00000181172140401,0.00000131836702622,0.00000112216036996,8.77987304193e-7,7.21361914202e-7,4.44527728405e-7,2.69865950031e-7,1.29916628566e-7,5.00152204097e-8,2.58171404255e-8,1.99220675512e-8],"dmean2":[0.00786073133349,0.00568013126031,0.00105889933184,0.000501631700899,0.000337091070833,0.000216900298255,0.000155706846272,0.0000925304339034,0.000087652952061,0.0000700816162862,0.0000499231646245,0.0000441231313744,0.0000432293491031,0.0000558108804398,0.0000967138839769,0.0000602592881478,0.0000834254460642,0.0000638395868009,0.0000611834257143,0.0000324553657265,0.0000230300174735,0.000019456825612,0.0000172516411112,0.0000112169263957,0.00000714906673238,0.0000050304247452,0.00000357085491487,0.00000337874030265,0.0000031638726341,0.00000271275689556,0.00000195006055037,0.00000162782021107,0.00000128089311602,0.00000105478363821,6.47249123631e-7,3.93357908024e-7,1.93893939127e-7,7.9932782171e-8,4.30764188764e-8,3.34175815908e-8],"dvar":[0.000115662733151,0.0000630654758424,0.00000257603937825,4.81009067244e-7,2.40281593733e-7,1.64150407045e-7,1.82663725923e-7,6.14011241851e-8,8.48374526186e-8,3.89001080237e-8,1.41434828294e-8,7.35741378932e-9,6.35801544746e-9,1.1269953859e-8,4.77614250372e-8,1.88379232213e-8,3.46463089329e-8,1.83698407596e-8,2.7568797023e-8,5.1448441063e-9,2.31614416535e-9,1.83795412223e-9,1.32044875034e-9,4.91092833066e-10,1.86361828747e-10,7.80808542822e-11,3.89539130119e-11,2.36237938933e-11,1.99322433558e-11,1.37351180776e-11,7.58524840161e-12,5.9521849255e-12,4.14493743148e-12,3.10164502589e-12,1.12574045138e-12,4.04452621568e-13,8.69984490806e-14,1.25840229079e-14,3.9871916058e-15,2.70067773144e-15],"dvar2":[0.000307285925373,0.000159812843776,0.00000633582976661,0.00000119785818242,5.2704308473e-7,3.43663941749e-7,3.63004602377e-7,1.41183065239e-7,2.00841981268e-7,8.53461301631e-8,3.18354338447e-8,1.66906684029e-8,1.43221070559e-8,2.57591032948e-8,1.07150427198e-7,4.15676133514e-8,7.82099291996e-8,4.07639859645e-8,5.77212411201e-8,1.10420641519e-8,5.03648456274e-9,3.94377464019e-9,2.79887668597e-9,1.03616615288e-9,3.98311744698e-10,1.61371846441e-10,8.01359673064e-11,5.11483043419e-11,4.33292707269e-11,2.90434933048e-11,1.56829202402e-11,1.21467670991e-11,8.69508891971e-12,6.62294958459e-12,2.34581906851e-12,8.39319770369e-13,1.85881041462e-13,2.89612965229e-14,9.51289235237e-15,6.46435047147e-15],"max":[0.119075380266,0.0912500619888,0.0282928217202,0.0161823537201,0.0134259229526,0.0160288847983,0.0239540822804,0.0116302287206,0.0187078081071,0.0110421525314,0.00571193452924,0.00280920765363,0.0021457944531,0.00274112122133,0.00434294668958,0.00363640929572,0.00468392157927,0.00297347968444,0.00478117913008,0.00126090738922,0.000926262000576,0.00103188341018,0.000576431921218,0.000516306026839,0.000394945061998,0.000201921997359,0.000118692871183,0.000125427308376,0.000158378752531,0.0000591110692767,0.0000492154831591,0.0000316952427966,0.0000265569487965,0.0000368208311556,0.0000249850927503,0.0000115090251711,0.00000394351718569,0.00000207540551855,0.00000183996007763,0.00000129079546696],"mean":[0.00581991486251,0.00400488404557,0.000872005475685,0.000506859330926,0.000385606166674,0.000252769474173,0.000172373300302,0.0000905609849724,0.0000743715863791,0.0000600660496275,0.0000428104867751,0.0000356506461685,0.000037688339944,0.0000455379013147,0.0000736514266464,0.0000476510977023,0.0000634152529528,0.0000541499175597,0.0000474921725981,0.0000250656594289,0.000017762367861,0.0000136791322802,0.0000121719967865,0.00000851599088492,0.00000549456399312,0.00000386063447877,0.0000027165992833,0.00000235491938838,0.00000218464720092,0.00000191461344912,0.00000138662574045,0.00000116271132811,9.08474305561e-7,7.26313146515e-7,4.5214687816e-7,2.73222497071e-7,1.27694278262e-7,4.63863898403e-8,2.33098678137e-8,1.80501906755e-8],"median":[0.00152640929446,0.000682780111674,0.000249055912718,0.000144914258271,0.0000885608387762,0.0000377280302928,0.0000174527449417,0.00000841840665089,0.00000725453992345,0.00000575161539018,0.00000481359074911,0.00000481850565848,0.00000468641428597,0.00000489617195853,0.00000576815455133,0.00000457678561361,0.00000547821537111,0.00000626656674285,0.00000498847293784,0.00000287770490104,0.00000267985456048,0.0000015414208292,0.00000137972460834,0.00000104272476165,6.148374041e-7,4.33946695466e-7,2.92431082016e-7,2.36318342672e-7,2.37205455278e-7,1.8928015777e-7,1.16544384809e-7,8.32079365409e-8,5.99921889943e-8,4.10481320046e-8,2.81142309433e-8,2.02887022738e-8,1.15357750019e-8,5.85157966526e-9,3.69120645161e-9,2.96426216906e-9],"min":[9.74847090971e-25,9.66646093e-25,7.83618825898e-25,9.54945510839e-25,8.43275938817e-25,1.72791737692e-24,1.54437547669e-24,2.15145423314e-24,1.19703913265e-24,1.06107343361e-24,2.71609661162e-24,2.61553558165e-24,1.60551436621e-24,1.72191098999e-24,2.39344579607e-24,1.92405403315e-24,2.0884759172e-24,4.35980860894e-24,3.81094127919e-24,3.97348449099e-24,2.20141378034e-24,3.05667646061e-24,3.9470568618e-24,2.3401566642e-24,4.16844436397e-24,4.13721099415e-24,5.1068898629e-24,4.65245549439e-24,4.09535758439e-24,3.9308366983e-24,3.78695832995e-24,5.32978330053e-24,4.61426634354e-24,5.34660575933e-24,5.37873172527e-24,5.47302426927e-24,4.86450879989e-24,4.83473797819e-24,5.20235899294e-24,6.71924740024e-24],"var":[0.00010719038255,0.0000607207475696,0.0000029643185826,8.8815363597e-7,6.6686811806e-7,4.78550532534e-7,4.31152045621e-7,1.35305128879e-7,1.50335623061e-7,7.24496302951e-8,2.23196359173e-8,1.04764739106e-8,9.12086495219e-9,1.54068686697e-8,5.8931384217e-8,2.38488144788e-8,4.20211705432e-8,2.69066440239e-8,3.52291316119e-8,6.45569819824e-9,2.84699863684e-9,2.20998908063e-9,1.6206654907e-9,6.37401409431e-10,2.51017540087e-10,1.15979552351e-10,5.96097060601e-11,3.6129620129e-11,2.99078158073e-11,1.92082114103e-11,1.06838366279e-11,7.99309750332e-12,5.3819301446e-12,3.93197583867e-12,1.52071812174e-12,5.13653572801e-13,1.01781410177e-13,1.28366801306e-14,3.76777322653e-15,2.52839504162e-15]},"melbands_crest":{"dmean":4.27644920349,"dmean2":6.71105718613,"dvar":16.438539505,"dvar2":38.6594924927,"max":38.8396148682,"mean":18.7985019684,"median":18.7350387573,"min":1.53619420528,"var":57.3755264282},"melbands_flatness_db":{"dmean":0.0538488328457,"dmean2":0.077099815011,"dvar":0.0024948946666,"dvar2":0.00507413316518,"max":0.706367731094,"mean":0.301129668951,"median":0.295799970627,"min":0.00330993975513,"var":0.0124457748607},"melbands_kurtosis":{"dmean":36.8728218079,"dmean2":59.4454193115,"dvar":6268.70117188,"dvar2":16455.234375,"max":1591.5012207,"mean":50.4265060425,"median":16.9495506287,"min":-1.88909006119,"var":8004.98779297},"melbands_skewness":{"dmean":1.83108043671,"dmean2":2.78004169464,"dvar":4.84146928787,"dvar2":11.5852069855,"max":30.1037139893,"mean":4.34580516815,"median":3.42974042892,"min":-3.27850174904,"var":13.4921455383},"melbands_spread":{"dmean":8.04197597504,"dmean2":12.5621652603,"dvar":163.587905884,"dvar2":374.333343506,"max":178.840255737,"mean":16.8346767426,"median":8.40851211548,"min":0.0966314151883,"var":482.316894531},"mfcc":{"cov":[[13918.9970703,767.281311035,-1293.62243652,744.30859375,-576.808410645,721.506469727,-366.933624268,266.70010376,-213.72694397,206.860565186,-60.6995506287,89.5006103516,-78.5380020142],[767.281311035,1841.50927734,27.2453689575,-269.489685059,245.705474854,-107.334465027,84.9532241821,-145.484069824,-2.25006556511,-44.8535575867,84.7090301514,-39.4238700867,-29.2361927032],[-1293.62243652,27.2453689575,1248.04650879,165.106582642,196.276702881,14.1761035919,73.7243423462,46.8196716309,86.4916992188,57.1483955383,54.5782737732,38.2460403442,23.7429943085],[744.30859375,-269.489685059,165.106582642,745.580688477,87.1074905396,177.247924805,1.21104776859,145.484924316,100.385772705,77.4045944214,-14.9402151108,49.9473419189,27.1091709137],[-576.808410645,245.705474854,196.276702881,87.1074905396,351.094848633,47.6294212341,150.170715332,50.5674819946,102.088371277,26.0443210602,48.9822158813,10.6225004196,21.9476070404],[721.506469727,-107.334465027,14.1761035919,177.247924805,47.6294212341,315.917175293,72.5028381348,129.115966797,1.96832239628,41.4077453613,-12.9191255569,25.1068325043,9.87066555023],[-366.933624268,84.9532241821,73.7243423462,1.21104776859,150.170715332,72.5028381348,218.541900635,81.6197280884,71.7905426025,9.4350271225,25.1986236572,9.79782962799,34.508769989],[266.70010376,-145.484069824,46.8196716309,145.484924316,50.5674819946,129.115966797,81.6197280884,180.908935547,81.1627120972,65.0046234131,18.338186264,36.109539032,31.0930042267],[-213.72694397,-2.25006556511,86.4916992188,100.385772705,102.088371277,1.96832239628,71.7905426025,81.1627120972,155.099365234,90.4277877808,67.2769165039,37.2067604065,33.1151847839],[206.860565186,-44.8535575867,57.1483955383,77.4045944214,26.0443210602,41.4077453613,9.4350271225,65.0046234131,90.4277877808,136.993988037,88.850479126,52.7950172424,23.0881748199],[-60.6995506287,84.7090301514,54.5782737732,-14.9402151108,48.9822158813,-12.9191255569,25.1986236572,18.338186264,67.2769165039,88.850479126,124.903923035,60.9525299072,29.7120761871],[89.5006103516,-39.4238700867,38.2460403442,49.9473419189,10.6225004196,25.1068325043,9.79782962799,36.109539032,37.2067604065,52.7950172424,60.9525299072,82.9768676758,45.6118240356],[-78.5380020142,-29.2361927032,23.7429943085,27.1091709137,21.9476070404,9.87066555023,34.508769989,31.0930042267,33.1151847839,23.0881748199,29.7120761871,45.6118240356,71.822593689]],"icov":[[0.000143866651342,-0.000172902888153,0.000130521482788,-0.000154902503709,0.00024323046091,-0.000222499482334,0.000161546166055,-0.000241940870183,0.00027224549558,-0.000352252303855,0.000145597819937,-0.000144345220178,0.00010477653268],[-0.000172902888153,0.000947922875639,-0.00011734378495,0.000323174754158,-0.000840123044327,0.000194063730305,-0.000264417350991,0.000816398882307,-0.000286880560452,0.000829410913866,-0.00109245523345,0.000592350959778,0.0000586765272601],[0.000130521482788,-0.00011734378495,0.00103036209475,-0.000300251762383,-0.000293669203529,1.89204712342e-7,0.0000560061271244,-0.000196348919417,0.000400086399168,-0.000583055312745,0.000131922046421,-0.000399157346692,0.000217356617213],[-0.000154902503709,0.000323174754158,-0.000300251762383,0.00234419456683,-0.000894779805094,-0.000741944357287,0.00112880032975,-0.000185682991287,-0.00193064752966,0.000180714749149,0.00164995400701,-0.00108888116665,-0.0000689513472025],[0.00024323046091,-0.000840123044327,-0.000293669203529,-0.000894779805094,0.00611237483099,-0.0012862480944,-0.00225501786917,0.000580193125643,-0.00266674673185,0.00148520979565,-0.00156354124192,0.000826670904644,0.000373995804694],[-0.000222499482334,0.000194063730305,1.89204712342e-7,-0.000741944357287,-0.0012862480944,0.00703025283292,-0.00249559688382,-0.00360711477697,0.00530987139791,-0.00369372102432,0.00221541989595,-0.00160812179092,0.00114712351933],[0.000161546166055,-0.000264417350991,0.0000560061271244,0.00112880032975,-0.00225501786917,-0.00249559688382,0.010140770115,-0.00325141730718,-0.00351603562012,0.0044142534025,-0.00224793609232,0.0024531618692,-0.00323411589488],[-0.000241940870183,0.000816398882307,-0.000196348919417,-0.000185682991287,0.000580193125643,-0.00360711477697,-0.00325141730718,0.0141402799636,-0.00591018004343,-0.00187604443636,0.00295147276483,-0.00178847124334,-0.000795236555859],[0.00027224549558,-0.000286880560452,0.000400086399168,-0.00193064752966,-0.00266674673185,0.00530987139791,-0.00351603562012,-0.00591018004343,0.0212205443531,-0.011690851301,-0.000255164835835,0.00126819510479,-0.00161530904006],[-0.000352252303855,0.000829410913866,-0.000583055312745,0.000180714749149,0.00148520979565,-0.00369372102432,0.0044142534025,-0.00187604443636,-0.011690851301,0.0269672311842,-0.0157717838883,0.00105911563151,0.00139534031041],[0.000145597819937,-0.00109245523345,0.000131922046421,0.00164995400701,-0.00156354124192,0.00221541989595,-0.00224793609232,0.00295147276483,-0.000255164835835,-0.0157717838883,0.0278310962021,-0.0145949004218,0.00196676584892],[-0.000144345220178,0.000592350959778,-0.000399157346692,-0.00108888116665,0.000826670904644,-0.00160812179092,0.0024531618692,-0.00178847124334,0.00126819510479,0.00105911563151,-0.0145949004218,0.0318954735994,-0.014952884987],[0.00010477653268,0.0000586765272601,0.000217356617213,-0.0000689513472025,0.000373995804694,0.00114712351933,-0.00323411589488,-0.000795236555859,-0.00161530904006,0.00139534031041,0.00196676584892,-0.014952884987,0.0246206708252]],"mean":[-749.53717041,152.009841919,-11.312833786,37.9913749695,16.4828395844,25.4511013031,0.274523675442,5.16623783112,-0.350838065147,2.225481987,-0.0126885343343,1.90120983124,-1.11972916126]},"pitch_salience":{"dmean":0.098409935832,"dmean2":0.15459895134,"dvar":0.0086056701839,"dvar2":0.021401707083,"max":0.984974086285,"mean":0.492267906666,"median":0.501234412193,"min":0.0332664884627,"var":0.0268992371857},"silence_rate_20dB":{"dmean":0.000234755556448,"dmean2":0.000469538674224,"dvar":0.000234647653997,"dvar2":0.000703876372427,"max":1,"mean":0.999882638454,"median":1,"min":0,"var":0.000117343915917},"silence_rate_30dB":{"dmean":0.0931979566813,"dmean2":0.186406850815,"dvar":0.0845009237528,"dvar2":0.172538280487,"max":1,"mean":0.893779337406,"median":1,"min":0,"var":0.0949217304587},"silence_rate_60dB":{"dmean":0.0686660036445,"dmean2":0.137340068817,"dvar":0.0639500841498,"dvar2":0.129527688026,"max":1,"mean":0.19589202106,"median":0,"min":0,"var":0.157497018576},"spectral_centroid":{"dmean":339.973815918,"dmean2":503.172271729,"dvar":199836.671875,"dvar2":402586.6875,"max":11746.9082031,"mean":1133.30944824,"median":848.892944336,"min":94.7712249756,"var":1472184.125},"spectral_complexity":{"dmean":4.33323574066,"dmean2":6.05951404572,"dvar":34.0848007202,"dvar2":53.6381416321,"max":60,"mean":10.8187789917,"median":7,"min":0,"var":121.137741089},"spectral_contrast_coeffs":{"dmean":[0.0553034767509,0.0492330230772,0.0378487631679,0.0357014462352,0.0267691873014,0.054812643677],"dmean2":[0.0888429805636,0.0787419751287,0.0615514665842,0.0560908801854,0.0422573648393,0.0784636959434],"dvar":[0.00227461010218,0.00161769078113,0.00101129116956,0.00103902549017,0.000574288482312,0.00250757532194],"dvar2":[0.00562316877767,0.00399307347834,0.0024743496906,0.00237484136596,0.00137464888394,0.00479085743427],"max":[-0.324470460415,-0.393074482679,-0.541714847088,-0.583735466003,-0.599551558495,-0.456397235394],"mean":[-0.693406283855,-0.782223701477,-0.836735248566,-0.816950678825,-0.833916544914,-0.755326032639],"median":[-0.698639631271,-0.791510045528,-0.845410048962,-0.820792734623,-0.833978652954,-0.771740198135],"min":[-0.982891559601,-0.983865022659,-0.979910850525,-0.98642206192,-0.970261693001,-0.965240597725],"var":[0.0100719602779,0.00741368811578,0.00394313316792,0.00363366841339,0.00224515702575,0.00815217755735]},"spectral_contrast_valleys":{"dmean":[0.560261964798,0.537986576557,0.520254790783,0.488136351109,0.609732985497,0.768880724907],"dmean2":[0.833825945854,0.827139556408,0.76837515831,0.675369679928,0.805515468121,1.19267380238],"dvar":[0.311395585537,0.256731539965,0.257946461439,0.267473131418,0.361207962036,0.444361954927],"dvar2":[0.566814184189,0.532254040241,0.495914965868,0.473844081163,0.648999273777,1.00198245049],"max":[-4.73508501053,-4.14262866974,-5.12112903595,-4.75745916367,-5.54031324387,-8.6780128479],"mean":[-7.55148363113,-7.64963674545,-8.14143466949,-8.19309329987,-8.52103424072,-11.8470172882],"median":[-7.05168485641,-7.35971450806,-7.86296129227,-7.92458248138,-8.28657531738,-11.6206359863],"min":[-28.3525104523,-28.2686061859,-27.8735160828,-27.6852226257,-27.5515575409,-27.4295272827],"var":[5.72613334656,5.1431016922,4.91726779938,4.95638513565,4.90528106689,3.64484667778]},"spectral_decrease":{"dmean":6.39768726884e-9,"dmean2":9.96171767298e-9,"dvar":1.49424592534e-16,"dvar2":3.62226228355e-16,"max":1.77250811251e-10,"mean":-9.78171499355e-9,"median":-4.44992576121e-9,"min":-1.34938503038e-7,"var":1.84653711897e-16},"spectral_energy":{"dmean":0.0259268842638,"dmean2":0.0394572205842,"dvar":0.00230791186914,"dvar2":0.0054402211681,"max":0.544058084488,"mean":0.0415326654911,"median":0.0211822204292,"min":9.97041505106e-21,"var":0.00307111255825},"spectral_energyband_high":{"dmean":0.00066806434188,"dmean2":0.000934151932597,"dvar":0.00000155919428835,"dvar2":0.00000286152135232,"max":0.0153849432245,"mean":0.000781743496191,"median":0.000111499160994,"min":6.95417607219e-21,"var":0.00000261576042249},"spectral_energyband_low":{"dmean":0.0211852565408,"dmean2":0.0340913757682,"dvar":0.00193867192138,"dvar2":0.00488307420164,"max":0.474729269743,"mean":0.0281339567155,"median":0.0089588817209,"min":1.02760500391e-23,"var":0.00206097401679},"spectral_energyband_middle_high":{"dmean":0.0025635168422,"dmean2":0.00339008751325,"dvar":0.0000490013808303,"dvar2":0.0000820808127173,"max":0.095645159483,"mean":0.00374038331211,"median":0.000709356390871,"min":1.02700622377e-21,"var":0.0000893095202628},"spectral_energyband_middle_low":{"dmean":0.00344740995206,"dmean2":0.00509687466547,"dvar":0.000049291375035,"dvar2":0.000112145200546,"max":0.192003339529,"mean":0.00679385708645,"median":0.00249839853495,"min":1.14345527051e-22,"var":0.000128758940264},"spectral_entropy":{"dmean":0.295051515102,"dmean2":0.417101711035,"dvar":0.100969016552,"dvar2":0.190079897642,"max":9.81872940063,"mean":7.36488103867,"median":7.45718240738,"min":4.00378084183,"var":0.411214917898},"spectral_flux":{"dmean":0.0472361855209,"dmean2":0.0729700177908,"dvar":0.00441805832088,"dvar2":0.00936090853065,"max":0.692142009735,"mean":0.100490942597,"median":0.0749204903841,"min":6.35193495024e-11,"var":0.00853452738374},"spectral_kurtosis":{"dmean":6.79461145401,"dmean2":10.4752397537,"dvar":60.0431785583,"dvar2":146.926895142,"max":129.2550354,"mean":19.3475856781,"median":17.3035449982,"min":-1.27714955807,"var":127.220405579},"spectral_rms":{"dmean":0.00170764722861,"dmean2":0.00237806141376,"dvar":0.00000555693350179,"dvar2":0.0000114588974611,"max":0.0230388455093,"mean":0.00513964518905,"median":0.00454594101757,"min":3.11885131436e-12,"var":0.0000141039636219},"spectral_rolloff":{"dmean":2434.03930664,"dmean2":4499.44287109,"dvar":30154246,"dvar2":66521988,"max":22028.4667969,"mean":5158.34326172,"median":430.6640625,"min":21.533203125,"var":66284372},"spectral_skewness":{"dmean":0.545795500278,"dmean2":0.808539807796,"dvar":0.316064059734,"dvar2":0.73087567091,"max":9.80644035339,"mean":3.0217871666,"median":2.93008852005,"min":-0.100029394031,"var":0.913981974125},"spectral_spread":{"dmean":769393.6875,"dmean2":1149386.625,"dvar":622415511552,"dvar2":1338927874050,"max":42537596,"mean":4573355.5,"median":3994362,"min":1010335.75,"var":14143748833300},"spectral_strongpeak":{"dmean":0.475938886404,"dmean2":0.831783652306,"dvar":2.7051243782,"dvar2":6.97765827179,"max":39.8182525635,"mean":0.553045094013,"median":0.197255864739,"min":0,"var":2.67061185837},"zerocrossingrate":{"dmean":0.0373195149004,"dmean2":0.0438942164183,"dvar":0.00133480725344,"dvar2":0.00162837828975,"max":0.76611328125,"mean":0.167431697249,"median":0.1337890625,"min":0.00439453125,"var":0.0127520114183}},"metadata":{"audio_properties":{"analysis_sample_rate":44100,"bit_rate":160000,"codec":"mp3","downmix":"mix","equal_loudness":0,"length":395.624481201,"lossless":false,"md5_encoded":"af1b102ed4c696b8fe3657d2e12c1a4e","replay_gain":0.0326061248779,"sample_rate":44100},"tags":{"album":["Wanted Dread & Alive"],"album artist credit":["Peter Tosh"],"albumartist":["Peter Tosh"],"albumartistsort":["Tosh, Peter"],"artist":["Peter Tosh"],"artist credit":["Peter Tosh"],"artistsort":["Tosh, Peter"],"asin":["B00000CKZ6"],"bpm":["0"],"catalognumber":["SO-17055"],"date":["1981"],"discnumber":["1/1"],"encodedby":["iTunes v4.9.0.17"],"file_name":"03 - Peter Tosh - Reggae-Mylitis.mp3","genre":["Reggae"],"label":["EMI America"],"language":["eng"],"media":["12\" Vinyl"],"musicbrainz album release country":["US"],"musicbrainz album status":["Official"],"musicbrainz album type":["album"],"musicbrainz_albumartistid":["7db6aae5-6644-4513-9bfc-ca2e79d4469c"],"musicbrainz_albumid":["a93a68f7-7cd4-42bf-ba88-fef2b195b8bb"],"musicbrainz_artistid":["7db6aae5-6644-4513-9bfc-ca2e79d4469c"],"musicbrainz_recordingid":["f5bc72d2-e380-4609-9253-ace44db499c9"],"musicbrainz_releasegroupid":["0802c02d-bb53-3da5-a80a-38bc02da8198"],"originaldate":["1981"],"replaygain_album_gain":["0.00 dB"],"replaygain_album_peak":["0.000000"],"replaygain_track_gain":["1.78 dB"],"replaygain_track_peak":["0.829132"],"script":["Latn"],"title":["Reggae-Mylitis"],"tracknumber":["3/9"]},"version":{"essentia":"2.1-beta1","essentia_build_sha":"5a811adb4c06fd6d02ca903f7349a26d851abfa8","essentia_git_sha":"v2.1_beta1-34-gf95df8b","extractor":"music 1.0"}},"rhythm":{"beats_count":955,"beats_loudness":{"dmean":0.053003359586,"dmean2":0.0941307321191,"dvar":0.00222855107859,"dvar2":0.00672570616007,"max":0.334592998028,"mean":0.0767894461751,"median":0.0724965929985,"min":0,"var":0.00302236969583},"beats_loudness_band_ratio":{"dmean":[0.335939615965,0.139304324985,0.0432063415647,0.