{"lowlevel":{"average_loudness":0.138962954283,"barkbands":{"dmean":[0.000210648242501,0.00132635200862,0.00082170922542,0.00169723154977,0.00167889299337,0.00217858050019,0.000789897574577,0.000372525275452,0.000455373461591,0.00023357142345,0.000189909987967,0.0000955232535489,0.0000579467814532,0.0000923093102756,0.0000319942846545,0.0000344048967236,0.0000138181012517,0.0000180958031706,0.0000166990066646,0.0000207473876799,0.0000330082111759,0.0000150509022205,0.00000518877959621,0.00000179453047622,0.00000100782290247,0.00000289482863991,0.0000281237498712],"dmean2":[0.000392428046325,0.00219294335693,0.00139366160147,0.00285982410423,0.00276323431171,0.0030819659587,0.00124819821212,0.00057338323677,0.000697159324773,0.000379584060283,0.000292315555271,0.000149054758367,0.0000947885200731,0.000139470008435,0.0000506421165483,0.0000529857461515,0.0000214903939195,0.0000281229913526,0.0000251570145338,0.0000298868781101,0.0000459080220025,0.0000212117320189,0.00000762812487665,0.00000302334365188,0.00000197879603547,0.00000458344129584,0.0000363450708392],"dvar":[2.76822134992e-7,0.00000537574533155,0.00000255584791375,0.00000985174847301,0.0000121654584291,0.0000366391686839,0.00000570372321818,0.00000167508119375,0.00000184928444469,6.08337984431e-7,3.59022749308e-7,8.20031189619e-8,2.58048054036e-8,3.85530221081e-8,7.67273533597e-9,1.11991109719e-8,1.43344758285e-9,4.33192193228e-9,4.41117364858e-9,6.45278142031e-9,2.05850341217e-8,5.37384137189e-9,4.13168027569e-10,2.17001867864e-11,8.0044347886e-12,7.33127517027e-11,4.6035073531e-9],"dvar2":[7.83945495186e-7,0.0000135242307806,0.00000697337463862,0.0000275025468,0.0000321138577419,0.000073776296631,0.0000140387983265,0.00000401727857025,0.00000460696264781,0.00000155179236572,8.18847979644e-7,2.02894767654e-7,6.7384256397e-8,9.2810211072e-8,1.96695157939e-8,2.5186292163e-8,3.14481374275e-9,9.27959309394e-9,1.04803996592e-8,1.31901227718e-8,4.00489206243e-8,1.08457056669e-8,8.05261413106e-10,5.01487601445e-11,2.30671419466e-11,1.48318038407e-10,7.76319364348e-9],"max":[0.00865643192083,0.0690565109253,0.0292344279587,0.0481716133654,0.114371150732,0.147615835071,0.0590755864978,0.0419108383358,0.0425673089921,0.0219886004925,0.0163967944682,0.00859381258488,0.00542711559683,0.00418107071891,0.00378798483871,0.0063205701299,0.00112530845217,0.00258814357221,0.00198187702335,0.00248983129859,0.00591811770573,0.00315479794517,0.000839702319354,0.000174035798409,0.0000445597979706,0.000250068260357,0.00202529435046],"mean":[0.000191417435417,0.00294963060878,0.00111102266237,0.0024002562277,0.00310868560337,0.00497207557783,0.00134862982668,0.000637579069007,0.000899939099327,0.000404562422773,0.000321236526361,0.000184257791261,0.000115262009786,0.00019690732006,0.0000637432021904,0.0000713345434633,0.0000240387107624,0.0000306644651573,0.0000269487336482,0.0000336619632435,0.0000557225466764,0.0000234329745581,0.00000762309718993,0.00000203614172278,5.88786406297e-7,0.00000375333206648,0.0000713153422112],"median":[0.0000393317932321,0.00128094479442,0.000412842491642,0.00100207934156,0.00108744774479,0.000397968862671,0.000195485918084,0.000103273050627,0.000150002510054,0.0000457891292172,0.0000317584344884,0.000032377352909,0.0000308944981953,0.0000351132257492,0.0000115553448268,0.0000123880890897,0.00000527609063283,0.00000332689637617,0.00000197869803742,0.00000183464294423,0.00000291925698548,0.00000105737274225,6.49662752039e-7,2.02766585744e-7,3.49699114111e-8,3.87686213799e-7,0.0000103814345493],"min":[6.19418907591e-25,3.69235458032e-24,6.33807533287e-24,1.22417703247e-24,1.1405456675e-23,1.32348464135e-23,5.99090948139e-24,1.51823175854e-23,2.58309947505e-23,1.95273224306e-23,2.16169976136e-23,1.74314578449e-23,3.18401679396e-23,2.67980309352e-23,3.11965016171e-23,8.67707489589e-23,9.46419399623e-23,1.17632792485e-22,1.72927322371e-22,2.04603167429e-22,2.57243527468e-22,3.50742376425e-22,4.91662292344e-22,6.05346463656e-22,9.41525205593e-22,1.3901266987e-21,2.1322914812e-21],"var":[2.40290432885e-7,0.0000238125958276,0.00000373928264708,0.0000149288016473,0.0000356209857273,0.000191475599422,0.0000144656414705,0.00000389107253795,0.00000460872524854,0.00000126938562062,9.37715356031e-7,2.14872002857e-7,5.85803618947e-8,1.20742257081e-7,2.39676882785e-8,3.88421774744e-8,3.64988617108e-9,9.38434219222e-9,8.67212435196e-9,1.59854582904e-8,6.52822222946e-8,1.4699208073e-8,1.12906084482e-9,3.63025096095e-11,4.43593816193e-12,1.65125427221e-10,2.04699492912e-8]},"barkbands_crest":{"dmean":2.79609656334,"dmean2":4.65779352188,"dvar":6.12321519852,"dvar2":15.8558807373,"max":25.7578868866,"mean":11.9530982971,"median":11.1118202209,"min":2.80061626434,"var":19.5342140198},"barkbands_flatness_db":{"dmean":0.0391259863973,"dmean2":0.0665920376778,"dvar":0.00153198034968,"dvar2":0.00382992369123,"max":0.484581768513,"mean":0.221144586802,"median":0.216022640467,"min":0.0366321355104,"var":0.00543774710968},"barkbands_kurtosis":{"dmean":6.948823452,"dmean2":11.327507019,"dvar":114.754623413,"dvar2":293.655822754,"max":239.220855713,"mean":15.8471021652,"median":10.6598682404,"min":-1.8946287632,"var":289.341644287},"barkbands_skewness":{"dmean":0.703109443188,"dmean2":1.11880588531,"dvar":0.536914646626,"dvar2":1.36647939682,"max":12.2050561905,"mean":2.4967944622,"median":2.34112787247,"min":-2.23656821251,"var":2.06733584404},"barkbands_spread":{"dmean":3.22893762589,"dmean2":4.88769960403,"dvar":32.6304206848,"dvar2":67.8650283813,"max":121.274887085,"mean":10.4415006638,"median":7.03315734863,"min":0.391918212175,"var":154.308319092},"dissonance":{"dmean":0.0323483645916,"dmean2":0.0539818294346,"dvar":0.000969349755906,"dvar2":0.00264805229381,"max":0.500000178814,"mean":0.424176365137,"median":0.43589258194,"min":0.159042686224,"var":0.0028671042528},"dynamic_complexity":6.8628745079,"erbbands":{"dmean":[0.0450519807637,0.31140395999,0.739729404449,2.89720630646,6.97610330582,4.18593168259,11.1609258652,18.0475387573,14.5273284912,7.18247413635,9.47056007385,7.4122543335,9.49799823761,8.0582036972,5.19238090515,3.18479371071,2.10023498535,4.13496541977,2.8523952961,1.64091920853,1.58417272568,0.797641456127,0.96827018261,0.950844883919,0.724595427513,1.01214540005,1.56125640869,0.920915186405,0.546129822731,0.320051044226,0.13387568295,0.0543102920055,0.021919855848,0.0116565423086,0.0070909387432,0.00492283795029,0.0058335387148,0.00760069210082,0.00371344503947,0.000714350491762],"dmean2":[0.0724003687501,0.534391582012,1.24659895897,4.73379325867,11.4001932144,6.97237968445,17.0143146515,25.2711791992,21.9352302551,11.0909013748,14.6200265884,11.4734363556,14.5108737946,12.613986969,7.94190120697,5.01564025879,3.36245036125,6.52617931366,4.22443532944,2.60829520226,2.43756556511,1.2311205864,1.50357270241,1.45179235935,1.06349015236,1.455265522,2.22084188461,1.28531563282,0.756770014763,0.471124768257,0.19771759212,0.0856974422932,0.0392362177372,0.0225893519819,0.0140003785491,0.0091533716768,0.00901043042541,0.0105551769957,0.00498191779479,0.000949157983996],"dvar":[0.00747122941539,0.293017596006,2.08161902428,24.1760101318,209.732559204,123.11882782,1541.10168457,2731.7199707,1843.84326172,486.569366455,1244.21130371,544.095275879,993.022033691,582.350524902,240.934494019,106.134757996,26.2527866364,103.2710495,35.8763122559,23.8605098724,28.1814842224,4.87894105911,12.0304002762,15.1647357941,7.11517763138,14.9901752472,41.2665634155,22.1762466431,7.02751016617,2.44312024117,0.280866503716,0.0242038033903,0.00303074507974,0.00102481723297,0.000401817233069,0.000150815889356,0.000274894206086,0.000815802020952,0.000162974494742,0.00000191450749298],"dvar2":[0.0174954123795,0.800084531307,5.32876634598,63.472743988,575.34362793,337.379119873,3428.83178711,5243.05029297,4317.66552734,1069.9855957,3169.97583008,1454.15185547,2325.88696289,1397.50891113,511.887908936,255.466384888,62.5537109375,269.948242188,82.4848327637,61.3173217773,63.3241615295,10.7502641678,26.0601634979,35.6980171204,15.7602434158,30.0582504272,85.4473648071,40.6655044556,13.4412946701,5.4648771286,0.54502338171,0.0492107234895,0.00798278022557,0.0029419157654,0.00115791906137,0.00041697328561,0.000543430622201,0.00153121806215,0.000282994704321,0.00000290920252155],"max":[2.65801596642,16.2591514587,34.3724403381,81.0388031006,327.038208008,396.039459229,985.190551758,1812.28161621,1111.80541992,794.924377441,1363.39660645,678.870056152,1042.19238281,633.50189209,617.950317383,435.937805176,161.202545166,323.489562988,117.756492615,177.837188721,319.995697021,60.8296699524,133.849380493,134.565933228,87.5357666016,112.504615784,256.990966797,203.539718628,130.328964233,77.7421264648,23.0291461945,6.11163043976,1.34534609318,0.512718141079,0.309602826834,0.184947639704,0.503768742085,1.19836878777,0.449271917343,0.0366862788796],"mean":[0.113387003541,0.562827706337,1.08579957485,4.75905179977,13.1027412415,6.70714378357,21.4206104279,41.8899612427,29.0429344177,14.1161613464,17.6224575043,14.9298458099,17.9157238007,14.7602739334,10.1483840942,6.60571861267,5.04477357864,8.88601303101,6.44873857498,3.61123251915,3.37723064423,1.50192189217,1.63232409954,1.60276699066,1.20224106312,1.68480587006,2.58019042015,1.6036028862,0.877941012383,0.489649742842,0.195841610432,0.0712676271796,0.020795321092,0.00756671512499,0.00399418128654,0.00394048867747,0.007841960527,0.0123286535963,0.00707200728357,0.00275670201518],"median":[0.0457653179765,0.25360262394,0.505351781845,2.24993181229,4.25525569916,2.27508020401,2.35780596733,2.81018161774,2.93004751205,3.16028857231,2.9038143158,2.71954917908,2.36100912094,1.66572332382,1.72746050358,1.2318174839,1.35791015625,1.82575559616,1.06360459328,0.651181697845,0.653745055199,0.330772221088,0.192292526364,0.141953855753,0.0807181596756,0.0863081663847,0.12650680542,0.0944814234972,0.0417446941137,0.0259130224586,0.017063010484,0.00705409422517,0.00229578418657,0.000623004452791,0.000208940502489,0.000424643163569,0.000802380091045,0.000797775923274,0.000577414350118,0.00102192396298],"min":[1.39253728092e-22,7.49166383725e-22,3.43762732035e-21,1.60409417014e-20,1.75651350711e-20,2.63350735621e-20,7.50677844249e-20,8.54618645836e-20,1.89335864874e-19,2.98187030297e-19,5.22421425494e-19,4.52852951039e-19,3.93180451842e-19,1.02145597353e-18,1.65487976395e-18,9.89115899916e-19,1.27202118199e-18,1.43987019034e-18,1.52036199838e-18,4.23352609148e-18,5.67094058938e-18,5.44534403451e-18,5.54794834487e-18,9.04966940278e-18,1.02013174009e-17,9.84000242777e-18,8.37170638247e-18,1.14771252089e-17,1.18158159651e-17,1.35126247905e-17,1.3867465421e-17,1.10106673081e-17,8.99583979724e-18,8.97703550037e-18,7.48350631049e-18,3.95141118048e-18,2.59270353825e-18,1.11162507095e-18,2.73724533698e-19,3.03254849255e-20],"var":[0.0373677052557,0.863111436367,3.28232598305,47.0214729309,587.092590332,246.003677368,5732.18164062,15549.5146484,5975.56005859,1875.15588379,2481.84326172,1322.56469727,2450.19262695,1602.91210938,760.388427734,282.610015869,91.7765731812,274.565979004,137.391937256,74.9896469116,92.2323303223,13.2677268982,25.7863254547,30.3303222656,16.1293067932,38.2862663269,107.331436157,80.7322921753,21.2928237915,5.8931684494,0.784960627556,0.0563733167946,0.00317356875166,0.000600903702434,0.000219367779209,0.000115564740554,0.000655734213069,0.00252554239705,0.000566599541344,0.0000145463236549]},"erbbands_crest":{"dmean":3.01365804672,"dmean2":4.87672948837,"dvar":8.33406066895,"dvar2":21.3751182556,"max":32.3165588379,"mean":11.9644927979,"median":10.6900005341,"min":2.23108959198,"var":30.4261226654},"erbbands_flatness_db":{"dmean":0.0358913652599,"dmean2":0.0608730018139,"dvar":0.00128968886565,"dvar2":0.0031184242107,"max":0.408733487129,"mean":0.197956696153,"median":0.197360396385,"min":0.0320760942996,"var":0.00357599114068},"erbbands_kurtosis":{"dmean":2.42828059196,"dmean2":3.96804857254,"dvar":36.1639518738,"dvar2":110.974761963,"max":123.843902588,"mean":3.27257585526,"median":1.02577137947,"min":-1.81740486622,"var":60.7179222107},"erbbands_skewness":{"dmean":0.480248719454,"dmean2":0.740502297878,"dvar":0.28858217597,"dvar2":0.747082233429,"max":9.44180393219,"mean":0.999251842499,"median":0.852138280869,"min":-4.20091104507,"var":1.52784073353},"erbbands_spread":{"dmean":6.58440637589,"dmean2":10.2241954803,"dvar":69.6638870239,"dvar2":164.353500366,"max":184.93460083,"mean":24.7395820618,"median":21.4054107666,"min":1.50311684608,"var":273.729553223},"gfcc":{"cov":[[20793.6484375,382.673065186,-2625.53491211,-367.665435791,-723.24786377,-1188.46166992,675.99621582,-1064.12194824,449.251678467,147.590988159,42.7270240784,234.680786133,-260.949005127],[382.673065186,1749.67932129,-10.1522436142,-707.166748047,226.497589111,-70.7895050049,-20.0345306396,-56.7020454407,158.678619385,-40.2282981873,162.40057373,-130.489990234,163.504806519],[-2625.53491211,-10.1522436142,816.977966309,239.680374146,-44.9673118591,217.504608154,-162.824447632,184.133743286,-83.5705032349,-29.3650169373,-86.715133667,-21.7661190033,48.1214447021],[-367.665435791,-707.166748047,239.680374146,609.810974121,-39.2981491089,9.09971809387,38.9869918823,-17.4379882812,-55.4865570068,-19.7910633087,-142.187911987,76.3920211792,-63.8513069153],[-723.24786377,226.497589111,-44.9673118591,-39.2981491089,353.367095947,74.2723770142,36.0801506042,27.1682224274,-32.853843689,-59.5583076477,86.1582183838,-64.9932098389,-19.5714149475],[-1188.46166992,-70.7895050049,217.504608154,9.09971809387,74.2723770142,262.374023438,-51.0728263855,112.741104126,-83.9747924805,-1.34955739975,5.34021282196,-8.48400878906,5.14844799042],[675.99621582,-20.0345306396,-162.824447632,38.9869918823,36.0801506042,-51.0728263855,200.079040527,-45.902721405,57.046546936,-7.03341007233,6.13582420349,7.18679904938,-34.9324417114],[-1064.12194824,-56.7020454407,184.133743286,-17.4379882812,27.1682224274,112.741104126,-45.902721405,250.163070679,-5.91305541992,18.4799022675,35.5302772522,-30.3948879242,5.3551325798],[449.251678467,158.678619385,-83.5705032349,-55.4865570068,-32.853843689,-83.9747924805,57.046546936,-5.91305541992,181.611602783,48.1054878235,-11.2483282089,16.7642745972,12.8209514618],[147.590988159,-40.2282981873,-29.3650169373,-19.7910633087,-59.5583076477,-1.34955739975,-7.03341007233,18.4799022675,48.1054878235,113.525588989,59.9232826233,32.30651474,23.0216007233],[42.7270240784,162.40057373,-86.715133667,-142.187911987,86.1582183838,5.34021282196,6.13582420349,35.5302772522,-11.2483282089,59.9232826233,191.651046753,24.8441429138,10.1072254181],[234.680786133,-130.489990234,-21.7661190033,76.3920211792,-64.9932098389,-8.48400878906,7.18679904938,-30.3948879242,16.7642745972,32.30651474,24.8441429138,119.899284363,36.127696991],[-260.949005127,163.504806519,48.1214447021,-63.8513069153,-19.5714149475,5.14844799042,-34.9324417114,5.3551325798,12.8209514618,23.0216007233,10.1072254181,36.127696991,111.550231934]],"icov":[[0.000152459557285,-0.000384792569093,0.000707451079506,-0.000580726307817,0.000710706808604,-0.000156262307428,0.0000207575412787,0.0000159835472004,0.0000923390325624,0.0000827445619507,-0.000184221338714,0.000041834096919,0.000396155810449],[-0.000384792569093,0.00398724107072,-0.00376751902513,0.00445254379883,-0.00305447517894,0.00118053844199,-0.000554198108148,0.00238982355222,-0.00326145649888,0.00222518108785,-0.00172143359669,0.00207168515772,-0.00404857378453],[0.000707451079506,-0.00376751902513,0.00889902748168,-0.00929299555719,0.00816874112934,-0.00616646697745,0.00336969830096,-0.00143200391904,-0.00194164877757,0.00553718255833,-0.00570690864697,0.00587535090744,-0.00144463009201],[-0.000580726307817,0.00445254379883,-0.00929299555719,0.0151963820681,-0.0118314428255,0.0093259466812,-0.00479577481747,-0.0000995053487713,0.00623892899603,-0.0111216846853,0.0139354392886,-0.013278872706,0.00543538061902],[0.000710706808604,-0.00305447517894,0.00816874112934,-0.0118314428255,0.0160449817777,-0.010195155628,0.00292964838445,0.00187072041444,-0.00768553605303,0.0153265818954,-0.0168770272285,0.0146957207471,-0.00555337453261],[-0.000156262307428,0.00118053844199,-0.00616646697745,0.0093259466812,-0.010195155628,0.0144959930331,-0.003757633036,-0.00393035123125,0.010600884445,-0.0138527210802,0.0145379845053,-0.0136768147349,0.00720933778211],[0.0000207575412787,-0.000554198108148,0.00336969830096,-0.00479577481747,0.00292964838445,-0.003757633036,0.0089343264699,0.00106406607665,-0.00586160598323,0.00632459297776,-0.00614317785949,0.0049442993477,-0.00157995289192],[0.0000159835472004,0.00238982355222,-0.00143200391904,-0.0000995053487713,0.00187072041444,-0.00393035123125,0.00106406607665,0.0090359095484,-0.00679795537144,0.0059117381461,-0.00820267666131,0.00781610608101,-0.00472256680951],[0.0000923390325624,-0.00326145649888,-0.00194164877757,0.00623892899603,-0.00768553605303,0.010600884445,-0.00586160598323,-0.00679795537144,0.0220753718168,-0.0214780345559,0.020823629573,-0.018049377948,0.0119125870988],[0.0000827445619507,0.00222518108785,0.00553718255833,-0.0111216846853,0.0153265818954,-0.0138527210802,0.00632459297776,0.0059117381461,-0.0214780345559,0.038591042161,-0.0308550801128,0.0228923913091,-0.0169118214399],[-0.000184221338714,-0.00172143359669,-0.00570690864697,0.0139354392886,-0.0168770272285,0.0145379845053,-0.00614317785949,-0.00820267666131,0.020823629573,-0.0308550801128,0.0370576828718,-0.0287464875728,0.0172956567258],[0.000041834096919,0.00207168515772,0.00587535090744,-0.013278872706,0.0146957207471,-0.0136768147349,0.0049442993477,0.00781610608101,-0.018049377948,0.0228923913091,-0.0287464875728,0.0373087599874,-0.0208199359477],[0.000396155810449,-0.00404857378453,-0.00144463009201,0.00543538061902,-0.00555337453261,0.00720933778211,-0.00157995289192,-0.00472256680951,0.0119125870988,-0.0169118214399,0.0172956567258,-0.0208199359477,0.0252816807479]],"mean":[-127.715209961,137.698944092,-68.8853759766,-4.0687417984,-20.0028629303,-16.4165763855,-4.94364929199,-23.0055522919,0.0755279660225,-10.071436882,-10.5995693207,-7.6663608551,-5.29501438141]},"hfc":{"dmean":19.6979560852,"dmean2":27.2569694519,"dvar":1878.53295898,"dvar2":2949.74658203,"max":1214.39233398,"mean":55.7355651855,"median":23.2668762207,"min":1.11860256275e-16,"var":7995.83349609},"melbands":{"dmean":[0.000381332822144,0.000360474426998,0.000651349080727,0.000379046803573,0.000329313596012,0.000409010011936,0.00020632527594,0.0000758044989198,0.0000820571221993,0.0000514596649737,0.0000485015407321,0.0000332205745508,0.0000210579673876,0.0000118856314657,0.00000717380498827,0.00000661984995531,0.00000787011231296,0.00000604151682637,0.00000249710524258,0.00000258214868154,0.00000183416830168,8.83873724433e-7,8.13872816252e-7,9.53144251525e-7,8.16177191609e-7,5.96170195877e-7,5.58126885153e-7,7.24491769688e-7,0.00000111944689252,7.5570824265e-7,5.02388274981e-7,3.28059513777e-7,2.79890883803e-7,1.45391780393e-7,8.73811103475e-8,4.59278552967e-8,2.93781479144e-8,1.59369708541e-8,1.15163194536e-8,9.26969700998e-9],"dmean2":[0.000618363439571,0.000612316420302,0.00106728705578,0.000626797380392,0.000505110307131,0.00057090644259,0.000310742354486,0.000116151531984,0.000127099847305,0.0000791280108388,0.00007430792175,0.0000524571078131,0.0000323550884787,0.0000184377477126,0.0000114090089482,0.0000106464976852,0.000012394373698,0.00000898220787349,0.00000401475608669,0.0000040764057303,0.00000282910468741,0.00000140194936193,0.00000125987412503,0.00000149194806909,0.00000127593091293,9.06202842543e-7,8.29196380892e-7,0.00000107039261366,0.00000163825257005,0.00000107507241864,7.30652743641e-7,4.69505295086e-7,4.16626818378e-7,2.17551686887e-7,1.29755463263e-7,7.18747159567e-8,4.81282462772e-8,2.84384196192e-8,2.18602487223e-8,1.81573174274e-8],"dvar":[4.54118918469e-7,4.13805963717e-7,0.00000139710164149,5.95482049448e-7,0.00000117103490993,0.00000126345776152,3.40606220561e-7,5.0642100291e-8,9.68401465684e-8,2.40780781979e-8,2.52700314007e-8,9.77058967067e-9,4.1852787902e-9,1.39150524436e-9,3.90158766406e-10,3.14308024052e-10,3.33585770118e-10,1.76725065137e-10,6.37243036117e-11,6.13382747372e-11,4.2112133225e-11,6.00583471844e-12,7.89390861705e-12,1.41876579929e-11,1.2299545063e-11,4.90271235068e-12,4.06261569524e-12,8.72020684828e-12,2.11269838429e-11,1.63895372968e-11,7.77752601905e-12,3.24663278033e-12,1.56520510528e-12,5.42854010441e-13,1.29946224679e-13,2.4982740418e-14,6.70497601464e-15,1.60979924527e-15,9.27393080543e-16,6.7447772458e-16],"dvar2":[0.0000010886066093,0.00000108369476948,0.00000382579582947,0.00000166245195032,0.00000259263606495,0.00000241905354414,7.98770884103e-7,1.11900945399e-7,2.53675750628e-7,6.04410672622e-8,5.92434830082e-8,2.37384494284e-8,9.38214306245e-9,3.45531692147e-9,9.96918991802e-10,8.05686517502e-10,8.69508964829e-10,4.09290046299e-10,1.73206574083e-10,1.39637759689e-10,9.889674496e-11,1.39981914948e-11,1.84781391577e-11,3.23382258471e-11,3.05256583899e-11,1.1639105478e-11,8.89913837065e-12,1.83457051633e-11,4.50581898181e-11,3.46953681063e-11,1.5773564746e-11,6.82101250482e-12,3.50688358561e-12,1.28911280522e-12,2.51984902128e-13,5.23239593743e-14,1.49213171522e-14,4.25584970436e-15,2.61791329513e-15,1.94436518921e-15],"max":[0.0204822868109,0.0164947099984,0.0222925618291,0.0167080201209,0.0332324020565,0.0357988215983,0.0141361057758,0.00751275662333,0.0139241944999,0.00498700002208,0.0050720362924,0.00233577401377,0.0018738337094,0.000991770531982,0.000810560362879,0.000566597911529,0.000540825189091,0.000238650885876,0.00030410834006,0.000418582756538,0.000298092752928,0.0000590297786403,0.0000935083880904,0.000135802838486,0.00011865592387,0.0000691569730407,0.0000598367805651,0.0000920524907997,0.000147866463521,0.00020851525187,0.000123049321701,0.000100485813164,0.0000554624275537,0.0000367805660062,0.0000149382849486,0.00000626392784397,0.00000324930579154,0.00000102118121958,4.88042417146e-7,4.1771173187e-7],"mean":[0.000916481076274,0.00061462528538,0.00115887727588,0.000696202507243,0.000620027654804,0.000949911249336,0.000418378447648,0.000141511845868,0.000150254374603,0.000100461547845,0.0000890154115041,0.0000588778602832,0.0000380596247851,0.0000222614289669,0.0000134135361805,0.000013293873053,0.0000166163372342,0.0000121374187074,0.00000483902886117,0.0000049712625696,0.00000357723320121,0.00000150807056798,0.0000012835898815,0.00000154035808464,0.00000128962983581,9.32358602768e-7,8.31558566006e-7,0.00000113760756904,0.00000175937805125,0.00000123765664739,8.11247673482e-7,5.02187390339e-7,4.09528240652e-7,2.10762536312e-7,1.22567513472e-7,6.21614404395e-8,3.53821185684e-8,1.49426924168e-8,8.31671087553e-9,5.52262902076e-9],"median":[0.000390875968151,0.000346866669133,0.000528738368303,0.000240515364567,0.0000772602943471,0.0000688141226419,0.0000459075090475,0.0000283406625385,0.0000245174705924,0.0000169184550032,0.0000113972337203,0.00000640650978312,0.0000051658043958,0.00000367529969481,0.00000200286740437,0.00000326447980115,0.00000335146887664,0.00000164991752172,7.41529788684e-7,8.45311092235e-7,6.76618583384e-7,3.25188409533e-7,1.99121899414e-7,1.53995131313e-7,1.10356765504e-7,6.40400088514e-8,4.6586499991e-8,5.62374466995e-8,7.29546556499e-8,7.28100104652e-8,4.21854551291e-8,2.27369305605e-8,1.573229369e-8,1.27945352091e-8,9.98793936446e-9,5.89288173813e-9,3.18106607722e-9,1.63358293559e-9,8.16490874911e-10,3.47335771256e-10],"min":[2.28715290276e-24,1.74028119389e-24,2.59302346357e-24,1.39673226967e-24,2.81940741349e-24,1.97123836769e-24,2.11201572383e-24,3.56568324047e-24,3.53381049888e-24,3.07924241845e-24,1.59971752045e-24,3.99840539585e-24,4.49485646832e-24,3.19494168919e-24,2.92386521912e-24,2.47771527062e-24,2.12303768839e-24,1.58558892303e-24,3.37734427707e-24,5.28573725188e-24,5.76213114141e-24,5.94923987623e-24,4.09780108104e-24,5.14666699075e-24,5.88145581965e-24,5.20388228335e-24,6.19736700206e-24,5.79944623438e-24,4.54638328492e-24,6.82727795691e-24,5.95518315429e-24,6.22971661006e-24,4.84916111655e-24,6.63729027422e-24,5.68696374119e-24,7.61827746404e-24,6.23244646323e-24,6.11250331803e-24,6.03591794034e-24,7.24041861247e-24],"var":[0.00000232961747315,8.12871007838e-7,0.0000031244208003,0.0000015399627955,0.00000442239661425,0.00000723307493899,0.00000117370018415,1.9089775094e-7,1.81115453302e-7,6.34433732216e-8,6.15917556956e-8,2.60736712221e-8,1.12478844017e-8,3.78886966246e-9,8.68234983908e-10,7.87522491663e-10,9.11527020531e-10,5.48984857573e-10,1.7602118374e-10,1.8049456374e-10,1.28954569245e-10,1.43149580731e-11,1.58720241811e-11,2.64365595387e-11,2.1585054924e-11,9.84100301249e-12,8.38222807137e-12,2.01358773405e-11,4.75699028779e-11,4.54244107606e-11,2.35529720727e-11,8.25882504746e-12,3.64559684524e-12,1.17303562697e-12,3.3685855212e-13,6.03374568733e-14,1.21707267338e-14,1.6674480959e-15,6.10268921409e-16,3.77411437987e-16]},"melbands_crest":{"dmean":3.35229468346,"dmean2":5.58699655533,"dvar":8.55746173859,"dvar2":21.8468513489,"max":35.5075416565,"mean":16.3125114441,"median":15.7466754913,"min":1.72227013111,"var":27.8520622253},"melbands_flatness_db":{"dmean":0.0448439344764,"dmean2":0.075863853097,"dvar":0.00206374772824,"dvar2":0.00511957844719,"max":0.646383464336,"mean":0.345476686954,"median":0.342199057341,"min":0.00331529602408,"var":0.00823964644223},"melbands_kurtosis":{"dmean":8.70849323273,"dmean2":14.0457057953,"dvar":276.922485352,"dvar2":811.809936523,"max":426.035980225,"mean":18.24817276,"median":10.5371322632,"min":-1.8844319582,"var":705.150024414},"melbands_skewness":{"dmean":0.754596114159,"dmean2":1.19065523148,"dvar":0.669018268585,"dvar2":1.68252873421,"max":16.5003318787,"mean":2.65579605103,"median":2.39373922348,"min":-2.09000897408,"var":2.99502468109},"melbands_spread":{"dmean":3.02845454216,"dmean2":4.58399009705,"dvar":44.8725891113,"dvar2":87.3568649292,"max":171.459716797,"mean":9.80083942413,"median":6.69339466095,"min":0.381354182959,"var":215.178649902},"mfcc":{"cov":[[12529.3583984,936.429077148,-1902.34106445,488.047729492,-1443.23901367,247.286193848,-524.14642334,-289.029266357,-408.72668457,212.210021973,-235.323104858,72.8630142212,51.2162437439],[936.429077148,2061.1184082,-61.2728919983,-491.081390381,70.7692718506,-78.5438613892,-59.32654953,-146.055709839,18.0821113586,7.3064956665,70.3774032593,-2.86946749687,-12.9239654541],[-1902.34106445,-61.2728919983,785.713745117,38.8620376587,229.492080688,-52.8752059937,22.0372371674,38.3023872375,124.601303101,-30.6452255249,-20.9385375977,-13.0488653183,-15.5152702332],[488.047729492,-491.081390381,38.8620376587,519.886291504,-80.4779891968,76.3456573486,-36.3004646301,36.6794624329,23.452255249,4.617395401,-81.6419525146,5.90909385681,9.34833717346],[-1443.23901367,70.7692718506,229.492080688,-80.4779891968,366.913665771,-6.9123711586,119.135917664,64.024520874,27.139339447,-45.3206520081,71.9733047485,-13.4298238754,-15.1302556992],[247.286193848,-78.5438613892,-52.8752059937,76.3456573486,-6.9123711586,171.828811646,32.292388916,5.46240901947,-4.22209072113,-23.683599472,-52.8175544739,24.0255947113,6.44647264481],[-524.14642334,-59.32654953,22.0372371674,-36.3004646301,119.135917664,32.292388916,211.849029541,71.9737319946,-53.7161483765,-7.91491651535,52.2640686035,-22.1626911163,15.2092018127],[-289.029266357,-146.055709839,38.3023872375,36.6794624329,64.024520874,5.46240901947,71.9737319946,146.07989502,16.1547279358,10.3099451065,50.5018920898,-16.9663467407,-25.2865123749],[-408.72668457,18.0821113586,124.601303101,23.452255249,27.139339447,-4.22209072113,-53.7161483765,16.1547279358,176.187301636,13.1540794373,-31.0142555237,13.5665626526,-21.0026416779],[212.210021973,7.3064956665,-30.6452255249,4.617395401,-45.3206520081,-23.683599472,-7.91491651535,10.3099451065,13.1540794373,105.106193542,52.3443183899,-9.32380485535,-2.7041759491],[-235.323104858,70.3774032593,-20.9385375977,-81.6419525146,71.9733047485,-52.8175544739,52.2640686035,50.5018920898,-31.0142555237,52.3443183899,171.451568604,0.870515406132,-18.3626251221],[72.8630142212,-2.86946749687,-13.0488653183,5.90909385681,-13.4298238754,24.0255947113,-22.1626911163,-16.9663467407,13.5665626526,-9.32380485535,0.870515406132,92.684211731,32.6437797546],[51.2162437439,-12.9239654541,-15.5152702332,9.34833717346,-15.1302556992,6.44647264481,15.2092018127,-25.2865123749,-21.0026416779,-2.7041759491,-18.3626251221,32.6437797546,96.0090866089]],"icov":[[0.000295181875117,-0.00025936725433,0.000399805721827,-0.000354739458999,0.000675917195622,-0.000246790325036,0.000366348132957,-0.000273484096397,0.000590309500694,-0.000350147340214,0.000226050236961,-0.000122040393762,0.000103797436168],[-0.00025936725433,0.000913936935831,-0.000295173173072,0.000883879489265,-0.000739360635635,0.000119752214232,-0.000133888417622,0.000878712453414,-0.000742931035347,0.000288493203698,-0.000450224499218,0.000297178659821,-0.000085840736574],[0.000399805721827,-0.000295173173072,0.00244974927045,-0.000752098159865,-0.000398183794459,0.000570069241803,0.000394578266423,-0.000303477718262,-0.000181318755494,-0.000551573524717,0.00108019832987,-0.00020454096375,0.000193584841327],[-0.000354739458999,0.000883879489265,-0.000752098159865,0.00338357314467,-0.000515760970302,-0.000786436605267,0.000416169146774,-0.00060455565108,-0.000551773176994,-0.000240994020714,0.000611277006101,0.000337099219905,-0.000521602923982],[0.000675917195622,-0.000739360635635,-0.000398183794459,-0.000515760970302,0.00712267076597,-0.00114913203288,-0.00140414282214,-0.000734446395654,-0.000195925764274,0.00276270089671,-0.00263518514112,0.000582960899919,0.0000871485535754],[-0.000246790325036,0.000119752214232,0.000570069241803,-0.000786436605267,-0.00114913203288,0.00873298291117,-0.00288356677629,0.00000314245767186,-0.000278431980405,-0.0000323353597196,0.00352546013892,-0.00341352913529,0.00177971238736],[0.000366348132957,-0.000133888417622,0.000394578266423,0.000416169146774,-0.00140414282214,-0.00288356677629,0.00969180744141,-0.00396062759683,0.00334961339831,-0.000647762441076,-0.000818177475594,0.00240154308267,-0.00305485073477],[-0.000273484096397,0.000878712453414,-0.000303477718262,-0.00060455565108,-0.000734446395654,0.00000314245767186,-0.00396062759683,0.0117375552654,-0.00316678406671,0.00105079496279,-0.00367609295063,0.00119496043772,0.00210431637242],[0.000590309500694,-0.000742931035347,-0.000181318755494,-0.000551773176994,-0.000195925764274,-0.000278431980405,0.00334961339831,-0.00316678406671,0.0101841231808,-0.00429044151679,0.00413283612579,-0.00292134587653,0.00212337612174],[-0.000350147340214,0.000288493203698,-0.000551573524717,-0.000240994020714,0.00276270089671,-0.0000323353597196,-0.000647762441076,0.00105079496279,-0.00429044151679,0.015853445977,-0.00794690288603,0.00378312612884,-0.00232137553394],[0.000226050236961,-0.000450224499218,0.00108019832987,0.000611277006101,-0.00263518514112,0.00352546013892,-0.000818177475594,-0.00367609295063,0.00413283612579,-0.00794690288603,0.0138461226597,-0.00500000966713,0.00347175984643],[-0.000122040393762,0.000297178659821,-0.00020454096375,0.000337099219905,0.000582960899919,-0.00341352913529,0.00240154308267,0.00119496043772,-0.00292134587653,0.00378312612884,-0.00500000966713,0.0157708488405,-0.00655642570928],[0.000103797436168,-0.000085840736574,0.000193584841327,-0.000521602923982,0.0000871485535754,0.00177971238736,-0.00305485073477,0.00210431637242,0.00212337612174,-0.00232137553394,0.00347175984643,-0.00655642570928,0.0146555788815]],"mean":[-785.789978027,187.771011353,13.0688467026,25.3922195435,1.30818152428,16.8805732727,-4.32345962524,1.20446026325,3.23818945885,2.57433342934,-2.14974617958,0.0598406046629,-6.00902462006]},"pitch_salience":{"dmean":0.080084875226,"dmean2":0.135082304478,"dvar":0.00492517277598,"dvar2":0.0129402056336,"max":0.827566564083,"mean":0.507399737835,"median":0.513287425041,"min":0.0970360413194,"var":0.0128285484388},"silence_rate_20dB":{"dmean":0,"dmean2":0,"dvar":0,"dvar2":0,"max":1,"mean":1,"median":1,"min":1,"var":0},"silence_rate_30dB":{"dmean":0.00926283281296,"dmean2":0.0185280498117,"dvar":0.00917666591704,"dvar2":0.0207575056702,"max":1,"mean":0.983920753002,"median":1,"min":0,"var":0.0158210918307},"silence_rate_60dB":{"dmean":0.038595136255,"dmean2":0.077200204134,"dvar":0.0371088348329,"dvar2":0.0797386914492,"max":1,"mean":0.210830971599,"median":0,"min":0,"var":0.166376307607},"spectral_centroid":{"dmean":115.82144928,"dmean2":174.510910034,"dvar":61861.9296875,"dvar2":111194.625,"max":11558.5615234,"mean":600.030822754,"median":443.369384766,"min":138.410095215,"var":602618},"spectral_complexity":{"dmean":1.59397912025,"dmean2":2.57231092453,"dvar":3.71550965309,"dvar2":7.83870267868,"max":47,"mean":8.57846641541,"median":7,"min":0,"var":42.107673645},"spectral_contrast_coeffs":{"dmean":[0.0525373630226,0.0522446893156,0.0423106700182,0.0337892286479,0.0360780730844,0.037692822516],"dmean2":[0.0884609818459,0.086743183434,0.0717105194926,0.0570433884859,0.0636871159077,0.065307714045],"dvar":[0.00182455242611,0.00214324961416,0.00141651264858,0.00084312382387,0.00156915339176,0.00147143111099],"dvar2":[0.00509080756456,0.0055680363439,0.0037034873385,0.00230960198678,0.00418798718601,0.00368944858201],"max":[-0.327063858509,-0.320349574089,-0.456268936396,-0.613542318344,-0.617630183697,-0.466545194387],"mean":[-0.644770860672,-0.732385993004,-0.779627084732,-0.806139409542,-0.824857890606,-0.762490093708],"median":[-0.647606611252,-0.751017093658,-0.788721442223,-0.806285321712,-0.823460876942,-0.75576031208],"min":[-0.978482842445,-0.973132789135,-0.990414083004,-0.988368272781,-0.991199910641,-0.963801562786],"var":[0.00853050127625,0.0105614550412,0.0055875252001,0.00304927071556,0.00253694877028,0.00640453724191]},"spectral_contrast_valleys":{"dmean":[0.413339674473,0.443089604378,0.435489743948,0.406022548676,0.607869207859,0.827648222446],"dmean2":[0.701293587685,0.763700306416,0.755038201809,0.701712906361,1.05254864693,1.53257155418],"dvar":[0.140610739589,0.187308013439,0.202851951122,0.230333164334,0.546057879925,0.790614545345],"dvar2":[0.349342554808,0.478631824255,0.50617402792,0.58546102047,1.30779457092,1.88665914536],"max":[-5.54777574539,-4.60071563721,-5.82178544998,-6.18492889404,-5.8782582283,-9.21450901031],"mean":[-7.64114093781,-7.40703725815,-8.34547710419,-8.91907501221,-9.50862407684,-12.5648908615],"median":[-7.43949222565,-7.21311378479,-8.21760749817,-8.7727432251,-9.30104064941,-12.6395988464],"min":[-28.145236969,-28.1706314087,-27.8066329956,-27.7286071777,-27.512090683,-27.3504486084],"var":[2.47691893578,3.22919106483,3.05619311333,3.04806208611,3.45633149147,2.02758812904]},"spectral_decrease":{"dmean":1.38631450763e-9,"dmean2":2.1176689291e-9,"dvar":4.78370087409e-18,"dvar2":1.12724302673e-17,"max":2.0665296141e-9,"mean":-4.3355963264e-9,"median":-2.1590194077e-9,"min":-4.02966229274e-8,"var":2.92788882706e-17},"spectral_energy":{"dmean":0.00601816829294,"dmean2":0.008854072541,"dvar":0.0000887448622962,"dvar2":0.000195406420971,"max":0.205499917269,"mean":0.021418903023,"median":0.0108373435214,"min":9.87136501947e-21,"var":0.000660774705466},"spectral_energyband_high":{"dmean":0.0000819121632958,"dmean2":0.000109649154183,"dvar":9.1779305933e-8,"dvar2":1.50083351969e-7,"max":0.0122398287058,"mean":0.000156394671649,"median":0.000013410347492,"min":6.89266905441e-21,"var":3.48993125954e-7},"spectral_energyband_low":{"dmean":0.00210647447966,"dmean2":0.00340550485998,"dvar":0.0000105824110506,"dvar2":0.0000261750410573,"max":0.0761832296848,"mean":0.00505627226084,"median":0.00307455891743,"min":1.9083136943e-23,"var":0.0000411244836869},"spectral_energyband_middle_high":{"dmean":0.000454834051197,"dmean2":0.000676000956446,"dvar":9.74707518253e-7,"dvar2":0.00000219791536438,"max":0.0211426690221,"mean":0.001378849498,"median":0.000325921282638,"min":1.14075052522e-21,"var":0.00000542658199265},"spectral_energyband_middle_low":{"dmean":0.00480119278654,"dmean2":0.00722573464736,"dvar":0.0000681344463374,"dvar2":0.000158081122208,"max":0.152289643884,"mean":0.0134793985635,"median":0.00537134986371,"min":2.26403862348e-22,"var":0.000372623821022},"spectral_entropy":{"dmean":0.377905964851,"dmean2":0.64404964447,"dvar":0.165058135986,"dvar2":0.4109621346,"max":9.82281684875,"mean":6.64604377747,"median":6.64925718307,"min":4.14144945145,"var":0.51719981432},"spectral_flux":{"dmean":0.0185905378312,"dmean2":0.0299108624458,"dvar":0.000414426118368,"dvar2":0.000903531501535,"max":0.229541629553,"mean":0.0579831786454,"median":0.0473330169916,"min":6.45214784378e-11,"var":0.0017743522767},"spectral_kurtosis":{"dmean":10.7279443741,"dmean2":18.4360618591,"dvar":223.553970337,"dvar2":571.191833496,"max":189.069519043,"mean":27.8204631805,"median":20.8428649902,"min":-1.24835157394,"var":449.8359375},"spectral_rms":{"dmean":0.000570606498513,"dmean2":0.000835866376292,"dvar":4.31458602179e-7,"dvar2":9.38465973377e-7,"max":0.0141593683511,"mean":0.00384341855533,"median":0.00325161777437,"min":3.10332076876e-12,"var":0.0000061246128098},"spectral_rolloff":{"dmean":3435.828125,"dmean2":6680.71777344,"dvar":51895332,"dvar2":131055464,"max":22050,"mean":5524.43457031,"median":753.662109375,"min":43.06640625,"var":74511904},"spectral_skewness":{"dmean":0.727872312069,"dmean2":1.21018779278,"dvar":0.824957787991,"dvar2":2.03969717026,"max":11.5757846832,"mean":3.61558818817,"median":3.31374883652,"min":-0.058364842087,"var":2.25539016724},"spectral_spread":{"dmean":751460.375,"dmean2":1313986.5,"dvar":799495225344,"dvar2":1865165963260,"max":42453356,"mean":3317858.25,"median":2936343.75,"min":674125.625,"var":6633461121020},"spectral_strongpeak":{"dmean":2.25950288773,"dmean2":4.13268375397,"dvar":140.458068848,"dvar2":360.735961914,"max":187.911178589,"mean":2.22287654877,"median":0.324838608503,"min":0,"var":118.535011292},"zerocrossingrate":{"dmean":0.0336770825088,"dmean2":0.0417212210596,"dvar":0.000988094718195,"dvar2":0.00143702293281,"max":0.6220703125,"mean":0.194383174181,"median":0.18505859375,"min":0.01318359375,"var":0.0073649706319}},"metadata":{"audio_properties":{"analysis_sample_rate":44100,"bit_rate":747326,"codec":"alac","downmix":"mix","equal_loudness":0,"length":180.466659546,"lossless":true,"md5_encoded":"d967e8f376e9d62797e1829eb023e943","replay_gain":-5.37270355225,"sample_rate":44100},"tags":{"album":["Dance Hall at Louse Point"],"albumartistsort":["Parish, John & Harvey, PJ"],"artist":["John Parish & PJ Harvey"],"artistsort":["Parish, John & Harvey, PJ"],"asin":["B000001E9Y"],"barcode":["731452427823"],"catalognumber":["314-524 278-2"],"date":["1996-09-24"],"file_name":"04 - That Was My Veil.m4a","label":["Island Records"],"language":["eng"],"media":["CD"],"musicbrainz_albumartistid":["4ae92e70-3690-473b-8fbc-49749565669f","e795e03d-b5d5-4a5f-834d-162cfb308a2c"],"musicbrainz_albumid":["c9167f5e-d288-44ec-91cf-34d4abfb1fd3"],"musicbrainz_artistid":["4ae92e70-3690-473b-8fbc-49749565669f","e795e03d-b5d5-4a5f-834d-162cfb308a2c"],"musicbrainz_recordingid":["f5d064a9-cb08-4e98-8fe5-cf6643660606"],"musicbrainz_releasegroupid":["a2bd8b47-4f79-3274-8d36-334f168831c3"],"musicbrainz_workid":["6f2df02a-a6fe-4445-b3ae-f4f2bfbad7d0"],"script":["Latn"],"title":["That Was My Veil"],"tracknumber":["4/12"]},"version":{"essentia":"2.1-beta1","essentia_build_sha":"ca57ba49d9b1854bd80e60cf9ccf267278fb7d6b","essentia_git_sha":"v2.1_beta1-28-g21ef5f4-dirty","extractor":"music 1.0"}},"rhythm":{"beats_count":394,"beats_loudness":{"dmean":0.0160416290164,"dmean2":0.0269416198134,"dvar":0.000525865762029,"dvar2":0.00142807175871,"max":0.197588428855,"mean":0.0256033595651,"median":0.0142164863646,"min":8.93195561957e-9,"var":0.000921695667785},"beats_loudness_band_ratio":{"dmean":[0.206043615937,0.168651849031,0.0959893241525,0.0389008298516,0.0145907765254,0.0967014282942],"dmean2":[0.338406264782,0.281311452389,0.167946428061,0.0692952573299,0.0260025765747,0.168921172619],"dvar":[0.0292426