{"lowlevel":{"average_loudness":0.497277855873,"barkbands":{"dmean":[5.17128512456e-7,0.0000532428493898,0.000173240739969,0.000191335973796,0.00149071007036,0.000893662916496,0.000801929156296,0.000413702888181,0.000970172754023,0.000991240376607,0.000684249564074,0.000496609427501,0.001065536635,0.000348706642399,0.000334744341671,0.000225856987527,0.000223156574066,0.000180589515367,0.000101110796095,0.000114529117127,0.0000843037123559,0.000115283859486,0.0000803462535259,0.0000503670235048,0.0000238185621129,0.00000636098138784,5.65646587347e-7],"dmean2":[7.85896645539e-7,0.0000922824183363,0.000266474293312,0.000314496544888,0.00232876325026,0.00139276287518,0.00126148515847,0.000622945895884,0.00148305308539,0.00153569423128,0.0010426628869,0.00076466955943,0.00167057837825,0.000545592745766,0.000523325405084,0.000348445872078,0.000338258978445,0.000275518134004,0.000153910950758,0.000175396868144,0.00012278824579,0.000177447203896,0.000123148784041,0.000070633708674,0.0000329289614456,0.00000870348685567,8.24714732062e-7],"dvar":[9.21246802801e-13,1.51844155027e-8,1.19916720109e-7,1.2393833515e-7,0.00000576577303946,0.00000598969654675,0.00000247664183917,0.00000142444878293,0.00000421504410042,0.00000525380391991,0.00000458067097497,0.00000233407104133,0.00000495112044518,8.74259228567e-7,7.3250856758e-7,4.19734874413e-7,2.54782833053e-7,2.13026027041e-7,7.13034680189e-8,7.12277667958e-8,3.46949420305e-8,2.79381481505e-7,1.33369823629e-7,6.45329407689e-8,2.30335270857e-8,9.76311365086e-10,4.45752375983e-12],"dvar2":[1.56408447392e-12,4.36151630367e-8,2.81148970771e-7,3.18833627944e-7,0.0000136891594593,0.0000154467124958,0.00000599235681875,0.0000029548477869,0.0000103606780613,0.0000127845378302,0.0000109297025119,0.00000562212380828,0.0000127212970256,0.00000211728001887,0.00000169245413417,8.96527694749e-7,5.20708852036e-7,4.59634435401e-7,1.74127094965e-7,1.6865259056e-7,7.5124603427e-8,7.24699759758e-7,3.36495389774e-7,1.24637750787e-7,3.71945247934e-8,1.36914868332e-9,8.39478399989e-12],"max":[0.0000384609484172,0.00297602079809,0.0101373773068,0.00786112248898,0.0407491661608,0.0728117227554,0.0395536012948,0.0358159504831,0.0413490831852,0.0770676955581,0.0768516361713,0.0435034111142,0.0481592230499,0.023773662746,0.0297177042812,0.0216825995594,0.0172577854246,0.0127663929015,0.0114468848333,0.00960363820195,0.00570351816714,0.0206796564162,0.0122091546655,0.0118491323665,0.0097334003076,0.00186473922804,0.000119938835269],"mean":[7.93130766397e-7,0.0000836738836369,0.000373024289729,0.000332581548719,0.00242786086164,0.00162262958474,0.00126747402828,0.000735267589334,0.00197404786013,0.00218432419933,0.00148289347999,0.000919663521927,0.00189792120364,0.000648595567327,0.000592046650127,0.000439059745986,0.000433796289144,0.000423691177275,0.000227446522331,0.000233564293012,0.000171228486579,0.000161273506819,0.000104156082671,0.0000776104207034,0.0000396504510718,0.00000958516011451,8.17288992039e-7],"median":[5.1399399581e-7,0.0000302989246848,0.000150844920427,0.000162878379342,0.00125401373953,0.000479396869196,0.000476256944239,0.000171609164681,0.000724589568563,0.000536618637852,0.000181765120942,0.000128098661662,0.000755626009777,0.00012494213297,0.000180510192877,0.000121148506878,0.000171351493918,0.000101890480437,0.000104300852399,0.000108900509076,0.0000769754988141,0.0000425565958722,0.0000214014889934,0.0000112898596853,0.00000443929866378,0.00000109817369776,2.08563932347e-7],"min":[2.81163417535e-24,4.20868968077e-24,1.05711005837e-23,5.71483261925e-24,2.24256068627e-23,2.23767195747e-23,2.29963587717e-23,1.51495703915e-23,5.32936504648e-23,3.8048541129e-23,6.12184587662e-23,6.07418479399e-23,6.51469734524e-23,7.16272953948e-23,7.72790420186e-23,1.67534252705e-22,1.58463866908e-22,1.91812576712e-22,2.92887191418e-22,3.11177000925e-22,3.29489049999e-22,4.92473115137e-22,4.78459360877e-22,7.93090411363e-22,1.33264653186e-21,1.52112223956e-21,2.03489762837e-21],"var":[2.03103419499e-12,2.22726654897e-8,3.63283447768e-7,2.91807026542e-7,0.0000112970965347,0.0000130378166432,0.00000506236256115,0.00000350072195943,0.0000121272287288,0.0000216330554395,0.0000165923684108,0.00000613616475675,0.0000117011986731,0.00000228056433116,0.0000015582610331,0.00000115714613003,7.05945922164e-7,7.46282182718e-7,1.75662776769e-7,1.66311906469e-7,9.23009864096e-8,2.75666963034e-7,1.64950350268e-7,1.67340829194e-7,8.4766298869e-8,3.9734855406e-9,1.09939800319e-11]},"barkbands_crest":{"dmean":2.58881449699,"dmean2":4.18029928207,"dvar":5.47171115875,"dvar2":14.2614068985,"max":25.8732948303,"mean":9.52345943451,"median":8.75553226471,"min":2.5273168087,"var":14.3496189117},"barkbands_flatness_db":{"dmean":0.0181227661669,"dmean2":0.0269939117134,"dvar":0.000270371965598,"dvar2":0.000585399044212,"max":0.284839570522,"mean":0.133511170745,"median":0.132132336497,"min":0.0196208376437,"var":0.00130169070326},"barkbands_kurtosis":{"dmean":1.33449304104,"dmean2":2.08993124962,"dvar":4.3757109642,"dvar2":9.96466827393,"max":72.2174835205,"mean":1.5304543972,"median":0.742846608162,"min":-1.85547554493,"var":10.2433328629},"barkbands_skewness":{"dmean":0.395193874836,"dmean2":0.597582578659,"dvar":0.150964871049,"dvar2":0.342013806105,"max":8.25800132751,"mean":0.871486127377,"median":0.807287573814,"min":-2.66435098648,"var":0.708149135113},"barkbands_spread":{"dmean":4.24870443344,"dmean2":6.43213796616,"dvar":30.7413787842,"dvar2":68.2646026611,"max":119.932434082,"mean":19.3448734283,"median":16.7935905457,"min":1.40868616104,"var":143.915740967},"dissonance":{"dmean":0.0216733925045,"dmean2":0.0366655550897,"dvar":0.000410668057157,"dvar2":0.00113507884089,"max":0.500000119209,"mean":0.45472151041,"median":0.461052000523,"min":0.223637282848,"var":0.000897888792679},"dynamic_complexity":6.16066169739,"erbbands":{"dmean":[0.000327623187331,0.0174402948469,0.160573720932,0.380609482527,3.5287797451,5.57726478577,3.70826840401,8.34915351868,12.8829965591,8.1888551712,11.7208003998,18.4119758606,25.8941650391,26.909570694,25.4220790863,26.2467155457,38.913269043,17.3006629944,17.8538570404,12.1160354614,11.5260734558,12.2614059448,9.67801570892,7.4363861084,3.75946617126,4.96846199036,4.37663602829,3.31511855125,5.14700222015,2.58508658409,2.47504496574,1.24460172653,0.730191707611,0.346880823374,0.143345370889,0.0419148951769,0.00927689112723,0.00124019489158,0.0000926664797589,0.00000860312411533],"dmean2":[0.000544191978406,0.0293590947986,0.245186403394,0.621242284775,5.68089962006,8.75911140442,5.69727039337,13.1549186707,20.3631916046,12.5734958649,17.6804466248,27.6732978821,39.5522346497,41.5286140442,37.772277832,40.6065444946,60.3069572449,26.5996360779,27.799829483,18.1806793213,17.6163158417,18.3823719025,14.4305782318,10.9727096558,5.62503290176,7.52631378174,6.63094329834,4.81278419495,7.9422249794,3.91844010353,3.87045645714,1.79072034359,1.04478228092,0.493413627148,0.198322862387,0.0569056943059,0.0129492487758,0.00176311039831,0.000131388937007,0.0000122584815472],"dvar":[6.35016817796e-7,0.00153333612252,0.107427656651,0.402156412601,36.3218383789,88.4206542969,74.4032897949,691.049743652,659.24395752,456.803131104,922.656921387,1754.31616211,3621.16748047,4212.34277344,6965.39208984,3908.45166016,6658.23242188,2175.48168945,1921.29418945,1182.52514648,1067.22741699,700.107849121,574.971496582,353.453613281,97.8441009521,121.715736389,114.469093323,64.3406524658,663.614074707,93.9286117554,178.635253906,45.3197975159,13.5318403244,4.8567199707,0.804640233517,0.0503757111728,0.00203945045359,0.0000252736808761,1.10046677548e-7,2.70074768105e-10],"dvar2":[0.00000161446007496,0.00425051338971,0.248581886292,1.04157114029,97.1383132935,205.027984619,176.453109741,1835.77294922,1599.29492188,1041.41357422,2042.19067383,4133.42236328,8654.54101562,9640.86230469,16238.0126953,10137.0068359,16516.3261719,5444.03320312,4599.10302734,2639.94213867,2323.32080078,1377.55541992,1250.24975586,743.92590332,215.68838501,274.136779785,269.714508057,141.466156006,1752.86621094,224.592529297,466.848571777,96.7723236084,26.0206775665,8.88587188721,1.25728368759,0.0680142194033,0.00334637030028,0.0000414503410866,1.90896969343e-7,5.00024410766e-10],"max":[0.0386327877641,1.01429641247,9.84831047058,15.4863977432,113.305587769,148.143875122,239.662307739,899.777709961,629.370849609,469.627319336,1014.59521484,1262.96411133,1499.64794922,2076.03222656,3399.95336914,1445.35693359,2168.80541992,1325.36816406,1524.88781738,1101.9017334,987.678100586,1197.56604004,785.838745117,566.641418457,657.159057617,343.758789062,394.831756592,248.458190918,1060.03308105,355.177398682,497.45010376,324.663146973,144.96925354,124.433784485,64.7887420654,13.3877153397,2.47818207741,0.296951472759,0.0168950781226,0.000714080932084],"mean":[0.000601783569437,0.032508444041,0.382135719061,0.827073276043,5.61851978302,8.30875301361,7.35006475449,14.6102266312,20.9896411896,14.489657402,24.0884513855,37.9775009155,56.6064796448,63.5449066162,59.3173675537,55.7622299194,74.4701385498,35.9028320312,34.7712059021,25.975736618,23.2837505341,25.5959243774,23.9322776794,17.6468219757,9.78993225098,10.6488800049,8.69034290314,6.20315742493,7.05305337906,3.76309084892,3.02277588844,1.87063241005,1.10772848129,0.554666399956,0.229246258736,0.0666558891535,0.0130218360573,0.00174423272256,0.000145836602314,0.0000302415046463],"median":[0.000323885760736,0.0119700431824,0.148563459516,0.545329630375,2.58122491837,4.02626180649,3.16401839256,4.21988010406,7.83306407928,4.71537542343,8.06188488007,15.2336215973,19.1039276123,17.3157272339,10.2514095306,18.0754776001,30.6676101685,10.5410385132,10.5497131348,7.15526580811,7.41039180756,10.3633022308,7.54063129425,6.71278858185,4.38696908951,5.01388883591,3.90118122101,2.60520195961,1.89532637596,0.993073940277,0.538673520088,0.269464164972,0.159837543964,0.0634057819843,0.024332979694,0.00782774854451,0.00138516735751,0.000260745844571,0.0000443192184321,0.000024294206014],"min":[1.05689810722e-22,1.03107921991e-21,7.93001251148e-21,1.79347103215e-20,4.18863808864e-20,1.03562702499e-19,1.28163234862e-19,1.81165776114e-19,3.1062268268e-19,2.59962342106e-19,5.06847889307e-19,1.22074746114e-18,1.32607123116e-18,1.65115496965e-18,2.33515609825e-18,2.47087224173e-18,2.691818594e-18,3.63852473711e-18,4.62769502415e-18,4.54844243607e-18,9.76480178392e-18,8.13383405372e-18,9.90437858612e-18,1.18204374232e-17,1.34446197908e-17,1.44005146697e-17,1.40833471531e-17,1.18255179665e-17,1.54509000444e-17,1.57172670909e-17,1.40582769631e-17,1.52052009327e-17,1.52511905204e-17,1.36889689437e-17,8.77692231222e-18,4.61635644591e-18,2.84028717419e-18,1.30574140645e-18,2.66212958255e-19,2.85471790866e-20],"var":[9.11753033961e-7,0.00307811517268,0.385425299406,1.05363857746,72.2241897583,157.117904663,180.509124756,1342.3026123,1400.27392578,1033.36376953,2621.02050781,4657.48486328,12602.1416016,16849.1621094,28035.75,11216.0751953,17573.4628906,6146.13183594,5275.60888672,3805.06103516,2686.23999023,2302.46508789,2053.33178711,1087.7199707,368.757781982,327.343139648,248.253662109,134.869018555,596.719848633,133.529495239,184.89692688,102.624389648,35.0843811035,14.9612092972,3.09544229507,0.215506032109,0.00697731785476,0.0000846101975185,3.14322761596e-7,1.08054420966e-9]},"erbbands_crest":{"dmean":2.6342124939,"dmean2":4.16174840927,"dvar":5.825319767,"dvar2":13.9110927582,"max":32.9384231567,"mean":10.3130331039,"median":9.44383335114,"min":2.03537201881,"var":19.5462627411},"erbbands_flatness_db":{"dmean":0.0165611021221,"dmean2":0.0232975408435,"dvar":0.000226442862186,"dvar2":0.000436690665083,"max":0.376634478569,"mean":0.191400066018,"median":0.193039804697,"min":0.025055443868,"var":0.00221312092617},"erbbands_kurtosis":{"dmean":0.851900219917,"dmean2":1.32301986217,"dvar":1.06564235687,"dvar2":2.43936729431,"max":37.3142204285,"mean":0.796927332878,"median":0.235431313515,"min":-1.80149722099,"var":4.02082157135},"erbbands_skewness":{"dmean":0.312394410372,"dmean2":0.472268909216,"dvar":0.0797034800053,"dvar2":0.178396120667,"max":3.97199702263,"mean":0.376709014177,"median":0.372746109962,"min":-3.23878717422,"var":0.452286601067},"erbbands_spread":{"dmean":5.98451185226,"dmean2":8.99098777771,"dvar":41.6477584839,"dvar2":90.4076843262,"max":129.453964233,"mean":28.6529140472,"median":25.9075126648,"min":1.77439212799,"var":226.285568237},"gfcc":{"cov":[[15515.3876953,1180.71789551,-2178.98022461,-53.2565917969,-1585.03503418,-160.987335205,-908.266662598,-231.831726074,-868.54901123,-600.475402832,-289.835784912,-140.55229187,206.691513062],[1180.71789551,977.96081543,-356.994750977,-73.5531387329,-37.3433227539,-200.881286621,-17.8612251282,-99.8371353149,-77.1030578613,-154.75869751,-8.19009017944,-87.6376495361,68.130569458],[-2178.98022461,-356.994750977,937.695739746,150.78137207,190.521347046,99.8615036011,-16.3738594055,68.7520599365,76.7736434937,92.106628418,-47.8968658447,29.5189819336,-33.1012916565],[-53.2565917969,-73.5531387329,150.78137207,248.497177124,86.856880188,13.0434951782,-61.75340271,16.3568687439,32.5933570862,-6.30662918091,-46.4771728516,-5.95137310028,1.40104699135],[-1585.03503418,-37.3433227539,190.521347046,86.856880188,385.720123291,41.9952430725,89.2578430176,49.291217804,90.2000427246,54.7342071533,-0.773926079273,-5.45366048813,-7.7222867012],[-160.987335205,-200.881286621,99.8615036011,13.0434951782,41.9952430725,190.930221558,55.0092201233,11.1928939819,15.7336196899,26.3087940216,1.18718779087,14.7530298233,-33.8838005066],[-908.266662598,-17.8612251282,-16.3738594055,-61.75340271,89.2578430176,55.0092201233,230.82635498,32.6895866394,58.8772010803,47.4221725464,63.5269317627,17.6277179718,-30.6498775482],[-231.831726074,-99.8371353149,68.7520599365,16.3568687439,49.291217804,11.1928939819,32.6895866394,117.403030396,45.3619041443,29.7583141327,-6.5586309433,-2.53857326508,-3.5713262558],[-868.54901123,-77.1030578613,76.7736434937,32.5933570862,90.2000427246,15.7336196899,58.8772010803,45.3619041443,176.806900024,72.663192749,12.1797456741,17.3273983002,-32.1141166687],[-600.475402832,-154.75869751,92.106628418,-6.30662918091,54.7342071533,26.3087940216,47.4221725464,29.7583141327,72.663192749,135.430999756,41.9963340759,16.8674640656,-28.0194396973],[-289.835784912,-8.19009017944,-47.8968658447,-46.4771728516,-0.773926079273,1.18718779087,63.5269317627,-6.5586309433,12.1797456741,41.9963340759,107.969314575,26.7674312592,-14.5655460358],[-140.55229187,-87.6376495361,29.5189819336,-5.95137310028,-5.45366048813,14.7530298233,17.6277179718,-2.53857326508,17.3273983002,16.8674640656,26.7674312592,83.064201355,-1.66469466686],[206.691513062,68.130569458,-33.1012916565,1.40104699135,-7.7222867012,-33.8838005066,-30.6498775482,-3.5713262558,-32.1141166687,-28.0194396973,-14.5655460358,-1.66469466686,81.9815216064]],"icov":[[0.000591695774347,-0.000817528925836,0.00121708260849,-0.000936818541959,0.00166607100982,-0.00158034567721,0.00158874131739,-0.00151161348913,0.00177332432941,-0.000885106506757,0.0010680485284,-0.00088279787451,0.000290912605124],[-0.000817528925836,0.0032298383303,-0.00141078920569,0.00164502346888,-0.00270684994757,0.00391363119707,-0.00277491472661,0.00350946746767,-0.00291089341044,0.00318677956238,-0.0018861554563,0.00301338918507,-0.00106774480082],[0.00121708260849,-0.00141078920569,0.00403398368508,-0.00238484307192,0.00285592442378,-0.00351745518856,0.00357905845158,-0.00337514607236,0.00380428647622,-0.00253110425547,0.00291114556603,-0.00228411448188,0.000875725178048],[-0.000936818541959,0.00164502346888,-0.00238484307192,0.00717025110498,-0.00397469568998,0.00237962696701,-0.000619029917289,0.00240964954719,-0.00404052855447,0.00269001629204,-0.000954966933932,0.00162924313918,-0.000407949788496],[0.00166607100982,-0.00270684994757,0.00285592442378,-0.00397469568998,0.00862293504179,-0.00487239146605,0.00284951832145,-0.00467935902998,0.00410162564367,-0.00333404354751,0.00327139464207,-0.00188662775327,-0.0000598844999331],[-0.00158034567721,0.00391363119707,-0.00351745518856,0.00237962696701,-0.00487239146605,0.012172778137,-0.00651155831292,0.00536695355549,-0.00411037541926,0.00330083305016,-0.00187553197611,0.00274875876494,0.000883206317667],[0.00158874131739,-0.00277491472661,0.00357905845158,-0.000619029917289,0.00284951832145,-0.00651155831292,0.0119383595884,-0.00590733904392,0.00344682647847,-0.00230231136084,-0.000396573741455,-0.00301032979041,0.0019710699562],[-0.00151161348913,0.00350946746767,-0.00337514607236,0.00240964954719,-0.00467935902998,0.00536695355549,-0.00590733904392,0.0151528855786,-0.00654521211982,0.00226838747039,-0.00146129110362,0.00430398434401,-0.00224126596004],[0.00177332432941,-0.00291089341044,0.00380428647622,-0.00404052855447,0.00410162564367,-0.00411037541926,0.00344682647847,-0.00654521211982,0.014571740292,-0.0068879458122,0.00480666430667,-0.00476685119793,0.00335544580594],[-0.000885106506757,0.00318677956238,-0.00253110425547,0.00269001629204,-0.00333404354751,0.00330083305016,-0.00230231136084,0.00226838747039,-0.0068879458122,0.0153662627563,-0.00661802478135,0.00316360848956,0.000245594943408],[0.0010680485284,-0.0018861554563,0.00291114556603,-0.000954966933932,0.00327139464207,-0.00187553197611,-0.000396573741455,-0.00146129110362,0.00480666430667,-0.00661802478135,0.0167570654303,-0.00571962445974,0.00186957418919],[-0.00088279787451,0.00301338918507,-0.00228411448188,0.00162924313918,-0.00188662775327,0.00274875876494,-0.00301032979041,0.00430398434401,-0.00476685119793,0.00316360848956,-0.00571962445974,0.0169528387487,-0.0026662312448],[0.000290912605124,-0.00106774480082,0.000875725178048,-0.000407949788496,-0.0000598844999331,0.000883206317667,0.0019710699562,-0.00224126596004,0.00335544580594,0.000245594943408,0.00186957418919,-0.0026662312448,0.0153873739764]],"mean":[-49.2862739563,83.2383117676,-152.443496704,13.6186609268,-70.5929260254,1.31548464298,-37.2006416321,-7.71975660324,-29.4431800842,-8.41778755188,-18.9724369049,-6.02826547623,-14.0084791183]},"hfc":{"dmean":5.42967033386,"dmean2":7.61736249924,"dvar":86.3858642578,"dvar2":178.345809937,"max":247.871353149,"mean":21.2070579529,"median":15.6311321259,"min":1.10506843209e-16,"var":448.5753479},"melbands":{"dmean":[0.00000806144362286,0.0000624666427029,0.000118411691801,0.000389768945752,0.000128252082504,0.000186165067134,0.000185053082532,0.0000848210183904,0.000116869268822,0.000119457115943,0.000137444076245,0.000118376759929,0.0000946605214267,0.0000553093086637,0.000137677518069,0.0000490700513183,0.0000336909215548,0.0000320801773341,0.0000195443917619,0.0000159984174388,0.0000137889373946,0.0000122830288092,0.0000120217700896,0.0000101975911093,0.00000650869151286,0.00000338407312483,0.00000305057801597,0.00000365073015018,0.00000357896533387,0.00000188478657037,0.00000221749814955,0.00000286241765934,0.00000231107151194,0.00000132034824674,0.00000158670036399,0.00000102252931811,7.11369523287e-7,5.63509900076e-7,4.25300555662e-7,2.61102940158e-7],"dmean2":[0.000013895126358,0.0000968168824329,0.000196388558834,0.000607245252468,0.000198450317839,0.000293236895232,0.000290578784188,0.000129372914671,0.000177914000233,0.000180351285962,0.000210088765016,0.000183608877705,0.000141025782796,0.0000836683466332,0.000216874774196,0.0000746199002606,0.0000518598462804,0.0000506664291606,0.0000298557988572,0.0000239979799517,0.0000210511498153,0.0000184964192158,0.0000180392053153,0.0000154992758326,0.00000974203248916,0.00000524670440427,0.00000462130719825,0.00000561473234484,0.0000056073054111,0.00000287499415208,0.00000331123465003,0.00000443869248556,0.00000362216428584,0.00000203654872166,0.00000252548238677,0.00000157515398769,0.00000102484170839,8.11656491351e-7,6.30369811461e-7,3.7666075059e-7],"dvar":[3.62784469132e-10,1.60224526979e-8,4.08270537378e-8,4.19352232939e-7,6.80582559198e-8,2.97227472856e-7,1.33695834847e-7,5.05342505619e-8,8.15395750919e-8,7.09117315978e-8,9.83321015724e-8,8.55182520354e-8,9.84133663451e-8,3.68895456404e-8,1.00857228347e-7,1.15730278694e-8,8.83806272611e-9,6.31001340068e-9,3.41441386276e-9,2.40233055671e-9,1.65289304466e-9,7.89055987216e-10,8.32129587458e-10,6.93829493859e-10,2.8586838452e-10,1.05863984246e-10,4.62981354643e-11,7.58925214339e-11,9.70172275849e-11,1.97291506049e-11,3.52965018324e-11,1.66056904338e-10,1.41904960005e-10,2.55504783997e-11,8.12672359962e-11,3.67064503792e-11,1.50684829198e-11,8.31808059931e-12,6.01286728741e-12,3.2205889431e-12],"dvar2":[1.01041386369e-9,3.80296789615e-8,1.10162659439e-7,9.71503027358e-7,1.62339190979e-7,7.81092182933e-7,3.22606410919e-7,1.1268373612e-7,1.88049995131e-7,1.72533063392e-7,2.33522953863e-7,2.00752438673e-7,2.35887625877e-7,9.15627964559e-8,2.71124804385e-7,2.58707295586e-8,2.16510649409e-8,1.54864832069e-8,7.94901833245e-9,4.72728434175e-9,3.60519725184e-9,1.59682789214e-9,1.73172087781e-9,1.49256129678e-9,6.13376460734e-10,2.54534809896e-10,1.000201727e-10,1.75060854701e-10,2.41315883942e-10,4.55456818094e-11,8.11053238459e-11,4.33403563038e-10,3.73144487531e-10,6.12767545038e-11,2.15430451256e-10,9.29435139962e-11,3.03417013736e-11,1.67682881469e-11,1.27525967217e-11,5.91845582959e-12],"max":[0.000504411407746,0.0037148736883,0.00541828898713,0.0115423006937,0.00655644899234,0.017655223608,0.00962442811579,0.0054247174412,0.00841492880136,0.00814653281122,0.00744660990313,0.00914802681655,0.0127065852284,0.00570616452023,0.00704736635089,0.00405650120229,0.00268003973179,0.00273383315653,0.00229744054377,0.00202392716892,0.00129953108262,0.00151770701632,0.000823188514914,0.000933104194701,0.000511573685799,0.000575341458898,0.000310375558911,0.000225792318815,0.000433761801105,0.000159766816068,0.000235724641243,0.000492531398777,0.000497771950904,0.000180391100002,0.000365631043678,0.000283518107608,0.000214076659176,0.000109372122097,0.000146061764099,0.000106275336293],"mean":[0.0000126813047245,0.000141495474963,0.000236329840845,0.000603578984737,0.000254868355114,0.00033013834036,0.000304535147734,0.000147605707753,0.000238771128352,0.000243158385274,0.00029689897201,0.000269731739536,0.000208887387998,0.000111064036901,0.000256160798017,0.0000929330271902,0.0000628819907433,0.0000582987449889,0.0000368299079128,0.0000317886333505,0.0000247449024755,0.0000241337293119,0.0000235760489886,0.0000226960200962,0.0000135042164402,0.00000752445703256,0.00000661845842842,0.00000717666853234,0.0000062971821535,0.00000355205656888,0.00000362920286534,0.00000390666627936,0.00000298689155898,0.00000182655901426,0.00000181860809789,0.00000133517391987,0.00000106173888526,8.09263553947e-7,6.26364908385e-7,4.1087326963e-7],"median":[0.00000502667853652,0.000054963886214,0.000137761700898,0.000283180328552,0.000123369682115,0.0000999863405013,0.000114991787996,0.0000389261258533,0.0000720918978914,0.0000937034783419,0.0000929242378334,0.000060007936554,0.000028041042242,0.000016753172531,0.0000891230884008,0.0000383324586437,0.0000134014517243,0.0000154087592819,0.0000092673853942,0.00000854776044434,0.00000744595945434,0.00000938825451158,0.00000842189456307,0.00000529970384378,0.00000496208122058,0.00000306756101054,0.00000297557198792,0.00000307967820845,0.00000260958358922,0.00000136931760153,0.00000135827622216,9.89135287455e-7,6.89116404828e-7,4.38251191781e-7,2.93661770456e-7,1.97930347667e-7,1.38467527222e-7,1.11452649776e-7,7.81473303846e-8,4.07727505092e-8],"min":[1.03554520446e-24,3.08531822514e-24,6.12371815909e-24,5.63557497524e-24,4.22564861251e-24,4.42593566318e-24,4.28696479852e-24,2.43393605418e-24,4.18465585e-24,7.55663508405e-24,6.34030623151e-24,6.0943607005e-24,7.51247938374e-24,7.42243564457e-24,5.65755382336e-24,6.62803535808e-24,6.52476557697e-24,7.7057668716e-24,6.68562693732e-24,7.88967401443e-24,1.01002610638e-23,8.07313229541e-24,6.25471087899e-24,9.77601793252e-24,8.86331454265e-24,8.84108207576e-24,6.07112953571e-24,9.68059021768e-24,7.4310997039e-24,7.32005175427e-24,6.4943837825e-24,8.35127123996e-24,1.01366165075e-23,7.57625642134e-24,7.46919379701e-24,8.4173982942e-24,8.56864501783e-24,9.00072149056e-24,1.06125560131e-23,1.180624298e-23],"var":[5.01584884738e-10,5.35729256512e-8,1.08942501242e-7,7.97489747129e-7,1.73470013465e-7,6.09555286246e-7,2.90516680934e-7,1.18094604318e-7,2.4318319447e-7,1.90694009916e-7,3.47614871998e-7,3.53030117139e-7,3.64309073575e-7,1.05620742374e-7,2.41950914415e-7,3.00129414654e-8,2.3475413613e-8,1.75853926976e-8,8.05561217732e-9,7.24591675549e-9,3.63357544053e-9,2.43541364853e-9,2.19826512549e-9,2.16596385272e-9,7.41742556265e-10,2.67092625794e-10,1.58097021585e-10,1.71664904514e-10,1.59061167015e-10,5.26584505167e-11,5.66994645679e-11,1.61679739041e-10,1.271851513e-10,3.67896581255e-11,7.48018383345e-11,5.11519750168e-11,3.71319225367e-11,1.90316738063e-11,1.41125661504e-11,9.97947210979e-12]},"melbands_crest":{"dmean":3.27697634697,"dmean2":5.26563549042,"dvar":8.79350566864,"dvar2":22.1276626587,"max":34.9353141785,"mean":12.2927646637,"median":11.3150224686,"min":1.75723433495,"var":23.4988632202},"melbands_flatness_db":{"dmean":0.0209308397025,"dmean2":0.0311231538653,"dvar":0.000387020030757,"dvar2":0.000809726654552,"max":0.359518557787,"mean":0.169332325459,"median":0.167315721512,"min":0.00394343119115,"var":0.00179658562411},"melbands_kurtosis":{"dmean":2.65295267105,"dmean2":4.16740512848,"dvar":21.2705841064,"dvar2":51.2683143616,"max":225.008865356,"mean":4.67441558838,"median":2.65049314499,"min":-1.72941339016,"var":59.2920455933},"melbands_skewness":{"dmean":0.479332745075,"dmean2":0.729671239853,"dvar":0.224552765489,"dvar2":0.530978560448,"max":13.0508298874,"mean":1.44033849239,"median":1.2587710619,"min":-2.14180183411,"var":1.31917369366},"melbands_spread":{"dmean":6.54795312881,"dmean2":9.92277145386,"dvar":91.6903076172,"dvar2":185.405319214,"max":250.434753418,"mean":27.1791667938,"median":23.6242332458,"min":2.69341373444,"var":289.18762207},"mfcc":{"cov":[[15622.2119141,930.009216309,-1139.77697754,-358.395385742,-960.756713867,-454.65524292,-399.415679932,-191.403823853,-506.060424805,-546.430175781,-671.951782227,-599.433776855,-611.735351562],[930.009216309,927.464355469,-278.955444336,46.6792793274,-117.657623291,-98.2986831665,-16.5425491333,-43.9300231934,-51.8310623169,-63.38463974,-91.7543487549,-86.4489212036,-67.7241668701],[-1139.77697754,-278.955444336,611.375793457,36.8199310303,150.238922119,60.0374679565,-20.7394218445,16.4641799927,39.2050590515,45.8874092102,7.7617354393,34.3413276672,41.0114707947],[-358.395385742,46.6792793274,36.8199310303,244.235107422,131.195205688,-3.25780105591,-29.4275474548,-2.51810216904,45.1300773621,17.7648963928,-18.9700145721,1.97424995899,1.63882625103],[-960.756713867,-117.657623291,150.238922119,131.195205688,321.443572998,59.7789230347,1.40243697166,12.8829088211,91.9424438477,52.6800842285,-1.19417834282,20.3468875885,16.2685985565],[-454.65524292,-98.2986831665,60.0374679565,-3.25780105591,59.7789230347,164.750427246,31.9169178009,33.2831611633,16.8253898621,21.2691135406,41.2783851624,22.8915328979,27.0572471619],[-399.415679932,-16.5425491333,-20.7394218445,-29.4275474548,1.40243697166,31.9169178009,177.85446167,27.3278217316,5.86679887772,19.7209663391,19.3521404266,15.915058136,14.373415947],[-191.403823853,-43.9300231934,16.4641799927,-2.51810216904,12.8829088211,33.2831611633,27.3278217316,118.59336853,29.380197525,9.57124233246,15.063662529,6.78455018997,19.6857337952],[-506.060424805,-51.8310623169,39.2050590515,45.1300773621,91.9424438477,16.8253898621,5.86679887772,29.380197525,134.582763672,48.2273178101,20.1558799744,17.5848026276,13.0368318558],[-546.430175781,-63.38463974,45.8874092102,17.7648963928,52.6800842285,21.2691135406,19.7209663391,9.57124233246,48.2273178101,116.056045532,45.6943855286,25.3908786774,20.341802597],[-671.951782227,-91.7543487549,7.7617354393,-18.9700145721,-1.19417834282,41.2783851624,19.3521404266,15.063662529,20.1558799744,45.6943855286,145.123153687,73.2747573853,56.5503196716],[-599.433776855,-86.4489212036,34.3413276672,1.97424995899,20.3468875885,22.8915328979,15.915058136,6.78455018997,17.5848026276,25.3908786774,73.2747573853,132.639251709,68.2585754395],[-611.735351562,-67.7241668701,41.0114707947,1.63882625103,16.2685985565,27.0572471619,14.373415947,19.6857337952,13.0368318558,20.341802597,56.5503196716,68.2585754395,125.476127625]],"icov":[[0.000140241230838,0.000032081225072,0.000168621554621,0.0000686229614075,0.000231602651183,0.0000207365155802,0.000247332733124,-0.0000259890857706,0.000140424352139,0.000161948322784,0.000383175793104,0.00012422882719,0.000305154302623],[0.000032081225072,0.00145694916137,0.000555129547138,-0.00054231157992,0.000435670022853,0.00030269054696,-0.0000389693923353,0.000229470868362,0.000108105909021,0.000174863293068,0.000540053995792,0.000438436400145,0.0000936385913519],[0.000168621554621,0.000555129547138,0.00234693358652,0.000144717239891,-0.000457157322671,-0.000270536605967,0.000699896947481,-0.0000801986534498,0.000396762246964,-0.000283785513602,0.00107957283035,-0.00000416766579292,-0.0000767500314396],[0.0000686229614075,-0.00054231157992,0.000144717239891,0.00582556333393,-0.00236995937303,0.000544390699361,0.000997404335067,-0.0000485701311845,-0.000442960037617,-0.000127757055452,0.000703207973856,-0.000267382245511,-0.000103018224763],[0.000231602651183,0.000435670022853,-0.000457157322671,-0.00236995937303,0.00614102836698,-0.00158470787574,0.000165254386957,0.000582013977692,-0.00228207511827,-0.000537361833267,0.00180938758422,-0.000110422864964,0.000548746844288],[0.0000207365155802,0.00030269054696,-0.000270536605967,0.000544390699361,-0.00158470787574,0.00783053040504,-0.000882281572558,-0.00156421412248,0.000739822280593,0.000233908343944,-0.00188847910613,0.000498474459164,-0.000325671193423],[0.000247332733124,-0.0000389693923353,0.000699896947481,0.000997404335067,0.000165254386957,-0.000882281572558,0.00674100778997,-0.00123508297838,0.000508986762725,-0.000801758142188,0.000891764007974,-0.000328345398884,0.000387220847188],[-0.0000259890857706,0.000229470868362,-0.0000801986534498,-0.0000485701311845,0.000582013977692,-0.00156421412248,-0.00123508297838,0.00990171451122,-0.00244723446667,0.000579284038395,-0.000137587747304,0.000875852885656,-0.00138024473563],[0.000140424352139,0.000108105909021,0.000396762246964,-0.000442960037617,-0.00228207511827,0.000739822280593,0.000508986762725,-0.00244723446667,0.0110624348745,-0.00295450608246,-0.000117543087981,-0.000248953321716,0.000599058635999],[0.000161948322784,0.000174863293068,-0.000283785513602,-0.000127757055452,-0.000537361833267,0.000233908343944,-0.000801758142188,0.000579284038395,-0.00295450608246,0.0121155781671,-0.0030054487288,0.000561774650123,0.000390283385059],[0.000383175793104,0.000540053995792,0.00107957283035,0.000703207973856,0.00180938758422,-0.00188847910613,0.000891764007974,-0.000137587747304,-0.000117543087981,-0.0030054487288,0.0130702964962,-0.00428519817069,-0.00117040611804],[0.00012422882719,0.000438436400145,-0.00000416766579292,-0.000267382245511,-0.000110422864964,0.000498474459164,-0.000328345398884,0.000875852885656,-0.000248953321716,0.000561774650123,-0.00428519817069,0.0129335438833,-0.00451555335894],[0.000305154302623,0.0000936385913519,-0.0000767500314396,-0.000103018224763,0.000548746844288,-0.000325671193423,0.000387220847188,-0.00138024473563,0.000599058635999,0.000390283385059,-0.00117040611804,-0.00451555335894,0.0125640211627]],"mean":[-681.315917969,113.389816284,-26.5536727905,9.25421333313,-16.530714035,-0.0464776828885,-7.78079223633,-2.80047821999,-8.86406803131,-7.15434885025,-5.4093952179,-3.55969691277,-9.90285682678]},"pitch_salience":{"dmean":0.0605549737811,"dmean2":0.0959450677037,"dvar":0.00267093395814,"dvar2":0.00665042875335,"max":0.827948987484,"mean":0.540510296822,"median":0.542499661446,"min":0.0974666252732,"var":0.00835779868066},"silence_rate_20dB":{"dmean":0,"dmean2":0,"dvar":0,"dvar2":0,"max":1,"mean":1,"median":1,"min":1,"var":0},"silence_rate_30dB":{"dmean":0,"dmean2":0,"dvar":0,"dvar2":0,"max":1,"mean":1,"median":1,"min":1,"var":0},"silence_rate_60dB":{"dmean":0.0195469856262,"dmean2":0.0390965528786,"dvar":0.0191651824862,"dvar2":0.0443020686507,"max":1,"mean":0.157752245665,"median":0,"min":0,"var":0.13287974894},"spectral_centroid":{"dmean":220.493362427,"dmean2":334.595672607,"dvar":73882.5703125,"dvar2":148648.96875,"max":11413.4257812,"mean":1474.62268066,"median":1418.39892578,"min":311.74887085,"var":291114.0625},"spectral_complexity":{"dmean":2.39609050751,"dmean2":3.63901734352,"dvar":6.39822530746,"dvar2":12.9757289886,"max":55,"mean":16.6743927002,"median":17,"min":0,"var":86.4442749023},"spectral_contrast_coeffs":{"dmean":[0.0525047630072,0.0465420261025,0.0371394716203,0.0304874293506,0.0223211832345,0.018369494006],"dmean2":[0.0860131233931,0.0753473564982,0.0590791255236,0.0483207143843,0.0344230756164,0.0273349229246],"dvar":[0.00175483128987,0.00146633211989,0.000957988842856,0.000599899503868,0.0003431281948,0.000270670454483],"dvar2":[0.00476032262668,0.0037910817191,0.00238631200045,0.00150039780419,0.000787248311099,0.000570645730477],"max":[-0.229846417904,-0.37279689312,-0.452082902193,-0.521105706692,-0.587561666965,-0.590843617916],"mean":[-0.5777785182,-0.708332061768,-0.703437030315,-0.723693013191,-0.765075325966,-0.735593676567],"median":[-0.563862204552,-0.711372196674,-0.703962445259,-0.723079204559,-0.765564918518,-0.729035258293],"min":[-0.972840368748,-0.981756687164,-0.981225371361,-0.978941380978,-0.968019545078,-0.958538174629],"var":[0.0110931554809,0.00694145448506,0.00612765923142,0.00387505162507,0.00243584113196,0.0023696788121]},"spectral_contrast_valleys":{"dmean":[0.449432343245,0.357442110777,0.29642650485,0.258957982063,0.246761605144,0.310449928045],"dmean2":[0.744218349457,0.569499611855,0.467875152826,0.398870438337,0.346655875444,0.38868945837],"dvar":[0.153257787228,0.10601297766,0.0811108127236,0.0670771002769,0.0747551545501,0.121173076332],"dvar2":[0.382248103619,0.233567088842,0.165118709207,0.126986667514,0.126301288605,0.187346175313],"max":[-6.50248908997,-5.04057455063,-5.33174705505,-5.80617237091,-5.46330022812,-7.15958595276],"mean":[-8.8245639801,-7.2439289093,-7.86558866501,-8.14668464661,-8.07235908508,-10.940079689],"median":[-8.60815429688,-6.90492725372,-7.48181438446,-7.81139039993,-7.73107814789,-10.7683696747],"min":[-27.2089500427,-27.4467525482,-27.6784744263,-27.3688411713,-27.3177032471,-27.3983898163],"var":[1.15401875973,1.81895971298,2.2724635601,1.9278819561,1.79657101631,1.51421976089]},"spectral_decrease":{"dmean":1.09554754157e-9,"dmean2":1.61614388539e-9,"dvar":1.79455427686e-18,"dvar2":4.10989360917e-18,"max":3.99450659844e-29,"mean":-4.48862413904e-9,"median":-3.84242060392e-9,"min":-2.45017730549e-8,"var":1.34045958297e-17},"spectral_energy":{"dmean":0.00452675390989,"dmean2":0.00664813164622,"dvar":0.0000304559962387,"dvar2":0.0000689305743435,"max":0.101909331977,"mean":0.0188646223396,"median":0.0161960721016,"min":1.03505893609e-20,"var":0.000236015228438},"spectral_energyband_high":{"dmean":0.000360759499017,"dmean2":0.000507726857904,"dvar":0.00000121977780054,"dvar2":0.00000266272581939,"max":0.0336903519928,"mean":0.000699902477209,"median":0.000279739266261,"min":7.68262896278e-21,"var":0.00000249846448241},"spectral_energyband_low":{"dmean":0.000247422925895,"dmean2":0.000389571709093,"dvar":2.11060665833e-7,"dvar2":5.15138538049e-7,"max":0.0125345736742,"mean":0.000583203334827,"median":0.000312351534376,"min":3.70379850659e-23,"var":6.57223893086e-7},"spectral_energyband_middle_high":{"dmean":0.00243086833507,"dmean2":0.00360871828161,"dvar":0.0000149798052007,"dvar2":0.0000355616029992,"max":0.0907497555017,"mean":0.0089896377176,"median":0.00482349609956,"min":1.38390456778e-21,"var":0.000114226051664},"spectral_energyband_middle_low":{"dmean":0.0031264256686,"dmean2":0.00468641193584,"dvar":0.0000181915438588,"dvar2":0.0000438376773673,"max":0.0856727361679,"mean":0.0088610779494,"median":0.00649499567226,"min":1.74230785644e-22,"var":0.0000750287144911},"spectral_entropy":{"dmean":0.156256407499,"dmean2":0.221455171704,"dvar":0.0245133507997,"dvar2":0.0474237054586,"max":9.80514812469,"mean":7.41776895523,"median":7.39983940125,"min":5.93071126938,"var":0.139282256365},"spectral_flux":{"dmean":0.016324846074,"dmean2":0.0258314684033,"dvar":0.000299220206216,"dvar2":0.000730676518288,"max":0.280275225639,"mean":0.0637095198035,"median":0.0606611967087,"min":6.89525728181e-11,"var":0.00158149853814},"spectral_kurtosis":{"dmean":1.54202222824,"dmean2":2.57533740997,"dvar":2.4516954422,"dvar2":6.72897338867,"max":20.7480754852,"mean":4.45373344421,"median":4.12397813797,"min":-1.20854246616,"var":5.03547239304},"spectral_rms":{"dmean":0.000488653895445,"dmean2":0.000702254532371,"dvar":2.59039609318e-7,"dvar2":5.36017239483e-7,"max":0.00997114554048,"mean":0.00380378356203,"median":0.00397505331784,"min":3.17775645207e-12,"var":0.00000393575737689},"spectral_rolloff":{"dmean":446.477020264,"dmean2":745.778503418,"dvar":947369.6875,"dvar2":2189432.5,"max":18389.3554688,"mean":1794.25732422,"median":1442.72460938,"min":21.533203125,"var":1799862.375},"spectral_skewness":{"dmean":0.200128093362,"dmean2":0.32183355093,"dvar":0.0349802114069,"dvar2":0.0838674157858,"max":3.34429788589,"mean":1.48310959339,"median":1.46497321129,"min":-0.0548553690314,"var":0.116945721209},"spectral_spread":{"dmean":434945.53125,"dmean2":593209.8125,"dvar":449481080832,"dvar2":744743698432,"max":41049528,"mean":3993719.5,"median":3567938.75,"min":1972286.875,"var":2525253074940},"spectral_strongpeak":{"dmean":0.766671836376,"dmean2":1.28272771835,"dvar":1.43036580086,"dvar2":3.74011230469,"max":27.3373947144,"mean":1.72334253788,"median":1.09270858765,"min":0,"var":3.37413668633},"zerocrossingrate":{"dmean":0.00931771378964,"dmean2":0.0108304470778,"dvar":0.000182208081242,"dvar2":0.000216350192204,"max":0.50732421875,"mean":0.0683140456676,"median":0.06201171875,"min":0,"var":0.0011526029557}},"metadata":{"audio_properties":{"analysis_sample_rate":44100,"bit_rate":0,"codec":"flac","downmix":"mix","equal_loudness":0,"length":351.600006104,"lossless":true,"md5_encoded":"1161a059e29ce1fc7179869f9e5378ab","replay_gain":-5.12454795837},"tags":{"album":["[Led Zeppelin IV]"],"albumartist":["Led Zeppelin"],"albumartistsort":["Led Zeppelin"],"albumsort":["[Led Zeppelin IV] (1990-10-29, Led Zeppelin, 3a4f0cbb-a599-48ea-af19-f2f6d397a3d9)"],"artist":["Led Zeppelin"],"artists":["Led Zeppelin"],"artistsort":["Led Zeppelin"],"asin":["B000065LZE"],"barcode":["075678008429"],"catalognumber":["CD 19129"],"date":["1990-10-29"],"discnumber":["1"],"disctotal":["1"],"file_name":"03 - Led Zeppelin - The Battle of Evermore.flac","genre":["Hard Rock, Rock"],"isrc":["USAT29900610"],"label":["Atlantic"],"language":["eng"],"media":["CD"],"musicbrainz_albumartistid":["678d88b2-87b0-403b-b63d-5da7465aecc3"],"musicbrainz_albumid":["3a4f0cbb-a599-48ea-af19-f2f6d397a3d9"],"musicbrainz_artistid":["678d88b2-87b0-403b-b63d-5da7465aecc3"],"musicbrainz_recordingid":["f5e3a2d9-29c9-4684-bf38-178c4ce76e3c"],"musicbrainz_releasegroupid":["2e61da88-39e9-3473-81d2-c964cb394952"],"musicbrainz_releasetrackid":["8f4a76ec-3518-368d-8fbb-5b69b0aaf61f"],"musicbrainz_workid":["8022b399-665c-358e-b3dd-d52186ef1104"],"musicip_puid":["32f393e8-2f1f-a94d-4f9c-75d752ede69b"],"originaldate":["1971-11-08"],"performer":["Sandy Denny (additional guest lead vocals)"],"producer":["Jimmy Page"],"releasecountry":["CA"],"releasestatus":["official"],"releasetype":["album"],"replaygain_album_gain":["-1.07 dB"],"replaygain_album_peak":["0.84826660"],"replaygain_track_gain":["-0.16 dB"],"replaygain_track_peak":["0.63278198"],"script":["Latn"],"title":["The Battle of Evermore"],"totaldiscs":["1"],"totaltracks":["8"],"tracknumber":["3"],"tracktotal":["8"],"work":["The Battle of Evermore"],"writer":["Jimmy Page","Robert Plant"]},"version":