{"lowlevel":{"average_loudness":0.968648195267,"barkbands":{"dmean":[0.000271042226814,0.00643481593579,0.00498499255627,0.00194645731244,0.00362001149915,0.000636472715996,0.000774629064836,0.00111006281804,0.00082905497402,0.00091322750086,0.000400748307584,0.000537751417141,0.000422417680966,0.000602168554906,0.000482221745187,0.00047836790327,0.000357315584552,0.000183676340384,0.000226379663218,0.000244208727963,0.000295334059047,0.00024232515716,0.000172393469256,0.000110349981696,0.0000741161275073,0.0000472040483146,0.00000976739102043],"dmean2":[0.000446206890047,0.0107593340799,0.0091694733128,0.00346156815067,0.00647069746628,0.00100847217254,0.00126362231094,0.00185796280857,0.00135073089041,0.00143803399988,0.000631134957075,0.000835384998936,0.000685722683556,0.000979001400992,0.000793122104369,0.00078472745372,0.000586877518799,0.000305841618683,0.000379337259801,0.000406084378483,0.00047398681636,0.000365050858818,0.00024603237398,0.000158481969265,0.000101669742435,0.000064950902015,0.0000135953605422],"dvar":[2.46810515137e-7,0.000147001759615,0.000137986819027,0.0000138925342981,0.0000602078871452,0.00000112380223527,0.00000160942045113,0.00000463122660221,0.00000252157678915,0.00000340956307809,6.73121064665e-7,0.00000132074478643,6.21953574864e-7,9.95016421257e-7,5.81485210205e-7,6.59439422179e-7,2.9644243682e-7,4.57328681591e-8,7.95645789253e-8,1.4084324107e-7,1.52438417445e-7,1.49577942921e-7,1.65314219203e-7,8.3142147389e-8,1.5020171773e-8,6.12382189402e-9,2.71225736315e-10],"dvar2":[6.24246581538e-7,0.000377851683879,0.000394325354137,0.0000391875910282,0.000169413047843,0.00000254929659604,0.00000393739901483,0.0000117331574074,0.00000590530407862,0.00000751529614718,0.00000142074577525,0.00000290327511721,0.00000142869282627,0.00000238088500737,0.00000147737830503,0.00000156988608069,7.11644759122e-7,1.17594545657e-7,2.07182580425e-7,3.69319224092e-7,3.65571196426e-7,3.04164331055e-7,3.07794920218e-7,1.66978338711e-7,2.91548030162e-8,1.18699938767e-8,5.60384072479e-10],"max":[0.00471341982484,0.110221371055,0.0922867059708,0.0327572263777,0.0748043432832,0.0179358795285,0.0238664187491,0.0293079949915,0.0275421272963,0.041495770216,0.0186533816159,0.021973496303,0.016755245626,0.0307437013835,0.0146749382839,0.0139078516513,0.011982396245,0.00353675312363,0.00692975940183,0.00985862780362,0.00523660611361,0.00644492637366,0.00854409765452,0.00731341494247,0.00292344484478,0.00135944318026,0.000355400523404],"mean":[0.000258659565588,0.00879445113242,0.00553516997024,0.00253638299182,0.00376901659183,0.00107999483589,0.00123385142069,0.00130259850994,0.00122488022316,0.00138557993341,0.000588558905292,0.000792217149865,0.000651553214993,0.00101514847483,0.00085394945927,0.000868902774528,0.000730894214939,0.000396173738409,0.000537098210771,0.000514717423357,0.000688150932547,0.0005641989992,0.000367010943592,0.000242681111558,0.000179616952664,0.000103333157313,0.0000224311570491],"median":[0.0000731389955035,0.00602878490463,0.00333560304716,0.00169851526152,0.00193020282313,0.000613138836343,0.00069697026629,0.000468346028356,0.000514886633027,0.00049745925935,0.00030544702895,0.000307961658109,0.000360004196409,0.000666618638206,0.000603669439442,0.000620618113317,0.000600605737418,0.000349464738974,0.000491881452035,0.000367768749129,0.000530635938048,0.000367408472812,0.000207980949199,0.000123774065287,0.000110084693006,0.0000540681321581,0.000012627149772],"min":[4.30651395504e-25,2.36668645087e-24,1.94705504778e-24,1.40251491592e-24,9.31528135424e-24,1.0801380126e-23,7.38777072982e-24,8.11897379147e-24,1.61657273671e-23,2.12636321043e-23,1.80309085137e-23,2.42080822543e-23,2.9897373924e-23,2.76020127263e-23,5.40783903606e-23,6.52398255364e-23,5.60975524227e-23,9.21865251978e-23,1.28348552804e-22,1.69537580751e-22,2.89276379417e-22,3.41773343477e-22,3.5763199727e-22,5.87072608072e-22,9.60303275824e-22,1.24608246445e-21,2.12083757426e-21],"var":[2.29598370538e-7,0.000129895473947,0.0000866979680723,0.0000105715234895,0.0000414620662923,0.0000024055002541,0.00000273873138212,0.00000604826027484,0.00000511866846864,0.00000757041016186,0.00000113273529223,0.00000243072076955,0.00000104002776879,0.00000161115826813,9.06870752715e-7,0.00000117449712889,5.32813032805e-7,9.6613987921e-8,1.75543590331e-7,3.32395927671e-7,4.25989696851e-7,4.23944214845e-7,3.87485187048e-7,1.89354182112e-7,4.47207781917e-8,1.65811240294e-8,6.82300271837e-10]},"barkbands_crest":{"dmean":2.48720288277,"dmean2":4.15449333191,"dvar":6.01748943329,"dvar2":15.6911773682,"max":25.9043827057,"mean":8.41271591187,"median":7.51441192627,"min":1.96561574936,"var":13.5697460175},"barkbands_flatness_db":{"dmean":0.0192532073706,"dmean2":0.0300701092929,"dvar":0.000469579565106,"dvar2":0.0011175533291,"max":0.509510219097,"mean":0.0940307304263,"median":0.0747852623463,"min":0.015466847457,"var":0.0046862042509},"barkbands_kurtosis":{"dmean":2.16504979134,"dmean2":3.58218121529,"dvar":53.5975952148,"dvar2":147.916381836,"max":458.363891602,"mean":2.30088758469,"median":-0.0140190124512,"min":-1.93336951733,"var":274.977478027},"barkbands_skewness":{"dmean":0.540136814117,"dmean2":0.857708394527,"dvar":0.434180915356,"dvar2":1.08604633808,"max":20.3824443817,"mean":1.17075908184,"median":0.968003153801,"min":-2.08494615555,"var":1.21190941334},"barkbands_spread":{"dmean":7.78236532211,"dmean2":11.8596420288,"dvar":75.1145095825,"dvar2":162.553604126,"max":126.487617493,"mean":35.7284507751,"median":34.5672874451,"min":0.343429356813,"var":267.165985107},"dissonance":{"dmean":0.0126914624125,"dmean2":0.0215607658029,"dvar":0.000210294834687,"dvar2":0.000548769661691,"max":0.500000059605,"mean":0.477483928204,"median":0.484235733747,"min":0.210171699524,"var":0.000562520406675},"dynamic_complexity":1.99459171295,"erbbands":{"dmean":[0.131848663092,1.67314875126,5.15918922424,6.8905005455,6.3672246933,16.517868042,8.18348693848,6.12467956543,9.19000911713,16.4737033844,22.5339279175,18.5383739471,29.494594574,20.400686264,17.2745132446,18.0780105591,17.8813095093,25.7422504425,28.1496620178,20.6359443665,25.8820590973,19.2109909058,10.3232192993,10.409201622,11.2689275742,11.2193136215,10.2614526749,13.137714386,8.92761707306,7.04942703247,4.73696804047,2.97441720963,1.53627729416,1.03826498985,0.433620452881,0.29822781682,0.06563449651,0.0134088303894,0.00174862612039,0.0000719818781363],"dmean2":[0.220448538661,2.81568312645,9.32082557678,12.5005426407,11.1015558243,29.8682498932,14.2389631271,9.72522258759,14.683175087,27.4882202148,37.7248458862,30.1125354767,46.6778678894,31.4984416962,26.6170845032,27.9542713165,28.3258266449,41.3487701416,45.8830375671,33.2192840576,41.7398033142,31.3982753754,17.0332889557,17.4339065552,18.680267334,18.670211792,16.8115444183,20.8963565826,13.4485807419,10.3738565445,6.79464387894,4.31417942047,2.20923566818,1.48713612556,0.585680663586,0.415147662163,0.0901117101312,0.0185494460166,0.00245113158599,0.0000980109107331],"dvar":[0.0604216977954,10.2361974716,141.055023193,228.218673706,101.691650391,1399.98083496,252.223022461,125.597259521,243.243423462,875.719238281,2014.74743652,1414.12145996,3289.28588867,1955.65197754,1250.17932129,1545.35168457,1032.38244629,2346.93164062,1715.06738281,1553.8717041,1511.0300293,762.075927734,146.978729248,167.185791016,208.319198608,318.198059082,210.047607422,329.140838623,209.06880188,162.470321655,147.912185669,66.3390045166,14.678021431,3.28532958031,0.493895053864,0.249497130513,0.0120147643611,0.000501203991007,0.0000087872858785,1.39542351008e-8],"dvar2":[0.153950050473,26.5254898071,398.277526855,649.822692871,282.472320557,3953.02294922,689.227111816,285.087646484,588.790893555,2239.90991211,5025.52246094,3245.30078125,7707.31884766,3972.84619141,2691.88378906,3388.7409668,2341.59155273,5595.38964844,4237.2890625,3844.6315918,3461.25024414,1933.90380859,371.559783936,451.859680176,524.136108398,850.146362305,518.076538086,782.090332031,439.466400146,327.814819336,283.827636719,133.507385254,30.5005550385,6.82332754135,0.938202321529,0.495247483253,0.0231103487313,0.000983939738944,0.0000185658682312,2.95784037263e-8],"max":[2.32365822792,29.8373279572,90.013671875,120.129432678,95.1342544556,368.662200928,157.277755737,223.371505737,285.927703857,454.307403564,744.128112793,870.36138916,876.15045166,1382.86242676,563.565673828,707.625671387,896.089294434,1786.82202148,790.119567871,787.707397461,872.545837402,857.918334961,196.034820557,283.466094971,366.551116943,437.638214111,259.527496338,296.809448242,244.40246582,266.239624023,292.99331665,160.582794189,107.614341736,44.5914001465,18.5679740906,10.1822929382,1.97234272957,0.53937202692,0.0639727041125,0.00233112392016],"mean":[0.170389816165,2.26380991936,6.41291666031,8.16590118408,8.58942604065,14.9948225021,9.44305706024,10.5974912643,15.7795715332,22.6209201813,27.5707263947,27.1933937073,43.2172012329,35.0464172363,28.5252571106,28.4106426239,30.0803279877,45.3560600281,53.3688774109,38.8825416565,50.2655677795,42.6451301575,24.836057663,24.7558231354,26.64868927,23.8640727997,23.15675354,30.1771850586,20.602399826,15.2825403214,9.81383132935,6.06442785263,3.43005275726,2.42209982872,1.04292118549,0.636023521423,0.142526701093,0.0303712692112,0.00398062216118,0.000200853537535],"median":[0.100393727422,1.55577647686,4.04344749451,5.44988679886,6.09078073502,6.0429186821,4.62219762802,5.89010620117,9.06738758087,11.3616418839,11.3119754791,12.2347507477,16.203836441,16.8107891083,13.9049892426,12.7544317245,17.6321487427,28.6270637512,39.7279205322,27.4946117401,37.6099700928,36.1519813538,22.3710193634,23.0072402954,23.1333637238,17.0829582214,17.0589771271,22.7724914551,13.5498456955,9.75195217133,5.32820463181,2.76620602608,2.00204205513,1.57859921455,0.60924333334,0.322452396154,0.0759576112032,0.0166959352791,0.00226133316755,0.00014396206825],"min":[1.30201050645e-22,8.39075271852e-22,3.44297491376e-21,1.14234216127e-20,1.40531232919e-20,2.37576062383e-20,6.44230491535e-20,9.35258480426e-20,1.1342442731e-19,1.44235302465e-19,1.88520057995e-19,4.27076219544e-19,7.45520670398e-19,7.60301870956e-19,9.21416026465e-19,1.2505215171e-18,1.49232016202e-18,1.50876616696e-18,2.98602605837e-18,3.5310499873e-18,3.17136187167e-18,4.16331665545e-18,5.38662372359e-18,6.99083753765e-18,6.91286542516e-18,8.69996142803e-18,1.02839543984e-17,9.6994214283e-18,1.29853145208e-17,1.47285596114e-17,1.07250782386e-17,1.06391556796e-17,1.01187349972e-17,9.0209844335e-18,7.07244552253e-18,3.93994273488e-18,2.1505643339e-18,9.18792209562e-19,2.6964304361e-19,2.9188793361e-20],"var":[0.0568053387105,8.80508041382,94.5620956421,148.37272644,88.7495269775,927.011901855,216.431655884,268.19833374,465.543518066,1128.86669922,2631.65820312,2580.60375977,6009.15917969,4797.08251953,2354.18066406,2770.25097656,1908.76257324,4115.2265625,2984.37255859,2290.75415039,3263.70043945,1434.92089844,341.078308105,341.927337646,485.584564209,738.56427002,546.898010254,881.345703125,564.664855957,393.99005127,322.855895996,148.090698242,30.2097663879,8.55265331268,1.53123795986,0.66092479229,0.0314521305263,0.0013153537875,0.0000215277777897,3.47724053995e-8]},"erbbands_crest":{"dmean":2.32081532478,"dmean2":3.73248314857,"dvar":5.57734107971,"dvar2":13.6040067673,"max":33.1355552673,"mean":7.43937587738,"median":6.19648647308,"min":2.35178351402,"var":15.494433403},"erbbands_flatness_db":{"dmean":0.0134690776467,"dmean2":0.0195113625377,"dvar":0.000186463308637,"dvar2":0.00034757173853,"max":0.415593773127,"mean":0.12126147002,"median":0.111995831132,"min":0.0376507900655,"var":0.00191825442016},"erbbands_kurtosis":{"dmean":0.744214475155,"dmean2":1.17208456993,"dvar":1.20258629322,"dvar2":2.68582248688,"max":46.2521743774,"mean":0.286563903093,"median":-0.132179260254,"min":-1.68197202682,"var":5.2832326889},"erbbands_skewness":{"dmean":0.309321343899,"dmean2":0.47457882762,"dvar":0.0903169587255,"dvar2":0.207264110446,"max":6.19340658188,"mean":-0.13754799962,"median":-0.220260307193,"min":-2.9871931076,"var":0.49395647645},"erbbands_spread":{"dmean":9.30788040161,"dmean2":14.8593893051,"dvar":101.282669067,"dvar2":253.91645813,"max":148.883087158,"mean":41.8977928162,"median":40.7340888977,"min":2.34102654457,"var":226.066864014},"gfcc":{"cov":[[25263.0488281,-793.906982422,-1974.58691406,384.967346191,-1365.99377441,509.059631348,-629.828979492,190.803039551,-563.202819824,110.542503357,-644.114990234,118.269355774,-358.098327637],[-793.906982422,1856.44506836,-76.6718673706,-6.64187383652,285.225280762,-248.578094482,113.025047302,-94.4418563843,145.820510864,-42.7338943481,181.423629761,-86.8621673584,83.2125854492],[-1974.58691406,-76.6718673706,639.705444336,17.0659713745,204.268661499,-17.5739078522,31.180557251,5.72533464432,42.7663764954,29.8433628082,4.55790042877,-0.463156223297,-5.87013292313],[384.967346191,-6.64187383652,17.0659713745,297.377349854,-6.39429473877,33.3885688782,-33.0976371765,-4.3403840065,20.3264102936,3.30222439766,13.3344717026,-34.9304847717,1.83236169815],[-1365.99377441,285.225280762,204.268661499,-6.39429473877,341.275817871,-44.993888855,57.7040367126,14.2147703171,49.3174629211,25.0028152466,30.7671432495,-10.8426532745,15.9589090347],[509.059631348,-248.578094482,-17.5739078522,33.3885688782,-44.993888855,180.487960815,40.8575782776,34.0706253052,-25.664024353,-2.23523521423,-30.0001544952,6.86753368378,-18.0174503326],[-629.828979492,113.025047302,31.180557251,-33.0976371765,57.7040367126,40.8575782776,134.718780518,31.9980926514,9.85400485992,-13.5137138367,25.3793392181,-4.01034402847,10.0106544495],[190.803039551,-94.4418563843,5.72533464432,-4.3403840065,14.2147703171,34.0706253052,31.9980926514,91.176940918,13.9023599625,8.75572776794,-22.3671360016,2.77420639992,-7.05034208298],[-563.202819824,145.820510864,42.7663764954,20.3264102936,49.3174629211,-25.664024353,9.85400485992,13.9023599625,92.6249694824,24.0592498779,34.0777587891,-12.8246135712,14.8532590866],[110.542503357,-42.7338943481,29.8433628082,3.30222439766,25.0028152466,-2.23523521423,-13.5137138367,8.75572776794,24.0592498779,62.9766921997,17.1357975006,6.25720739365,-10.5385742188],[-644.114990234,181.423629761,4.55790042877,13.3344717026,30.7671432495,-30.0001544952,25.3793392181,-22.3671360016,34.0777587891,17.1357975006,100.059394836,7.53913259506,20.7735671997],[118.269355774,-86.8621673584,-0.463156223297,-34.9304847717,-10.8426532745,6.86753368378,-4.01034402847,2.77420639992,-12.8246135712,6.25720739365,7.53913259506,57.5371398926,14.753824234],[-358.098327637,83.2125854492,-5.87013292313,1.83236169815,15.9589090347,-18.0174503326,10.0106544495,-7.05034208298,14.8532590866,-10.5385742188,20.7735671997,14.753824234,56.3315696716]],"icov":[[0.000195872955373,-0.000450031831861,0.000327183224726,-0.000394207396312,0.000574887963012,-0.000487547542434,0.000652217364404,-0.000683454331011,0.00103713164572,-0.00131124071777,0.00127372296993,-0.00105249113403,0.00072377664037],[-0.000450031831861,0.00229441048577,-0.000229611192481,0.000941217876971,-0.00218119868077,0.00228566234,-0.00242712092586,0.00260889320634,-0.00357820210047,0.00422034785151,-0.0039942022413,0.00375281693414,-0.00197473820299],[0.000327183224726,-0.000229611192481,0.0027875052765,-0.000916422111914,-0.000561720167752,-0.000258994026808,0.000298446888337,-0.000139249241329,0.000535428349394,-0.00206182640977,0.00244646030478,-0.00205285381526,0.00185376231093],[-0.000394207396312,0.000941217876971,-0.000916422111914,0.00518765952438,-0.00124787248205,-0.000915895856451,0.00120605120901,0.000768701138441,-0.00234260642901,0.00318150524981,-0.0045075090602,0.00574725214392,-0.00284823565744],[0.000574887963012,-0.00218119868077,-0.000561720167752,-0.00124787248205,0.00668387021869,-0.000930622802116,0.000505665200762,-0.00291369203478,0.00331019680016,-0.00633448408917,0.00466825673357,-0.0032014879398,0.00127199885901],[-0.000487547542434,0.00228566234,-0.000258994026808,-0.000915895856451,-0.000930622802116,0.0106343738735,-0.00684569776058,0.00166517216712,-0.00236286758445,0.00274006207474,-0.00130535953213,0.0012637777254,-0.0000968885069597],[0.000652217364404,-0.00242712092586,0.000298446888337,0.00120605120901,0.000505665200762,-0.00684569776058,0.0163778401911,-0.00818293262273,0.00507947197184,-0.0000729842067813,-0.00161411962472,-0.000695880677085,0.00088035443332],[-0.000683454331011,0.00260889320634,-0.000139249241329,0.000768701138441,-0.00291369203478,0.00166517216712,-0.00818293262273,0.0192124899477,-0.00922213867307,0.0026702512987,0.00131551071536,0.00127956119832,-0.000910266535357],[0.00103713164572,-0.00357820210047,0.000535428349394,-0.00234260642901,0.00331019680016,-0.00236286758445,0.00507947197184,-0.00922213867307,0.0241332277656,-0.0136379264295,0.00285382661968,-0.000344240368577,-0.00161672430113],[-0.00131124071777,0.00422034785151,-0.00206182640977,0.00318150524981,-0.00633448408917,0.00274006207474,-0.0000729842067813,0.0026702512987,-0.0136379264295,0.0333544053137,-0.014908679761,0.00399326300249,0.00241802679375],[0.00127372296993,-0.0039942022413,0.00244646030478,-0.0045075090602,0.00466825673357,-0.00130535953213,-0.00161411962472,0.00131551071536,0.00285382661968,-0.014908679761,0.0267030820251,-0.0125158922747,0.00299928127788],[-0.00105249113403,0.00375281693414,-0.00205285381526,0.00574725214392,-0.0032014879398,0.0012637777254,-0.000695880677085,0.00127956119832,-0.000344240368577,0.00399326300249,-0.0125158922747,0.0325659438968,-0.0141161466017],[0.00072377664037,-0.00197473820299,0.00185376231093,-0.00284823565744,0.00127199885901,-0.0000968885069597,0.00088035443332,-0.000910266535357,-0.00161672430113,0.00241802679375,0.00299928127788,-0.0141161466017,0.028364000842]],"mean":[38.1647415161,66.1534729004,-106.998054504,39.0650405884,-44.7078666687,16.4964942932,-29.9440593719,7.55175733566,-17.7740116119,5.84339570999,-22.2336864471,-0.84575855732,-11.4878168106]},"hfc":{"dmean":8.32059192657,"dmean2":12.2411603928,"dvar":110.977302551,"dvar2":228.779525757,"max":160.568786621,"mean":35.4158859253,"median":33.2599983215,"min":1.08956534688e-16,"var":475.077545166},"melbands":{"dmean":[0.00152224523481,0.00253861467354,0.0011000247905,0.000822367961518,0.000405087834224,0.000131058637635,0.000142711840454,0.000201330767595,0.000167140911799,0.000122340410599,0.000151019892655,0.0000898485814105,0.0000555920523766,0.0000671144880471,0.0000410477005062,0.0000431305270467,0.000051732367865,0.0000519642562722,0.0000357153949153,0.0000292480617645,0.0000332619310939,0.0000218962140934,0.000016024128854,0.00000813084261608,0.00000943448594626,0.00000979528977041,0.00000974458725977,0.00000725793097445,0.0000065292324507,0.00000797511711426,0.00000796395761427,0.00000560314992981,0.00000482157702208,0.00000390817376683,0.00000308013545691,0.00000226380802815,0.0000017315852574,0.00000117932643207,9.99295821202e-7,9.23179584333e-7],"dmean2":[0.0025241705589,0.0044461786747,0.00198422838002,0.00146606960334,0.000716469890904,0.000207455261261,0.000228783552302,0.000336540513672,0.000278020306723,0.000198249632376,0.000238271211856,0.000138633637107,0.000086535445007,0.000103504440631,0.0000671717643854,0.0000688018990331,0.0000834702441352,0.0000852744997246,0.00005907274317,0.0000478249203297,0.0000538711610716,0.0000359424739145,0.0000269411739282,0.0000135620730362,0.0000159531828103,0.0000165129022207,0.0000162349533639,0.0000121167104226,0.0000108124277176,0.0000130928283397,0.0000125970846057,0.00000854728205013,0.000007455931609,0.00000581108179176,0.00000455162626167,0.00000331823412125,0.00000255481199929,0.00000175423747351,0.00000145260344198,0.00000136143592044],"dvar":[0.00000805979379948,0.0000304867517116,0.00000529854560227,0.00000294314963867,7.20323953374e-7,5.3169539882e-8,5.5014357514e-8,1.29937262727e-7,1.04196452355e-7,6.01729368555e-8,8.51176622518e-8,3.99688602215e-8,1.28676411748e-8,2.28526264578e-8,7.41098160617e-9,6.3861693711e-9,9.52163770052e-9,6.22650464521e-9,3.89805476786e-9,4.30309343713e-9,2.77712719488e-9,1.15426734837e-9,3.80142722856e-10,9.56118170747e-11,1.41758979555e-10,1.59683086198e-10,2.51875548196e-10,1.22469895336e-10,8.47775738499e-11,1.21548091037e-10,1.33985600392e-10,8.52076187385e-11,5.85111264995e-11,5.94806703891e-11,5.81551334866e-11,4.13527510845e-11,2.52844255949e-11,1.04982472368e-11,4.06445233372e-12,2.29290024467e-12],"dvar2":[0.0000203751351364,0.0000840719876578,0.0000150406513058,0.00000826856648928,0.00000201029502023,1.20576515883e-7,1.32301522626e-7,3.32260668756e-7,2.56112258512e-7,1.37468603612e-7,1.97841373506e-7,8.09624296494e-8,2.69151279042e-8,5.09377393598e-8,1.65469060676e-8,1.46363419162e-8,2.27049685719e-8,1.54626995652e-8,9.93688331619e-9,1.07677085026e-8,6.17019813021e-9,2.90001200831e-9,9.9727859304e-10,2.49590709211e-10,3.86708109978e-10,4.14528550374e-10,6.5723188003e-10,3.29056809578e-10,2.10608017137e-10,3.07443931424e-10,3.22774973416e-10,1.86201956631e-10,1.26402582845e-10,1.24932106327e-10,1.13949169545e-10,8.28299928646e-11,5.34454945578e-11,2.25801773113e-11,8.60363343069e-12,4.96234433753e-12],"max":[0.0243942886591,0.0405132137239,0.0172237418592,0.0179668422788,0.00788330566138,0.00433576991782,0.00380269926973,0.00440686848015,0.00522164115682,0.00522181298584,0.00445283157751,0.00612491322681,0.00197657430544,0.00331813981757,0.00190417259,0.00162012700457,0.00339136878029,0.00171549268998,0.00154632213525,0.00139854860026,0.00129613757599,0.00100109050982,0.000305541820126,0.000185585027793,0.000250292214332,0.000316464080242,0.000581514672376,0.000308675429551,0.00019477828755,0.000173025400727,0.000194541309611,0.000151870088303,0.000128810323076,0.000170283950865,0.000174238171894,0.00012780004181,0.000129621417727,0.000115693146654,0.0000581401327509,0.0000322407868225],"mean":[0.00204384862445,0.00337383733131,0.00141387956683,0.000863134686369,0.000422429176979,0.000230530742556,0.000244637922151,0.000266890565399,0.000207603894523,0.000176124201971,0.000218996938202,0.000148528444697,0.0000876846097526,0.0000979843025561,0.0000607024085184,0.0000695326452842,0.0000843354719109,0.0000894876138773,0.0000610306087765,0.0000487893921672,0.0000599817431066,0.0000436005975644,0.0000328953537974,0.0000166705631273,0.000020156170649,0.0000212294453377,0.0000186974302778,0.0000145903932207,0.0000134598676595,0.0000166785503097,0.0000172629588633,0.0000119449205158,0.00000966451807471,0.00000800495854492,0.0000059577760112,0.0000044272883315,0.00000331329988512,0.00000238909183281,0.0000021854109491,0.00000201928742172],"median":[0.00130933662876,0.00219110306352,0.000994158792309,0.000469287246233,0.00019069040718,0.000129665553686,0.000143849814776,0.000127505103592,0.0000896142737474,0.0000724765923223,0.0000778703761171,0.0000640363068669,0.0000449745421065,0.0000351039852831,0.0000323394378938,0.0000391494213545,0.0000507758450112,0.000063745850639,0.0000422203083872,0.0000322999694617,0.0000435389883933,0.0000351012786268,0.00002782320189,0.000014622866729,0.0000182363692147,0.0000185904082173,0.0000133292023747,0.0000103250349639,0.00000958278269536,0.0000125201131596,0.0000122965457194,0.00000739014603823,0.00000631691000308,0.0000048449710448,0.0000032476218621,0.00000201140960598,0.00000146512445554,0.0000013192809547,0.00000136952019147,0.00000129318539166],"min":[9.23118621795e-25,2.59208945226e-24,2.17855673283e-24,1.89861583276e-24,2.75067021573e-24,2.06958289573e-24,1.96219427463e-24,1.33250992008e-24,1.61718181621e-24,2.38840714425e-24,3.29125923914e-24,2.6266441237e-24,3.4507284572e-24,2.98696383634e-24,2.9493913775e-24,2.79641547076e-24,2.62821139311e-24,4.17639647632e-24,4.11978426789e-24,4.37683341056e-24,2.66187445452e-24,3.69596914099e-24,5.0482277994e-24,3.87516954523e-24,4.50161187868e-24,4.14962293163e-24,6.25890130811e-24,5.31281371916e-24,5.31885205496e-24,5.16387244152e-24,6.03866238743e-24,6.52794153098e-24,6.42314530402e-24,8.11578994886e-24,4.88892246719e-24,6.51345883362e-24,5.36972451145e-24,5.69794507942e-24,6.16619082466e-24,6.6260553172e-24],"var":[0.00000741692429074,0.0000220256042667,0.00000355810675501,0.00000204957882488,5.36212780844e-7,1.18694828188e-7,1.04386764122e-7,1.66500541354e-7,1.41056347047e-7,1.14506356397e-7,1.6052143792e-7,9.87776402894e-8,2.29658692064e-8,4.17658441165e-8,1.2083776646e-8,1.15556852975e-8,1.57521267141e-8,9.93052218234e-9,5.39890177009e-9,5.56408163987e-9,5.69524694072e-9,1.92960136758e-9,7.49094453134e-10,1.73428021943e-10,2.57668081316e-10,3.17891712953e-10,4.88247220432e-10,2.78308431856e-10,2.03248057273e-10,2.84056417277e-10,3.2893729407e-10,2.17405635161e-10,1.30803229359e-10,1.29846453034e-10,1.20497264944e-10,8.89480503141e-11,4.90019760879e-11,1.85956128967e-11,8.68714388619e-12,5.83310830193e-12]},"melbands_crest":{"dmean":2.96308135986,"dmean2":4.9086856842,"dvar":7.9222369194,"dvar2":21.1203384399,"max":35.2254638672,"mean":13.7761392593,"median":13.1923789978,"min":1.7030851841,"var":23.9801197052},"melbands_flatness_db":{"dmean":0.0266557913274,"dmean2":0.0413012802601,"dvar":0.000878727354575,"dvar2":0.00202024145983,"max":0.663223028183,"mean":0.162833824754,"median":0.142570659518,"min":0.00354722538032,"var":0.00769995199516},"melbands_kurtosis":{"dmean":7.1393032074,"dmean2":11.7769947052,"dvar":287.969390869,"dvar2":758.728820801,"max":1107.85522461,"mean":10.4433422089,"median":5.59546661377,"min":-1.40730857849,"var":694.110656738},"melbands_skewness":{"dmean":0.821404457092,"dmean2":1.30640673637,"dvar":1.10103261471,"dvar2":2.76064562798,"max":22.3022594452,"mean":2.54600739479,"median":2.32043004036,"min":-1.83757007122,"var":1.99273431301},"melbands_spread":{"dmean":10.3350515366,"dmean2":16.3020858765,"dvar":138.566680908,"dvar2":320.761291504,"max":202.184387207,"mean":34.4168014526,"median":32.3189544678,"min":0.341662317514,"var":408.873413086},"mfcc":{"cov":[[10501.3671875,-352.473449707,-399.641204834,37.214756012,-328.121246338,109.605293274,-63.6036911011,51.0879859924,94.024772644,-22.1716117859,-31.3529376984,-145.600372314,-142.639907837],[-352.473449707,1346.68762207,-95.2370300293,140.055297852,119.786743164,-22.1836872101,29.3419265747,-9.97606754303,3.86386537552,0.94127368927,38.1414718628,40.9465026855,46.4844779968],[-399.641204834,-95.2370300293,407.166351318,48.9182434082,56.5292625427,37.2356796265,-4.68491411209,-3.75407457352,-5.67398548126,14.214600563,3.24310922623,19.1741275787,9.29075336456],[37.214756012,140.055297852,48.9182434082,229.070632935,103.539550781,12.0478448868,-1.30075001717,-23.6063690186,3.91395998001,23.1869926453,-3.73706078529,21.8198928833,18.6235580444],[-328.121246338,119.786743164,56.5292625427,103.539550781,190.455825806,30.9480190277,5.32540369034,-15.3047552109,22.338136673,21.9643440247,12.599149704,15.7270860672,24.3007545471],[109.605293274,-22.1836872101,37.2356796265,12.0478448868,30.9480190277,103.48248291,36.4138946533,15.7117805481,6.32855033875,8.03557682037,8.62601184845,3.71718931198,-4.87198257446],[-63.6036911011,29.3419265747,-4.68491411209,-1.30075001717,5.32540369034,36.4138946533,115.801338196,44.8955116272,17.5924625397,5.2745718956,10.6623277664,5.36511230469,-0.765926599503],[51.0879859924,-9.97606754303,-3.75407457352,-23.6063690186,-15.3047552109,15.7117805481,44.8955116272,81.4719848633,35.3953361511,8.15200710297,0.236943125725,-4.83846902847,-1.22335386276],[94.024772644,3.86386537552,-5.67398548126,3.91395998001,22.338136673,6.32855033875,17.5924625397,35.3953361511,79.8192672729,27.3273448944,5.79486036301,-7.23204231262,1.80221140385],[-22.1716117859,0.94127368927,14.214600563,23.1869926453,21.9643440247,8.03557682037,5.2745718956,8.15200710297,27.3273448944,64.0268173218,17.2732906342,7.30962085724,-1.00421261787],[-31.3529376984,38.1414718628,3.24310922623,-3.73706078529,12.599149704,8.62601184845,10.6623277664,0.236943125725,5.79486036301,17.2732906342,57.8960494995,22.6245250702,4.8257727623],[-145.600372314,40.9465026855,19.1741275787,21.8198928833,15.7270860672,3.71718931198,5.36511230469,-4.83846902847,-7.23204231262,7.30962085724,22.6245250702,68.9695968628,28.6544914246],[-142.639907837,46.4844779968,9.29075336456,18.6235580444,24.3007545471,-4.87198257446,-0.765926599503,-1.22335386276,1.80221140385,-1.00421261787,4.8257727623,28.6544914246,56.3599853516]],"icov":[[0.000120997407066,0.0000212789618672,0.000116974450066,-0.000219942783588,0.000312299816869,-0.000279179104837,0.0001766087953,-0.00000950029971136,-0.000250334764132,0.000131629116368,-0.000112756075396,0.000153035973199,0.000127678009449],[0.0000212789618672,0.000893253542017,0.000309921219014,-0.000499674526509,-0.000369954330381,0.000327561341692,-0.000216935412027,-0.000125923557789,0.0000871996526257,0.000357877492206,-0.00063209788641,-0.000029756263757,-0.000313871569233],[0.000116974450066,0.000309921219014,0.00290025467984,-0.000572898308747,-0.000412923545809,-0.00103733642027,0.000584117544349,-0.000435526715592,0.000382336525945,-0.000232823891565,-0.00000151907670443,-0.000442351709353,0.0000471513012599],[-0.000219942783588,-0.000499674526509,-0.000572898308747,0.006980038248,-0.00346840452403,0.000538293505087,-0.000716855633073,0.00149802095257,0.000764437660109,-0.00236862734891,0.00285129109398,-0.00182560272515,-0.000174401968252],[0.000312299816869,-0.000369954330381,-0.000412923545809,-0.00346840452403,0.00940428301692,-0.00299174315296,0.000351803289959,0.00244412012398,-0.00346320541576,-0.0000586193091294,-0.00143210601527,0.00136505346745,-0.00240764417686],[-0.000279179104837,0.000327561341692,-0.00103733642027,0.000538293505087,-0.00299174315296,0.0128741962835,-0.00379437976517,-0.00126999267377,0.00156231084839,-0.000552695186343,-0.000683719990775,-0.000736474932637,0.00171328743454],[0.0001766087953,-0.000216935412027,0.000584117544349,-0.000716855633073,0.000351803289959,-0.00379437976517,0.0127048939466,-0.00661200657487,-0.0000495580061397,0.000924184219912,-0.00175947451498,-0.000620179111138,0.000799950328656],[-0.00000950029971136,-0.000125923557789,-0.000435526715592,0.00149802095257,0.00244412012398,-0.00126999267377,-0.00661200657487,0.0206928141415,-0.00843152962625,-0.000169925973751,0.00191899691708,0.000149254177813,-0.00112131773494],[-0.000250334764132,0.0000871996526257,0.000382336525945,0.000764437660109,-0.00346320541576,0.00156231084839,-0.0000495580061397,-0.00843152962625,0.0202377419919,-0.00725984014571,-0.000480207207147,0.00300227571279,-0.00183830724563],[0.000131629116368,0.000357877492206,-0.000232823891565,-0.00236862734891,-0.0000586193091294,-0.000552695186343,0.000924184219912,-0.000169925973751,-0.00725984014571,0.0214491263032,-0.00571438204497,-0.00143373338506,0.00267795333639],[-0.000112756075396,-0.00063209788641,-0.00000151907670443,0.00285129109398,-0.00143210601527,-0.000683719990775,-0.00175947451498,0.00191899691708,-0.000480207207147,-0.00571438204497,0.0232547875494,-0.00796875730157,0.00184399727732],[0.000153035973199,-0.000029756263757,-0.000442351709353,-0.00182560272515,0.00136505346745,-0.000736474932637,-0.000620179111138,0.000149254177813,0.00300227571279,-0.00143373338506,-0.00796875730157,0.0228158980608,-0.0106086647138],[0.000127678009449,-0.000313871569233,0.0000471513012599,-0.000174401968252,-0.00240764417686,0.00171328743454,0.000799950328656,-0.00112131773494,-0.00183830724563,0.00267795333639,0.00184399727732,-0.0106086647138,0.0248899478465]],"mean":[-597.387084961,97.3590316772,0.264740049839,27.9376773834,7.88330984116,14.745306015,0.130996614695,4.00726604462,8.56253051758,3.48714852333,2.89027094841,-1.31572234631,-0.948530852795]},"pitch_salience":{"dmean":0.0671072304249,"dmean2":0.110511034727,"dvar":0.00371492328122,"dvar2":0.00991506874561,"max":0.898246884346,"mean":0.560478568077,"median":0.56630551815,"min":0.0808869823813,"var":0.0111080277711},"silence_rate_20dB":{"dmean":0,"dmean2":0,"dvar":0,"dvar2":0,"max":1,"mean":1,"median":1,"min":1,"var":0},"silence_rate_30dB":{"dmean":0.00585573585704,"dmean2":0.0117130307481,"dvar":0.005821488332,"dvar2":0.0171662624925,"max":1,"mean":0.996939480305,"median":1,"min":0,"var":0.00305128959008},"silence_rate_60dB":{"dmean":0.0021293584723,"dmean2":0.00425928412005,"dvar":0.00212505552918,"dvar2":0.00450758030638,"max":1,"mean":0.0320691950619,"median":0,"min":0,"var":0.0310422368348},"spectral_centroid":{"dmean":306.164367676,"dmean2":478.133239746,"dvar":130928.953125,"dvar2":285283.28125,"max":12070.1914062,"mean":1896.30529785,"median":1830.63452148,"min":118.755142212,"var":940228.9375},"spectral_complexity":{"dmean":4.65983486176,"dmean2":7.1878080368,"dvar":20.0800476074,"dvar2":42.8775978088,"max":61,"mean":31.7095146179,"median":34,"min":0,"var":156.441619873},"spectral_contrast_coeffs":{"dmean":[0.0551768243313,0.0485199317336,0.0407117158175,0.0306177437305,0.0211881119758,0.0194815155119],"dmean2":[0.0927527323365,0.0803140029311,0.0652442872524,0.0499532297254,0.0350730568171,0.0316022932529],"dvar":[0.00253115640953,0.00160477135796,0.00112016906496,0.000622074352577,0.000339789723512,0.00032834711601],"dvar2":[0.00700784428045,0.00431478070095,0.00272460887209,0.00158597202972,0.000871049705893,0.000808307726402],"max":[-0.289340376854,-0.404110342264,-0.426240801811,-0.462153613567,-0.60630106926,-0.563681721687],"mean":[-0.664869308472,-0.759126782417,-0.776194870472,-0.789958715439,-0.799900114536,-0.730346798897],"median":[-0.66826415062,-0.764653801918,-0.786812603474,-0.793623268604,-0.802169680595,-0.727539300919],"min":[-0.981203317642,-0.97907781601,-0.984517097473,-0.982162475586,-0.97759783268,-0.968818426132],"var":[0.00559469265863,0.00459663569927,0.00471935421228,0.00235471036285,0.00137454702053,0.00174527452327]},"spectral_contrast_valleys":{"dmean":[0.395789474249,0.386736005545,0.329613089561,0.263418823481,0.226189687848,0.239585727453],"dmean2":[0.637455284595,0.631614685059,0.528926670551,0.417063623667,0.352538585663,0.311669290066],"dvar":[0.167647570372,0.165777266026,0.12812396884,0.102048590779,0.110270783305,0.12211304158],"dvar2":[0.372913777828,0.38260859251,0.269330382347,0.200250074267,0.205563500524,0.187273398042],"max":[-4.89286661148,-4.77131700516,-5.25844287872,-5.77373886108,-5.43461847305,-7.39306354523],"mean":[-6.89733743668,-6.72860860825,-7.18658971786,-7.21440696716,-7.0631313324,-9.64799594879],"median":[-6.56452798843,-6.41636323929,-6.8309803009,-6.82317686081,-6.57977294922,-9.15828418732],"min":[-27.9037971497,-27.8174419403,-27.8907489777,-27.9237918854,-27.4776630402,-27.3605823517],"var":[3.92218494415,4.09233283997,4.06496715546,4.0315747261,4.22202920914,4.00333690643]},"spectral_decrease":{"dmean":4.19167189847e-9,"dmean2":7.14495307363e-9,"dvar":4.98483356234e-17,"dvar2":1.33109626239e-16,"max":1.97396709091e-28,"mean":-8.75029115832e-9,"median":-7.15232317816e-9,"min":-4.78322199626e-8,"var":4.38312782639e-17},"spectral_energy":{"dmean":0.0162637159228,"dmean2":0.0276425741613,"dvar":0.000732159765903,"dvar2":0.00195608893409,"max":0.183614343405,"mean":0.0362379513681,"median":0.03052216582,"min":9.71867991841e-21,"var":0.000665158033371},"spectral_energyband_high":{"dmean":0.000779531314038,"dmean2":0.00106809393037,"dvar":0.00000146097045217,"dvar2":0.00000260320825873,"max":0.0210464354604,"mean":0.00239452440292,"median":0.0017885027919,"min":7.11896838322e-21,"var":0.00000578266099183},"spectral_energyband_low":{"dmean":0.0115297446027,"dmean2":0.0198638886213,"dvar":0.0005899000098,"dvar2":0.00159108184744,"max":0.170403599739,"mean":0.0160933025181,"median":0.0110541507602,"min":1.98935053519e-23,"var":0.000445567420684},"spectral_energyband_middle_high":{"dmean":0.00221984740347,"dmean2":0.00338987563737,"dvar":0.00000625090888207,"dvar2":0.0000136088283398,"max":0.0524196922779,"mean":0.00788663420826,"median":0.0069253356196,"min":1.12367639454e-21,"var":0.0000283341742033},"spectral_energyband_middle_low":{"dmean":0.00677594356239,"dmean2":0.0117636881769,"dvar":0.000126705228467,"dvar2":0.000349514157278,"max":0.0995488241315,"mean":0.0115699805319,"median":0.00884030666202,"min":1.74421235599e-22,"var":0.000111199973617},"spectral_entropy":{"dmean":0.109998397529,"dmean2":0.15832901001,"dvar":0.0158125665039,"dvar2":0.0286021493375,"max":9.82055091858,"mean":7.93777275085,"median":8.03082180023,"min":5.1747636795,"var":0.237548992038},"spectral_flux":{"dmean":0.0337258465588,"dmean2":0.0525298602879,"dvar":0.00193420040887,"dvar2":0.00357287400402,"max":0.389135450125,"mean":0.110291734338,"median":0.098303720355,"min":6.31583049748e-11,"var":0.0035960949026},"spectral_kurtosis":{"dmean":1.28179609776,"dmean2":2.11826229095,"dvar":14.1351594925,"dvar2":39.535194397,"max":135.725753784,"mean":4.31352472305,"median":2.90666627884,"min":-1.27334690094,"var":76.0550842285},"spectral_rms":{"dmean":0.001132313977,"dmean2":0.00184874609113,"dvar":0.00000251264418694,"dvar2":0.00000650367610433,"max":0.013384167105,"mean":0.00562338251621,"median":0.00545689696446,"min":3.07922697756e-12,"var":0.00000373133570974},"spectral_rolloff":{"dmean":761.955444336,"dmean2":1210.41955566,"dvar":1085064.875,"dvar2":2162968,"max":20521.1425781,"mean":2302.10473633,"median":1894.921875,"min":21.533203125,"var":4358306},"spectral_skewness":{"dmean":0.179764613509,"dmean2":0.285813778639,"dvar":0.0734847262502,"dvar2":0.187716975808,"max":9.38807678223,"mean":1.37222278118,"median":1.29775106907,"min":-0.144655331969,"var":0.521577775478},"spectral_spread":{"dmean":474595.75,"dmean2":659370.125,"dvar":538980810752,"dvar2":998454460416,"max":42612812,"mean":5237483.5,"median":5009334,"min":685483.25,"var":9107186647040},"spectral_strongpeak":{"dmean":0.464347660542,"dmean2":0.816549241543,"dvar":0.741972565651,"dvar2":1.91347038746,"max":9.66506290436,"mean":0.648189485073,"median":0.321673035622,"min":0,"var":0.895525872707},"zerocrossingrate":{"dmean":0.0134092140943,"dmean2":0.0151813030243,"dvar":0.000205007512704,"dvar2":0.000261917331954,"max":0.51611328125,"mean":0.0869516208768,"median":0.08154296875,"min":0.001953125,"var":0.00251490622759}},"metadata":{"audio_properties":{"analysis_sample_rate":44100,"bit_rate":0,"codec":"flac","downmix":"mix","equal_loudness":0,"length":174.466659546,"lossless":true,"md5_encoded":"b5aa085fee4cd39406cd414a744abe97","replay_gain":-14.7915630341,"sample_rate":44100},"tags":{"album":["I Bet You Look Good on the Dancefloor"],"albumartist":["Arctic Monkeys"],"albumartistsort":["Arctic Monkeys"],"artist":["Arctic Monkeys"],"artistsort":["Arctic Monkeys"],"band":["Arctic Monkeys"],"catalognumber":["RUG212D"],"date":["2005-10-17"],"discnumber":["1"],"disctotal":["1"],"file_name":"01-01 I Bet You Look Good on the Dancefloor.flac","genre":["Indie Rock"],"isrc":["GBCEL0501181"],"label":["Domino"],"media":["Digital Media"],"musicbrainz_albumartistid":["ada7a83c-e3e1-40f1-93f9-3e73dbc9298a"],"musicbrainz_albumid":["7abad537-2974-3d4f-9b62-e5e5f03cd1a1"],"musicbrainz_artistid":["ada7a83c-e3e1-40f1-93f9-3e73dbc9298a"],"musicbrainz_recordingid":["f5e93176-0829-4823-a5be-3333e226824b"],"musicbrainz_releasegroupid":["2dfba729-4b69-3c41-a4e2-a52bb36784a2"],"originaldate":["2005-10-17"],"publisher":["Domino"],"releasecountry":["GB"],"releasestatus":["official"],"releasetype":["single"],"script":["Latn"],"title":["I Bet You Look Good on the Dancefloor"],"totaldiscs":["1"],"totaltracks":["3"],"tracknumber":["1"],"tracktotal":["3"]},"version":{"essentia":"2.1-beta1","essentia_build_sha":"ca57ba49d9b1854bd80e60cf9ccf267278fb7d6b","essentia_git_sha":"v2.1_beta1-28-g21ef5f4-dirty","extractor":"music 1.0"}},"rhythm":{"beats_count":299,"beats_loudness":{"dmean":0.0120573043823,"dmean2":0.0211763493717,"dvar":0.000204630792723,"dvar2":0.000590530282352,"max":0.147017776966,"mean":0.0395483970642,"median":0.0383727364242,"min":0,"var":0.000259310909314},"beats_loudness_band_ratio":{"dmean":[0.173505559564,0.0827371478081,0.0774037539959,0.0799058750272,0.0560710690916,0.0680591240525],"dmean2":[0.310780763626,0.14665196836,0.134124413133,0.143025428