{"lowlevel":{"average_loudness":0.889827907085,"barkbands":{"dmean":[0.00267518521287,0.0113290883601,0.00454006763175,0.00275470153429,0.00244934437796,0.00102107715793,0.000737476570066,0.00041035443428,0.000362897990271,0.000412648834754,0.00045970256906,0.000544692215044,0.000316585064866,0.000265253096586,0.00020477034559,0.000200520866201,0.0000955690775299,0.000103354657767,0.00011294081196,0.000075336509326,0.0000471683742944,0.0000698566727806,0.0000854656900628,0.0000668683715048,0.0000718452356523,0.000117202238471,0.0000232477123063],"dmean2":[0.00409001251683,0.0179777555168,0.00786749273539,0.00505592674017,0.00439388258383,0.00167622824665,0.00123054662254,0.000650389352813,0.000573159602936,0.000637333549093,0.000788608624134,0.000889972259756,0.000538818829227,0.000425589911174,0.000345275708241,0.000359574245522,0.000158148250193,0.000176074536284,0.000195093714865,0.000129452106194,0.0000788511460996,0.000113160072942,0.000140707110404,0.000107914376713,0.000112349793199,0.000187353070942,0.0000367362190445],"dvar":[0.0000813937876956,0.0010475688614,0.000278036372038,0.000116947441711,0.0000639531353954,0.00000662306820232,0.00000412135386796,0.00000216608418668,0.00000103067281998,0.00000131768683787,0.00000531672594661,0.00000480416883875,0.00000194585277313,8.3811244167e-7,7.80681318702e-7,0.0000015745233668,1.76438618382e-7,2.4759384587e-7,2.9353446962e-7,1.15562954761e-7,3.54019107363e-8,4.35136513488e-8,8.15533240939e-8,4.82083954978e-8,5.38001003747e-8,1.57799135536e-7,5.41698508272e-9],"dvar2":[0.000194853171706,0.00263109058142,0.000787736440543,0.000340813450748,0.000185056662303,0.0000152146467371,0.0000103138918348,0.00000542553380001,0.00000236590176428,0.00000309339588966,0.0000151114854816,0.0000125078231576,0.00000539175107406,0.00000189009597307,0.00000207924085771,0.00000447455067842,4.59913991335e-7,7.00915677498e-7,8.24369806196e-7,3.17291238616e-7,9.55749612785e-8,1.1233674968e-7,2.09903802784e-7,1.21390542063e-7,1.33401471203e-7,4.01614556722e-7,1.32795268115e-8],"max":[0.0903308540583,0.348545491695,0.222862750292,0.130778431892,0.0935978963971,0.078602001071,0.06250230968,0.0555445738137,0.0280760377645,0.027981473133,0.05983421579,0.0397280156612,0.022552318871,0.0308465361595,0.0249705500901,0.019165975973,0.00786847900599,0.0108439344913,0.00937245320529,0.00453527411446,0.00424087699503,0.00404916331172,0.00760259572417,0.00509786978364,0.00270397122949,0.0047595477663,0.00168271374423],"mean":[0.00262030563317,0.0145170232281,0.00581873487681,0.0025833810214,0.00276553351432,0.00165923312306,0.00113131036051,0.000606226385571,0.000588810769841,0.000692528148647,0.000545821036212,0.00072398642078,0.000338730606018,0.000355897122063,0.000227204727707,0.000160728945048,0.000107977764856,0.000119151984109,0.0001134990016,0.0000743388955016,0.0000536615698365,0.000077946773672,0.0000799542249297,0.0000701944445609,0.0000710864624125,0.0000982227356872,0.0000216516891669],"median":[0.0000723945195205,0.00331521173939,0.00232393620536,0.000695828115568,0.000983278499916,0.000377144780941,0.000263768364675,0.000101910394733,0.000121403616504,0.0000684495535097,0.0000420299038524,0.0000637616612948,0.0000329745380441,0.0000324549182551,0.0000210914295167,0.0000126305540107,0.0000150616333485,0.0000224677569349,0.0000153614892042,0.00000996230301098,0.0000111850495159,0.0000142568114825,0.00000953615744947,0.0000105569424704,0.00000705386628397,0.00000213416115002,1.13318066042e-7],"min":[3.79879361011e-24,3.1197370153e-24,2.26279780839e-24,1.56280514098e-24,1.84699285401e-23,1.04650335018e-23,1.70447913614e-23,2.40513829241e-23,2.28322236386e-23,2.74193062298e-23,2.83801198797e-23,3.8769749323e-23,4.75317662368e-23,2.42887133051e-23,7.38318271479e-23,8.91019212862e-23,9.81957520295e-23,1.60701720145e-22,1.57655050977e-22,1.84551358204e-22,3.61866602609e-22,4.02079778062e-22,4.89784626685e-22,7.01129172218e-22,8.34156717797e-22,1.42034383266e-21,2.19289154874e-21],"var":[0.0000807036922197,0.00123175070621,0.000185849115951,0.0000678498399793,0.0000427892555308,0.0000161209227372,0.00000699918700775,0.00000296851681014,0.00000225246026275,0.0000037186703139,0.00000467915560876,0.00000633371655567,0.00000164739674346,0.00000145132105445,8.6958476686e-7,9.54451820689e-7,1.51058429765e-7,1.73748674115e-7,2.04327108122e-7,8.40679135194e-8,2.97373183855e-8,4.17868655234e-8,7.35194660706e-8,5.00487651323e-8,4.91086389331e-8,1.30325972236e-7,5.3806936684e-9]},"barkbands_crest":{"dmean":2.35163807869,"dmean2":3.69806528091,"dvar":5.91141366959,"dvar2":13.9552640915,"max":26.0584392548,"mean":11.4123697281,"median":10.7280635834,"min":2.33733153343,"var":17.9805374146},"barkbands_flatness_db":{"dmean":0.0268308352679,"dmean2":0.0378816686571,"dvar":0.000843416026328,"dvar2":0.00172626425046,"max":0.513762176037,"mean":0.199681147933,"median":0.18186172843,"min":0.0238673053682,"var":0.00710436329246},"barkbands_kurtosis":{"dmean":7.85659456253,"dmean2":11.9180707932,"dvar":247.542098999,"dvar2":563.668640137,"max":281.743835449,"mean":13.6271896362,"median":6.01576709747,"min":-1.93212974072,"var":485.595550537},"barkbands_skewness":{"dmean":0.803350269794,"dmean2":1.16189074516,"dvar":1.02451920509,"dvar2":2.21239995956,"max":14.6344013214,"mean":2.47863721848,"median":2.06531381607,"min":-4.12245321274,"var":3.46451020241},"barkbands_spread":{"dmean":4.66601705551,"dmean2":7.26318407059,"dvar":60.3560256958,"dvar2":142.326766968,"max":119.21673584,"mean":13.1133384705,"median":10.413775444,"min":0.343831300735,"var":145.335189819},"dissonance":{"dmean":0.0290119387209,"dmean2":0.0482108481228,"dvar":0.00070939498255,"dvar2":0.00184631568845,"max":0.500000119209,"mean":0.431319445372,"median":0.444240510464,"min":0.133188650012,"var":0.00287497439422},"dynamic_complexity":6.11331987381,"erbbands":{"dmean":[0.503523290157,2.12033724785,4.87678050995,7.68332767487,9.82748699188,7.25497770309,6.62721967697,9.45090675354,11.3718357086,7.8799290657,9.52388000488,7.4477930069,10.4307355881,16.2638530731,16.6538887024,21.3857192993,14.3129968643,11.9400863647,11.5857200623,10.1542129517,10.2704286575,5.16801643372,5.72515821457,4.50156068802,6.13116455078,3.30196857452,1.9880130291,1.92749810219,2.27328968048,3.30740690231,2.19411468506,1.59149849415,0.964476287365,0.61850976944,0.613302588463,0.486456215382,0.23778565228,0.039310913533,0.00415300298482,0.000199696223717],"dmean2":[0.794180333614,3.49135184288,8.5059967041,13.7423295975,18.0359992981,12.863073349,10.7920589447,15.4469823837,18.8495540619,12.8769073486,15.0033798218,11.7403259277,15.6500854492,26.3251743317,27.9156074524,34.8135643005,24.0966110229,19.1777076721,18.7762699127,17.7208309174,18.1255588531,8.59769535065,9.72982311249,7.59185791016,10.7029018402,5.6669921875,3.33192563057,3.19368100166,3.66924095154,5.56509637833,3.56500482559,2.60360574722,1.5289260149,0.953598082066,0.972645878792,0.779643476009,0.386034160852,0.0605431459844,0.00662371423095,0.000333165400662],"dvar":[2.17512226105,41.0420608521,321.940093994,744.017700195,1409.57702637,475.22958374,283.647857666,681.698669434,1001.93884277,557.919250488,1045.65246582,450.154693604,998.783081055,3767.31518555,5965.63964844,8526.77929688,4308.10546875,1926.53417969,1771.54455566,3220.12036133,4034.30175781,481.364654541,734.548461914,350.703796387,1048.0892334,237.617340088,65.0119781494,58.4778404236,44.7033920288,123.557754517,51.4693450928,30.710062027,8.80087089539,3.55006313324,4.22932767868,2.75983023643,0.685615301132,0.0145509243011,0.000176213521627,4.7422724947e-7],"dvar2":[5.51744747162,109.97618866,911.866760254,2118.81469727,4113.06982422,1364.81237793,681.121826172,1540.47106934,2446.53393555,1450.27282715,2588.10131836,1080.80249023,2264.01293945,10061.4746094,16773.1132812,22436.9355469,12023.1621094,4342.52539062,4465.64111328,9103.90429688,11397.7666016,1261.1159668,2068.02539062,960.079345703,2976.83520508,658.932617188,175.971115112,156.290725708,113.901817322,331.73223877,127.755218506,79.9190673828,21.1589851379,8.57775878906,10.6382465363,7.06332826614,1.77314352989,0.0343604125082,0.000436243717559,0.00000127508667447],"max":[15.535993576,71.7631378174,231.297805786,301.576721191,405.337982178,299.21484375,409.811889648,888.167236328,1022.84204102,707.898742676,1302.28344727,591.864013672,1383.62329102,1602.03088379,2049.73364258,1751.1295166,1101.83569336,1789.26062012,1662.11706543,907.699157715,985.349304199,405.683654785,551.311645508,385.834350586,532.301818848,207.940078735,116.000923157,244.856399536,151.06451416,106.907012939,244.380615234,135.795074463,66.7670669556,22.1278972626,23.7030487061,18.3927173615,9.80620002747,1.70877039433,0.298616617918,0.0156049327925],"mean":[0.586471199989,2.62085008621,6.39292383194,8.02178859711,9.53207683563,8.40785694122,10.7050876617,15.0393228531,17.6404151917,12.0908298492,14.4135341644,12.2001714706,17.5388908386,25.4723930359,22.6066093445,27.1207351685,17.1475391388,16.7312030792,15.5669374466,9.89921760559,8.82528781891,6.19279575348,6.58280849457,5.33635950089,5.96960163116,3.33472084999,2.1891708374,2.21033287048,2.64070487022,2.99431681633,2.1436290741,1.63400006294,1.03884530067,0.675241291523,0.570137858391,0.413663595915,0.191198587418,0.0360184162855,0.00386638008058,0.000189389364095],"median":[0.0796085074544,0.751114785671,2.75505161285,2.6326007843,3.04165697098,2.8354883194,2.68872070312,3.32320404053,4.36758804321,3.21551513672,3.13770151138,2.90417742729,3.14062309265,2.98935484886,2.68674278259,2.93466973305,2.02695417404,2.1073050499,1.80582427979,1.04938399792,0.811745047569,1.06564998627,1.36856901646,0.861663460732,0.820582270622,0.481654107571,0.40451413393,0.454944819212,0.503948748112,0.395613193512,0.263777345419,0.231455743313,0.160003721714,0.0986079275608,0.0355561077595,0.012956539169,0.00327563262545,0.000431995693361,0.0000254197439062,0.0000260224442172],"min":[6.47863441119e-23,7.04268308507e-22,3.64914483468e-21,4.73964232015e-21,1.89930039048e-20,5.91260559294e-20,8.09339296093e-20,1.08711333125e-19,3.51681653541e-19,2.55141714442e-19,5.04717950928e-19,5.71298545613e-19,8.92139209454e-19,1.0223147938e-18,1.2223705963e-18,1.77556055564e-18,2.47695718911e-18,1.70231205804e-18,1.84985006004e-18,4.81209922529e-18,4.97469522317e-18,5.47280188135e-18,8.71953169415e-18,8.91400102898e-18,9.58620273632e-18,9.13701471238e-18,1.34177612363e-17,1.20482686065e-17,1.38468173385e-17,1.44389239743e-17,1.40259011139e-17,1.35179129562e-17,1.15993676142e-17,8.40655053859e-18,6.48264796139e-18,4.1758112186e-18,2.52602657703e-18,1.13453549237e-18,2.89746143284e-19,2.79550179345e-20],"var":[2.48325490952,39.2602424622,217.316085815,470.338043213,815.681884766,355.421936035,593.03503418,1620.77062988,1858.86450195,744.163574219,1428.89404297,935.698364258,2044.79602051,5808.72412109,5880.26513672,9774.1875,3739.31860352,3177.0859375,2623.59228516,2223.38061523,2537.15893555,415.767822266,518.746032715,291.130096436,684.164550781,168.772796631,51.3294219971,51.2786979675,46.4923286438,93.5307388306,52.5832977295,29.2810878754,10.1125211716,3.55672693253,3.68442106247,2.26880931854,0.539114713669,0.0144964158535,0.000176222049049,3.76945195057e-7]},"erbbands_crest":{"dmean":2.69334197044,"dmean2":4.28649616241,"dvar":7.588783741,"dvar2":17.3705177307,"max":31.5192317963,"mean":10.561879158,"median":9.38285064697,"min":2.24911928177,"var":25.0956287384},"erbbands_flatness_db":{"dmean":0.0229079276323,"dmean2":0.0305783823133,"dvar":0.000647634151392,"dvar2":0.00105262792204,"max":0.397377580404,"mean":0.169678837061,"median":0.161713004112,"min":0.0313941799104,"var":0.00504805007949},"erbbands_kurtosis":{"dmean":1.46604049206,"dmean2":2.26897287369,"dvar":5.98233318329,"dvar2":13.3691587448,"max":61.1994247437,"mean":1.90186440945,"median":0.82141149044,"min":-1.8692034483,"var":16.7462463379},"erbbands_skewness":{"dmean":0.399657249451,"dmean2":0.601930260658,"dvar":0.18251042068,"dvar2":0.387536525726,"max":7.14751577377,"mean":0.800164937973,"median":0.709495306015,"min":-3.53076171875,"var":0.834220468998},"erbbands_spread":{"dmean":11.2009925842,"dmean2":16.5341262817,"dvar":276.946655273,"dvar2":562.029785156,"max":179.873092651,"mean":36.1217269897,"median":28.5274410248,"min":2.01560926437,"var":686.601257324},"gfcc":{"cov":[[25486.2734375,-3756.20605469,-404.807983398,1067.68334961,-277.058929443,640.17956543,-247.119277954,609.33581543,-280.216217041,578.364196777,-279.057312012,798.426086426,-408.769439697],[-3756.20605469,3043.38525391,-251.390975952,-451.727386475,347.773284912,-263.504821777,113.473167419,-206.519317627,234.394500732,-272.079925537,219.792831421,-355.838165283,234.798416138],[-404.807983398,-251.390975952,1531.78100586,244.739013672,275.435089111,106.549530029,61.0270576477,-24.4406070709,42.0657119751,23.7448177338,-141.311737061,96.803527832,-48.0209541321],[1067.68334961,-451.727386475,244.739013672,595.16784668,41.6841011047,112.625183105,-20.2250022888,86.0679626465,12.9033641815,54.2824630737,-58.2699165344,58.4517936707,-28.511177063],[-277.058929443,347.773284912,275.435089111,41.6841011047,499.848358154,21.4362010956,90.8537826538,-14.4073171616,114.692558289,-8.99064064026,-15.8513708115,-38.0330734253,28.1071472168],[640.17956543,-263.504821777,106.549530029,112.625183105,21.4362010956,273.783111572,86.8176040649,55.6163101196,-33.0404586792,40.4305038452,-24.7124042511,35.2075271606,-35.5324401855],[-247.119277954,113.473167419,61.0270576477,-20.2250022888,90.8537826538,86.8176040649,235.483764648,52.1807518005,18.7845478058,2.50219321251,33.1225280762,-6.05537176132,-10.0028076172],[609.33581543,-206.519317627,-24.4406070709,86.0679626465,-14.4073171616,55.6163101196,52.1807518005,165.918533325,24.4829368591,34.7279853821,-7.97422885895,35.8068504333,-16.0149707794],[-280.216217041,234.394500732,42.0657119751,12.9033641815,114.692558289,-33.0404586792,18.7845478058,24.4829368591,166.163726807,25.6635761261,10.7644748688,-17.0685977936,32.6615715027],[578.364196777,-272.079925537,23.7448177338,54.2824630737,-8.99064064026,40.4305038452,2.50219321251,34.7279853821,25.6635761261,124.081504822,4.51552772522,42.7349891663,-22.5577869415],[-279.057312012,219.792831421,-141.311737061,-58.2699165344,-15.8513708115,-24.7124042511,33.1225280762,-7.97422885895,10.7644748688,4.51552772522,139.455703735,-4.69788265228,9.82073688507],[798.426086426,-355.838165283,96.803527832,58.4517936707,-38.0330734253,35.2075271606,-6.05537176132,35.8068504333,-17.0685977936,42.7349891663,-4.69788265228,151.53843689,5.57168912888],[-408.769439697,234.798416138,-48.0209541321,-28.511177063,28.1071472168,-35.5324401855,-10.0028076172,-16.0149707794,32.6615715027,-22.5577869415,9.82073688507,5.57168912888,117.680900574]],"icov":[[0.0000643282983219,-0.0000179598591785,0.0000708349980414,-0.0000543980713701,-0.0000645049367449,-0.0000597685466346,0.00010381602624,-0.000124007987324,0.000100880643004,-0.000157861766638,0.000128047176986,-0.000322119594784,0.000210621234146],[-0.0000179598591785,0.00105128169525,-0.000109062289994,0.000296939775581,-0.000198291498236,0.0000887853457243,-0.000286724680336,0.000506429525558,-0.00108330301009,0.00151071522851,-0.00139651040081,0.00177663518116,-0.00139108940493],[0.0000708349980414,-0.000109062289994,0.00103930360638,-0.000358189514372,-0.000476287881611,-0.000124747035443,-0.00019444184727,0.00047015803284,-0.0000667236527079,-0.000140644973726,0.00111643236596,-0.00133029534481,0.000885890331119],[-0.0000543980713701,0.000296939775581,-0.000358189514372,0.00232476578094,-0.000188371675904,-0.000654608476907,0.000654198927805,-0.000842998328153,-0.000428276776802,0.000210456448258,-0.000234963765251,0.000546805618796,-0.000423191464506],[-0.0000645049367449,-0.000198291498236,-0.000476287881611,-0.000188371675904,0.00310002104379,-0.000161116011441,-0.00108966953121,0.000754434789997,-0.00177304015961,0.000196554188733,0.000426085840445,0.000616957084276,-0.000382428901503],[-0.0000597685466346,0.0000887853457243,-0.000124747035443,-0.000654608476907,-0.000161116011441,0.0053952485323,-0.00215036282316,-0.00044200240518,0.00146263244096,-0.0011495698709,0.00068086310057,0.0000849295320222,0.000143190525705],[0.00010381602624,-0.000286724680336,-0.00019444184727,0.000654198927805,-0.00108966953121,-0.00215036282316,0.00659928284585,-0.00255823973566,0.000418123148847,0.0000823735681479,-0.00159027578775,-0.000311984331347,0.000882833730429],[-0.000124007987324,0.000506429525558,0.00047015803284,-0.000842998328153,0.000754434789997,-0.00044200240518,-0.00255823973566,0.00910275336355,-0.00280569004826,0.000436464062659,0.000390513887396,-0.000524681818206,0.000108730368083],[0.000100880643004,-0.00108330301009,-0.0000667236527079,-0.000428276776802,-0.00177304015961,0.00146263244096,0.000418123148847,-0.00280569004826,0.0104651395231,-0.00470422860235,0.000858994899318,-0.00040536938468,-0.000959093216807],[-0.000157861766638,0.00151071522851,-0.000140644973726,0.000210456448258,0.000196554188733,-0.0011495698709,0.0000823735681479,0.000436464062659,-0.00470422860235,0.0133567722514,-0.0030046578031,0.00020694808336,0.000210295853321],[0.000128047176986,-0.00139651040081,0.00111643236596,-0.000234963765251,0.000426085840445,0.00068086310057,-0.00159027578775,0.000390513887396,0.000858994899318,-0.0030046578031,0.0109936362132,-0.00357542349957,0.00208902009763],[-0.000322119594784,0.00177663518116,-0.00133029534481,0.000546805618796,0.000616957084276,0.0000849295320222,-0.000311984331347,-0.000524681818206,-0.00040536938468,0.00020694808336,-0.00357542349957,0.0133399479091,-0.00547469314188],[0.000210621234146,-0.00139108940493,0.000885890331119,-0.000423191464506,-0.000382428901503,0.000143190525705,0.000882833730429,0.000108730368083,-0.000959093216807,0.000210295853321,0.00208902009763,-0.00547469314188,0.0128794275224]],"mean":[-88.5427322388,114.596313477,-81.7371063232,22.4297580719,-48.4605827332,18.6821479797,-31.2005405426,6.07232570648,-21.2281188965,0.358782500029,-10.5735750198,-0.315852284431,-12.0980072021]},"hfc":{"dmean":9.06218719482,"dmean2":14.4822673798,"dvar":802.696716309,"dvar2":2110.87792969,"max":317.114074707,"mean":13.8484230042,"median":6.19970321655,"min":1.07634799331e-16,"var":735.644165039},"melbands":{"dmean":[0.0036988707725,0.00259017804638,0.00140031485353,0.000621843326371,0.000232865000726,0.000208081750316,0.000164941709954,0.0000854097525007,0.0000770451588323,0.0000472380379506,0.0000544653448742,0.000066671098466,0.0000592436153966,0.0000557379789825,0.0000570454139961,0.0000249744753091,0.0000231242720474,0.000020703420887,0.0000150059931912,0.0000145324238474,0.000011234476915,0.00000546473393115,0.00000571584905629,0.00000448510127171,0.0000035956281863,0.0000047994212764,0.000003890678272,0.00000192458355741,0.00000123202858049,0.00000138343705203,0.00000103953300368,0.00000115174361781,0.00000173047135377,0.00000195610004994,0.00000128476392547,0.00000107011373984,9.29250802528e-7,7.35802302643e-7,4.93308846217e-7,5.40937719506e-7],"dmean2":[0.00575332622975,0.0044130156748,0.0025070742704,0.00113184400834,0.000383177248295,0.000339376740158,0.0002739567135,0.000138727584272,0.000121667741041,0.0000744446006138,0.0000813380174804,0.000107338761154,0.0001000860575,0.0000880028601387,0.0000995319278445,0.0000404543679906,0.0000370318557543,0.0000333957650582,0.0000253316175076,0.0000260665183305,0.000019633296688,0.00000906175955606,0.00000970184919424,0.00000757899761084,0.00000604840761298,0.00000833166723169,0.00000680456423652,0.00000329660906573,0.00000207355196835,0.00000236061418946,0.00000171191607024,0.00000185783403595,0.00000289851436719,0.00000332602326125,0.00000208653818845,0.00000176806838681,0.00000151842766627,0.00000119258970699,7.50496724322e-7,8.5048765186e-7],"dvar":[0.000112259149319,0.000076629279647,0.0000252099634963,0.00000478985475638,3.23142558045e-7,2.9636461818e-7,1.98764581683e-7,7.00013345067e-8,6.17810087533e-8,1.79145835943e-8,2.62748205415e-8,5.56457599998e-8,8.81351240878e-8,4.41230838533e-8,9.21016294342e-8,8.33450553017e-9,7.13760206494e-9,5.50927703458e-9,4.79333994718e-9,8.28445489987e-9,4.58584903384e-9,5.67754565584e-10,7.01429747618e-10,3.74291514449e-10,2.00733277222e-10,5.73266212278e-10,3.97895605353e-10,7.28303251041e-11,2.47299507261e-11,3.31207249127e-11,1.63703859496e-11,1.14875088608e-11,2.92832529059e-11,4.64716806703e-11,1.75434874961e-11,1.46268015061e-11,1.02756613982e-11,5.39424451287e-12,1.96776991403e-12,2.89472981176e-12],"dvar2":[0.000273967219982,0.000213906940189,0.0000719972158549,0.000013948416381,8.08093545857e-7,6.74492127928e-7,4.92448918976e-7,1.80486921408e-7,1.53070303099e-7,4.16198773223e-8,5.89590953837e-8,1.45937960383e-7,2.50939592661e-7,1.05897868252e-7,2.6097677619e-7,2.13084305756e-8,1.58943507245e-8,1.34252235995e-8,1.29073916e-8,2.36096084905e-8,1.28492629869e-8,1.49702639174e-9,1.95113947221e-9,1.04505060161e-9,5.39918665332e-10,1.6083100407e-9,1.12198750291e-9,2.00367361591e-10,6.63964577763e-11,9.12845493639e-11,4.3264090227e-11,2.88275688043e-11,7.84882853155e-11,1.25509602711e-10,4.31450188076e-11,3.81583133147e-11,2.65988533282e-11,1.33248733228e-11,4.42739031201e-12,7.15146171448e-12],"max":[0.110530734062,0.0986827611923,0.053937651217,0.0260944180191,0.0127745168284,0.0177394412458,0.0137282703072,0.00796465389431,0.00948507990688,0.00361469923519,0.00669596996158,0.00636210013181,0.00835479702801,0.00470909383148,0.00479273265228,0.00207143183798,0.00333773856983,0.00293483887799,0.00178025197238,0.001365323551,0.00103147828486,0.000542423629668,0.000554963131435,0.000408517837059,0.000369312794646,0.000434564746683,0.000261501874775,0.00012661513756,0.0000826139876153,0.000119476877444,0.000143975223182,0.000107842643047,0.000113108602818,0.0000705777129042,0.000147609462147,0.000113884168968,0.0000898315702216,0.0000543780151929,0.0000330391267198,0.0000211065180338],"mean":[0.00463126040995,0.00340450135991,0.00150019873399,0.000639383099042,0.000375623523723,0.000337811128702,0.000255483784713,0.000130059270305,0.000115885704872,0.0000767632081988,0.0000896346537047,0.000105427359813,0.0000747369413148,0.0000752172782086,0.0000627696645097,0.0000306009715132,0.0000309780371026,0.000027154754207,0.0000165114615811,0.0000116063938549,0.0000097141301012,0.0000063200477598,0.00000623218193141,0.00000523380094819,0.00000411356995755,0.00000460864066554,0.00000367163784176,0.00000187666455531,0.00000130464388803,0.00000141025236644,0.00000120881679777,0.00000138494124258,0.00000172353645667,0.00000165696360455,0.00000121505433981,0.00000109406994397,9.47242597249e-7,7.55775431571e-7,5.80605046707e-7,5.66199105378e-7],"median":[0.00087271083612,0.00141236372292,0.000541441841051,0.00022575884941,0.000105767925561,0.000078626384493,0.0000644613319309,0.0000294121855404,0.0000221598565986,0.0000152314896695,0.0000128063766169,0.0000104135669972,0.00000726597636458,0.00000769094913267,0.00000412550343754,0.00000328991563947,0.00000299791327052,0.00000256239900409,0.00000147273760831,8.76951617101e-7,7.73551505517e-7,8.96072037904e-7,0.00000112224279292,9.71600002231e-7,5.72305054902e-7,5.89749276969e-7,4.6268337428e-7,2.2195257543e-7,2.06908367772e-7,2.52806273693e-7,2.3119336845e-7,2.51380896543e-7,2.77127810477e-7,1.71720202502e-7,1.30231967432e-7,1.48108853182e-7,1.27417393969e-7,1.04752118091e-7,9.81373204922e-8,7.21753963262e-8],"min":[1.31459350842e-24,2.14819544874e-24,1.38275878202e-24,2.66506934118e-24,3.96934849326e-24,2.34620525519e-24,4.89062916776e-24,3.67179213197e-24,3.83403281561e-24,2.93681890683e-24,4.29621616479e-24,4.04452535981e-24,3.82069120555e-24,4.30122188166e-24,3.54283822308e-24,5.80138012689e-24,2.13682954082e-24,2.02278017266e-24,5.77163454873e-24,6.45135812544e-24,4.91068122311e-24,4.73952167807e-24,8.57531168134e-24,6.31355871922e-24,6.65004457733e-24,5.29295809018e-24,6.04052646575e-24,5.37609653541e-24,7.08686762613e-24,7.36262026644e-24,6.41916786734e-24,7.75738756265e-24,6.93408183487e-24,7.44702365013e-24,8.41456233924e-24,7.2044504995e-24,8.28196665399e-24,6.97129398149e-24,7.48515876401e-24,7.24342180594e-24],"var":[0.000138534480357,0.0000573526449443,0.0000157924096129,0.00000288602768705,6.29729242974e-7,7.13338408787e-7,3.60074324135e-7,9.52121652631e-8,9.08113122478e-8,4.02838438163e-8,5.64654669688e-8,9.77293623805e-8,8.02324464644e-8,6.94818211855e-8,7.836971605e-8,9.78406244911e-9,1.204755673e-8,9.07263331129e-9,5.64421887006e-9,5.01526331576e-9,3.00480018645e-9,4.8452414303e-10,5.13009301706e-10,2.81441758787e-10,1.81014286893e-10,3.9392655804e-10,2.65732519322e-10,5.3349241691e-11,1.95649902529e-11,2.48396511693e-11,1.55004585556e-11,1.28983473208e-11,2.40072978858e-11,3.39543566874e-11,1.80916184811e-11,1.39873451363e-11,1.00281432464e-11,5.97650965176e-12,2.43088838989e-12,2.73650459931e-12]},"melbands_crest":{"dmean":3.09321284294,"dmean2":4.67489671707,"dvar":10.8809871674,"dvar2":22.9059524536,"max":38.8765602112,"mean":16.4830627441,"median":15.535443306,"min":1.7166223526,"var":36.879650116},"melbands_flatness_db":{"dmean":0.0305738206953,"dmean2":0.042968545109,"dvar":0.00121953734197,"dvar2":0.00250152964145,"max":0.676663994789,"mean":0.294949263334,"median":0.280492454767,"min":0.00360448821448,"var":0.0106641473249},"melbands_kurtosis":{"dmean":19.7543525696,"dmean2":30.2456283569,"dvar":2133.84570312,"dvar2":4846.77099609,"max":908.708862305,"mean":31.9862689972,"median":12.3117866516,"min":-1.80050253868,"var":3340.95483398},"melbands_skewness":{"dmean":1.13569712639,"dmean2":1.65873193741,"dvar":2.65594339371,"dvar2":5.57718515396,"max":25.4160823822,"mean":3.45851778984,"median":2.73760032654,"min":-2.69272232056,"var":7.23283195496},"melbands_spread":{"dmean":4.16532754898,"dmean2":6.21845674515,"dvar":61.975353241,"dvar2":132.134368896,"max":238.058609009,"mean":12.4544467926,"median":8.77725791931,"min":0.39660102129,"var":199.160552979},"mfcc":{"cov":[[16428.8457031,-1021.68408203,-809.337036133,342.127441406,-30.7244148254,111.328781128,58.4402122498,281.110198975,-23.5303916931,93.5243453979,179.848846436,-66.7860107422,95.5419769287],[-1021.68408203,1977.64147949,37.3614501953,-96.5766372681,158.50479126,-17.1380500793,1.08163571358,-16.5344696045,57.1187705994,-11.5358114243,-11.5987644196,24.4498767853,27.467754364],[-809.337036133,37.3614501953,837.647705078,204.785217285,143.978942871,152.670349121,18.3036003113,48.9170913696,45.5742645264,-6.8413567543,-39.1839332581,23.9558582306,0.381216645241],[342.127441406,-96.5766372681,204.785217285,393.93182373,185.027053833,73.1667022705,-3.87674069405,51.2363395691,64.5535049438,31.1212730408,-10.8980531693,4.09473991394,39.4021644592],[-30.7244148254,158.50479126,143.978942871,185.027053833,344.401916504,112.019828796,-13.6388645172,30.5559005737,82.0974197388,50.5594291687,-24.9507293701,6.46527957916,28.8257770538],[111.328781128,-17.1380500793,152.670349121,73.1667022705,112.019828796,233.814483643,76.1638641357,42.7911109924,55.3176383972,26.3313541412,4.26837825775,21.7979393005,15.9331474304],[58.4402122498,1.08163571358,18.3036003113,-3.87674069405,-13.6388645172,76.1638641357,209.70652771,79.6797027588,6.4511475563,20.2098503113,35.5380134583,16.7244434357,6.56104326248],[281.110198975,-16.5344696045,48.9170913696,51.2363395691,30.5559005737,42.7911109924,79.6797027588,147.465759277,57.8873023987,13.0760145187,24.7050323486,15.8033103943,23.4798736572],[-23.5303916931,57.1187705994,45.5742645264,64.5535049438,82.0974197388,55.3176383972,6.4511475563,57.8873023987,158.121536255,52.9247016907,-7.80396413803,14.1952581406,25.3258495331],[93.5243453979,-11.5358114243,-6.8413567543,31.1212730408,50.5594291687,26.3313541412,20.2098503113,13.0760145187,52.9247016907,119.402580261,35.0801200867,7.70508718491,3.86970663071],[179.848846436,-11.5987644196,-39.1839332581,-10.8980531693,-24.9507293701,4.26837825775,35.5380134583,24.7050323486,-7.80396413803,35.0801200867,116.445304871,33.7112236023,1.30514419079],[-66.7860107422,24.4498767853,23.9558582306,4.09473991394,6.46527957916,21.7979393005,16.7244434357,15.8033103943,14.1952581406,7.70508718491,33.7112236023,100.464012146,48.9494590759],[95.5419769287,27.467754364,0.381216645241,39.4021644592,28.8257770538,15.9331474304,6.56104326248,23.4798736572,25.3258495331,3.86970663071,1.30514419079,48.9494590759,110.50226593]],"icov":[[0.0000753533022362,0.0000218058430619,0.000106237392174,-0.0000987895400613,0.000041308652726,-0.000111878172902,0.0000926885841182,-0.000197813758859,0.000112275098218,-0.0000461426498077,-0.0000683977777953,0.000101710887975,-0.0000621918516117],[0.0000218058430619,0.00059539580252,-0.0000512341466674,0.000361081998562,-0.000535445986316,0.000294232479064,-0.000204242722248,0.000209770485526,-0.000328159891069,0.000321312778397,-0.000183203854249,0.00000263338620243,-0.000165665711393],[0.000106237392174,-0.0000512341466674,0.00174877990503,-0.000879479397554,0.0000800256675575,-0.00105474400334,0.000355157681042,-0.000686425250024,0.000389355787775,0.000128459199914,0.000584980938584,-0.000604023807682,0.000651341688354],[-0.0000987895400613,0.000361081998562,-0.000879479397554,0.00427033938468,-0.00204875087366,0.000475236651255,0.0000499255547766,-0.000326017587213,-0.000538968364708,0.0000770109327277,-0.000366376771126,0.000725926598534,-0.00118817936163],[0.000041308652726,-0.000535445986316,0.0000800256675575,-0.00204875087366,0.00543463090435,-0.00214661937207,0.00127625477035,-0.000583902467042,-0.000221155336476,-0.00177895673551,0.00120103685185,0.0000603034022788,-0.000160155279445],[-0.000111878172902,0.000294232479064,-0.00105474400334,0.000475236651255,-0.00214661937207,0.00710036605597,-0.00293844891712,0.0011957231909,-0.00185308500659,0.000589662173297,-0.000277380866464,-0.000726777245291,0.0000436284935859],[0.0000926885841182,-0.000204242722248,0.000355157681042,0.0000499255547766,0.00127625477035,-0.00293844891712,0.00778334820643,-0.00463417870924,0.00223411526531,-0.00166871596593,-0.000359243858838,-0.00014047876175,0.000177791982424],[-0.000197813758859,0.000209770485526,-0.000686425250024,-0.000326017587213,-0.000583902467042,0.0011957231909,-0.00463417870924,0.0120845790952,-0.00497891567647,0.00262008979917,-0.00254082796164,0.00061647396069,-0.00126891606487],[0.000112275098218,-0.000328159891069,0.000389355787775,-0.000538968364708,-0.000221155336476,-0.00185308500659,0.00223411526531,-0.00497891567647,0.0110091967508,-0.00489994324744,0.00275799375959,-0.000926999142393,-0.00054802338127],[-0.0000461426498077,0.000321312778397,0.000128459199914,0.0000770109327277,-0.00177895673551,0.000589662173297,-0.00166871596593,0.00262008979917,-0.00489994324744,0.0125254085287,-0.00466445554048,0.000915001204703,0.000187668265426],[-0.0000683977777953,-0.000183203854249,0.000584980938584,-0.000366376771126,0.00120103685185,-0.000277380866464,-0.000359243858838,-0.00254082796164,0.00275799375959,-0.00466445554048,0.0127803040668,-0.00504422513768,0.00213595293462],[0.000101710887975,0.00000263338620243,-0.000604023807682,0.000725926598534,0.0000603034022788,-0.000726777245291,-0.00014047876175,0.00061647396069,-0.000926999142393,0.000915001204703,-0.00504422513768,0.0153494710103,-0.0069383457303],[-0.0000621918516117,-0.000165665711393,0.000651341688354,-0.00118817936163,-0.000160155279445,0.0000436284935859,0.000177791982424,-0.00126891606487,-0.00054802338127,0.000187668265426,0.00213595293462,-0.0069383457303,0.0130278179422]],"mean":[-735.188232422,141.60874939,28.6639003754,16.775604248,10.1883516312,10.4700889587,5.54178142548,6.63136816025,-2.69236803055,0.0853824391961,3.98406863213,-0.988679230213,-1.50348877907]},"pitch_salience":{"dmean":0.0736965537071,"dmean2":0.113580405712,"dvar":0.00561951240525,"dvar2":0.0132500370964,"max":0.897235810757,"mean":0.496910363436,"median":0.499455869198,"min":0.0591507107019,"var":0.0152777889743},"silence_rate_20dB":{"dmean":0.000775013584644,"dmean2":0.0015501473099,"dvar":0.00077449483797,"dvar2":0.00232275994495,"max":1,"mean":0.999612510204,"median":1,"min":0,"var":0.000387302483432},"silence_rate_30dB":{"dmean":0.0571960024536,"dmean2":0.114400871098,"dvar":0.0539287663996,"dvar2":0.101766638458,"max":1,"mean":0.896466195583,"median":1,"min":0,"var":0.092825062573},"silence_rate_60dB":{"dmean":0.0279004890472,"dmean2":0.0558053031564,"dvar":0.0271263830364,"dvar2":0.0598202869296,"max":1,"mean":0.212802231312,"median":0,"min":0,"var":0.167515695095},"spectral_centroid":{"dmean":176.531219482,"dmean2":271.303131104,"dvar":93032.4375,"dvar2":192815.890625,"max":11679.4414062,"mean":781.683105469,"median":635.993041992,"min":110.480697632,"var":367329.375},"spectral_complexity":{"dmean":2.53801441193,"dmean2":3.96558666229,"dvar":21.072725296,"dvar2":43.8468437195,"max":56,"mean":9.6411190033,"median":8,"min":0,"var":55.3534011841},"spectral_contrast_coeffs":{"dmean":[0.0457693375647,0.0467907711864,0.0396216772497,0.0329569019377,0.0235302299261,0.0169010236859],"dmean2":[0.0745442137122,0.0750309899449,0.0618657507002,0.052159357816,0.0368533991277,0.0262029096484],"dvar":[0.00174541689921,0.00183993286919,0.00126337772235,0.000918495003134,0.000467980717076,0.000255014136201],"dvar2":[0.00446057971567,0.00442898320034,0.00281883124262,0.00205771392211,0.00104702147655,0.000554294208996],"max":[-0.29945987463,-0.331080019474,-0.42255115509,-0.455771148205,-0.569139182568,-0.622437238693],"mean":[-0.665815889835,-0.705271184444,-0.742840707302,-0.772061944008,-0.801365733147,-0.806453108788],"median":[-0.666303873062,-0.714306712151,-0.751520693302,-0.781151771545,-0.80785048008,-0.808195233345],"min":[-0.969093441963,-0.970577001572,-0.978076994419,-0.965645134449,-0.962650120258,-0.966301679611],"var":[0.00665533356369,0.00874110776931,0.00716255744919,0.00500940298662,0.00287518301047,0.00169722794089]},"spectral_contrast_valleys":{"dmean":[0.445224136114,0.421656280756,0.391556143761,0.38680177927,0.361628144979,0.398294448853],"dmean2":[0.688312768936,0.682959914207,0.60678344965,0.588590979576,0.5140452981,0.494399487972],"dvar":[0.283220678568,0.244176462293,0.214997887611,0.250266462564,0.244750529528,0.306971907616],"dvar2":[0.54858392477,0.568640053272,0.441563814878,0.493488222361,0.4402346313,0.510614871979],"max":[-4.38594865799,-4.43154668808,-4.74908876419,-4.89326715469,-5.37609434128,-7.65455675125],"mean":[-7.4443693161,-7.60465431213,-8.39761447906,-8.95958900452,-9.0757226944,-11.1115112305],"median":[-6.99684238434,-7.35009288788,-8.16744995117,-8.6876001358,-8.65697860718,-10.6114025116],"min":[-27.7398548126,-28.0120792389,-27.6605434418,-27.5253143311,-27.4061908722,-27.35912323],"var":[2.91872262955,2.33030247688,2.41378259659,2.7044403553,3.1600291729,3.66675400734]},"spectral_decrease":{"dmean":5.38906208547e-9,"dmean2":8.52603410095e-9,"dvar":2.00304074966e-16,"dvar2":4.98923369998e-16,"max":1.74348578109e-12,"mean":-9.26479248875e-9,"median":-4.48243797635e-9,"min":-1.21534995401e-7,"var":2.54445653331e-16},"spectral_energy":{"dmean":0.0209030825645,"dmean2":0.0330423116684,"dvar":0.00301632215269,"dvar2":0.00749196484685,"max":0.469534665346,"mean":0.0362234413624,"median":0.0176772400737,"min":9.96024573785e-21,"var":0.00384240644053},"spectral_energyband_high":{"dmean":0.000482917152112,"dmean2":0.000762012845371,"dvar":0.00000227566579269,"dvar2":0.0000057403849496,"max":0.0160685330629,"mean":0.000502261798829,"median":0.0000796786916908,"min":6.93181553846e-21,"var":0.00000208506457966},"spectral_energyband_low":{"dmean":0.0166000649333,"dmean2":0.026319520548,"dvar":0.00218157051131,"dvar2":0.00535377347842,"max":0.406849622726,"mean":0.0237258654088,"median":0.00761499814689,"min":1.99735857778e-23,"var":0.0026068915613},"spectral_energyband_middle_high":{"dmean":0.00207124836743,"dmean2":0.00345141231082,"dvar":0.0000888872818905,"dvar2":0.000252177851507,"max":0.155568391085,"mean":0.0033824108541,"median":0.000795903732069,"min":1.35467950529e-21,"var":0.0000742605989217},"spectral_energyband_middle_low":{"dmean":0.00635979976505,"dmean2":0.0112627046183,"dvar":0.000417665345594,"dvar2":0.00121245568153,"max":0.219410598278,"mean":0.0094473650679,"median":0.00532512273639,"min":2.28673560323e-22,"var":0.000287811388262},"spectral_entropy":{"dmean":0.23645798862,"dmean2":0.336258351803,"dvar":0.0761215761304,"dvar2":0.140839323401,"max":9.81529140472,"mean":7.04863214493,"median":7.18395328522,"min":4.31986427307,"var":0.60198199749},"spectral_flux":{"dmean":0.0358103401959,"dmean2":0.053381152451,"dvar":0.00498671177775,"dvar2":0.00939913094044,"max":0.657918930054,"mean":0.0833693817258,"median":0.0520250946283,"min":6.54662435373e-11,"var":0.0105884065852},"spectral_kurtosis":{"dmean":4.23286962509,"dmean2":6.8462061882,"dvar":66.6848526001,"dvar2":182.87487793,"max":159.524627686,"mean":12.0132408142,"median":5.23749685287,"min":-1.24158906937,"var":387.259674072},"spectral_rms":{"dmean":0.00115923746489,"dmean2":0.0016950579593,"dvar":0.00000559228328711,"dvar2":0.0000123318113765,"max":0.0214028637856,"mean":0.00466106971726,"median":0.00415284093469,"min":3.11726057294e-12,"var":0.0000136143444252},"spectral_rolloff":{"dmean":293.584869385,"dmean2":496.725585938,"dvar":845317.75,"dvar2":2036235.25,"max":19466.015625,"mean":779.402038574,"median":452.197265625,"min":21.533203125,"var":1913798.5},"spectral_skewness":{"dmean":0.396273493767,"dmean2":0.614523470402,"dvar":0.272565454245,"dvar2":0.675911188126,"max":10.8109025955,"mean":2.39481186867,"median":1.9411509037,"min":-0.177394270897,"var":2.07837772369},"spectral_spread":{"dmean":931989.0625,"dmean2":1288094.75,"dvar":2028608815100,"dvar2":3649569292290,"max":41164888,"mean":4899611.5,"median":4523587.5,"min":551193.5,"var":6716701278210},"spectral_strongpeak":{"dmean":0.327102571726,"dmean2":0.549227416515,"dvar":0.402528047562,"dvar2":0.939961612225,"max":10.4235477448,"mean":0.632619678974,"median":0.30364304781,"min":0,"var":0.959659278393},"zerocrossingrate":{"dmean":0.00968536082655,"dmean2":0.0117971654981,"dvar":0.00019123533275,"dvar2":0.000248994358117,"max":0.51171875,"mean":0.0408641137183,"median":0.0341796875,"min":0.001953125,"var":0.00141906354111}},"metadata":{"audio_properties":{"analysis_sample_rate":44100,"bit_rate":192000,"codec":"mp3","downmix":"mix","equal_loudness":0,"length":299.598358154,"lossless":false,"md5_encoded":"068f544920895cfe2bcf634de9994c16","replay_gain":-11.9103946686,"sample_rate":44100},"tags":{"album":["Illumination"],"albumartist":["Earth Wind &amp; Fire"],"artist":["Earth Wind &amp; Fire"],"date":["2005"],"file_name":"22640.mp3","genre":["Other"],"musicbrainz_recordingid":["f602f5df-83e2-4793-8057-5755d9cfa37f"],"title":["pass you by"],"tracknumber":["8"]},"version":{"essentia":"2.1-beta2","essentia_build_sha":"70f2e5ece6736b2c40cc944ad0e695b16b925413","essentia_git_sha":"v2.1_beta2","extractor":"music 1.0"}},"rhythm":{"beats_count":476,"beats_loudness":{"dmean":0.0613139942288,"dmean2":0.102871723473,"dvar":0.00425321096554,"dvar2":0.0133225312456,"max":0.404694139957,"mean":0.151398345828,"median":0.140026688576,"min":9.86627890498e-10,"var":0.011435283348},"beats_loudness_band_ratio":{"dmean":[0.0994289368391,0.0380222499371,0.0355835258961,0.0342297405005,0.0160968061537,0.0123368194327],"dmean2":[0.174809247255,0.0669735223055,0.0600402504206,0.0632333829999,0.0312214586884,0.0214486215264],"dvar":[0.0148260965943,0.00259874388576,0.00385549943894,0.0043927654624,0.000280285050394,0.000151064727106],"dvar2":[0.0396854802966,0.00609719799832,0.00925080571324,0.0123661588877,0.00084830186097,0.000456152338302],"max":[0.989865720272,0.616544127464,0.660456299782,0.730266153812,0.122113987803,0.102264165878],"mean":[0.849804699421,0.0576204098761,0.0466150827706,0.0299860462546,0.0113921659067,0.0176388919353],"median":[0.907261252403,0.0212891362607,0.0119384378195,0.016002740711,0.00522019853815,0.0148814357817],"min":[0.0000754161956138,0.0000309901006403,0.000277701299638,0.00016823566