{"lowlevel":{"average_loudness":0.244313582778,"barkbands":{"dmean":[2.6735202141e-7,0.00000146936463352,0.00000585720863455,0.000038384081563,0.000276805483736,0.000389090739191,0.000351959199179,0.0000791792554082,0.00047789743985,0.000352961855242,0.000175231791218,0.000109915898065,0.0000732385888114,0.0000869238429004,0.000207593591767,0.000136039452627,0.000256511557382,0.000393852562411,0.000108959458885,0.0000600017810939,0.0000025680244562,8.05640240742e-7,1.36288875296e-7,6.72065851859e-8,4.09078992902e-8,2.59091192945e-9,4.70410821407e-10],"dmean2":[4.83484143388e-7,0.00000232693741964,0.00000908388210519,0.0000578542239964,0.000364467938198,0.000529271084815,0.000510978105012,0.000113175192382,0.000649694935419,0.000475376698887,0.000238874694332,0.00014997368271,0.000104805149022,0.000125957623823,0.000300070358207,0.00020334625151,0.000374126015231,0.000576056831051,0.000155918954988,0.0000879120416357,0.00000371400369659,0.00000112958105092,1.98369136228e-7,9.79341763241e-8,6.05590813052e-8,3.95243970885e-9,8.58905113699e-10],"dvar":[8.15895094541e-12,1.11278063153e-10,1.16285348017e-9,1.61935265197e-8,0.00000109995062303,0.00000238374423134,0.00000385324801755,1.34530083074e-7,0.00000301172394757,0.00000246890272138,6.20918854111e-7,1.77786091626e-7,1.06775580377e-7,9.61146113809e-8,4.81913787098e-7,3.22991866142e-7,6.67229187457e-7,0.00000105455615085,8.82002453295e-8,6.36802326426e-8,1.96801186458e-10,9.32817278282e-12,1.534647111e-13,6.56678894205e-14,2.64876265859e-14,1.20055763261e-16,5.12740599913e-18],"dvar2":[2.48732458241e-11,3.18354786977e-10,2.92454838124e-9,3.56936986634e-8,0.00000188651608823,0.00000450019069831,0.00000951324273046,2.68943040282e-7,0.0000056664944168,0.00000453244092569,0.00000117216109174,3.34738388119e-7,2.17052644302e-7,2.01354524165e-7,9.99294570647e-7,7.92998264387e-7,0.00000128708313696,0.00000226566430683,1.73453841512e-7,1.52716992829e-7,4.23544255224e-10,2.05611395965e-11,3.21419025293e-13,1.46247827759e-13,5.19114577171e-14,2.80322827507e-16,1.31153506218e-17],"max":[0.0000833507365314,0.000405292928917,0.00127579586115,0.00241669989191,0.0484505183995,0.04601380229,0.0815384015441,0.00869618169963,0.0457960702479,0.0564441382885,0.0353549830616,0.0114692635834,0.0119897928089,0.00715623050928,0.0162380933762,0.0136249717325,0.0240116044879,0.0239583551884,0.00727494386956,0.00800952035934,0.000548025942408,0.0000945870488067,0.000010329914403,0.0000111919607662,0.00000492751314596,3.83017692229e-7,9.10899018436e-8],"mean":[2.07786172268e-7,0.00000158369607561,0.00000932606053539,0.0000561750239285,0.000711959495675,0.00073808291927,0.000748189981095,0.000136800576001,0.001193031203,0.0006720063393,0.000373137998395,0.000209938545595,0.000148030507262,0.000188668695046,0.000413402711274,0.000266073999228,0.000563928973861,0.000923252722714,0.00024679210037,0.000110039691208,0.00000402213527195,0.00000160699676144,2.81072573216e-7,1.30406192511e-7,7.29777411834e-8,4.51724968542e-9,4.53589998894e-10],"median":[9.72081970474e-10,2.53099699421e-7,5.71560292428e-7,0.00000275807178696,0.000141630211147,0.0000425270081905,0.0000490104648634,0.00000307066329697,0.0000137488641485,0.00000838225787447,0.00000170961482127,0.00000219863454731,0.00000156795522344,0.00000368327482647,0.0000093143171398,0.00000925607128011,0.0000336033044732,0.0000674077964504,0.0000211832903005,0.00000814903796709,3.52921460944e-7,1.46943023083e-7,2.42938789086e-8,1.70437424174e-8,1.09263549319e-8,8.6184992476e-10,9.70473978956e-11],"min":[4.33214651104e-25,6.44586430088e-25,1.64748916194e-24,5.2330113667e-25,1.39558865801e-23,6.76666425153e-24,1.05212169644e-23,4.99847079224e-24,1.22230936484e-23,1.12113093288e-23,2.35517878464e-23,3.14435760081e-23,3.37310738403e-23,4.71886937846e-23,5.02907031232e-23,5.81365811579e-23,8.31335826931e-23,1.03123816591e-22,1.34093555408e-22,1.96148156247e-22,2.97453042607e-22,3.29504473808e-22,3.21519838295e-22,5.97210922208e-22,8.76297793572e-22,1.49006944316e-21,1.96960468409e-21],"var":[5.17209929399e-12,6.87793016985e-11,1.69065228484e-9,2.76648410846e-8,0.00000635084052192,0.0000071839026532,0.00000638804203845,3.49387761389e-7,0.0000122013352666,0.00000776562228566,0.00000274390345112,5.64705715078e-7,3.58109360832e-7,3.76401374069e-7,0.00000145023250298,7.84644043961e-7,0.00000225632425099,0.00000392524043491,3.66115159522e-7,1.28340047922e-7,4.00996152949e-10,2.13952796452e-11,4.67151707942e-13,1.17703007172e-13,5.08673303674e-14,1.89803963384e-16,4.50657386219e-18]},"barkbands_crest":{"dmean":2.2435541153,"dmean2":3.48980641365,"dvar":4.51283884048,"dvar2":10.7976541519,"max":26.0351753235,"mean":11.0054187775,"median":10.3001422882,"min":3.35840940475,"var":17.4363040924},"barkbands_flatness_db":{"dmean":0.0249544773251,"dmean2":0.0374417006969,"dvar":0.000722732685972,"dvar2":0.00165682472289,"max":0.476763308048,"mean":0.254938215017,"median":0.263064056635,"min":0.0364443324506,"var":0.00495198881254},"barkbands_kurtosis":{"dmean":3.45204353333,"dmean2":5.44577121735,"dvar":61.8426017761,"dvar2":135.020294189,"max":358.283569336,"mean":4.28670930862,"median":0.650616288185,"min":-1.96830868721,"var":132.155532837},"barkbands_skewness":{"dmean":0.654754579067,"dmean2":0.968974113464,"dvar":0.547412097454,"dvar2":1.2058993578,"max":14.7627191544,"mean":0.453455477953,"median":0.350496470928,"min":-6.55790662766,"var":3.91572523117},"barkbands_spread":{"dmean":5.26364660263,"dmean2":8.30296516418,"dvar":40.9126358032,"dvar2":92.9648208618,"max":126.427764893,"mean":18.8892993927,"median":16.3293800354,"min":0.256111681461,"var":153.952804565},"dissonance":{"dmean":0.0153475925326,"dmean2":0.0249868668616,"dvar":0.000322655017953,"dvar2":0.000873426848557,"max":0.500000059605,"mean":0.460367560387,"median":0.470270574093,"min":0.213480353355,"var":0.00133717327844},"dynamic_complexity":13.0055274963,"erbbands":{"dmean":[0.0000190001410374,0.00046558395843,0.00504084583372,0.0611328668892,0.332122087479,0.982026100159,2.61840486526,2.8688390255,5.84387636185,2.97403645515,2.68702983856,11.6525640488,10.2985935211,10.0166950226,4.93693733215,3.75150060654,2.83748912811,3.60587239265,8.18333625793,9.63010215759,6.76054334641,13.2010202408,21.4867095947,8.94239234924,5.21902561188,2.18830084801,0.261801302433,0.0455909743905,0.032538626343,0.0131931621581,0.00210575875826,0.00069871469168,0.00161392882001,0.000774666666985,0.000110235989268,0.0000134502224682,0.00000723928997104,0.00000126745351281,0.00000132719162593,0.00000264056643573],"dmean2":[0.0000317641497531,0.000722069002222,0.00765214813873,0.0901067629457,0.484706997871,1.30465602875,3.42410230637,4.00873279572,8.49481678009,4.20140457153,3.63272190094,16.2685699463,14.1775112152,13.6674861908,6.7538433075,5.16436386108,3.90942192078,5.07267332077,11.7312726974,14.055021286,9.59832954407,19.0893154144,30.826757431,12.7949371338,7.18039751053,3.08269762993,0.363596767187,0.0639395937324,0.0459711290896,0.0182902682573,0.00294234836474,0.00101862719748,0.00239697750658,0.00113264273386,0.000160645795404,0.0000199383539439,0.0000103777101685,0.00000181370307928,0.00000171676390437,0.00000343096530742],"dvar":[4.01093096514e-8,0.00000932054172154,0.000687117106281,0.0400976017118,0.674661338329,7.51819515228,304.1668396,142.837890625,1257.71972656,180.902511597,107.608512878,2494.39624023,1982.25415039,1831.51818848,353.639221191,225.830215454,155.032012939,156.33833313,933.625366211,1194.48718262,659.519897461,1724.85742188,3062.63647461,543.366210938,375.076324463,63.5456466675,1.02373874187,0.0446758046746,0.0162313617766,0.00137684354559,0.0000385573075619,0.00000667986705594,0.0000418205017922,0.0000092109776233,2.44370596647e-7,3.73787178987e-9,6.06776240364e-10,1.92743182525e-11,9.45649027834e-12,3.82777767816e-11],"dvar2":[1.1429292357e-7,0.0000265754388238,0.001784209162,0.0882194042206,1.48368930817,14.0079612732,475.47845459,300.486022949,3229.43798828,373.434570312,192.518981934,4873.48046875,3632.88964844,3477.1394043,711.796630859,418.383911133,305.75692749,308.455047607,1942.46496582,2543.34375,1461.24951172,3131.68969727,6215.72021484,1085.14453125,774.665283203,135.275115967,2.13089203835,0.100072994828,0.0361703932285,0.00261315144598,0.0000744069257053,0.0000143515362652,0.0000938570083235,0.000018011109205,4.71831668847e-7,8.80047856811e-9,1.33291344628e-9,4.40581876537e-11,1.61376502439e-11,6.63067031836e-11],"max":[0.00890987180173,0.114432819188,0.977938890457,4.24156856537,17.328792572,99.6398696899,761.856201172,444.506866455,1454.56555176,338.56036377,258.560699463,1436.9173584,2239.74487305,1066.75231934,584.864318848,407.728088379,418.861206055,243.125473022,704.169372559,961.76171875,761.442382812,1263.08447266,1360.17675781,540.684326172,570.388061523,246.343078613,36.5670471191,6.73261880875,4.40004253387,0.980664908886,0.173883810639,0.0857440903783,0.283248692751,0.10035700351,0.0134024685249,0.0025248490274,0.000538914231583,0.000149172643432,0.0000607185538684,0.000133749330416],"mean":[0.0000204816005862,0.000591862772126,0.00869247782975,0.106753319502,0.650345921516,2.48797726631,6.03938007355,5.36377334595,11.8009366989,6.38823843002,6.33358192444,27.6271152496,23.3707523346,20.3474559784,11.4931201935,8.12756538391,6.31661653519,8.40946769714,16.9745521545,21.2695789337,16.8701839447,33.0261573792,53.7656784058,23.0579490662,11.5185279846,4.50604581833,0.499342858791,0.0860854759812,0.065013460815,0.0298261735588,0.00472074188292,0.00137976650149,0.00306230341084,0.00147593033034,0.000201799935894,0.0000282995442831,0.0000157445465447,0.00000333874163516,0.00000490565844302,0.00000977432773652],"median":[0.00000499922862218,0.000137166556669,0.00126621150412,0.0150035386905,0.187486082315,0.40980899334,0.372092962265,0.596283555031,1.07065200806,0.534024000168,0.2023807019,0.317303359509,0.600281059742,0.208050593734,0.105979755521,0.0998543202877,0.085672467947,0.204598784447,0.349826991558,0.571678996086,0.762369155884,2.10221624374,3.86355733871,1.90911376476,1.08106946945,0.399501502514,0.0649363994598,0.0133536597714,0.0069196196273,0.0025947811082,0.000511702091899,0.000170404673554,0.000424342782935,0.000254296755884,0.0000323617859976,0.00000518697561347,0.00000350557684214,5.73392640035e-7,9.43923680552e-7,0.00000191933986571],"min":[1.15098908148e-22,3.60450389025e-22,3.01413891755e-21,3.88011482589e-21,1.77492635368e-20,3.68104193692e-20,4.27455307371e-20,8.65869077648e-20,1.70376355322e-19,1.05305274782e-19,2.49298975884e-19,3.28777487668e-19,5.35134984714e-19,8.89428021599e-19,1.33094229099e-18,1.46060450637e-18,1.66348089136e-18,2.32696928493e-18,2.44160514409e-18,3.24396082569e-18,3.0066152042e-18,5.60964112931e-18,6.38971959625e-18,5.34692153573e-18,7.73070344629e-18,9.1782248505e-18,1.30899487324e-17,1.11753184363e-17,9.547689207e-18,1.25947843556e-17,1.00426170101e-17,1.33297525279e-17,1.06815859091e-17,8.82960379108e-18,6.80639735416e-18,4.5735457133e-18,2.29448342073e-18,1.035840024e-18,2.65290341679e-19,2.92067393029e-20],"var":[2.41178312876e-8,0.00000617550858806,0.000913937634323,0.0807347148657,1.43212997913,38.7977561951,1475.65405273,283.914703369,1758.03662109,411.256896973,391.091369629,8566.93261719,7823.39013672,4983.1015625,1575.87866211,839.050842285,531.005859375,667.287353516,2855.72949219,3893.95068359,2401.34057617,6989.609375,12879.6113281,2688.14331055,976.229736328,155.774353027,2.43417978287,0.102560989559,0.0376191660762,0.00495380861685,0.000125910126371,0.000014612830455,0.0000705765341991,0.0000185144799616,4.42953876245e-7,5.50643530772e-9,1.3301562074e-9,4.87296661356e-11,5.89928383921e-11,2.3480475897e-10]},"erbbands_crest":{"dmean":2.62719011307,"dmean2":4.20388889313,"dvar":5.89912748337,"dvar2":14.6556901932,"max":29.0923862457,"mean":12.1570711136,"median":11.5761737823,"min":2.51004743576,"var":20.0537223816},"erbbands_flatness_db":{"dmean":0.0215479843318,"dmean2":0.0329734869301,"dvar":0.000735108042136,"dvar2":0.00178026256617,"max":0.477352797985,"mean":0.310561358929,"median":0.315762400627,"min":0.0271631479263,"var":0.00369659485295},"erbbands_kurtosis":{"dmean":2.52265381813,"dmean2":4.05319404602,"dvar":19.4360752106,"dvar2":48.514503479,"max":103.097213745,"mean":3.00051927567,"median":0.183245301247,"min":-1.95123934746,"var":43.5403251648},"erbbands_skewness":{"dmean":0.564130723476,"dmean2":0.850364506245,"dvar":0.379133284092,"dvar2":0.857228040695,"max":8.66661834717,"mean":-0.625976085663,"median":-0.588917136192,"min":-6.06595993042,"var":2.29774785042},"erbbands_spread":{"dmean":6.62375450134,"dmean2":10.1636543274,"dvar":64.0862045288,"dvar2":143.657302856,"max":109.061279297,"mean":26.8584041595,"median":23.9305210114,"min":1.44506013393,"var":287.53112793},"gfcc":{"cov":[[45252.0664062,7821.65039062,-7004.06542969,-1956.69787598,-3780.92626953,-2027.10583496,-827.689208984,-1219.0814209,-116.045845032,-1974.5111084,247.96333313,-1298.36779785,737.383300781],[7821.65039062,2659.60400391,-487.716796875,-217.153762817,-663.770812988,-507.521881104,-190.421127319,-287.071014404,-103.653884888,-331.75894165,35.8730430603,-249.861541748,137.982025146],[-7004.06542969,-487.716796875,2161.55151367,734.130004883,449.042510986,112.24886322,37.9026260376,172.13092041,-37.4761390686,294.53515625,-4.40101289749,173.283782959,-121.886230469],[-1956.69787598,-217.153762817,734.130004883,981.315002441,285.403167725,-153.948822021,-117.827079773,103.477775574,-106.92742157,200.138809204,-29.190328598,65.7940292358,-31.4744796753],[-3780.92626953,-663.770812988,449.042510986,285.403167725,704.033508301,237.088226318,52.1675987244,135.489334106,8.13174819946,226.000808716,-50.1271629333,140.990768433,-81.0535736084],[-2027.10583496,-507.521881104,112.24886322,-153.948822021,237.088226318,587.174560547,199.100769043,78.5654602051,43.6254577637,103.354881287,-29.1337604523,49.4199943542,-43.0254020691],[-827.689208984,-190.421127319,37.9026260376,-117.827079773,52.1675987244,199.100769043,247.8074646,84.8793106079,23.6823577881,6.25530338287,-13.1005477905,26.1356544495,-46.5007820129],[-1219.0814209,-287.071014404,172.13092041,103.477775574,135.489334106,78.5654602051,84.8793106079,239.204498291,36.7777404785,46.3087692261,-41.1275520325,9.14331531525,-48.2611045837],[-116.045845032,-103.653884888,-37.4761390686,-106.92742157,8.13174819946,43.6254577637,23.6823577881,36.7777404785,152.085968018,5.27102375031,-11.8275823593,-18.4720916748,-34.5144271851],[-1974.5111084,-331.75894165,294.53515625,200.138809204,226.000808716,103.354881287,6.25530338287,46.3087692261,5.27102375031,234.6484375,7.22789287567,63.0440177917,-21.718421936],[247.96333313,35.8730430603,-4.40101289749,-29.190328598,-50.1271629333,-29.1337604523,-13.1005477905,-41.1275520325,-11.8275823593,7.22789287567,98.3437728882,22.4495048523,2.856372118],[-1298.36779785,-249.861541748,173.283782959,65.7940292358,140.990768433,49.4199943542,26.1356544495,9.14331531525,-18.4720916748,63.0440177917,22.4495048523,149.352294922,1.10456669331],[737.383300781,137.982025146,-121.886230469,-31.4744796753,-81.0535736084,-43.0254020691,-46.5007820129,-48.2611045837,-34.5144271851,-21.718421936,2.856372118,1.10456669331,104.868118286]],"icov":[[0.000283062458038,-0.000522780639585,0.000729535473511,-0.000440810108557,0.00043903986807,-0.000109067412268,0.00013636451331,-6.8583005941e-7,-0.000360163190635,0.000651074689813,-0.000565327063669,0.000298831088003,-0.000203588162549],[-0.000522780639585,0.00162083341274,-0.0014250301756,0.000853262317833,-0.000690643501002,0.000534463848453,-0.000364060077118,0.000452603533631,0.000917274621315,-0.000821394496597,0.000973276095465,0.00026955109206,-0.000022115500542],[0.000729535473511,-0.0014250301756,0.00263294088654,-0.00160536088515,0.00116185890511,-0.000432991975686,0.00031971684075,-0.000172105123056,-0.000959813420195,0.00131980713923,-0.00149563839659,0.000159715127666,0.000103074882645],[-0.000440810108557,0.000853262317833,-0.00160536088515,0.00289800856262,-0.000984269659966,0.000980657408945,0.000591904681642,-0.000743855081964,0.00207484746352,-0.00225939392112,0.00161046744324,-0.000309084658511,0.000716857088264],[0.00043903986807,-0.000690643501002,0.00116185890511,-0.000984269659966,0.00390891404822,-0.000988370971754,0.000998006318696,-0.000590981566347,-0.000269338081125,-0.000573899887968,0.000842055480462,-0.00168298487552,0.00145017867908],[-0.000109067412268,0.000534463848453,-0.000432991975686,0.000980657408945,-0.000988370971754,0.0033508783672,-0.00216074357741,0.000394640082959,0.000257954205154,-0.00124916899949,0.00070683733793,0.000651278882287,-0.000510792131536],[0.00013636451331,-0.000364060077118,0.00031971684075,0.000591904681642,0.000998006318696,-0.00216074357741,0.00733581092209,-0.00231124088168,0.000697608280461,0.000633204937913,0.000200140202651,-0.00165437196847,0.00251619145274],[-6.8583005941e-7,0.000452603533631,-0.000172105123056,-0.000743855081964,-0.000590981566347,0.000394640082959,-0.00231124088168,0.00657606730238,-0.00125874904916,0.000334564072546,0.0014082173584,0.00119700259529,0.000296693178825],[-0.000360163190635,0.000917274621315,-0.000959813420195,0.00207484746352,-0.000269338081125,0.000257954205154,0.000697608280461,-0.00125874904916,0.00922857504338,-0.00202159420587,0.00172205071431,0.000440534582594,0.00302755343728],[0.000651074689813,-0.000821394496597,0.00131980713923,-0.00225939392112,-0.000573899887968,-0.00124916899949,0.000633204937913,0.000334564072546,-0.00202159420587,0.00964954402298,-0.00347285857424,0.000785349344369,-0.00174334703479],[-0.000565327063669,0.000973276095465,-0.00149563839659,0.00161046744324,0.000842055480462,0.00070683733793,0.000200140202651,0.0014082173584,0.00172205071431,-0.00347285857424,0.0141764702275,-0.00388185027987,0.00261944718659],[0.000298831088003,0.00026955109206,0.000159715127666,-0.000309084658511,-0.00168298487552,0.000651278882287,-0.00165437196847,0.00119700259529,0.000440534582594,0.000785349344369,-0.00388185027987,0.0116154858842,-0.00328831607476],[-0.000203588162549,-0.000022115500542,0.000103074882645,0.000716857088264,0.00145017867908,-0.000510792131536,0.00251619145274,0.000296693178825,0.00302755343728,-0.00174334703479,0.00261944718659,-0.00328831607476,0.0140936113894]],"mean":[-286.598724365,115.049995422,-189.593307495,18.3290252686,-41.4466819763,-61.8274116516,-43.5187568665,1.63764643669,-27.7737140656,-23.2554149628,-9.2472486496,-12.6939229965,-1.15556907654]},"hfc":{"dmean":2.7402100563,"dmean2":3.62454032898,"dvar":41.3446769714,"dvar2":70.8025283813,"max":130.107955933,"mean":10.0734987259,"median":1.26666152477,"min":1.1054910883e-16,"var":273.78024292},"melbands":{"dmean":[2.83347361574e-7,0.00000183570614354,0.0000176532921614,0.000041742274334,0.0000799954359536,0.0000710345120751,0.0000852981102071,0.0000283026856778,0.0000305894391204,0.0000742354968679,0.000053578572988,0.0000433084205724,0.0000208624078368,0.0000136616426971,0.00000667840140522,0.00000718193041394,0.00000705012644175,0.0000144316245496,0.0000128240635604,0.0000105511971924,0.00000884936980583,0.0000124983334899,0.0000199707501451,0.0000207992306969,0.00000665841525915,0.00000355347924597,0.00000395682855014,9.24696564653e-7,1.88245451227e-7,4.2445332582e-8,2.13307007613e-8,2.0595384953e-8,1.29102772917e-8,5.6954618799e-9,1.34349720238e-9,2.96099589292e-10,4.04483224692e-10,1.07431463725e-9,1.19040421964e-9,5.41999611858e-10],"dmean2":[4.63543500473e-7,0.00000280934750663,0.0000266554307018,0.0000566074777453,0.000104736835056,0.000100095014204,0.000122033627122,0.0000400846292905,0.0000417901756009,0.000102896425233,0.0000735054345569,0.0000591349125898,0.0000286316681013,0.0000190225055121,0.00000924537289393,0.0000100448251033,0.0000101973737401,0.0000209640911635,0.0000188112389878,0.0000152112079377,0.0000128085048345,0.0000182256480912,0.0000290242533083,0.0000302122880385,0.00000973128044279,0.00000503880346514,0.00000565757864024,0.0000013369374301,2.68694634542e-7,6.22516154181e-8,3.17648662929e-8,2.99175937357e-8,1.83489294869e-8,7.9646973461e-9,1.96340743663e-9,4.49172560257e-10,6.0453964057e-10,1.61949342825e-9,1.77891068542e-9,7.98029142768e-10],"dvar":[5.97406022221e-12,1.14221389291e-10,2.73834843689e-9,8.10716560551e-9,2.49263592877e-7,9.09415405204e-8,2.28422052828e-7,1.6110270451e-8,1.68644600507e-8,9.16643614346e-8,5.13538118696e-8,3.56051614858e-8,8.18174683559e-9,3.17643933379e-9,7.14804604396e-10,1.25993404598e-9,6.50041909189e-10,3.05951664004e-9,2.47872722348e-9,1.75024172933e-9,1.38956313123e-9,1.82561221695e-9,3.17871107214e-9,3.19992943254e-9,3.13409409536e-10,1.09341327659e-10,3.5506572682e-10,7.75597294722e-12,7.70805836693e-13,4.14484188616e-14,1.84327616918e-14,7.55036952963e-15,1.685931943e-15,2.35791287914e-16,1.83099737311e-17,1.42943758166e-18,2.3975608784e-18,2.05485345726e-17,1.85288688822e-17,4.81674219007e-18],"dvar2":[1.71653351255e-11,3.00349300986e-10,6.29478469349e-9,1.48649661469e-8,3.96236288225e-7,1.95405419845e-7,5.67559141018e-7,3.3588005266e-8,3.09460403969e-8,1.79312991122e-7,9.44482110299e-8,6.7422448069e-8,1.6103371081e-8,6.50106057876e-9,1.33778343958e-9,2.56148791067e-9,1.38113653847e-9,6.48816866899e-9,5.44828049343e-9,4.14544842897e-9,3.19449355857e-9,3.3966918167e-9,6.18185591605e-9,6.98143232114e-9,6.19208684327e-10,2.16043988255e-10,7.97143129283e-10,1.57883706109e-11,1.70889138344e-12,9.43777188019e-14,4.77599188496e-14,1.7568722017e-14,3.33492880257e-15,4.67190709997e-16,3.6620331274e-17,3.3190225032e-18,5.17188846375e-18,4.85147815097e-17,3.74977482195e-17,9.36502952978e-18],"max":[0.000100721466879,0.000404688005801,0.000826607400086,0.00228824466467,0.0224362555891,0.0114273577929,0.0196934193373,0.00318835303187,0.0035908264108,0.00880912970752,0.0110291512683,0.0047105611302,0.0032369075343,0.00162725825794,0.000736711896025,0.00152891385369,0.000497447384987,0.00128623726778,0.00146831688471,0.00118223705795,0.00114309915807,0.0013000931358,0.00177625659853,0.0011971561471,0.000429395382525,0.000301895663142,0.000621794955805,0.0000697199939168,0.0000317462909152,0.00000599943041379,0.00000526811118107,0.00000287935790766,0.00000128788906295,3.83162813478e-7,1.32346031023e-7,3.10861167918e-8,5.38636086844e-8,2.05605871884e-7,1.49251263792e-7,6.6517472419e-8],"mean":[2.86601647304e-7,0.00000283173358184,0.0000282773889921,0.000102208148746,0.000191891202121,0.000130182845169,0.000177937472472,0.0000574996047362,0.0000687040228513,0.000179973518243,0.000115701288451,0.0000850380820339,0.0000460456903966,0.0000260763354163,0.0000145948388308,0.0000147349664985,0.0000145762878674,0.0000276827267953,0.0000275580059679,0.0000217827146116,0.0000199121059268,0.0000294607852993,0.0000475687156722,0.0000464641525468,0.0000155224370246,0.00000782697316026,0.00000771848772274,0.00000177375829935,3.12538389835e-7,6.55546799067e-8,3.4453968567e-8,3.79671618589e-8,2.71986539957e-8,1.24165087101e-8,2.70000599656e-9,5.11811093507e-10,7.30773164204e-10,1.94428784184e-9,2.2236232855e-9,9.46861034024e-10],"median":[4.17530685581e-8,2.86487988888e-7,0.00000358998863703,0.0000253235084529,0.0000158087132149,0.0000116997325676,0.0000169169634319,0.00000324418761011,9.03940588159e-7,0.00000199873193196,0.00000268455755759,6.47806018605e-7,2.90983052764e-7,2.49701713528e-7,1.78986269361e-7,1.81475542149e-7,3.42395821917e-7,4.60499791188e-7,6.60509385852e-7,6.36073764326e-7,8.6772143959e-7,0.00000164786604273,0.00000303697970594,0.00000313995565193,0.00000109518214231,7.15859187039e-7,5.23231733496e-7,1.70637036945e-7,3.07704297597e-8,6.06359673583e-9,4.32906155368e-9,3.67146624214e-9,1.79102677134e-9,9.70028279923e-10,2.82902534732e-10,4.00201816131e-11,6.88090695533e-11,2.2990379045e-10,3.26559501662e-10,1.3246440056e-10],"min":[1.61905940377e-24,1.39789722001e-24,6.37482047383e-25,2.00459140677e-24,1.72749573077e-24,1.75747796719e-24,3.05055489999e-24,1.06716176347e-24,2.40017892111e-24,1.54199794853e-24,2.74349256757e-24,3.33237013357e-24,3.64203708748e-24,3.34243520986e-24,2.17723479917e-24,3.67696429849e-24,3.91095937564e-24,3.24641624377e-24,5.02744013126e-24,3.15972398016e-24,3.05538292594e-24,5.02476904823e-24,4.95398771465e-24,4.54369366367e-24,3.23663752398e-24,5.05071941657e-24,3.53078127301e-24,5.11764598134e-24,6.95622910478e-24,5.74655547727e-24,5.86332779605e-24,4.51949693312e-24,5.16484589588e-24,6.98039585861e-24,5.04371985376e-24,5.50876400701e-24,6.63923008318e-24,6.75996445587e-24,7.02677062465e-24,6.50689472203e-24],"var":[3.5718066959e-12,1.34736333202e-10,4.25067758769e-9,3.43106272283e-8,0.00000126482029827,1.79674728429e-7,3.58259882205e-7,3.52236853018e-8,5.82516896941e-8,3.30858512143e-7,1.96426384491e-7,9.63594644077e-8,3.54255078605e-8,9.15465392382e-9,2.81180212447e-9,4.34063895938e-9,2.25948038057e-9,8.87852191767e-9,7.25729965012e-9,4.39387992657e-9,4.1809244955e-9,6.28600460573e-9,1.2874417088e-8,1.0664281902e-8,1.49843437658e-9,3.97112676076e-10,7.37973737674e-10,2.07385376233e-11,1.57896829292e-12,8.32831931674e-14,2.77153855963e-14,1.52405282947e-14,5.07065982423e-15,8.60454925457e-16,5.05099146774e-17,2.65413369285e-18,4.99658945321e-18,3.07915997789e-17,3.8319840017e-17,9.25078017075e-18]},"melbands_crest":{"dmean":2.81444907188,"dmean2":4.33905982971,"dvar":7.61032533646,"dvar2":18.0123443604,"max":33.8328285217,"mean":13.4656410217,"median":12.1911687851,"min":1.59472870827,"var":37.8643913269},"melbands_flatness_db":{"dmean":0.0255179349333,"dmean2":0.037185613066,"dvar":0.00078693573596,"dvar2":0.00159861438442,"max":0.532483160496,"mean":0.263974785805,"median":0.269073605537,"min":0.00322058331221,"var":0.00674437964335},"melbands_kurtosis":{"dmean":4.61447143555,"dmean2":7.08224391937,"dvar":68.8599472046,"dvar2":150.64680481,"max":200.293182373,"mean":7.77754449844,"median":2.14811515808,"min":-1.93189764023,"var":219.098464966},"melbands_skewness":{"dmean":0.70860773325,"dmean2":1.05312883854,"dvar":0.62931573391,"dvar2":1.40446555614,"max":11.9551610947,"mean":1.46241676807,"median":1.26467251778,"min":-4.18616867065,"var":4.35822868347},"melbands_spread":{"dmean":10.9165296555,"dmean2":17.1350669861,"dvar":190.452911377,"dvar2":445.769042969,"max":171.018463135,"mean":35.9126434326,"median":27.9472064972,"min":0.538683950901,"var":779.778381348},"mfcc":{"cov":[[18676.6777344,6513.21728516,-5387.42724609,239.875442505,-1389.2890625,-2088.44311523,-903.628173828,-528.81829834,-595.869750977,-558.133728027,-385.153381348,-1267.55908203,-173.261367798],[6513.21728516,3204.16088867,-1420.6496582,98.9544067383,-365.282775879,-913.165344238,-359.548431396,-184.54536438,-330.331054688,-238.432357788,-236.259368896,-436.699890137,-120.516662598],[-5387.42724609,-1420.6496582,2302.48461914,403.94128418,473.592956543,453.046600342,217.628067017,88.6562957764,71.5240631104,86.7199249268,43.755191803,384.803710938,18.9208908081],[239.875442505,98.9544067383,403.94128418,1037.82373047,296.046813965,-274.65447998,-73.6070632935,-141.031616211,-111.471870422,-64.0548553467,-52.8934898376,-9.75827598572,-73.4297866821],[-1389.2890625,-365.282775879,473.592956543,296.046813965,519.706542969,178.731369019,54.0445747375,34.2669410706,37.6345405579,55.7430496216,18.5591583252,103.100852966,-36.1394538879],[-2088.44311523,-913.165344238,453.046600342,-274.65447998,178.731369019,647.157836914,213.592681885,96.205078125,161.408981323,91.1287460327,110.972000122,175.352310181,69.3400192261],[-903.628173828,-359.548431396,217.628067017,-73.6070632935,54.0445747375,213.592681885,250.206008911,115.633056641,72.3538513184,59.7059020996,36.1510696411,94.0454711914,35.29504776],[-528.81829834,-184.54536438,88.6562957764,-141.031616211,34.2669410706,96.205078125,115.633056641,254.379150391,98.2356109619,63.7767944336,71.1792449951,43.5257835388,41.5673561096],[-595.869750977,-330.331054688,71.5240631104,-111.471870422,37.6345405579,161.408981323,72.3538513184,98.2356109619,196.000793457,111.055374146,48.4510154724,53.5754776001,24.3907775879],[-558.133728027,-238.432357788,86.7199249268,-64.0548553467,55.7430496216,91.1287460327,59.7059020996,63.7767944336,111.055374146,182.645339966,84.319152832,39.7604560852,25.504152298],[-385.153381348,-236.259368896,43.755191803,-52.8934898376,18.5591583252,110.972000122,36.1510696411,71.1792449951,48.4510154724,84.319152832,148.075180054,50.8265342712,13.6227550507],[-1267.55908203,-436.699890137,384.803710938,-9.75827598572,103.100852966,175.352310181,94.0454711914,43.5257835388,53.5754776001,39.7604560852,50.8265342712,180.528900146,51.5609169006],[-173.261367798,-120.516662598,18.9208908081,-73.4297866821,-36.1394538879,69.3400192261,35.29504776,41.5673561096,24.3907775879,25.504152298,13.6227550507,51.5609169006,118.755210876]],"icov":[[0.00164558645338,-0.00216974923387,0.00241416553035,-0.00187124148943,0.00158981513232,-0.000709799642209,0.000107350329927,0.00038890124415,-0.00119643646758,0.00117641186807,-0.00110576360021,0.00141369435005,-0.00110638141632],[-0.00216974923387,0.00357225979678,-0.00295832403935,0.00256982096471,-0.00220326078124,0.00153663940728,-0.000101812518551,-0.000645212596282,0.0020865208935,-0.00151544879191,0.00183183082845,-0.00140541838482,0.00150532415137],[0.00241416553035,-0.00295832403935,0.00463543226942,-0.00338671263307,0.00263360957615,-0.0018563484773,0.000802645401563,-0.000483887444716,-0.000527157448232,0.000559248437639,0.0000117139470603,-0.000109582972073,-0.000462056166725],[-0.00187124148943,0.00256982096471,-0.00338671263307,0.00454941065982,-0.00384956924245,0.00326382834464,-0.00163725565653,0.00178691791371,0.0000392743313569,0.000733913446311,-0.00103316339664,0.000136814793223,-0.0000921809332795],[0.00158981513232,-0.00220326078124,0.00263360957615,-0.00384956924245,0.00616627000272,-0.00369548005983,0.00227830861695,-0.00239255023189,0.0010488666594,-0.00223658792675,0.00234743510373,-0.00163399172015,0.00218332372606],[-0.000709799642209,0.00153663940728,-0.0018563484773,0.00326382834464,-0.00369548005983,0.00682170968503,-0.00403404049575,0.00362520245835,-0.00347786396742,0.00381371472031,-0.00449257576838,0.00181120622437,-0.00271572661586],[0.000107350329927,-0.000101812518551,0.000802645401563,-0.00163725565653,0.00227830861695,-0.00403404049575,0.00900266226381,-0.00510816834867,0.00302114151418,-0.00412897998467,0.00486654182896,-0.00423942506313,0.00262280250899],[0.00038890124415,-0.000645212596282,-0.000483887444716,0.00178691791371,-0.00239255023189,0.00362520245835,-0.00510816834867,0.00971528794616,-0.00590871879831,0.00492338091135,-0.00704329181463,0.0044246907346,-0.00458954228088],[-0.00119643646758,0.0020865208935,-0.000527157448232,0.0000392743313569,0.0010488666594,-0.00347786396742,0.00302114151418,-0.00590871879831,0.0142133841291,-0.0096415868029,0.00709810806438,-0.00497524626553,0.00449764775112],[0.00117641186807,-0.00151544879191,0.000559248437639,0.000733913446311,-0.00223658792675,0.00381371472031,-0.00412897998467,0.00492338091135,-0.0096415868029,0.0156972575933,-0.0105051053688,0.00594802713022,-0.00562879443169],[-0.00110576360021,0.00183183082845,0.0000117139470603,-0.00103316339664,0.00234743510373,-0.00449257576838,0.00486654182896,-0.00704329181463,0.00709810806438,-0.0105051053688,0.0174282826483,-0.00766619993374,0.00608899956569],[0.00141369435005,-0.00140541838482,-0.000109582972073,0.000136814793223,-0.00163399172015,0.00181120622437,-0.00423942506313,0.0044246907346,-0.00497524626553,0.00594802713022,-0.00766619993374,0.0172199141234,-0.00795788038522],[-0.00110638141632,0.00150532415137,-0.000462056166725,-0.0000921809332795,0.00218332372606,-0.00271572661586,0.00262280250899,-0.00458954228088,0.00449764775112,-0.00562879443169,0.00608899956569,-0.00795788038522,0.0144695648924]],"mean":[-866.753417969,118.799606323,-62.9857978821,31.9809246063,0.93481105566,-46.9329528809,-15.2576656342,-5.35091209412,-16.3096427917,-12.4557476044,-9.23624992371,-18.1604938507,-8.38156414032]},"pitch_salience":{"dmean":0.0665273740888,"dmean2":0.101781383157,"dvar":0.00420205947012,"dvar2":0.00999835599214,"max":0.994966268539,"mean":0.632624208927,"median":0.646573126316,"min":0.0827623382211,"var":0.0272238589823},"silence_rate_20dB":{"dmean":0,"dmean2":0,"dvar":0,"dvar2":0,"max":1,"mean":1,"median":1,"min":1,"var":0},"silence_rate_30dB":{"dmean":0,"dmean2":0,"dvar":0,"dvar2":0,"max":1,"mean":1,"median":1,"min":1,"var":0},"silence_rate_60dB":{"dmean":0.0497869476676,"dmean2":0.0995962321758,"dvar":0.0473054014146,"dvar2":0.0995460003614,"max":1,"mean":0.5825111866,"median":1,"min":0,"var":0.243192613125},"spectral_centroid":{"dmean":243.822738647,"dmean2":362.882385254,"dvar":103729.203125,"dvar2":193393.234375,"max":11664.3759766,"mean":2027.89624023,"median":2015.90795898,"min":313.736938477,"var":1429296.125},"spectral_complexity":{"dmean":1.39313745499,"dmean2":2.05966806412,"dvar":6.99986934662,"dvar2":11.884636879,"max":45,"mean":6.78878927231,"median":4,"min":0,"var":53.3282775879},"spectral_contrast_coeffs":{"dmean":[0.0465614795685,0.0432400405407,0.0339835733175,0.0289604831487,0.0266365427524,0.0226793270558],"dmean2":[0.0728014782071,0.0678209140897,0.0533855706453,0.0452215708792,0.0411686450243,0.0365877822042],"dvar":[0.00209144479595,0.00153207918629,0.000944503524806,0.000712028064299,0.000609532871749,0.000486858654767],"dvar2":[0.0045037008822,0.00333433807828,0.00203433609568,0.00145055807661,0.00127793743741,0.00122159847524],"max":[-0.24937595427,-0.284857749939,-0.37938401103,-0.457708418369,-0.473656594753,-0.615422010422],"mean":[-0.567518413067,-0.678463995457,-0.748237431049,-0.768400728703,-0.72947871685,-0.761152625084],"median":[-0.528489768505,-0.65994989872,-0.76753616333,-0.797792553902,-0.748612701893,-0.757247447968],"min":[-0.984842419624,-0.982872784138,-0.980266213417,-0.9726344347,-0.967039227486,-0.963423252106],"var":[0.0231227017939,0.0191630572081,0.017540210858,0.0104412809014,0.00981221999973,0.00316501082852]},"spectral_contrast_valleys":{"dmean":[0.513536155224,0.487049371004,0.421288222075,0.430420517921,0.427243471146,0.305509418249],"dmean2":[0.795328915119,0.76860845089,0.661871671677,0.671005368233,0.663178861141,0.46373334527],"dvar":[0.194220781326,0.280127048492,0.241024419665,0.27113994956,0.290791392326,0.132838591933],"dvar2":[0.414406716824,0.578880667686,0.483096182346,0.569608807564,0.652270853519,0.251669734716],"max":[-7.8521361351,-5.37456512451,-4.9007191658,-5.6711397171,-5.79384946823,-10.9081068039],"mean":[-11.5145711899,-9.70195102692,-10.037361145,-10.1414985657,-9.39394378662,-14.2974615097],"median":[-10.9651546478,-9.11113452911,-9.53970146179,-9.64389610291,-8.89051532745,-13.9832954407],"min":[-28.1413784027,-27.9981555939,-27.7379417419,-27.7358608246,-27.49908638,-27.3691978455],"var":[5.20691013336,6.91101741791,6.68724060059,5.93332052231,5.61350011826,3.3968462944]},"spectral_decrease":{"dmean":4.96093666147e-10,"dmean2":6.49337139613e-10,"dvar":1.44783376829e-18,"dvar2":2.55254061079e-18,"max":3.38253210714e-17,"mean":-1.80249637438e-9,"median":-3.75506570283e-10,"min":-2.89327353187e-8,"var":8.25246664281e-18},"spectral_energy":{"dmean":0.00210287771188,"dmean2":0.002742996905,"dvar":0.0000251779347309,"dvar2":0.000044045082177,"max":0.115774251521,"mean":0.00771671673283,"median":0.00156707048882,"min":1.03490569765e-20,"var":0.00014860247029},"spectral_energyband_high":{"dmean":0.0000114382573884,"dmean2":0.0000161383068189,"dvar":1.1973050329e-9,"dvar2":2.51637843895e-9,"max":0.000993756810203,"mean":0.0000209913869185,"median":0.00000291204992209,"min":7.24841164777e-21,"var":3.1598217376e-9},"spectral_energyband_low":{"dmean":0.0000167553735082,"dmean2":0.0000249744480243,"dvar":5.43822187282e-9,"dvar2":1.34759190473e-8,"max":0.00277475407347,"mean":0.0000314560129482,"median":0.00000199959958991,"min":1.62177432774e-23,"var":9.88192461193e-9},"spectral_energyband_middle_high":{"dmean":0.00113186705858,"dmean2":0.00148563680705,"dvar":0.00000774404088588,"dvar2":0.0000133511184686,"max":0.0535782165825,"mean":0.00395285757259,"median":0.000287071627099,"min":1.18839055472e-21,"var":0.0000518859051226},"spectral_energyband_middle_low":{"dmean":0.00133551121689,"dmean2":0.00178003299516,"dvar":0.0000137895958687,"dvar2":0.0000261552740994,"max":0.105286985636,"mean":0.00380913424306,"median":0.00105057004839,"min":1.62573125405e-22,"var":0.0000558018764423},"spectral_entropy":{"dmean":0.164750352502,"dmean2":0.249697446823,"dvar":0.0253433641046,"dvar2":0.0536267720163,"max":9.81791591644,"mean":6.85052919388,"median":6.81999397278,"min":4.69791507721,"var":0.312208712101},"spectral_flux":{"dmean":0.0128632290289,"dmean2":0.0205555595458,"dvar":0.000392915739212,"dvar2":0.000939491263125,"max":0.27468007803,"mean":0.0335556380451,"median":0.0188256781548,"min":6.53037554588e-11,"var":0.00154210370965},"spectral_kurtosis":{"dmean":6.9935708046,"dmean2":12.3998718262,"dvar":42.5633468628,"dvar2":130.953475952,"max":67.9853973389,"mean":11.9934282303,"median":9.78992652893,"min":-1.27046537399,"var":78.3452606201},"spectral_rms":{"dmean":0.000323080341332,"dmean2":0.000404735910706,"dvar":3.02175465094e-7,"dvar2":4.5137323923e-7,"max":0.0106278164312,"mean":0.00195209798403,"median":0.00123646645807,"min":3.1775211802e-12,"var":0.00000371785358766},"spectral_rolloff":{"dmean":357.566986084,"dmean2":615.004272461,"dvar":532835.625,"dvar2":1119787,"max":19789.0136719,"mean":2534.03051758,"median":2745.48339844,"min":172.265625,"var":6145194.5},"spectral_skewness":{"dmean":0.643174111843,"dmean2":1.13951003551,"dvar":0.361875146627,"dvar2":1.12284684181,"max":6.06658506393,"mean":1.34399449825,"median":1.17060172558,"min":-0.459139317274,"var":0.806921422482},"spectral_spread":{"dmean":309004.09375,"dmean2":511653.3125,"dvar":623226191872,"dvar2":1319057620990,"max":45445768,"mean":2376798.5,"median":1899789.375,"min":623660.875,"var":15743614713900},"spectral_strongpeak":{"dmean":0.461528867483,"dmean2":0.758620917797,"dvar":0.963345527649,"dvar2":2.5328681469,"max":11.749168396,"mean":1.03896164894,"median":0.322883993387,"min":0,"var":2.35564041138},"zerocrossingrate":{"dmean":0.00860859919339,"dmean2":0.00962893292308,"dvar":0.0000823640948511,"dvar2":0.0000937452423386,"max":0.685546875,"mean":0.0843800380826,"median":0.07080078125,"min":0.01318359375,"var":0.00555852986872}},"metadata":{"audio_properties":{"analysis_sample_rate":44100,"bit_rate":189121,"codec":"mp3","downmix":"mix","equal_loudness":0,"length":103.523262024,"lossless":false,"md5_encoded":"0185da6d586a6b8b451cb32412e33dd1","replay_gain":-13.8070163727,"sample_rate":44100},"tags":{"album":["Jake Bugg"],"artist":["Jake Bugg"],"date":["2012-10-15"],"encoding":["LAME v3.98.4"],"file_name":"1829787.mp3","genre":["民谣/乡村"],"label":["Mercury"],"language":["eng"],"musicbrainz_recordingid":["f637975d-707d-4005-8425-1a95964a1a01"],"title":["Fire"],"tracknumber":["14/14"]},"version":{"essentia":"2.1-beta2","essentia_build_sha":"70f2e5ece6736b2c40cc944ad0e695b16b925413","essentia_git_sha":"v2.1_beta2","extractor":"music 1.0"}},"rhythm":{"beats_count":200,"beats_loudness":{"dmean":0.0116352923214,"dmean2":0.0209994260222,"dvar":0.000183513053344,"dvar2":0.000482570147142,"max":0.065506644547,"mean":0.0115666771308,"median":0.0045954445377,"min":0,"var":0.000217986016651},"beats_loudness_band_ratio":{"dmean":[0.104502663016,0.246074318886,0.159196779132,0.0995912700891,0.193855032325,0.0576952174306],"dmean2":[0.18039880693,0.44416218996,0.272291660309,0.176057860255,0.33113399148,0.0995942801237],"dvar":[0.0288550332189,0.0569863431156,0.0297316443175,0.0224787201732,0.0307811126113,0.00975761096925],"dvar2":[0.0771089792252,0.142895907164,0.0768706202507,0.0645714849234,0.0713782534003,0.023027330637],"max":[0.852437376976,0.923059880733,0.837648570538,0.73719650507,0.882380068302,0.965076208115],"mean":[0.0892879962921,0.271356284618,0.222251847386,0.086186952889,0.318394333124,0.0697309747338],"median":[0.0207422766834,0.134874373674,0.155387103558,0.0199705772102,0.260640323162,0