{"lowlevel":{"average_loudness":0.839723587036,"barkbands":{"dmean":[0.00348752131686,0.010500503704,0.0036571372766,0.00182221923023,0.00189697009046,0.00131172372494,0.00111638463568,0.000792032515164,0.00102294329554,0.00103587645572,0.000973697169684,0.00066558283288,0.000515834079124,0.000252758705756,0.000257360807154,0.000206209355383,0.000145569734741,0.000169194783666,0.000152823893586,0.000112344430818,0.0000539165412192,0.0000235705974774,0.00000527854945176,0.00000280523613583,0.00000273613795798,0.00000319688024319,0.000147754821228],"dmean2":[0.0059153647162,0.0181809980422,0.00636668037623,0.00310908770189,0.00317104300484,0.00214312435128,0.00177620828617,0.00127605756279,0.00169303803705,0.0017029447481,0.00159467384219,0.00110610714182,0.000861147709657,0.000421502278186,0.000430639280239,0.000337693287292,0.000235489525949,0.000266008719336,0.000239046450588,0.000170152387,0.0000778230314609,0.0000334856995323,0.0000081471125668,0.00000461596346213,0.00000448721812063,0.00000510095696882,0.000220451358473],"dvar":[0.0000364918960258,0.000360967125744,0.0000393954542233,0.00000728947998141,0.00000805346189736,0.00000514346947966,0.00000418887975684,0.00000346431943399,0.00000393398158849,0.00000402435080105,0.00000306571064357,0.00000118016157558,6.08231857768e-7,1.58760485647e-7,1.31400867076e-7,9.07166466391e-8,4.43835546093e-8,6.91266777153e-8,9.43232905115e-8,7.38229530839e-8,1.2758732737e-8,2.82851497779e-9,6.81542045022e-11,2.39811330516e-11,2.2046238099e-11,2.39701730687e-11,8.46828456247e-8],"dvar2":[0.0000941444159253,0.000997092924081,0.000110937093268,0.0000209262561839,0.0000207543562283,0.0000126573268062,0.0000097574065876,0.00000805322270025,0.0000103253914858,0.0000103837292045,0.0000078967123045,0.00000307824871015,0.00000163475704085,4.12486087953e-7,3.53567543243e-7,2.33698287389e-7,1.1223723817e-7,1.63172501288e-7,2.18936591523e-7,1.48667794519e-7,2.68382738255e-8,4.66771021834e-9,1.53138834946e-10,5.73484211508e-11,5.25987656208e-11,5.64988576757e-11,1.6661984148e-7],"max":[0.136049628258,0.303450852633,0.11817753315,0.0427916795015,0.0751328542829,0.0479359030724,0.0562778376043,0.0536337122321,0.0487127415836,0.0604889057577,0.0341539792717,0.0245161559433,0.0253354720771,0.0170004945248,0.00932245887816,0.00888257101178,0.00478855660185,0.00546765793115,0.0158855617046,0.0143509088084,0.00762223731726,0.00503918807954,0.000194214939256,0.0000859690189827,0.0000826913019409,0.0000813901642687,0.0244776811451],"mean":[0.00451574660838,0.0125123430043,0.00467345211655,0.00262295268476,0.00302777159959,0.00224572466686,0.00183702644426,0.00122421619017,0.00171700469218,0.00165286392439,0.00166346598417,0.00114612211473,0.000944830593653,0.000482142204419,0.000510800222401,0.000427719322033,0.000293312536087,0.000334586948156,0.000315914861858,0.000241308604018,0.000114533970191,0.0000482618925162,0.00000812544203654,0.00000279683263216,0.00000280199947156,0.00000410954999097,0.000533878803253],"median":[0.0015642415965,0.00683173444122,0.00262145930901,0.00151207589079,0.00188165216241,0.00111526285764,0.000869299983606,0.000409108964959,0.000805398565717,0.000848623807542,0.000664814317133,0.000657202501316,0.000579898536671,0.00031998148188,0.000349004374584,0.000279948697425,0.000194282372831,0.000216332220589,0.000167880411027,0.000116506540508,0.0000556097438675,0.0000220625734073,0.00000381401650884,9.35268133162e-7,0.0000010110313724,0.00000215545605897,0.000357575976523],"min":[2.81636319926e-24,1.37277416954e-23,1.04894803013e-23,9.99668796569e-25,4.62357371893e-24,2.55836758127e-23,3.6736255236e-23,1.90215032405e-23,3.30045613456e-23,2.05862751103e-23,3.52367884273e-23,5.44106080868e-23,5.83607501836e-23,5.69769745599e-23,9.2319161115e-23,1.07081102613e-22,1.18765091874e-22,1.94087045717e-22,1.45861580444e-22,2.57448631304e-22,2.38825682681e-22,5.0684224808e-22,4.28066623328e-22,6.05162387697e-22,1.04920287638e-21,1.66986631775e-21,1.89795581808e-21],"var":[0.0000598731130594,0.000328141293721,0.0000410597822338,0.0000112114585136,0.0000135764375955,0.0000124795787997,0.00000849044499773,0.00000752080495658,0.00000911867300601,0.00000712777318768,0.0000073179521678,0.00000221144455281,0.00000140140423355,3.47404380818e-7,2.97781269865e-7,2.38058234459e-7,1.07530695459e-7,1.53033994366e-7,2.59651443457e-7,2.20774239779e-7,3.97763102455e-8,1.08001065868e-8,1.44988299144e-10,2.61747862967e-11,2.4552491984e-11,3.25849798533e-11,4.74190272826e-7]},"barkbands_crest":{"dmean":2.94423270226,"dmean2":4.96040010452,"dvar":6.7667722702,"dvar2":18.7278594971,"max":24.3505630493,"mean":8.95770359039,"median":8.30053520203,"min":2.38659286499,"var":12.3129072189},"barkbands_flatness_db":{"dmean":0.0235784072429,"dmean2":0.0386097989976,"dvar":0.000406886945711,"dvar2":0.00109046732541,"max":0.321635514498,"mean":0.133482173085,"median":0.129312381148,"min":0.0374648682773,"var":0.00123837147839},"barkbands_kurtosis":{"dmean":2.94254350662,"dmean2":4.94527244568,"dvar":21.7333698273,"dvar2":58.8638381958,"max":172.598754883,"mean":4.9626865387,"median":3.3031206131,"min":-1.80823540688,"var":42.4112319946},"barkbands_skewness":{"dmean":0.550049304962,"dmean2":0.902910351753,"dvar":0.296423047781,"dvar2":0.785951375961,"max":12.1254205704,"mean":1.8078674078,"median":1.66773831844,"min":-2.23679924011,"var":0.821694672108},"barkbands_spread":{"dmean":5.47153806686,"dmean2":8.81695652008,"dvar":29.4036617279,"dvar2":74.9142913818,"max":123.957984924,"mean":24.2622642517,"median":22.8433513641,"min":1.89847505093,"var":118.891204834},"dissonance":{"dmean":0.0164514426142,"dmean2":0.0282111428678,"dvar":0.000257243780652,"dvar2":0.000722453696653,"max":0.500000178814,"mean":0.474158614874,"median":0.47928455472,"min":0.286275446415,"var":0.000417831586674},"dynamic_complexity":3.82129478455,"erbbands":{"dmean":[0.41878297925,2.0500895977,3.8193924427,5.81602478027,5.82102441788,6.49467086792,7.18025302887,13.0059013367,15.1834030151,18.7847576141,16.39128685,24.0417194366,26.9131298065,35.1734695435,33.9757385254,27.1290035248,23.5539703369,12.9181861877,12.5593318939,12.375123024,9.95057868958,8.05681324005,8.79722881317,8.27491569519,7.22989749908,5.24817323685,2.91880059242,1.77908968925,0.948433637619,0.384808778763,0.109450124204,0.0623697936535,0.0449445284903,0.0306981857866,0.0194291621447,0.0110991550609,0.00578822661191,0.0076670977287,0.00977509468794,0.00459822453558],"dmean2":[0.72166210413,3.56719064713,6.6503276825,9.76529693604,10.07762146,10.9039640427,11.825381279,21.3260154724,24.4462661743,30.0804481506,26.3662509918,40.0624008179,44.1447639465,57.5416870117,55.6924705505,45.2059555054,39.2364196777,21.4903240204,20.9596881866,20.3616905212,16.1487102509,12.9387407303,13.8212041855,12.8189067841,11.1173295975,7.91657352448,4.26723670959,2.56727409363,1.36437666416,0.547034204006,0.17157047987,0.102544926107,0.0739385634661,0.0504156835377,0.0318149514496,0.0180994663388,0.0092654991895,0.0104770809412,0.0132027091458,0.00691793998703],"dvar":[0.645692586899,12.668217659,48.1862640381,69.9968261719,66.5440368652,124.479240417,160.88079834,545.097839355,758.637207031,1497.45983887,1862.29187012,2156.47558594,3780.76757812,3857.35717773,3761.50830078,2133.34057617,1230.86572266,456.188751221,363.723693848,282.359924316,216.304595947,139.617355347,188.405105591,190.479003906,248.941879272,165.060897827,41.8916702271,17.9861087799,5.27613973618,0.534051239491,0.0281890425831,0.0118322577327,0.00612876657397,0.00281460909173,0.00109660706948,0.000342106126482,0.0000824159214972,0.000965169339906,0.00248348573223,0.0000455316367152],"dvar2":[1.78840589523,35.2431755066,135.230316162,193.346313477,186.42338562,319.644805908,405.745056152,1349.16491699,1883.87243652,3278.18188477,4438.59667969,5725.89111328,9732.04394531,9482.51464844,9881.22070312,5615.91552734,3228.42529297,1199.48547363,997.941101074,736.742858887,545.658569336,349.711761475,448.041442871,435.362854004,549.622558594,326.809783936,87.962600708,39.3496246338,9.98181343079,1.11317622662,0.0650547891855,0.0282960440964,0.0146492524073,0.00671963812783,0.00261384900659,0.000813570572063,0.000193735890207,0.00175791769288,0.00340009224601,0.000104414561065],"max":[15.0828847885,45.0181694031,120.213218689,145.063522339,118.387023926,367.272979736,350.351287842,498.806762695,550.110412598,1060.27416992,1461.7322998,1067.02575684,2193.03564453,1629.94006348,1200.66625977,1109.56201172,1173.7833252,864.867004395,484.620422363,262.189910889,495.201080322,251.992492676,284.229980469,400.200653076,863.52532959,759.873718262,377.303527832,350.166290283,212.463607788,49.0283889771,2.85025715828,1.90199995041,1.37782049179,0.935538768768,0.582109808922,0.320594251156,0.22177349031,4.21658420563,6.33823537827,0.253946989775],"mean":[0.498739212751,2.30394721031,4.88923120499,8.90478420258,8.62784862518,9.49377250671,11.1977148056,21.2374477386,25.2360572815,29.5615520477,27.3962650299,40.4095039368,46.6111831665,61.2205352783,63.4961738586,50.2964706421,45.425743103,27.2572231293,26.4346179962,26.3412666321,21.5661125183,17.1925239563,17.8363323212,17.2083473206,15.2905216217,11.3757677078,6.37497663498,3.66325926781,1.95965087414,0.73547154665,0.15642927587,0.0640382841229,0.0451933853328,0.0312071181834,0.0201213508844,0.0118450680748,0.00751857971773,0.0184847041965,0.0302225090563,0.0213129892945],"median":[0.241245642304,1.29551887512,2.74490666389,5.31782341003,5.57374334335,5.22312498093,6.12301111221,9.82406711578,11.9269866943,12.9136219025,10.6575927734,19.4650535583,22.9241600037,32.5045051575,29.4724025726,30.2128543854,28.5786914825,18.3774604797,18.0860557556,18.3368434906,14.5966234207,11.7179222107,11.8897981644,10.2814340591,7.60061883926,5.51649570465,3.15039753914,1.72303044796,0.898784339428,0.332749068737,0.0766231492162,0.0230604633689,0.0154283549637,0.0110031440854,0.00741500547156,0.0046702856198,0.00405001500621,0.00970962457359,0.0174622610211,0.0156264584512],"min":[4.92457716572e-22,1.87349764641e-21,1.70318475297e-20,4.45116186983e-21,3.49667081008e-20,2.61213620804e-20,1.25369393569e-19,1.8147441788e-19,2.96767743462e-19,2.73468004311e-19,5.97513708683e-19,8.28319381763e-19,6.10036447675e-19,1.05906311969e-18,1.78586557171e-18,2.5042512542e-18,2.95295641145e-18,2.66023187512e-18,3.73777358932e-18,5.52575302108e-18,5.82136834685e-18,8.1549329496e-18,8.135136036e-18,9.16159355711e-18,9.39050338392e-18,1.06847763448e-17,1.09238207884e-17,9.57621949351e-18,1.56604629439e-17,1.86957128662e-17,1.2902621275e-17,1.27912769742e-17,1.09508646314e-17,1.097621689e-17,8.28620237691e-18,5.52205552374e-18,3.10495932761e-18,1.12180818128e-18,2.83836816687e-19,2.97498059932e-20],"var":[0.629003763199,10.9958238602,47.1834754944,115.034439087,101.192893982,186.585601807,279.280853271,1239.70751953,1584.84912109,3149.30761719,3967.95361328,5049.48632812,7538.67431641,7749.97265625,9474.046875,4107.89208984,2938.05883789,1100.37109375,871.034606934,732.761230469,577.993347168,349.267364502,419.881744385,497.251647949,729.32244873,510.416473389,134.897109985,48.0523796082,18.8285732269,1.53969573975,0.0496313795447,0.0129904272035,0.00671102385968,0.0031107715331,0.00123167049605,0.000394616334233,0.000113948495709,0.00378049281426,0.0115690948442,0.000396073213778]},"erbbands_crest":{"dmean":2.45186805725,"dmean2":4.08935260773,"dvar":5.54679059982,"dvar2":14.2482213974,"max":29.9041099548,"mean":7.81929397583,"median":6.81217622757,"min":2.55213952065,"var":13.6051740646},"erbbands_flatness_db":{"dmean":0.0208365209401,"dmean2":0.0323580242693,"dvar":0.000306922127493,"dvar2":0.000723811681382,"max":0.340294212103,"mean":0.157028973103,"median":0.153790399432,"min":0.0320654660463,"var":0.00116566743236},"erbbands_kurtosis":{"dmean":0.710954189301,"dmean2":1.15741848946,"dvar":0.740557074547,"dvar2":1.88150894642,"max":22.9738807678,"mean":0.272575378418,"median":0.00605368614197,"min":-1.64636683464,"var":1.56850481033},"erbbands_skewness":{"dmean":0.290665745735,"dmean2":0.464115470648,"dvar":0.0614765621722,"dvar2":0.15385594964,"max":3.04960274696,"mean":0.0524594224989,"median":0.0265079326928,"min":-2.56623649597,"var":0.267593771219},"erbbands_spread":{"dmean":5.91209745407,"dmean2":9.36492729187,"dvar":29.2867717743,"dvar2":69.2542953491,"max":94.9561920166,"mean":28.7269172668,"median":27.0302867889,"min":2.68112754822,"var":125.282997131},"gfcc":{"cov":[[13639.3701172,165.16444397,-817.238098145,376.404937744,181.372009277,-235.542419434,256.539642334,131.359664917,-4.14210128784,-81.004989624,0.19201400876,-25.8188018799,-31.4224376678],[165.16444397,576.419433594,-71.333404541,-169.046218872,118.953102112,-77.1091995239,43.743686676,-44.0572967529,28.4575481415,-33.779712677,36.3187446594,-19.8008060455,21.4721889496],[-817.238098145,-71.333404541,305.222106934,2.60264134407,-91.9270477295,145.214706421,-140.241500854,66.0518493652,-47.8808898926,15.7288503647,8.83648586273,-11.7637939453,0.268620640039],[376.404937744,-169.046218872,2.60264134407,339.402435303,51.1432876587,-58.6234321594,111.489929199,-18.4083423615,11.6365041733,7.01969814301,-43.2369194031,22.2918777466,-32.1028938293],[181.372009277,118.953102112,-91.9270477295,51.1432876587,184.12713623,-25.2754173279,85.6978225708,-37.0693740845,24.3944683075,-12.9750804901,4.31635427475,-6.0667719841,5.90111637115],[-235.542419434,-77.1091995239,145.214706421,-58.6234321594,-25.2754173279,249.383239746,-122.991149902,92.0992355347,-44.8699378967,8.46831703186,19.7995166779,-8.10958862305,13.5841007233],[256.539642334,43.743686676,-140.241500854,111.489929199,85.6978225708,-122.991149902,244.416122437,-79.3342056274,63.7125587463,0.724474728107,-24.6539745331,34.7049598694,-11.267745018],[131.359664917,-44.0572967529,66.0518493652,-18.4083423615,-37.0693740845,92.0992355347,-79.3342056274,170.25718689,5.80089330673,10.8843212128,9.47570610046,-27.3742733002,7.12987613678],[-4.14210128784,28.4575481415,-47.8808898926,11.6365041733,24.3944683075,-44.8699378967,63.7125587463,5.80089330673,119.965538025,36.4167709351,-14.737282753,7.9993262291,-11.6149644852],[-81.004989624,-33.779712677,15.7288503647,7.01969814301,-12.9750804901,8.46831703186,0.724474728107,10.8843212128,36.4167709351,67.5045166016,28.0851020813,11.7237815857,2.07837462425],[0.19201400876,36.3187446594,8.83648586273,-43.2369194031,4.31635427475,19.7995166779,-24.6539745331,9.47570610046,-14.737282753,28.0851020813,79.9963150024,27.3358039856,16.5415878296],[-25.8188018799,-19.8008060455,-11.7637939453,22.2918777466,-6.0667719841,-8.10958862305,34.7049598694,-27.3742733002,7.9993262291,11.7237815857,27.3358039856,72.0443344116,17.0830116272],[-31.4224376678,21.4721889496,0.268620640039,-32.1028938293,5.90111637115,13.5841007233,-11.267745018,7.12987613678,-11.6149644852,2.07837462425,16.5415878296,17.0830116272,55.8601989746]],"icov":[[0.000107756903162,-0.00013334248797,0.000485290482175,-0.000313677592203,0.000225216717809,-0.000152410400915,0.0000740766772651,-0.000152530134073,0.0000781219277997,0.0000658305361867,-0.000146577498526,0.000123526682728,-0.00000362819923794],[-0.00013334248797,0.00353813008405,-0.00189711898565,0.00264680758119,-0.00278618838638,0.00183553539682,-0.000834262697026,0.000172419851879,-0.0011205712799,0.00219343486242,-0.00171240593772,0.000717485439964,-0.000274053658359],[0.000485290482175,-0.00189711898565,0.00900821294636,-0.00406983448192,0.00447030644864,-0.00432338146493,0.00271547283046,0.000100157878478,0.000563124311157,-0.000954189570621,-0.000656634801999,0.00142872682773,-0.000355847208994],[-0.000313677592203,0.00264680758119,-0.00406983448192,0.00806720461696,-0.00542850699276,0.00366788893007,-0.00253815646283,-0.00207029748708,0.00311136152595,-0.00313147436827,0.00500140851364,-0.00474823173136,0.00363022554666],[0.000225216717809,-0.00278618838638,0.00447030644864,-0.00542850699276,0.0127781154588,-0.00504161044955,-0.001575710834,0.00308988010511,-0.00390156451613,0.00465911533684,-0.00644750287756,0.00725342985243,-0.00407324265689],[-0.000152410400915,0.00183553539682,-0.00432338146493,0.00366788893007,-0.00504161044955,0.00948550738394,0.00108062883373,-0.00390144437551,0.00317425071262,-0.00242351018824,0.00290319579653,-0.0041517354548,0.00143944495358],[0.0000740766772651,-0.000834262697026,0.00271547283046,-0.00253815646283,-0.001575710834,0.00108062883373,0.00983441527933,0.0013782994356,-0.00223750481382,-0.000591350893956,0.00239115976728,-0.00391501421109,0.000648052664474],[-0.000152530134073,0.000172419851879,0.000100157878478,-0.00207029748708,0.00308988010511,-0.00390144437551,0.0013782994356,0.0106771904975,-0.00563922803849,0.00353998155333,-0.00506457546726,0.00670311693102,-0.00365926977247],[0.0000781219277997,-0.0011205712799,0.000563124311157,0.00311136152595,-0.00390156451613,0.00317425071262,-0.00223750481382,-0.00563922803849,0.0190865900367,-0.0152085730806,0.0118543095887,-0.00764022162184,0.00552944699302],[0.0000658305361867,0.00219343486242,-0.000954189570621,-0.00313147436827,0.00465911533684,-0.00242351018824,-0.000591350893956,0.00353998155333,-0.0152085730806,0.0319021306932,-0.0186037272215,0.00776212569326,-0.00428918749094],[-0.000146577498526,-0.00171240593772,-0.000656634801999,0.00500140851364,-0.00644750287756,0.00290319579653,0.00239115976728,-0.00506457546726,0.0118543095887,-0.0186037272215,0.0305206943303,-0.0162004828453,0.0036306255497],[0.000123526682728,0.000717485439964,0.00142872682773,-0.00474823173136,0.00725342985243,-0.0041517354548,-0.00391501421109,0.00670311693102,-0.00764022162184,0.00776212569326,-0.0162004828453,0.0285399928689,-0.0101519972086],[-0.00000362819923794,-0.000274053658359,-0.000355847208994,0.00363022554666,-0.00407324265689,0.00143944495358,0.000648052664474,-0.00365926977247,0.00552944699302,-0.00428918749094,0.0036306255497,-0.0101519972086,0.0241100359708]],"mean":[-4.55381917953,117.103485107,-105.599723816,-1.81319475174,-5.10694074631,-23.4978466034,11.4271764755,-16.2620410919,-5.59211969376,-7.4199461937,-3.98319625854,-4.84207487106,-1.52727043629]},"hfc":{"dmean":33.0947380066,"dmean2":51.3356323242,"dvar":1764.43249512,"dvar2":4147.14599609,"max":832.264831543,"mean":150.685394287,"median":123.469055176,"min":1.13510898496e-16,"var":13873.6826172},"melbands":{"dmean":[0.00332155404612,0.00213317153975,0.000912088435143,0.000436719099525,0.000254765269347,0.000282380118733,0.000227935670409,0.000196984416107,0.000131443055579,0.000158991912031,0.000138112183777,0.000146413338371,0.000129936539452,0.0000770232145442,0.0000653586102999,0.0000474918851978,0.000023642925953,0.0000218877612497,0.0000192928637262,0.000016184118067,0.0000119569385788,0.0000089715977083,0.00000830844510347,0.00000875619934959,0.00000711775737727,0.00000621294429948,0.00000480905919176,0.0000035706300423,0.00000215706813833,0.00000138382290515,0.00000100862769159,6.44323733923e-7,3.32921416657e-7,1.828392584e-7,6.84474201762e-8,4.19040659949e-8,3.64456695934e-8,3.19516111347e-8,2.82032655008e-8,2.50886174058e-8],"dmean2":[0.00572268478572,0.00370801240206,0.00154402933549,0.000733787135687,0.000420469848905,0.000461070303572,0.000365151790902,0.000315073237289,0.000213813269511,0.000264348520432,0.00022693547362,0.000239990491536,0.000214065803448,0.000127506471472,0.000108564432594,0.0000794824809418,0.0000394468515879,0.0000366805579688,0.0000321621373587,0.000026660540243,0.0000196056389541,0.0000146489792314,0.0000132910781758,0.0000139497196869,0.0000112187608465,0.00000988358078757,0.00000740579389458,0.00000552622213945,0.00000325430096382,0.00000208025289794,0.00000147261255279,9.57563656812e-7,4.83874487145e-7,2.70424493465e-7,1.0926534344e-7,6.89874326554e-8,6.00093130743e-8,5.25801624462e-8,4.63683882401e-8,4.11884464313e-8],"dvar":[0.0000386594365409,0.0000129413174363,0.00000164583286733,4.19159448484e-7,2.07450071343e-7,2.54525104992e-7,1.64136281455e-7,1.53686272597e-7,1.07546398453e-7,9.66752153886e-8,9.76730376578e-8,6.9189752594e-8,5.65332562985e-8,1.72278120658e-8,1.00102628409e-8,5.94617466376e-9,1.54842727529e-9,1.15837384129e-9,7.03823554993e-10,5.32179467161e-10,3.29028526647e-10,1.84058226993e-10,1.55411045144e-10,1.98967564646e-10,1.45293513332e-10,1.89231907921e-10,1.31413047111e-10,8.07427735783e-11,2.51570743404e-11,1.03606481033e-11,5.41607080365e-12,2.67227494473e-12,5.50705639944e-13,1.07604056958e-13,1.16380895467e-14,5.3901466759e-15,4.06269358162e-15,3.10387176708e-15,2.39790898082e-15,1.87355111724e-15],"dvar2":[0.000106498911919,0.0000358926154149,0.00000457756368633,0.00000110379210128,5.20916273672e-7,6.29055875834e-7,4.0377994992e-7,3.39938111438e-7,2.62018943431e-7,2.5488685651e-7,2.52370256248e-7,1.71199118881e-7,1.47590142774e-7,4.42722765115e-8,2.69866067271e-8,1.57678563539e-8,4.05465749864e-9,3.19293880224e-9,1.86148574333e-9,1.41073031035e-9,8.45354786172e-10,4.77086203876e-10,3.75497244409e-10,4.82662798618e-10,3.4264066584e-10,4.50701892474e-10,2.67340094506e-10,1.6717517648e-10,5.62149007899e-11,2.499393921e-11,1.12804886959e-11,5.36460285916e-12,1.15217655295e-12,2.40436522688e-13,2.7569119947e-14,1.29106388124e-14,9.72092703235e-15,7.42108434979e-15,5.72901025326e-15,4.4722208826e-15],"max":[0.110042326152,0.0481291338801,0.0210877396166,0.0204114187509,0.0129336938262,0.0107662295923,0.00966385938227,0.00979943852872,0.0104601345956,0.00802302826196,0.0111446511,0.00708890939131,0.00476502953097,0.00298608420417,0.00201012822799,0.00299232220277,0.00159436417744,0.000853280129377,0.000516924716067,0.000506102049258,0.00070067908382,0.000310620118398,0.000223151262617,0.000323534739437,0.000352530711098,0.000807102012914,0.000659954734147,0.000616245612036,0.000260523403995,0.000200652575586,0.000201704213396,0.000151871703565,0.0000616762627033,0.0000119394744615,0.00000239825749304,0.00000127671125938,0.00000111654333068,9.80087293101e-7,8.63334321366e-7,7.63347600241e-7],"mean":[0.00419519934803,0.00279225595295,0.00148583180271,0.000664658786263,0.000401291559683,0.000476802873891,0.000384554965422,0.000310103496304,0.000213881750824,0.000262700923486,0.000229441342526,0.000242574140429,0.000228153599892,0.000138189439895,0.000117299663543,0.0000868806237122,0.0000449478066002,0.0000419910975324,0.0000377174255846,0.0000322680971294,0.0000233960527112,0.0000174597953446,0.0000160173458426,0.0000163109980349,0.0000135929194585,0.0000118198904602,0.00000962687863648,0.00000713335793989,0.00000434862977272,0.00000272297802439,0.00000190497576114,0.00000124581833916,6.21745471108e-7,3.14874796459e-7,9.02413219706e-8,4.14594119036e-8,3.61789318504e-8,3.19114654701e-8,2.83937282575e-8,2.55080259137e-8],"median":[0.00229694554582,0.00172625726555,0.00098027382046,0.000409536442021,0.000218414701521,0.00022637519578,0.00018440245185,0.000129139909404,0.000083531398559,0.000122299607028,0.000107906140329,0.000123624733533,0.0000970771507127,0.0000756888839533,0.0000716482973075,0.0000519021377841,0.0000293681550829,0.0000276099362964,0.0000258306445176,0.000020986824893,0.0000152348911797,0.0000114373151519,0.0000103170659713,0.0000100544330053,0.00000784961594036,0.00000582224220125,0.00000447291540695,0.00000335609934154,0.00000212783879761,0.00000127803320993,8.71869929142e-7,5.52472329218e-7,2.72132893997e-7,1.36691923558e-7,4.02739530614e-8,1.35767184162e-8,1.19379990338e-8,1.07149000783e-8,9.77222658349e-9,9.04187746897e-9],"min":[4.78514544852e-24,7.50959767485e-24,1.41034722003e-24,1.73061488679e-24,3.90596746383e-24,4.56902714278e-24,4.89295196869e-24,2.75874933469e-24,4.23872674303e-24,5.46195655077e-24,3.07264359698e-24,3.86754836003e-24,5.35514123433e-24,6.84562291726e-24,6.51094552278e-24,5.82604780739e-24,4.5686906936e-24,5.12650646703e-24,8.04097201403e-24,6.98700572414e-24,4.43818903962e-24,8.05457986464e-24,6.08986971537e-24,8.76569063904e-24,7.02416422822e-24,5.52890638693e-24,8.51736432583e-24,6.24117008155e-24,6.09743646917e-24,6.7701415504e-24,5.4463430213e-24,7.35530752584e-24,8.43457258497e-24,1.06045025321e-23,7.5790379449e-24,6.64017356083e-24,7.64858550002e-24,6.03517641109e-24,8.39943672025e-24,9.1921449001e-24],"var":[0.0000373827642761,0.0000126539334815,0.000002722660156,6.50980496175e-7,3.63626213584e-7,6.04531635418e-7,3.44146201314e-7,3.31178966917e-7,2.2521849985e-7,2.27738127023e-7,1.90821580759e-7,1.33338943442e-7,1.322616896e-7,3.456200659e-8,1.98384171313e-8,1.38802072058e-8,3.28709859332e-9,2.54690979418e-9,1.60337054744e-9,1.30954036504e-9,7.55146001286e-10,4.02027189317e-10,3.44807016273e-10,4.07001377045e-10,3.42754408189e-10,4.32421154439e-10,3.42475520165e-10,2.35185343422e-10,7.00027466549e-11,2.39165666438e-11,1.49227678825e-11,8.5497581237e-12,1.55970039401e-12,2.57714368509e-13,1.89647983325e-14,5.85191388687e-15,4.42156915939e-15,3.39162664696e-15,2.63435822805e-15,2.07401268739e-15]},"melbands_crest":{"dmean":4.19161987305,"dmean2":7.04098272324,"dvar":12.6701126099,"dvar2":34.5358161926,"max":38.2168197632,"mean":14.5590343475,"median":13.6484489441,"min":1.76929748058,"var":30.2674713135},"melbands_flatness_db":{"dmean":0.0318155512214,"dmean2":0.0521693490446,"dvar":0.000699283962604,"dvar2":0.00189933599904,"max":0.476168692112,"mean":0.245886206627,"median":0.242669761181,"min":0.00399817712605,"var":0.00219172355719},"melbands_kurtosis":{"dmean":5.31549596786,"dmean2":8.97710990906,"dvar":73.2668304443,"dvar2":198.666259766,"max":283.656524658,"mean":7.8346362114,"median":4.74270868301,"min":-1.76156497002,"var":118.944145203},"melbands_skewness":{"dmean":0.76825273037,"dmean2":1.25995957851,"dvar":0.563749194145,"dvar2":1.47872161865,"max":14.0580253601,"mean":2.26575469971,"median":2.07015442848,"min":-0.790652930737,"var":1.49468827248},"melbands_spread":{"dmean":5.53408813477,"dmean2":9.06521511078,"dvar":28.8597679138,"dvar2":76.0427017212,"max":198.838012695,"mean":19.6648426056,"median":18.5271778107,"min":1.24872779846,"var":109.798675537},"mfcc":{"cov":[[9856.875,998.396240234,-1348.27563477,967.829406738,-440.43347168,132.169570923,26.5570068359,130.046096802,151.884262085,-53.4097938538,133.275436401,-93.6467895508,101.584266663],[998.396240234,939.809570312,-323.846008301,-15.0255374908,-18.6285839081,-26.5375137329,12.6929311752,-17.4403076172,5.31240320206,-31.8480739594,10.669303894,4.0692615509,5.19215869904],[-1348.27563477,-323.846008301,585.888122559,-282.023040771,153.625579834,-63.3953819275,-2.67330622673,-8.36552429199,-59.9983291626,33.5977973938,-46.9447746277,45.8180465698,-41.3738479614],[967.829406738,-15.0255374908,-282.023040771,542.923278809,-170.015640259,94.4978866577,1.76815855503,20.830915451,62.5316123962,-23.7531509399,64.4220123291,-69.5858535767,31.7450256348],[-440.43347168,-18.6285839081,153.625579834,-170.015640259,226.52520752,-30.2001934052,31.321269989,8.68860626221,-22.9700508118,33.0599327087,-34.1036987305,43.672290802,-27.8391456604],[132.169570923,-26.5375137329,-63.3953819275,94.4978866577,-30.2001934052,152.828231812,21.00274086,7.98863649368,16.4230270386,-25.7839221954,13.3666725159,-21.0994262695,31.4217338562],[26.5570068359,12.6929311752,-2.67330622673,1.76815855503,31.321269989,21.00274086,102.863769531,18.8951129913,-17.6886615753,-9.4143371582,-26.1135673523,6.16995477676,-1.23113965988],[130.046096802,-17.4403076172,-8.36552429199,20.830915451,8.68860626221,7.98863649368,18.8951129913,74.7675857544,29.2459068298,6.5717959404,7.56680250168,-6.56978702545,-0.334925383329],[151.884262085,5.31240320206,-59.9983291626,62.5316123962,-22.9700508118,16.4230270386,-17.6886615753,29.2459068298,87.6032104492,38.2941741943,19.9208030701,-9.9636926651,-1.71732223034],[-53.4097938538,-31.8480739594,33.5977973938,-23.7531509399,33.0599327087,-25.7839221954,-9.4143371582,6.5717959404,38.2941741943,72.9432067871,22.1553039551,11.6203145981,-9.71217823029],[133.275436401,10.669303894,-46.9447746277,64.4220123291,-34.1036987305,13.3666725159,-26.1135673523,7.56680250168,19.9208030701,22.1553039551,70.6537017822,17.0633850098,10.8571968079],[-93.6467895508,4.0692615509,45.8180465698,-69.5858535767,43.672290802,-21.0994262695,6.16995477676,-6.56978702545,-9.9636926651,11.6203145981,17.0633850098,62.0315437317,15.0613622665],[101.584266663,5.19215869904,-41.3738479614,31.7450256348,-27.8391456604,31.4217338562,-1.23113965988,-0.334925383329,-1.71732223034,-9.71217823029,10.8571968079,15.0613622665,56.4862060547]],"icov":[[0.000177076493856,-0.000126946382807,0.000313566502882,-0.000280233682133,0.000259531923803,-0.000183917349204,0.000283343630144,-0.000573386030737,0.000502519949805,-0.000566720496863,0.000626468157861,-0.00065955077298,0.000286659429548],[-0.000126946382807,0.001644977252,0.000871010881383,0.000854985439219,-0.000760791648645,0.00094849098241,-0.000878587190527,0.00123318692204,-0.00117166375276,0.00185662053991,-0.00167570216581,0.00110706291161,-0.000369330693502],[0.000313566502882,0.000871010881383,0.00421409634873,0.000393408467062,0.000142565259011,-0.000986671075225,0.00187252333853,-0.00212592724711,0.00360378809273,-0.00315212341957,0.00329116592184,-0.00350323854946,0.00273800455034],[-0.000280233682133,0.000854985439219,0.000393408467062,0.00463929818943,-0.000521844776813,0.00116988341324,-0.00320126442239,0.00269668060355,-0.00405673263595,0.00426246551797,-0.00695889443159,0.00693773105741,-0.00275822519325],[0.000259531923803,-0.000760791648645,0.000142565259011,-0.000521844776813,0.0104665514082,-0.00430794525892,0.0024713142775,-0.00565822329372,0.00667287129909,-0.00966958422214,0.0104419402778,-0.0116705754772,0.00722108967602],[-0.000183917349204,0.00094849098241,-0.000986671075225,0.00116988341324,-0.00430794525892,0.0133811002597,-0.00705963792279,0.00587847037241,-0.00936000794172,0.0114728584886,-0.0118184704334,0.0126970335841,-0.010248134844],[0.000283343630144,-0.000878587190527,0.00187252333853,-0.00320126442239,0.0024713142775,-0.00705963792279,0.0186293721199,-0.0103412149474,0.0115546649322,-0.0101923998445,0.0164972972125,-0.0141559094191,0.00743400864303],[-0.000573386030737,0.00123318692204,-0.00212592724711,0.00269668060355,-0.00565822329372,0.00587847037241,-0.0103412149474,0.0241415090859,-0.0158746223897,0.012743268162,-0.015033387579,0.0142350587994,-0.00749339535832],[0.000502519949805,-0.00117166375276,0.00360378809273,-0.00405673263595,0.00667287129909,-0.00936000794172,0.0115546649322,-0.0158746223897,0.0329881906509,-0.025399396196,0.0168205890805,-0.0140708563849,0.0099311331287],[-0.000566720496863,0.00185662053991,-0.00315212341957,0.00426246551797,-0.00966958422214,0.0114728584886,-0.0101923998445,0.012743268162,-0.025399396196,0.0401359088719,-0.0252860803157,0.0166515447199,-0.00860101357102],[0.000626468157861,-0.00167570216581,0.00329116592184,-0.00695889443159,0.0104419402778,-0.0118184704334,0.0164972972125,-0.015033387579,0.0168205890805,-0.0252860803157,0.0456433594227,-0.032131716609,0.013298089616],[-0.00065955077298,0.00110706291161,-0.00350323854946,0.00693773105741,-0.0116705754772,0.0126970335841,-0.0141559094191,0.0142350587994,-0.0140708563849,0.0166515447199,-0.032131716609,0.049947950989,-0.0231262855232],[0.000286659429548,-0.000369330693502,0.00273800455034,-0.00275822519325,0.00722108967602,-0.010248134844,0.00743400864303,-0.00749339535832,0.0099311331287,-0.00860101357102,0.013298089616,-0.0231262855232,0.032588109374]],"mean":[-663.478149414,177.213363647,-34.6898612976,38.1561851501,-5.88314390182,13.8430938721,11.3330564499,4.37677907944,6.62218046188,-1.76314592361,4.34324550629,-1.77052855492,4.49155330658]},"pitch_salience":{"dmean":0.0738948211074,"dmean2":0.123595394194,"dvar":0.00412300927565,"dvar2":0.0114757940173,"max":0.927823007107,"mean":0.584751784801,"median":0.599611938,"min":0.0912890061736,"var":0.0101500460878},"silence_rate_20dB":{"dmean":0,"dmean2":0,"dvar":0,"dvar2":0,"max":1,"mean":1,"median":1,"min":1,"var":0},"silence_rate_30dB":{"dmean":0.0574785657227,"dmean2":0.114966258407,"dvar":0.0541718713939,"dvar2":0.125243008137,"max":1,"mean":0.945701360703,"median":1,"min":0,"var":0.0513470992446},"silence_rate_60dB":{"dmean":0.00396951427683,"dmean2":0.00793965905905,"dvar":0.00395366037264,"dvar2":0.0102583104745,"max":1,"mean":0.0771612301469,"median":0,"min":0,"var":0.0712073221803},"spectral_centroid":{"dmean":200.037948608,"dmean2":309.361358643,"dvar":42549.6835938,"dvar2":95107.5546875,"max":11374.9765625,"mean":1176.31176758,"median":1086.52941895,"min":245.712814331,"var":256535.8125},"spectral_complexity":{"dmean":3.82883453369,"dmean2":5.71004343033,"dvar":14.3757371902,"dvar2":27.0345249176,"max":66,"mean":24.7599430084,"median":25,"min":0,"var":135.181747437},"spectral_contrast_coeffs":{"dmean":[0.0543478541076,0.0496415644884,0.0386191867292,0.026836687699,0.0198825169355,0.0498808808625],"dmean2":[0.0924464091659,0.083599306643,0.0650565177202,0.045472573489,0.0328358486295,0.0776874348521],"dvar":[0.00181097059976,0.0014849700965,0.000924305117223,0.000432022410678,0.000264126487309,0.00186714495067],"dvar2":[0.00513547984883,0.00414329348132,0.00258388603106,0.00125171930995,0.000693913432769,0.00443118438125],"max":[-0.403276026249,-0.478194653988,-0.526103615761,-0.620931625366,-0.633993566036,-0.378319263458],"mean":[-0.691591382027,-0.763783276081,-0.78987634182,-0.813638150692,-0.810983479023,-0.728838503361],"median":[-0.693180203438,-0.769336044788,-0.794573962688,-0.813862681389,-0.810395240784,-0.734233558178],"min":[-0.97510433197,-0.977698564529,-0.974537074566,-0.966307342052,-0.963343381882,-0.961310505867],"var":[0.00519817555323,0.00409589800984,0.00320001807995,0.0012640953064,0.00137905671727,0.00683283852413]},"spectral_contrast_valleys":{"dmean":[0.415909200907,0.337788015604,0.275194734335,0.235350966454,0.244536623359,0.707932889462],"dmean2":[0.691420197487,0.562566995621,0.449356496334,0.377295404673,0.349963277578,1.11925733089],"dvar":[0.111859694123,0.0718809217215,0.0509065389633,0.0421381257474,0.0662904381752,0.338942974806],"dvar2":[0.297455906868,0.190398290753,0.127158716321,0.0960013270378,0.121934980154,0.89151519537],"max":[-4.79094266891,-4.58968496323,-5.02319526672,-5.63188743591,-5.45892763138,-8.83118915558],"mean":[-6.71857309341,-6.45853471756,-6.64555358887,-7.15254020691,-7.44832992554,-11.3171567917],"median":[-6.4565615654,-6.23342370987,-6.40205144882,-6.87752819061,-7.15654420853,-11.1250686646],"min":[-27.7686538696,-27.6234359741,-28.0832443237,-27.500043869,-27.3790855408,-27.2899284363],"var":[1.46493554115,1.37928748131,1.42533957958,1.46454107761,1.67167651653,1.55882632732]},"spectral_decrease":{"dmean":4.41301617471e-9,"dmean2":7.35486382908e-9,"dvar":4.67652184135e-17,"dvar2":1.24793165596e-16,"max":2.43914222153e-9,"mean":-9.29413257467e-9,"median":-7.8185653507e-9,"min":-1.04379139998e-7,"var":6.81556127458e-17},"spectral_energy":{"dmean":0.0171772539616,"dmean2":0.0282905213535,"dvar":0.000689472246449,"dvar2":0.00181810243521,"max":0.420908808708,"mean":0.0487456060946,"median":0.0434943214059,"min":1.02183268968e-20,"var":0.00124985410366},"spectral_energyband_high":{"dmean":0.000199728237931,"dmean2":0.000268196541583,"dvar":1.93556132899e-7,"dvar2":2.92028090598e-7,"max":0.0475395396352,"mean":0.000631220173091,"median":0.000403291021939,"min":7.45350558766e-21,"var":0.00000104102423393},"spectral_energyband_low":{"dmean":0.014359401539,"dmean2":0.0245922151953,"dvar":0.000587090849876,"dvar2":0.00160466320813,"max":0.3822491467,"mean":0.0221097636968,"median":0.0152105754241,"min":5.08203758894e-23,"var":0.000636597862467},"spectral_energyband_middle_high":{"dmean":0.00231445836835,"dmean2":0.00359555264004,"dvar":0.00000879619256011,"dvar2":0.0000213967014133,"max":0.0617282912135,"mean":0.00764831947163,"median":0.00626778136939,"min":1.48670104496e-21,"var":0.0000400005410484},"spectral_energyband_middle_low":{"dmean":0.00478844624013,"dmean2":0.00767727289349,"dvar":0.0000353081159119,"dvar2":0.0000897763820831,"max":0.0905594080687,"mean":0.0131520433351,"median":0.0104561923072,"min":2.36965157391e-22,"var":0.00011797821935},"spectral_entropy":{"dmean":0.123398788273,"dmean2":0.189042940736,"dvar":0.0127974227071,"dvar2":0.0284061171114,"max":9.80791950226,"mean":7.53023958206,"median":7.57837247849,"min":6.07746171951,"var":0.0717141330242},"spectral_flux":{"dmean":0.0277879200876,"dmean2":0.0440981686115,"dvar":0.00123659346718,"dvar2":0.00251660007052,"max":0.484082996845,"mean":0.119713015854,"median":0.116011254489,"min":6.53627291181e-11,"var":0.00355573929846},"spectral_kurtosis":{"dmean":4.23080539703,"dmean2":6.48043441772,"dvar":29.7100467682,"dvar2":70.6198883057,"max":129.610488892,"mean":19.5426216125,"median":17.4089603424,"min":-1.23323619366,"var":89.7261047363},"spectral_rms":{"dmean":0.00108172523323,"dmean2":0.00173682882451,"dvar":0.00000171836836671,"dvar2":0.00000435149104305,"max":0.0202643219382,"mean":0.00635905563831,"median":0.00651409896091,"min":3.15738797954e-12,"var":0.00000711953407517},"spectral_rolloff":{"dmean":3710.61669922,"dmean2":7121.88916016,"dvar":47848684,"dvar2":120893872,"max":22050,"mean":10199.5927734,"median":3100.78125,"min":43.06640625,"var":95813472},"spectral_skewness":{"dmean":0.322348088026,"dmean2":0.470352351665,"dvar":0.132977381349,"dvar2":0.292518168688,"max":9.65704631805,"mean":2.76094436646,"median":2.6356511116,"min":-0.0399970449507,"var":0.706855893135},"spectral_spread":{"dmean":372865.75,"dmean2":584878.9375,"dvar":193230716928,"dvar2":444282667008,"max":41784828,"mean":3403921.25,"median":3352234.5,"min":1586289.25,"var":1106481381380},"spectral_strongpeak":{"dmean":2.31032967567,"dmean2":4.34768342972,"dvar":107.624641418,"dvar2":297.162139893,"max":123.21559906,"mean":1.82743382454,"median":0.257004767656,"min":0,"var":83.0059127808},"zerocrossingrate":{"dmean":0.0317190140486,"dmean2":0.0417047254741,"dvar":0.000728964863811,"dvar2":0.00120713934302,"max":0.92041015625,"mean":0.247152835131,"median":0.23291015625,"min":0.01416015625,"var":0.0108614340425}},"metadata":{"audio_properties":{"analysis_sample_rate":44100,"bit_rate":128000,"codec":"mp3","downmix":"mix","equal_loudness":0,"length":292.468017578,"lossless":false,"md5_encoded":"853de1751804328b894b93a56e8c080c","replay_gain":-3.61900138855,"sample_rate":44100},"tags":{"album":["Draw the Line"],"albumartist":["Aerosmith"],"albumartistsort":["Aerosmith"],"artist":["Aerosmith"],"artistsort":["Aerosmith"],"asin":["B0000029AU"],"composer":["Jack Douglas/Steven Tyler/Tom Hamilton"],"date":["1977"],"discnumber":["1/1"],"file_name":"03. Aerosmith - Critical Mass.mp3","genre":["Rock"],"label":["Columbia"],"musicbrainz album release country":["US"],"musicbrainz album status":["official"],"musicbrainz album type":["album"],"musicbrainz_albumartistid":["3d2b98e5-556f-4451-a3ff-c50ea18d57cb"],"musicbrainz_albumid":["58cfaa7f-37e4-4e27-9a61-4a2cccfd1417"],"musicbrainz_artistid":["3d2b98e5-556f-4451-a3ff-c50ea18d57cb"],"musicbrainz_recordingid":["f64288d6-b964-4687-84c7-90e9b6efbb31"],"musicip_puid":["01fa377c-6428-d6a2-14e6-a3d23320c681"],"title":["Critical Mass"],"tracknumber":["3/9"]},"version":{"essentia":"2.1-beta1","essentia_build_sha":"ca57ba49d9b1854bd80e60cf9ccf267278fb7d6b","essentia_git_sha":"v2.1_beta1-28-g21ef5f4-dirty","extractor":"music 1.0"}},"rhythm":{"beats_count":687,"beats_loudness":{"dmean":0.0212654974312,"dmean2":0.0371421203017,"dvar":0.000425995036494,"dvar2":0.00127881893422,"max":0.233029901981,"mean":0.0587265603244,"median":0.0583968833089,"min":9.29879107048e-9,"var":0.00107688992284},"beats_loudness_band_ratio":{"dmean":[0.1603128016,0.0787553489208,0.0704902037978,0.0605388991535,0.0284811351448,0.0612792409956],"dmean2":[0.272346973419,0.139353752136,0.124849505723,0.105119399726,0.0520899258554,0.10594945401],"dvar":[0.0141167137772,0.00484651420265,0.00511516770348,0.00294478121214,0.000547160569113,0.00293804635294],"dvar2":[0.0419441722333,0.0146387917921,0.0152962943539,0.00834836345166,0.00169429660309,0.00806829612702],"max":[0.915772795677,0.503105163574,0.569995880127,0.475705444813,0