{"lowlevel":{"average_loudness":0.862267792225,"barkbands":{"dmean":[0.000025886178264,0.00142607162707,0.000912266492378,0.00120104511734,0.000657919270452,0.000401429308113,0.000331605260726,0.000288764538709,0.000614208809566,0.000534421880729,0.000337668519933,0.000241528003244,0.000253679783782,0.000264426809736,0.000251184974331,0.000181345705641,0.000295962614473,0.000414000503952,0.000440465722932,0.000282005290501,0.000155372195877,0.0000871691227076,0.0000580181658734,0.0000353212417394,0.0000241689667746,0.0000137239103424,0.00000459374405182],"dmean2":[0.0000385314306186,0.00236262590624,0.00153449550271,0.00205337675288,0.00112440192606,0.000659724639263,0.000542685156688,0.000464548298623,0.000982956262305,0.000833149126265,0.00054599926807,0.000393327412894,0.000412619236158,0.000420214550104,0.000403398938943,0.000297907710774,0.000485052529257,0.000660335761495,0.000714966736268,0.000453858054243,0.000245226430707,0.00013636512449,0.0000815481471363,0.000052833231166,0.0000342218881997,0.0000194694421225,0.00000684242741045],"dvar":[2.79133782755e-9,0.0000132342911456,0.00000250854941442,0.00000427841996498,0.00000145601984514,5.55403687486e-7,6.53439656162e-7,5.23097924088e-7,0.00000238931784224,0.00000166459449247,9.0401391617e-7,2.25553449695e-7,4.16462825115e-7,3.06254094085e-7,2.67518004193e-7,1.59929356869e-7,4.13949521771e-7,4.29815656844e-7,4.0977559479e-7,2.11353636814e-7,4.91336855646e-8,2.24395364512e-8,1.10848823454e-8,4.80369788391e-9,1.99254746036e-9,1.03983133215e-9,1.31357702493e-10],"dvar2":[5.93769833301e-9,0.0000327352390741,0.00000668261009196,0.0000119912265291,0.00000414964779338,0.00000134812376018,0.00000162739343068,0.00000124248595057,0.00000578999834033,0.00000392482024836,0.00000247936031883,5.64963499983e-7,0.0000010924200069,7.67400649693e-7,6.61754029352e-7,4.1728858946e-7,0.00000103480442704,0.00000105278320461,9.83027462098e-7,5.21436106737e-7,1.19777268992e-7,5.04938242329e-8,2.15449045271e-8,1.11111608803e-8,4.16201029196e-9,2.43264985933e-9,3.01340036257e-10],"max":[0.000735751236789,0.0433009639382,0.0212034583092,0.023760041222,0.0161736886948,0.0187159515917,0.0151277836412,0.0218158513308,0.0252337791026,0.0265386849642,0.0279096867889,0.00998554006219,0.0121299335733,0.010844308883,0.0116225490347,0.0111668147147,0.0210567675531,0.0126627124846,0.0154817439616,0.013664111495,0.0041515333578,0.00217139767483,0.0018456800608,0.00151577859651,0.00157136388589,0.000673790753353,0.00014504569117],"mean":[0.0000399697746616,0.00169207446743,0.00134277518373,0.00154936185572,0.00103795935865,0.000621540646534,0.000441300246166,0.000385432416806,0.00097719929181,0.000998807605356,0.000598981918301,0.000424669473432,0.000437951675849,0.00046251542517,0.000447160797194,0.000350963877281,0.000584570865612,0.000938471232075,0.00104536768049,0.000740175542887,0.000434423272964,0.000225716939894,0.000140771822771,0.0000783765135566,0.0000518303313584,0.0000207099255931,0.00000499316774949],"median":[0.000019417850126,0.000874265446328,0.00081050908193,0.000873876095284,0.000713746063411,0.000329484115355,0.000129699270474,0.000100429417216,0.000244272407144,0.000258190179011,0.000163030141266,0.000198417110369,0.000141728247399,0.000187670520972,0.000215976542677,0.000248760450631,0.000372597307432,0.000581426953431,0.000826857867651,0.000514631101396,0.000314991222695,0.000125910504721,0.0000602747932135,0.0000388720000046,0.0000277196995739,0.00000693810216035,3.1945904766e-7],"min":[2.85596993316e-24,1.04817352649e-23,3.06533677285e-23,7.09046246527e-24,3.45481381006e-23,6.7064132644e-23,1.45949667808e-22,4.42227471749e-23,1.28928965103e-23,9.38860913083e-23,3.83817812189e-23,1.29526858561e-22,7.82843348018e-23,1.12767792619e-22,1.97002688245e-22,8.45241298988e-23,1.51565663256e-22,2.01708338208e-22,2.43475165747e-22,3.99714280819e-22,3.58415935683e-22,3.28581923067e-22,5.70221933291e-22,1.02473894918e-21,1.00977820842e-21,1.52922228858e-21,2.56769463716e-21],"var":[3.9559977516e-9,0.0000120847353173,0.00000300469173453,0.00000457173882751,0.00000153492135269,0.00000100559748262,8.08287722975e-7,7.99580391231e-7,0.00000492668004881,0.00000517043599757,0.00000247333287007,4.87318459363e-7,9.31571662477e-7,6.38949586573e-7,5.21558888522e-7,2.16826080646e-7,7.12421865501e-7,0.00000138242683079,0.00000111768235911,7.52625794576e-7,1.94878083448e-7,6.99509143942e-8,3.92211845224e-8,1.09265476667e-8,5.19033394042e-9,1.40598876985e-9,1.54716919831e-10]},"barkbands_crest":{"dmean":2.31946206093,"dmean2":3.8296148777,"dvar":5.15199756622,"dvar2":12.9746074677,"max":24.6420536041,"mean":7.11437416077,"median":6.15244579315,"min":1.98378300667,"var":12.240486145},"barkbands_flatness_db":{"dmean":0.0162810012698,"dmean2":0.0248594898731,"dvar":0.000274658261333,"dvar2":0.000617274781689,"max":0.283543497324,"mean":0.0874154567719,"median":0.0815635994077,"min":0.0119921248406,"var":0.00107899028808},"barkbands_kurtosis":{"dmean":1.00664234161,"dmean2":1.60294044018,"dvar":6.98046302795,"dvar2":16.4544715881,"max":87.8190994263,"mean":-0.141016229987,"median":-1.0090252161,"min":-1.86003398895,"var":11.2721176147},"barkbands_skewness":{"dmean":0.413031846285,"dmean2":0.638333201408,"dvar":0.205550014973,"dvar2":0.455453127623,"max":8.32291698456,"mean":0.495361924171,"median":0.342721611261,"min":-4.73991394043,"var":0.750848174095},"barkbands_spread":{"dmean":6.15615749359,"dmean2":9.65334129333,"dvar":36.7303199768,"dvar2":85.729133606,"max":111.450492859,"mean":38.234287262,"median":39.1585845947,"min":2.62811923027,"var":143.35899353},"dissonance":{"dmean":0.0099053196609,"dmean2":0.0170325618237,"dvar":0.000127359657199,"dvar2":0.000342805142282,"max":0.500000119209,"mean":0.484369397163,"median":0.488502770662,"min":0.250614821911,"var":0.000235128653003},"dynamic_complexity":4.34312438965,"erbbands":{"dmean":[0.0341184027493,0.353296965361,0.892543852329,2.62254357338,3.34520363808,1.97430837154,2.09232211113,3.56933712959,3.87425279617,5.6250166893,7.35667610168,12.8740720749,16.5041370392,15.8845653534,10.4124736786,9.62246704102,11.1899404526,12.242357254,11.9960870743,11.7194538116,8.95442962646,15.6359767914,20.0653171539,25.3502120972,16.4833450317,13.8971853256,8.28774642944,4.61165904999,3.1135764122,2.62883210182,1.56099319458,0.83003038168,0.580547988415,0.338611751795,0.150932699442,0.0610181950033,0.0240394771099,0.00778308138251,0.000803463044576,0.0000258102572843],"dmean2":[0.055379152298,0.591523170471,1.48062646389,4.45698976517,5.78797340393,3.36245465279,3.41680383682,5.91977500916,6.39289331436,9.08935451508,11.9255924225,20.5835590363,25.7862129211,24.9349575043,16.7308578491,15.6706094742,17.9727630615,19.3657455444,19.2319393158,18.7691783905,14.712471962,25.4154014587,31.9771366119,40.6485977173,26.6146202087,22.3494796753,13.0432004929,7.47934389114,4.9196138382,3.8466603756,2.3252222538,1.2827026844,0.868553578854,0.493588060141,0.218490660191,0.0865056142211,0.0347564034164,0.0113311056048,0.00121035904158,0.0000387649124605],"dvar":[0.00830767210573,0.779610931873,2.50318288803,19.104133606,48.3202056885,9.49412631989,17.753818512,50.4418983459,59.3522644043,247.257125854,338.502166748,1265.16931152,1680.68054199,1597.37512207,696.922973633,375.204223633,870.170349121,753.52935791,617.234924316,670.284790039,263.780639648,875.964111328,1069.51000977,1517.04980469,758.220153809,503.61932373,144.076263428,54.7216758728,28.0010986328,23.2351455688,8.46517181396,2.36770296097,1.62085127831,0.355219691992,0.106023810804,0.0143390884623,0.00474556256086,0.000428625877248,0.00000426540600529,3.33977046019e-9],"dvar2":[0.0198912601918,1.96952807903,6.45781850815,52.2125968933,139.86239624,27.0827693939,43.7584533691,122.11391449,153.761627197,605.130126953,818.380554199,2987.13354492,3902.6784668,3961.63256836,1856.61938477,955.997009277,2276.3527832,1864.5637207,1538.1184082,1586.60766602,680.636535645,2196.62158203,2602.0246582,3534.00732422,1819.671875,1238.78186035,354.634918213,138.869064331,64.1767730713,46.7949295044,18.2805347443,5.6879401207,3.79991030693,0.783903121948,0.234006538987,0.0298586878926,0.0118907559663,0.00103673699778,0.00000984210055321,7.74759012501e-9],"max":[1.25037372112,10.0368537903,21.7881469727,57.0031242371,89.6751861572,42.2640304565,83.5655136108,225.228515625,137.347640991,304.948394775,431.257385254,807.298217773,707.635009766,868.784423828,667.111206055,507.506317139,647.028015137,634.617858887,628.663757324,673.992675781,528.123962402,750.803344727,842.048034668,1101.06152344,663.408630371,773.619812012,216.435516357,123.467414856,70.6761322021,76.6162261963,41.8854942322,34.3922729492,36.0367202759,15.6714324951,15.1943817139,4.01391124725,1.83790290356,0.386701852083,0.0229345373809,0.000689058681019],"mean":[0.0412169210613,0.411949932575,1.36807954311,3.68451118469,4.51851797104,3.2665271759,3.58291053772,5.32642221451,5.77650928497,7.21167564392,10.8669404984,20.5489311218,30.2905387878,31.3611755371,20.7412052155,18.2333850861,20.7824172974,23.121088028,22.9497680664,23.2695941925,19.810508728,33.4979248047,48.0624427795,62.236579895,41.8431892395,36.7324371338,23.2336425781,12.7748041153,8.125831604,6.02118206024,3.74990320206,1.91773962975,1.20974099636,0.714775145054,0.297932565212,0.1064549312,0.0332894027233,0.0095710773021,0.000854506157339,0.0000439933319285],"median":[0.0166509095579,0.215351253748,0.875180363655,2.3540186882,2.86946797371,2.13450694084,1.97901046276,2.71589064598,2.06949472427,2.1311404705,3.33538484573,5.94208669662,8.34477996826,8.79204845428,8.61180305481,8.76372718811,7.87373733521,9.90300369263,11.2915554047,13.6087255478,15.1078834534,22.8563804626,33.0908508301,47.3845062256,31.7988033295,25.5761852264,16.6833877563,9.47474098206,4.83403348923,2.47974991798,1.67448973656,0.935936748981,0.579878151417,0.375121206045,0.154853388667,0.0421763733029,0.00954461749643,0.0016333181411,0.0000644652900519,0.0000271236931439],"min":[5.61959719714e-22,2.16666430916e-21,2.85851130725e-20,2.56072806388e-20,9.19839639937e-20,7.47700446408e-20,2.73453890542e-19,6.30973578051e-19,1.85376738063e-18,1.60253753255e-18,9.68486222234e-19,3.13566980372e-19,1.7655059685e-18,2.24648088901e-18,3.29792546847e-18,4.19055736738e-18,3.92104496661e-18,5.91161995554e-18,8.15926324011e-18,7.62724796707e-18,5.79397956959e-18,8.80926259263e-18,1.26266638964e-17,1.02682950423e-17,1.26735881982e-17,2.00537564892e-17,1.48543688195e-17,1.33463987105e-17,1.21935918324e-17,1.27377459809e-17,1.64077428724e-17,1.91818915799e-17,1.72967684706e-17,9.89543924524e-18,7.94336579151e-18,6.03136138024e-18,2.94192471721e-18,1.61727013625e-18,3.28282859511e-19,3.36399653282e-20],"var":[0.00829592440277,0.677063822746,2.99365472794,21.2842979431,41.4127082825,13.8796234131,32.9524345398,84.3359680176,91.8409423828,286.672302246,563.788024902,2349.91333008,4442.80175781,5333.58251953,1921.36706543,855.582885742,1967.83032227,1719.55529785,1209.38256836,1325.2244873,462.166778564,1825.46032715,3387.08374023,4641.61328125,1941.56481934,1880.72912598,574.920898438,163.192062378,83.8070907593,73.8614807129,26.856086731,5.99423456192,2.98687362671,0.881995797157,0.241618797183,0.0301955118775,0.00499428529292,0.000471919222036,0.00000482247742184,3.83988130181e-9]},"erbbands_crest":{"dmean":2.24568891525,"dmean2":3.67578935623,"dvar":5.15020656586,"dvar2":12.3248033524,"max":32.6048164368,"mean":8.06526660919,"median":6.94492816925,"min":2.56313633919,"var":15.8292016983},"erbbands_flatness_db":{"dmean":0.0157874114811,"dmean2":0.0222594775259,"dvar":0.000255064544035,"dvar2":0.000449383514933,"max":0.332384765148,"mean":0.152076005936,"median":0.150919467211,"min":0.0347887501121,"var":0.00131628185045},"erbbands_kurtosis":{"dmean":0.724988520145,"dmean2":1.17096579075,"dvar":1.04020524025,"dvar2":2.46840262413,"max":26.1664581299,"mean":0.180287644267,"median":-0.163227289915,"min":-1.7450978756,"var":2.2455830574},"erbbands_skewness":{"dmean":0.313102632761,"dmean2":0.494011640549,"dvar":0.0860521495342,"dvar2":0.202230036259,"max":4.45173072815,"mean":-0.51283544302,"median":-0.595716059208,"min":-3.36021733284,"var":0.45534068346},"erbbands_spread":{"dmean":6.44528436661,"dmean2":10.1890850067,"dvar":46.7458839417,"dvar2":107.835403442,"max":123.37588501,"mean":36.9191551208,"median":34.1143074036,"min":4.77932167053,"var":179.665618896},"gfcc":{"cov":[[13818.6445313,316.815948486,-544.405944824,309.914642334,-280.331359863,237.999343872,-152.598220825,101.684875488,-128.292434692,58.7681884766,-29.6623973846,-50.5951957703,-52.0224685669],[316.815948486,966.732849121,-268.346923828,231.297454834,184.37361145,-39.678314209,143.436447144,1.51387417316,10.4390487671,-10.8196058273,26.9554176331,-20.3127365112,103.001190186],[-544.405944824,-268.346923828,655.53125,-30.6763801575,118.411659241,23.9375972748,-68.913734436,4.54015445709,46.7511329651,22.331205368,7.94837236404,51.738445282,-78.6172180176],[309.914642334,231.297454834,-30.6763801575,331.521606445,57.9957771301,43.8737640381,-1.97847867012,-26.3879318237,-1.02486491203,-3.55802249908,44.0393829346,14.4952468872,27.2724933624],[-280.331359863,184.37361145,118.411659241,57.9957771301,396.1199646,49.7214241028,136.997253418,31.5142230988,-49.0468635559,13.7579965591,4.61658477783,31.9622745514,43.9444885254],[237.999343872,-39.678314209,23.9375972748,43.8737640381,49.7214241028,192.195739746,63.2555732727,37.4443283081,-25.3938903809,7.46045303345,20.2295360565,-1.69971442223,-0.217749938369],[-152.598220825,143.436447144,-68.913734436,-1.97847867012,136.997253418,63.2555732727,208.80027771,55.475528717,-36.2195396423,-12.1162195206,-6.59485673904,-3.54605984688,31.5832862854],[101.684875488,1.51387417316,4.54015445709,-26.3879318237,31.5142230988,37.4443283081,55.475528717,112.150276184,29.6374893188,14.0416498184,-17.0924243927,-8.19704532623,18.5734329224],[-128.292434692,10.4390487671,46.7511329651,-1.02486491203,-49.0468635559,-25.3938903809,-36.2195396423,29.6374893188,130.537826538,37.0910339355,-1.24408721924,-12.3625173569,-16.0307807922],[58.7681884766,-10.8196058273,22.331205368,-3.55802249908,13.7579965591,7.46045303345,-12.1162195206,14.0416498184,37.0910339355,77.6409072876,24.4896850586,1.06840205193,-5.53547859192],[-29.6623973846,26.9554176331,7.94837236404,44.0393829346,4.61658477783,20.2295360565,-6.59485673904,-17.0924243927,-1.24408721924,24.4896850586,88.7484359741,39.2504043579,-6.58230876923],[-50.5951957703,-20.3127365112,51.738445282,14.4952468872,31.9622745514,-1.69971442223,-3.54605984688,-8.19704532623,-12.3625173569,1.06840205193,39.2504043579,72.4075775146,13.7366323471],[-52.0224685669,103.001190186,-78.6172180176,27.2724933624,43.9444885254,-0.217749938369,31.5832862854,18.5734329224,-16.0307807922,-5.53547859192,-6.58230876923,13.7366323471,91.8938217163]],"icov":[[0.0000917862780625,-0.0000831455981825,0.0000867634007591,-0.0000799069166533,0.0000796887470642,-0.000153068962391,0.000204952608328,-0.000235181869357,0.00025221935357,-0.000216294778511,0.000262413552264,-0.000206306300242,0.000262329587713],[-0.0000831455981825,0.00214637746103,0.000538378080819,-0.00105773715768,-0.0010032345308,0.00121909123845,-0.00123320159037,0.000639449281152,-0.00137537124101,0.000926484179217,-0.00153856165707,0.00171551317908,-0.00145189848263],[0.0000867634007591,0.000538378080819,0.00283828354441,-0.0000843839370646,-0.00168778304942,-0.000581979344133,0.0014453221811,-0.000418063136749,-0.00121634209063,0.00032697423012,0.000980978016742,-0.00226491387002,0.00250875088386],[-0.0000799069166533,-0.00105773715768,-0.0000843839370646,0.00454734219238,-0.000565866008401,-0.00162585277576,0.00123066583183,0.0012221520301,-0.000865381443873,0.00126245548017,-0.00171911180951,0.000144721198012,-0.000904344546143],[0.0000796887470642,-0.0010032345308,-0.00168778304942,-0.000565866008401,0.00524500990286,-0.000147516853758,-0.00270067900419,-0.000214857514948,0.00255006854422,-0.00286498735659,0.00177741784137,-0.00167929800227,-0.000992697896436],[-0.000153068962391,0.00121909123845,-0.000581979344133,-0.00162585277576,-0.000147516853758,0.00797032564878,-0.00265996158123,-0.00209995103069,0.00140365981497,-0.000110259192297,-0.00327097019181,0.00296601047739,-0.00047983424156],[0.000204952608328,-0.00123320159037,0.0014453221811,0.00123066583183,-0.00270067900419,-0.00265996158123,0.0101263523102,-0.004189979285,0.00171149068046,0.00157982879318,0.000329424801748,-0.000528136733919,0.00151753018145],[-0.000235181869357,0.000639449281152,-0.000418063136749,0.0012221520301,-0.000214857514948,-0.00209995103069,-0.004189979285,0.0147458836436,-0.00525914225727,-0.00101377314422,0.00191540562082,0.000400071759941,-0.0039139566943],[0.00025221935357,-0.00137537124101,-0.00121634209063,-0.000865381443873,0.00255006854422,0.00140365981497,0.00171149068046,-0.00525914225727,0.0134293576702,-0.00621865736321,0.0016314209206,0.000311868905555,0.00219760113396],[-0.000216294778511,0.000926484179217,0.00032697423012,0.00126245548017,-0.00286498735659,-0.000110259192297,0.00157982879318,-0.00101377314422,-0.00621865736321,0.0195489488542,-0.00840518716723,0.00431464333087,-0.00137841212563],[0.000262413552264,-0.00153856165707,0.000980978016742,-0.00171911180951,0.00177741784137,-0.00327097019181,0.000329424801748,0.00191540562082,0.0016314209206,-0.00840518716723,0.0226151738316,-0.0141091281548,0.00537173822522],[-0.000206306300242,0.00171551317908,-0.00226491387002,0.000144721198012,-0.00167929800227,0.00296601047739,-0.000528136733919,0.000400071759941,0.000311868905555,0.00431464333087,-0.0141091281548,0.0256549213082,-0.00764087308198],[0.000262329587713,-0.00145189848263,0.00250875088386,-0.000904344546143,-0.000992697896436,-0.00047983424156,0.00151753018145,-0.0039139566943,0.00219760113396,-0.00137841212563,0.00537173822522,-0.00764087308198,0.0176431071013]],"mean":[-12.2694301605,62.9560050964,-136.27015686,49.9038619995,-52.8508834839,8.23635673523,-29.0432510376,12.0641813278,-33.2786026001,-2.93970990181,-20.2445793152,-2.92715930939,-13.0383224487]},"hfc":{"dmean":5.33051252365,"dmean2":7.73374414444,"dvar":55.8160133362,"dvar2":116.586631775,"max":129.469360352,"mean":23.5072040558,"median":21.5106201172,"min":1.11257049703e-16,"var":320.928161621},"melbands":{"dmean":[0.000358865683665,0.00044768259977,0.000477598572616,0.000176614499651,0.0000706971331965,0.0000795361265773,0.0000618126650807,0.0000600172315899,0.0000655637486489,0.0000864097528392,0.0000839686690597,0.0000673418908264,0.0000431209045928,0.0000269621868938,0.0000262317789748,0.0000252087156696,0.0000241755387833,0.0000209133359022,0.0000187076911971,0.0000143205770655,0.0000111046847451,0.0000161712068802,0.0000206785116461,0.0000218018249143,0.0000233225691773,0.0000156767418957,0.0000123259987959,0.00000940576410358,0.0000062607396103,0.00000396123868995,0.00000285092573904,0.00000197885856323,0.00000176272567387,0.00000145541616803,0.00000101579178136,7.26171322185e-7,4.87680836159e-7,4.56942643723e-7,3.54610591558e-7,2.69430671551e-7],"dmean2":[0.000590306706727,0.000731404405087,0.000811508274637,0.000304182030959,0.000115556700621,0.000131848006276,0.000101498240838,0.0000968902531895,0.000106414401671,0.000138027855428,0.000131184919155,0.000105632010673,0.0000694063201081,0.000043639454816,0.0000422954253736,0.000040617884224,0.00003840656791,0.0000336827397405,0.0000300756491924,0.0000233161736105,0.0000183038118848,0.0000266131537501,0.0000332915733452,0.0000345910339092,0.0000374920855393,0.00002573976235,0.0000198386842385,0.0000152527209138,0.0000100957076938,0.00000631103193882,0.00000474520084026,0.00000315789407068,0.00000279275855064,0.00000213477619582,0.00000153304063133,0.0000011665852071,7.61614387557e-7,6.97863356436e-7,5.30695558609e-7,3.99902944537e-7],"dvar":[8.94967286058e-7,7.35691060072e-7,6.73281078889e-7,1.13744569319e-7,1.57046802229e-8,2.29771810467e-8,1.64349867049e-8,2.50357583553e-8,2.71699249765e-8,5.40674278682e-8,4.32962963259e-8,2.89002066722e-8,1.51875667598e-8,2.78867240411e-9,3.38159944491e-9,4.13985912218e-9,2.93759327974e-9,2.06860217844e-9,1.67691138753e-9,1.20170429163e-9,3.97891497528e-10,8.61697657673e-10,1.95795002433e-9,1.40285072447e-9,1.37289335456e-9,5.86936999003e-10,5.18696863239e-10,2.40418962516e-10,8.94973331556e-11,3.43147142645e-11,2.23466939397e-11,9.24722191181e-12,1.27475139819e-11,7.11416255766e-12,3.37087866301e-12,1.88018025628e-12,8.28020594798e-13,1.2588490363e-12,3.92752345403e-13,2.32634007544e-13],"dvar2":[0.000002189590532,0.00000178744699042,0.00000186916179246,3.30079785726e-7,3.92161325635e-8,5.59401129863e-8,4.16960723726e-8,6.0709048455e-8,6.60667325292e-8,1.28559918267e-7,1.00497530298e-7,7.12421766025e-8,4.18386889578e-8,7.03126756818e-9,8.76778027958e-9,1.02638670896e-8,7.27476923146e-9,5.124298319e-9,4.07377465095e-9,3.05997671646e-9,1.04129549428e-9,2.20977680598e-9,4.65726168741e-9,3.35542482688e-9,3.19898729728e-9,1.47636614045e-9,1.29122124104e-9,5.96042881718e-10,2.27467086833e-10,8.48266665243e-11,6.00486049773e-11,2.19978497223e-11,2.9448315314e-11,1.48491115237e-11,7.35012658376e-12,4.74265071659e-12,2.02300502739e-12,3.0506677913e-12,8.70609194546e-13,5.31181327222e-13],"max":[0.0121054593474,0.0110877528787,0.0099638113752,0.00473594525829,0.00255263550207,0.00438484875485,0.00189071591012,0.00273979944177,0.00335024879314,0.00487696891651,0.00354657229036,0.0037518737372,0.00343154883012,0.00122529757209,0.00099547044374,0.00119735952467,0.00117279111873,0.00106431997847,0.00108862400521,0.00110410281923,0.000766964571085,0.000823553593364,0.00152984994929,0.000778774439823,0.00108045397792,0.000617533863988,0.000824425194878,0.000572175602429,0.0002076614619,0.000147110782564,0.0000746074365452,0.0000463956021122,0.0000502670736751,0.0000423577112088,0.0000275079455605,0.000024669294362,0.0000200912527362,0.0000361853999493,0.0000131740480356,0.0000138521445479],"mean":[0.000424984435085,0.000673561415169,0.000691274995916,0.000273820274742,0.000127905135741,0.000120435222925,0.0000904104381334,0.0000777558598202,0.0000970777036855,0.000136317015858,0.000151102067321,0.000128228013637,0.0000801761125331,0.0000469396509288,0.0000478092042613,0.0000430931395385,0.000042756611947,0.0000364645857189,0.0000335736003763,0.0000269956781267,0.0000220717683987,0.0000319142636727,0.0000405996797781,0.0000473458894703,0.0000520458706887,0.0000345374901372,0.0000273772529908,0.0000228656881518,0.0000154050139827,0.0000100411389212,0.00000663832406644,0.00000476461082144,0.0000038368980313,0.00000306275319417,0.0000022643905595,0.00000157088049946,0.00000101208274828,8.7567002538e-7,7.21394997072e-7,5.49400681393e-7],"median":[0.000202926399652,0.000429646141129,0.000455665809568,0.000192638166482,0.0000767441524658,0.000061767466832,0.0000305882203975,0.0000218766599573,0.0000282142009382,0.0000354444928234,0.0000385683160857,0.0000326249173668,0.0000255230588664,0.0000225296043936,0.0000177934798558,0.000014966272829,0.0000167587786564,0.0000159010669449,0.0000165558267327,0.0000168375590874,0.0000160717791005,0.0000205815813388,0.0000254084225162,0.0000275027650787,0.0000377953620045,0.0000265184280579,0.0000168669757841,0.0000155349371198,0.0000106516099549,0.00000714486213838,0.00000463675996798,0.00000291499327432,0.00000171401018179,0.00000118548155115,9.82520987236e-7,6.8527356234e-7,4.9820255299e-7,3.96951350012e-7,3.54209845455e-7,2.87438155055e-7],"min":[3.96844800854e-24,1.03751428017e-23,7.31383947464e-24,5.37628901747e-24,8.62355131456e-24,1.761906159e-23,2.75703383832e-23,1.54498092743e-23,6.88967054362e-24,1.5001863484e-24,1.03966613495e-23,1.06745044712e-23,8.17558245003e-24,1.66363838712e-23,8.5755909381e-24,7.13871708685e-24,1.12728665118e-23,1.121049128e-23,1.50880171528e-23,6.12998132025e-24,6.7490332103e-24,9.81365606403e-24,9.84553866637e-24,9.2108984904e-24,8.2989666065e-24,9.16459393299e-24,1.063742012e-23,1.44262512057e-23,6.9690378393e-24,1.30940378974e-23,6.09489475934e-24,6.94995687172e-24,6.60649511663e-24,7.30599583066e-24,7.62357939819e-24,1.3512469443e-23,1.09412917073e-23,1.37326294776e-23,8.56302753933e-24,8.32204867658e-24],"var":[8.3612093249e-7,8.48680485888e-7,7.30765293611e-7,1.10678286092e-7,3.09827008493e-8,3.96718995432e-8,2.43412490164e-8,3.11703267641e-8,4.77601460602e-8,1.02844289529e-7,1.15275000212e-7,9.57203241114e-8,4.19559782472e-8,5.58697665909e-9,8.89481288624e-9,8.19724466083e-9,6.43292485947e-9,3.77013220643e-9,3.23244742084e-9,1.73047298713e-9,6.34818808631e-10,1.71665404114e-9,3.83307785512e-9,4.43849756948e-9,3.77915210237e-9,1.32418465082e-9,1.25019150587e-9,8.20646384181e-10,2.87852880421e-10,1.10592791869e-10,5.06625887076e-11,2.76904593005e-11,3.0583660604e-11,2.05144234933e-11,1.01498375676e-11,4.61782348471e-12,1.78714269945e-12,1.94257132081e-12,8.89467861344e-13,5.51703919095e-13]},"melbands_crest":{"dmean":3.30180621147,"dmean2":5.45661020279,"dvar":8.4052696228,"dvar2":22.0435352325,"max":33.7423782349,"mean":11.6352519989,"median":10.9258670807,"min":1.93093085289,"var":20.8471698761},"melbands_flatness_db":{"dmean":0.0224381480366,"dmean2":0.0347320437431,"dvar":0.000502079667058,"dvar2":0.00115287944209,"max":0.346599310637,"mean":0.12877266109,"median":0.119814231992,"min":0.00440879631788,"var":0.00237094168551},"melbands_kurtosis":{"dmean":3.70061326027,"dmean2":5.88007307053,"dvar":91.5186462402,"dvar2":220.007644653,"max":229.215057373,"mean":4.81046819687,"median":1.5430598259,"min":-1.83086490631,"var":151.53894043},"melbands_skewness":{"dmean":0.584110081196,"dmean2":0.91105902195,"dvar":0.498839735985,"dvar2":1.11490666866,"max":13.1137514114,"mean":1.77021944523,"median":1.46190595627,"min":-2.33877754211,"var":1.64426422119},"melbands_spread":{"dmean":11.7599220276,"dmean2":18.6703300476,"dvar":132.662277222,"dvar2":311.76373291,"max":204.451156616,"mean":50.9172668457,"median":50.5189666748,"min":1.52411186695,"var":499.454681396},"mfcc":{"cov":[[10739.1376953,435.449798584,-522.649169922,299.086547852,-141.481109619,73.5015869141,56.9593887329,11.4284172058,-108.741996765,61.9085578918,22.1866550446,-34.5361022949,-108.601730347],[435.449798584,770.654418945,-251.846221924,225.87097168,40.412815094,42.5014038086,129.595275879,28.7387199402,98.3202819824,-12.7810497284,31.0203342438,-17.2522850037,-30.5967254639],[-522.649169922,-251.846221924,487.44317627,-64.2646331787,91.6125488281,-7.81974554062,-120.488456726,1.54570579529,-68.1099395752,15.3044128418,7.08180046082,51.2550201416,58.628780365],[299.086547852,225.87097168,-64.2646331787,291.064178467,76.9165115356,54.7340164185,49.6670341492,5.94583129883,21.3485622406,-37.8032341003,-9.98445987701,7.63884115219,15.859744072],[-141.481109619,40.412815094,91.6125488281,76.9165115356,211.047912598,60.2302818298,41.6928253174,12.3212146759,12.6921672821,-1.18242990971,4.39891910553,16.5945472717,22.2969913483],[73.5015869141,42.5014038086,-7.81974554062,54.7340164185,60.2302818298,139.850418091,98.7115631104,27.4731960297,0.438175410032,-5.43214559555,13.3304309845,14.4569158554,-0.740872442722],[56.9593887329,129.595275879,-120.488456726,49.6670341492,41.6928253174,98.7115631104,265.481048584,75.0521621704,50.5656242371,-19.5039100647,8.32381439209,-2.74950575829,-26.8954143524],[11.4284172058,28.7387199402,1.54570579529,5.94583129883,12.3212146759,27.4731960297,75.0521621704,100.439704895,36.1161384583,8.12426376343,4.36517238617,5.10944080353,-3.55560874939],[-108.741996765,98.3202819824,-68.1099395752,21.3485622406,12.6921672821,0.438175410032,50.5656242371,36.1161384583,129.773986816,46.9646339417,7.79657030106,-30.8294811249,-20.799249649],[61.9085578918,-12.7810497284,15.3044128418,-37.8032341003,-1.18242990971,-5.43214559555,-19.5039100647,8.12426376343,46.9646339417,106.088348389,30.4283504486,-5.41916179657,-1.52765130997],[22.1866550446,31.0203342438,7.08180046082,-9.98445987701,4.39891910553,13.3304309845,8.32381439209,4.36517238617,7.79657030106,30.4283504486,73.3651123047,33.378704071,2.1546561718],[-34.5361022949,-17.2522850037,51.2550201416,7.63884115219,16.5945472717,14.4569158554,-2.74950575829,5.10944080353,-30.8294811249,-5.41916179657,33.378704071,82.1537628174,36.9894065857],[-108.601730347,-30.5967254639,58.628780365,15.859744072,22.2969913483,-0.740872442722,-26.8954143524,-3.55560874939,-20.799249649,-1.52765130997,2.1546561718,36.9894065857,83.2716064453]],"icov":[[0.000111636574729,-0.00002411722744,0.000125255828607,-0.000149486542796,0.0000464185541205,-0.0000219315006689,0.0000367327265849,-0.000124823811348,0.00034607516136,-0.000276779290289,0.0000111013432615,0.0000246984345722,0.00014103121066],[-0.00002411722744,0.00220600725152,0.0007358447765,-0.0014251745306,-0.000247841118835,0.000391990266507,-0.000280787469819,-0.0000836616382003,-0.000894894357771,0.000468387501314,-0.00145094969776,0.000298937200569,0.000197870584088],[0.000125255828607,0.0007358447765,0.00378899113275,0.000278732011793,-0.00196573184803,-0.000183328404091,0.00177480757702,-0.00178144965321,0.00145910633728,-0.00065336789703,-0.000140069823829,-0.000765571487136,-0.000569016789086],[-0.000149486542796,-0.0014251745306,0.000278732011793,0.00585401291028,-0.00149533047806,-0.00168491469231,0.000722757948097,0.000431828928413,-0.00136839027982,0.00210675736889,0.00138230680022,-0.000801325426437,-0.00137548241764],[0.0000464185541205,-0.000247841118835,-0.00196573184803,-0.00149533047806,0.00710576446727,-0.00205040839501,-0.00102534377947,0.00106547749601,-0.00126404908951,-0.000154454537551,0.000333804433467,-0.0000739338865969,-0.000862653541844],[-0.0000219315006689,0.000391990266507,-0.000183328404091,-0.00168491469231,-0.00205040839501,0.0118742398918,-0.00441469065845,-0.00038316953578,0.00246453192085,-0.001388103934,-0.00146383349784,-0.000262311164988,0.000522351241671],[0.0000367327265849,-0.000280787469819,0.00177480757702,0.000722757948097,-0.00102534377947,-0.00441469065845,0.00818253308535,-0.00431846082211,-0.00157227716409,0.00234631239437,-0.000398559321184,-0.000469337537652,0.00112032366451],[-0.000124823811348,-0.0000836616382003,-0.00178144965321,0.000431828928413,0.00106547749601,-0.00038316953578,-0.00431846082211,0.014765361324,-0.0041866376996,-0.000158252194524,0.00150341470726,-0.00234818365425,-0.000119010408525],[0.00034607516136,-0.000894894357771,0.00145910633728,-0.00136839027982,-0.00126404908951,0.00246453192085,-0.00157227716409,-0.0041866376996,0.0153989950195,-0.00725695677102,-0.000653863127809,0.00440873252228,0.000801370537374],[-0.000276779290289,0.000468387501314,-0.00065336789703,0.00210675736889,-0.000154454537551,-0.001388103934,0.00234631239437,-0.000158252194524,-0.00725695677102,0.0160960983485,-0.00671370141208,0.00242013926618,-0.00176867085975],[0.0000111013432615,-0.00145094969776,-0.000140069823829,0.00138230680022,0.000333804433467,-0.00146383349784,-0.000398559321184,0.00150341470726,-0.000653863127809,-0.00671370141208,0.0227475725114,-0.0117643736303,0.00350043852814],[0.0000246984345722,0.000298937200569,-0.000765571487136,-0.000801325426437,-0.0000739338865969,-0.000262311164988,-0.000469337537652,-0.00234818365425,0.00440873252228,0.00242013926618,-0.0117643736303,0.0233253072947,-0.00831185560673],[0.00014103121066,0.000197870584088,-0.000569016789086,-0.00137548241764,-0.000862653541844,0.000522351241671,0.00112032366451,-0.000119010408525,0.000801370537374,-0.00176867085975,0.00350043852814,-0.00831185560673,0.0172898117453]],"mean":[-643.660583496,85.904006958,-19.6568374634,38.6020889282,-1.44634795189,2.50323462486,9.67147541046,7.06753587723,0.488599300385,-0.365910500288,-2.38523173332,-5.84051704407,-5.89750957489]},"pitch_salience":{"dmean":0.0646148920059,"dmean2":0.10552354157,"dvar":0.00341243087314,"dvar2":0.00879889912903,"max":0.89016354084,"mean":0.600905060768,"median":0.612166345119,"min":0.171140909195,"var":0.00950348842889},"silence_rate_20dB":{"dmean":0,"dmean2":0,"dvar":0,"dvar2":0,"max":1,"mean":1,"median":1,"min":1,"var":0},"silence_rate_30dB":{"dmean":0,"dmean2":0,"dvar":0,"dvar2":0,"max":1,"mean":1,"median":1,"min":1,"var":0},"silence_rate_60dB":{"dmean":0.0239383839071,"dmean2":0.0478817522526,"dvar":0.0233693253249,"dvar2":0.0501659661531,"max":1,"mean":0.150171712041,"median":0,"min":0,"var":0.127604141831},"spectral_centroid":{"dmean":247.269744873,"dmean2":389.201416016,"dvar":61596.8085938,"dvar2":133961.5,"max":11204.3408203,"mean":2421.67895508,"median":2503.42773438,"min":248.591033936,"var":288958.125},"spectral_complexity":{"dmean":4.00728559494,"dmean2":6.08618736267,"dvar":19.0370826721,"dvar2":36.3565711975,"max":58,"mean":26.4019145966,"median":29,"min":0,"var":227.952255249},"spectral_contrast_coeffs":{"dmean":[0.0493961460888,0.0461427606642,0.0377488583326,0.0282611791044,0.0205834377557,0.0191996451467],"dmean2":[0.083156324923,0.076676890254,0.0616517849267,0.0459859706461,0.0338623151183,0.0288577582687],"dvar":[0.00165792228654,0.00134289707057,0.000957071839366,0.000525803305209,0.000289290474029,0.000350291811628],"dvar2":[0.00458479626104,0.00359646650031,0.00238757929765,0.00133238791022,0.000725355756003,0.000690759508871],"max":[-0.351791113615,-0.421813637018,-0.437520563602,-0.54654031992,-0.569419205189,-0.537035644054],"mean":[-0.661494791508,-0.770672082901,-0.772754669189,-0.795560956001,-0.783030211926,-0.727451920509],"median":[-0.667016148567,-0.775421857834,-0.783228218555,-0.798700988293,-0.785175204277,-0.723302483559],"min":[-0.97559261322,-0.97737288475,-0.962679326534,-0.956945419312,-0.959097087383,-0.958680152893],"var":[0.00580770615488,0.0043791285716,0.00507498253137,0.00226500164717,0.00176258466672,0.00227235094644]},"spectral_contrast_valleys":{"dmean":[0.408749073744,0.379342228174,0.306039959192,0.25956812501,0.21032653749,0.28631696105],"dmean2":[0.655403912067,0.604300439358,0.479982405901,0.398184388876,0.309149175882,0.353991389275],"dvar":[0.150331035256,0.126562818885,0.0939838960767,0.0817598327994,0.083606608212,0.145906105638],"dvar2":[0.312823444605,0.256862938404,0.176967144012,0.137923896313,0.130916595459,0.222043141723],"max":[-5.3556189537,-4.8778295517,-5.48135566711,-5.89458990097,-5.49586343765,-8.13991641998],"mean":[-7.75770998001,-7.27203845978,-7.46142148972,-7.632563591,-6.95498037338,-10.1013183594],"median":[-7.28857278824,-7.07561397552,-7.17176389694,-7.3080124855,-6.57658481598,-9.81888961792],"min":[-27.6340732574,-27.6335487366,-27.2971572876,-27.4201374054,-27.1893386841,-27.3295726776],"var":[1.98658204079,1.4738317728,1.45136761665,1.40749013424,1.4336053133,1.50447750092]},"spectral_decrease":{"dmean":1.19544196764e-9,"dmean2":1.8470797114e-9,"dvar":2.99276902792e-18,"dvar2":6.67646216918e-18,"max":6.98638606519e-19,"mean":-3.6939602488e-9,"median":-3.40186168124e-9,"min":-2.11604049838e-8,"var":7.68724668563e-18},"spectral_energy":{"dmean":0.00486157462001,"dmean2":0.00745647167787,"dvar":0.0000484795127704,"dvar2":0.000106998108095,"max":0.0846673622727,"mean":0.0160740744323,"median":0.0150207914412,"min":1.00762812448e-20,"var":0.000139171970659},"spectral_energyband_high":{"dmean":0.000373102084268,"dmean2":0.000545883027371,"dvar":3.27059524352e-7,"dvar2":6.97320672316e-7,"max":0.0140977036208,"mean":0.00128732342273,"median":0.000948301050812,"min":7.41246321211e-21,"var":0.00000150419407419},"spectral_energyband_low":{"dmean":0.00239350437187,"dmean2":0.00383162219077,"dvar":0.0000201036091312,"dvar2":0.0000459741168015,"max":0.0517404712737,"mean":0.00383644597605,"median":0.00263115554117,"min":4.42642475694e-23,"var":0.0000254442857113},"spectral_energyband_middle_high":{"dmean":0.00169292080682,"dmean2":0.00259065604769,"dvar":0.00000531053410668,"dvar2":0.0000125143187688,"max":0.040473472327,"mean":0.00657165050507,"median":0.00529019115493,"min":1.50104745871e-21,"var":0.0000324714637827},"spectral_energyband_middle_low":{"dmean":0.00249499827623,"dmean2":0.00405503064394,"dvar":0.000014753587493,"dvar2":0.0000382416328648,"max":0.049562510103,"mean":0.0053230766207,"median":0.00401864852756,"min":3.17889614005e-22,"var":0.0000261267869064},"spectral_entropy":{"dmean":0.0963509604335,"dmean2":0.142059490085,"dvar":0.0110705010593,"dvar2":0.021310666576,"max":9.7957983017,"mean":7.85308027267,"median":7.87948846817,"min":6.05121803284,"var":0.0647438466549},"spectral_flux":{"dmean":0.0153899211437,"dmean2":0.0236312616616,"dvar":0.000330669718096,"dvar2":0.000661598460283,"max":0.220714703202,"mean":0.0698775202036,"median":0.0687077790499,"min":1.00380682932e-10,"var":0.00130249198992},"spectral_kurtosis":{"dmean":1.06032621861,"dmean2":1.82172644138,"dvar":1.07718324661,"dvar2":3.17358469963,"max":14.1753540039,"mean":3.62984848022,"median":3.41583633423,"min":-1.20211029053,"var":2.53974342346},"spectral_rms":{"dmean":0.000550298718736,"dmean2":0.000825761002488,"dvar":4.4400940169e-7,"dvar2":8.976561503e-7,"max":0.00908858049661,"mean":0.00361274974421,"median":0.00382811063901,"min":3.13536566501e-12,"var":0.00000263003562395},"spectral_rolloff":{"dmean":553.066101074,"dmean2":890.934082031,"dvar":694174.9375,"dvar2":1508463.875,"max":18906.1523438,"mean":3131.47143555,"median":3208.44726563,"min":86.1328125,"var":2115223},"spectral_skewness":{"dmean":0.161960184574,"dmean2":0.259978443384,"dvar":0.0247428044677,"dvar2":0.0589941777289,"max":2.67787027359,"mean":1.09025061131,"median":1.06843090057,"min":-0.0254620015621,"var":0.0881561934948},"spectral_spread":{"dmean":389083.4375,"dmean2":554921.375,"dvar":324610392064,"dvar2":520512143360,"max":40234956,"mean":4006723.5,"median":3818565,"min":1952853.125,"var":1384479850500},"spectral_strongpeak":{"dmean":0.70556974411,"dmean2":1.21744632721,"dvar":1.62631118298,"dvar2":4.16283321381,"max":16.2962589264,"mean":1.01124548912,"median":0.310359716415,"min":0,"var":2.44729495049},"zerocrossingrate":{"dmean":0.0110212927684,"dmean2":0.0129999611527,"dvar":0.00015859339328,"dvar2":0.00018914345128,"max":0.52978515625,"mean":0.0992982313037,"median":0.09716796875,"min":0.01220703125,"var":0.00132860802114}},"metadata":{"audio_properties":{"analysis_sample_rate":44100,"bit_rate":320000,"codec":"mp3","downmix":"mix","equal_loudness":0,"length":223.085708618,"lossless":false,"md5_encoded":"ee6a1c36f4fddc9bc6527a1259688393","replay_gain":-12.2568798065,"sample_rate":44100},"tags":{"acoustid_fingerprint":["AQADtEoiJdmSZEoitMIv9FmaIGHYIz5RHrmiB-UH0WGKXEHZ49JR8kMi6WmC_DjxHmF36A8uPghzJUfJ40d5KkH6sNDBPoT2E9fRU4E_HbKHsAfzC_5xaVJxZoaPxDqJdAfjB89RVsmKhrsKlGum4NqRvxA_hGSOH6XsKDjSJ4e2hLiP8oFPQSqLdhmJH32CR6EI9TqeFylfnJJlTLwE_JgkBmFe_M_A5-gP2UR1BfO3IH-Rd4erZ4HO4EgjTniiBH-ESD-0BHlyPGPwSHTQHD2RQ-fxXIgk7XCP8mhzeBOP08emw_FilMez5LiO56j-4KmFZlmRd4MeHT_CXEOl4smPitdh5ziVHD-OUNoIPUdI5nB8DSUnfMqI68LJGI8iCmF8aMtz5BFN4tXh48bFYhdzlM1h50F1PIrxPzgqGveFMN-RlNI1PEqGv3h2oYlFogqPayKexQpKP_CLylmQS4e2DLuP73gjFmYSHvUigRODD1TE7NA_o5SyIw_-Bz7joM85PBHuaWCVuUjpSoeeBdGlov8QBi-t4INm5YL3HM9paMjTaNmw70H-G42bFTqR70LJC3_x5-iRLBXyJcTR-EJPo7mE6ka-qETzKOgN_fiF5iWYJyJiJXieY0-y40ePdB8USZEj5LhICc1z9MePLzf6I028QxMlI8-PUlvgk8NpDZeSHWZyotKNcEVzGdfx8AiXLlnQcB--CbVK-NKRL8QlaC3K5Qz4zArEB2UUXDJeWeizI0zuKHgiHWdI47gP3k3QxFmDMnmIPOSJhB7u6PAuSbga47yQPS-huTnCTNLwZcYRkpmh3ER4HiUjR2hizciTKD10E_ExZSfaH1fyIX8D6Uf-HJWP5kXzHF3DGlVzhBn1QHoW1LoG_wmYe7gSI9Rl3OiS4Fom4jk-Xeh9hFlC9dAnIZ8bnPFRXRKa_XjG4ztCmSmxTR-uEd4a4of4C8-DaBwPbyVqofPhrw36o2R4eLnwDH6NUoocXCnKw5OPrg_x2Ealicebg7pF9EeMt0Il7fBvaJWPC_mIMFyWI8s_VL5wZcHRZ-gPV9mFvJCP9PhxMYcdHjmnQ0eeHxd79GTxaAh1aKGSHXkKPI8QpoZOY3yQnlgVI9eO59DhH7dUyEWehcID_hJ6PDlKaUHzHDvycPKg_wgzEf2PB12kzIS5Y94-jNQOXwrS0If2BOeV4LGNLj7RfFpxKjveP7gYo3nmIlxxqRGmipWK61KC8DqkIw9w5QpOHd0VXHikHEdyZSmuPHAkPdD6gM-RZxect2CF505QLQ-alcdFEfmhxaGPkJIURqCJ-Qua_Wij4tODmOjSKxCjXGiuGDpyJXuI50f9wLFkdO3x4xaPrw4RORP0IT9-VHfhPxq-G34UXAuORF2OnJkaOHuH8Bf4HFJjFWFy9MmFtymuD80SSeiPI8wLRfyRL3RQSTocJugx_bjYFlm64soEXdGkQ86xRemoIH8Uo4fDhMZp-EeXqcXf4quOJO6RK8Z79DlOroJ9_EOvGWV1mBr6TMLFNugx5Rfx7fhxc8it4pJ4NDyDJ8qDXNZgPrBDVJlyBbmh6Yc5HuGH8UM9HY244ct29BeY7LiYseiV6Uh45NyIF-WF4yP-rmC-wE-Q5zjhdxjnHP6sYW2PEyqPB-l5MB_6V2iOJ8aF5