{"lowlevel":{"average_loudness":0.746856689453,"barkbands":{"dmean":[0.000920918944757,0.00539646670222,0.00229786685668,0.00202550226822,0.00380520592444,0.00114545924589,0.000815669889562,0.00035989479511,0.000381137768272,0.000325550150592,0.000213603663724,0.000227127442486,0.000175395121914,0.000127741586766,0.000183565352927,0.000181656549103,0.000194211563212,0.00018131271645,0.000124360798509,0.000137065493618,0.000116323884868,0.0000722172117094,0.0000286854319711,0.00000633670970274,0.00000231580634136,0.000026631878427,0.000625218846835],"dmean2":[0.00154551537707,0.00863338634372,0.00375660555437,0.00350598688237,0.00617470638826,0.00178610580042,0.00129028863739,0.000581946689636,0.000626013264991,0.000521121604834,0.00033609723323,0.000367051950889,0.000278864259599,0.000205464690225,0.000285688409349,0.000286032212898,0.000296625803458,0.000271768629318,0.000180287985131,0.000194869746338,0.000168775848579,0.0000990221014945,0.0000399518139602,0.0000100598999779,0.00000382644020647,0.0000386922874895,0.000838667037897],"dvar":[0.00000276767059404,0.0000894290787983,0.0000123160261865,0.0000220787351282,0.0000543223468412,0.00000573376701141,0.00000348275443685,9.60356715041e-7,5.8311917428e-7,4.23659514581e-7,2.84099940018e-7,2.20171912702e-7,1.38628578839e-7,6.61575398908e-8,1.26457180727e-7,1.97519099743e-7,3.07296204483e-7,3.4063629073e-7,1.37235218745e-7,3.13014169251e-7,1.97034324856e-7,1.24102527366e-7,2.2985789272e-8,5.8088150956e-10,1.61719873604e-11,2.35474360011e-8,0.0000024671041956],"dvar2":[0.00000725396148482,0.000227485215873,0.000031227569707,0.0000641424048808,0.000148470455315,0.0000131381812025,0.00000834739330458,0.00000219291337089,0.00000145165211052,0.00000103172271793,6.40253517759e-7,5.53645747914e-7,3.35767367687e-7,1.57898654152e-7,2.86940036176e-7,4.08568496368e-7,6.37078642285e-7,7.21737706044e-7,2.9279360092e-7,6.56293025258e-7,4.3909096803e-7,2.55587224274e-7,4.43628209723e-8,1.3660627074e-9,4.05824922278e-11,4.59849403001e-8,0.00000446154763267],"max":[0.0261043310165,0.166385486722,0.0732433572412,0.069085650146,0.124542996287,0.0511385835707,0.0362082123756,0.0313764363527,0.0202884878963,0.0165017358959,0.0139954006299,0.0130122900009,0.0110175916925,0.00566393882036,0.0115089276806,0.0175812318921,0.0181766245514,0.0194763559848,0.0161821804941,0.0177658312023,0.0102792186663,0.0124918790534,0.00480252504349,0.000680213910528,0.000078813834989,0.00429840106517,0.0366706848145],"mean":[0.00128989864606,0.00940680317581,0.00341153866611,0.00257564103231,0.00569223146886,0.0017534031067,0.00130987179,0.000541673565749,0.00063404609682,0.00052580301417,0.000336312048603,0.000388780143112,0.000301535590552,0.000219178022235,0.000317102880217,0.000317906786222,0.000341807783116,0.000314659293508,0.000226962481975,0.000227785305469,0.000193573432625,0.000119736760098,0.0000516851905559,0.00000917354827834,0.0000024498995117,0.0000491370883537,0.00148160895333],"median":[0.000474043481518,0.00440290383995,0.00167255639099,0.000796582957264,0.00219287141226,0.000658872246277,0.000369834073354,0.000174158791197,0.000293660676107,0.000198911206098,0.00012692893506,0.000173849781277,0.000123661098769,0.0000962979829637,0.000144347548485,0.000118081574328,0.000089679742814,0.0000755111032049,0.0000553837380721,0.0000392834626837,0.0000328876121785,0.0000151304993778,0.00000412868212152,0.00000138253881232,9.85324277281e-7,0.00000465446191811,0.000521090929396],"min":[5.8664150032e-24,4.0976912716e-23,6.75552316897e-24,3.18233809795e-23,1.20171141774e-23,4.83978534692e-23,3.83871833384e-23,6.76864050587e-23,2.40770240589e-23,6.6534674448e-23,5.64003046164e-23,5.77965568642e-23,1.05994039663e-22,8.67865009335e-23,2.73384959497e-22,3.07016636863e-22,2.0876836563e-22,1.681116484e-22,2.51909742276e-22,4.2648137894e-22,3.68888020024e-22,5.49085560228e-22,8.01346869411e-22,7.6229908764e-22,9.17166695453e-22,1.89439041923e-21,2.63871039496e-21],"var":[0.00000416305783801,0.000186846416909,0.0000250689990935,0.000031469600799,0.0000977217496256,0.0000128926722027,0.00000765301138017,0.00000177954177616,0.00000115417526558,9.12562256872e-7,6.20901175807e-7,4.30550954889e-7,3.14263189694e-7,1.30133216203e-7,2.73905840231e-7,4.82055952489e-7,7.06820799223e-7,6.48986883789e-7,3.4280870409e-7,6.55188273413e-7,3.54717684559e-7,1.93948082483e-7,4.60938238689e-8,1.11497555633e-9,1.77377921379e-11,4.39215561698e-8,0.00000811696372693]},"barkbands_crest":{"dmean":3.06088280678,"dmean2":5.0066037178,"dvar":7.17744779587,"dvar2":18.4580669403,"max":25.9958744049,"mean":11.352478981,"median":10.5124378204,"min":2.61677956581,"var":21.0350914001},"barkbands_flatness_db":{"dmean":0.0287771485746,"dmean2":0.0449377968907,"dvar":0.000686455168761,"dvar2":0.00170550565235,"max":0.460858404636,"mean":0.158068716526,"median":0.14949631691,"min":0.0373745933175,"var":0.00371576473117},"barkbands_kurtosis":{"dmean":9.03961181641,"dmean2":14.2166013718,"dvar":427.284545898,"dvar2":1047.27905273,"max":533.813659668,"mean":15.9948005676,"median":7.22322416306,"min":-1.80265474319,"var":1038.58813477},"barkbands_skewness":{"dmean":0.831796169281,"dmean2":1.27078092098,"dvar":0.87441688776,"dvar2":2.01172590256,"max":18.7526454926,"mean":2.74006915092,"median":2.44721794128,"min":-2.02791976929,"var":4.01520490646},"barkbands_spread":{"dmean":9.16875553131,"dmean2":13.7667102814,"dvar":125.065795898,"dvar2":248.224990845,"max":120.565216064,"mean":30.68683815,"median":23.1671333313,"min":0.361653357744,"var":616.259460449},"dissonance":{"dmean":0.0178885441273,"dmean2":0.0299569405615,"dvar":0.000362565537216,"dvar2":0.000987991108559,"max":0.499999970198,"mean":0.46760392189,"median":0.476140856743,"min":0.272343546152,"var":0.000840766180772},"dynamic_complexity":3.16181397438,"erbbands":{"dmean":[0.198449626565,1.1378942728,2.54830622673,4.34125757217,13.0201015472,11.6579399109,7.70653676987,10.5866098404,11.2916107178,10.4938049316,7.93970489502,9.04602622986,8.74624443054,9.80635261536,8.10993480682,9.06748771667,7.85226535797,6.80482387543,7.28169679642,9.49355506897,10.1718454361,10.1568040848,9.54773426056,7.62015914917,5.65197467804,6.27204465866,6.25714921951,3.83489561081,2.85438346863,1.24025130272,0.817854583263,0.273309528828,0.0401175022125,0.0252535156906,0.0169915128499,0.0122335189953,0.0560116097331,0.0860779806972,0.0710834339261,0.0145049253479],"dmean2":[0.315661221743,1.83967530727,4.16852140427,7.27582979202,22.3097343445,18.4851036072,12.3790636063,16.3973865509,17.8091545105,16.581029892,12.6768255234,14.890712738,14.1009893417,15.5703458786,12.6146669388,14.4654855728,12.4519996643,10.7880878448,11.398563385,14.7324056625,15.6270828247,15.3606081009,14.1918916702,11.1256160736,7.96069431305,8.750207901,9.31998348236,5.46312427521,3.96472287178,1.69498455524,1.16934835911,0.395240187645,0.0645857453346,0.0417208783329,0.0279989186674,0.0196268446743,0.0813020467758,0.113879740238,0.0941502898932,0.0195947494358],"dvar":[0.131883993745,4.01464414597,15.2650518417,71.8372802734,878.827514648,582.51574707,244.676589966,585.836730957,659.138305664,584.597961426,599.918334961,375.670043945,348.151092529,403.685913086,290.845214844,329.744903564,297.652923584,174.126571655,184.006317139,357.5859375,811.606262207,872.587890625,814.854370117,485.496307373,403.144744873,526.654907227,763.718933105,291.611968994,207.713150024,32.0448532104,21.3661880493,1.92157292366,0.00544255739078,0.00193281669635,0.000860681408085,0.000514836981893,0.0993680432439,0.174811497331,0.0794197916985,0.00101698096842],"dvar2":[0.33046528697,10.362285614,39.9752349854,192.430923462,2731.24804688,1361.32348633,626.276306152,1276.53710938,1546.71875,1333.50952148,1347.43615723,927.762145996,878.709777832,968.89654541,629.779296875,823.039794922,720.23059082,404.927276611,433.008239746,784.251403809,1663.07678223,1783.96044922,1809.91320801,1018.00311279,855.703735352,1014.66656494,1794.92797852,648.73651123,442.29309082,63.250038147,43.1753997803,3.79555678368,0.0126246344298,0.0048491768539,0.00215570814908,0.00118050945457,0.19298273325,0.321927934885,0.154380008578,0.00195746123791],"max":[5.5064125061,36.3520011902,59.8323783875,143.141677856,411.783233643,622.307373047,351.367523193,636.355651855,493.573364258,739.904968262,820.551391602,643.017272949,549.858398438,532.495605469,435.511077881,526.567321777,496.155700684,315.537017822,270.155181885,548.194580078,1141.72546387,932.826660156,830.854858398,822.869812012,1124.80944824,751.267822266,996.641906738,479.165374756,561.39276123,206.15826416,139.986434937,40.7245254517,1.33203911781,0.891129076481,0.556567907333,0.387558400631,8.31941127777,11.9615917206,7.10942745209,0.812517642975],"mean":[0.324655741453,1.8877389431,4.01938152313,6.52436447144,17.4249420166,17.2626743317,11.385181427,16.0539665222,17.2958164215,17.5125694275,13.1796388626,15.0479640961,14.7702159882,16.7132453918,14.6808986664,16.0029430389,14.2901659012,12.629319191,13.2804288864,17.1662540436,19.1722354889,19.0853672028,17.1615753174,14.0180072784,10.3657598495,10.6720228195,10.1672611237,6.1869392395,4.74539232254,2.20186924934,1.41606116295,0.466534137726,0.0493191890419,0.0269705262035,0.0183767806739,0.0160544328392,0.103617489338,0.162303626537,0.13447740674,0.0424130670726],"median":[0.127426162362,0.88090133667,2.14126348495,3.00746774673,5.22287940979,6.59326076508,5.20721530914,5.47349357605,5.57493543625,4.84746265411,4.66982936859,6.9185795784,6.65499639511,6.60548591614,6.5600528717,7.74510860443,6.11436843872,6.14738082886,6.53020954132,8.21105480194,6.40610122681,5.33026838303,4.4569234848,3.38116645813,2.46896362305,1.98265767097,1.70764684677,1.00114774704,0.593896627426,0.260061889887,0.105734229088,0.0439872741699,0.0173098426312,0.0110637545586,0.0076055182144,0.00621695350856,0.00941260159016,0.0200139265507,0.0253542438149,0.0240886770189],"min":[1.23387629976e-21,8.56873892384e-21,1.2814140828e-20,5.46546471177e-20,7.31251766057e-20,5.07577184726e-20,1.31777445452e-19,4.89243107727e-19,4.75091908603e-19,1.52469869953e-18,7.15349929639e-19,5.08638321743e-19,2.05876693145e-18,1.70791289796e-18,2.32178534403e-18,2.57998749749e-18,5.58579971611e-18,4.54863475557e-18,1.15968744918e-17,1.16011220643e-17,1.69102584032e-17,1.35773797976e-17,9.2430427233e-18,1.08602370691e-17,1.93617735846e-17,1.79339175723e-17,1.46848348443e-17,1.70534913437e-17,2.09375344536e-17,2.08928352676e-17,2.11108271375e-17,1.62041538713e-17,1.30895781555e-17,8.70821090028e-18,6.9870167904e-18,6.86964110225e-18,3.32684804538e-18,1.54281809085e-18,3.76258947298e-19,3.73467296742e-20],"var":[0.246186509728,8.5690536499,29.112077713,126.456886292,1250.96472168,1131.57189941,401.589630127,1437.03015137,1275.51074219,1636.49938965,1129.8458252,704.323486328,651.97265625,914.083435059,768.323791504,688.69732666,675.039611816,378.976074219,428.081634521,762.00579834,2006.55371094,2172.09399414,1561.77478027,1116.98059082,963.21496582,1269.80273438,1244.0994873,434.447143555,313.812438965,56.741481781,39.4137496948,3.78771018982,0.0084034698084,0.00213211355731,0.000958135467954,0.000825049239211,0.18876594305,0.327782213688,0.187310278416,0.00352403777651]},"erbbands_crest":{"dmean":2.65745782852,"dmean2":4.3769865036,"dvar":6.12778949738,"dvar2":15.793806076,"max":28.2607326508,"mean":8.58374118805,"median":7.69603061676,"min":2.50937604904,"var":14.1391391754},"erbbands_flatness_db":{"dmean":0.021913651377,"dmean2":0.0337697118521,"dvar":0.000378969911253,"dvar2":0.000918707402889,"max":0.31049105525,"mean":0.142564684153,"median":0.137058883905,"min":0.0404972322285,"var":0.00151531794108},"erbbands_kurtosis":{"dmean":1.29863989353,"dmean2":2.03163170815,"dvar":5.09583854675,"dvar2":11.3776626587,"max":50.8475837708,"mean":0.957366287708,"median":0.0265920162201,"min":-1.7916585207,"var":10.9388456345},"erbbands_skewness":{"dmean":0.418917149305,"dmean2":0.632374286652,"dvar":0.164656639099,"dvar2":0.348219156265,"max":6.19118261337,"mean":0.148069381714,"median":0.15367628634,"min":-4.13022089005,"var":0.975593626499},"erbbands_spread":{"dmean":8.27400493622,"dmean2":12.8746166229,"dvar":76.6876373291,"dvar2":181.98526001,"max":122.183937073,"mean":35.7372589111,"median":34.0180931091,"min":3.26523208618,"var":258.87109375},"gfcc":{"cov":[[9259.29882812,-721.645324707,-787.197998047,266.099578857,55.0192108154,-546.075195312,115.944740295,-318.8487854,99.5436553955,-107.619361877,-52.763633728,277.195404053,-159.723724365],[-721.645324707,1242.5435791,286.449554443,-512.089294434,-55.1733970642,102.917182922,-124.424713135,125.448760986,-12.9679164886,88.4722137451,141.714920044,-169.93031311,171.778381348],[-787.197998047,286.449554443,577.661743164,-6.8225569725,-141.329071045,233.906356812,-87.0923309326,170.1277771,-50.1988868713,72.6737060547,30.6562213898,-88.5495223999,50.7233009338],[266.099578857,-512.089294434,-6.8225569725,591.656677246,183.895370483,-52.4647674561,192.09954834,-56.3690490723,8.07866382599,-52.7018356323,-97.2205047607,105.914268494,-83.9863128662],[55.0192108154,-55.1733970642,-141.329071045,183.895370483,306.737762451,10.5365886688,132.230056763,-64.4692764282,13.7768545151,-34.6190261841,-6.66852712631,13.9504022598,-5.18572425842],[-546.075195312,102.917182922,233.906356812,-52.4647674561,10.5365886688,353.808990479,-49.6476516724,110.695770264,-42.6494789124,34.1219902039,25.1815452576,-39.1129302979,31.5326080322],[115.944740295,-124.424713135,-87.0923309326,192.09954834,132.230056763,-49.6476516724,270.535919189,-40.550239563,49.9687347412,-20.1738548279,-37.6687812805,34.2435531616,-40.5694503784],[-318.8487854,125.448760986,170.1277771,-56.3690490723,-64.4692764282,110.695770264,-40.550239563,247.849227905,33.9708213806,56.6882019043,48.824798584,-42.8636856079,38.9658241272],[99.5436553955,-12.9679164886,-50.1988868713,8.07866382599,13.7768545151,-42.6494789124,49.9687347412,33.9708213806,133.709014893,39.0543212891,14.0622005463,30.5946121216,-27.0784435272],[-107.619361877,88.4722137451,72.6737060547,-52.7018356323,-34.6190261841,34.1219902039,-20.1738548279,56.6882019043,39.0543212891,130.52557373,69.94921875,-24.7419929504,34.8671607971],[-52.763633728,141.714920044,30.6562213898,-97.2205047607,-6.66852712631,25.1815452576,-37.6687812805,48.824798584,14.0622005463,69.94921875,105.119941711,0.266184210777,41.602180481],[277.195404053,-169.93031311,-88.5495223999,105.914268494,13.9504022598,-39.1129302979,34.2435531616,-42.8636856079,30.5946121216,-24.7419929504,0.266184210777,136.168151855,-12.4301519394],[-159.723724365,171.778381348,50.7233009338,-83.9863128662,-5.18572425842,31.5326080322,-40.5694503784,38.9658241272,-27.0784435272,34.8671607971,41.602180481,-12.4301519394,105.137969971]],"icov":[[0.000130704385811,-0.0000063210609369,0.000146654172568,-0.0000696948700352,0.0000776959932409,0.0000777014502091,0.0000310618452204,0.0000294406800094,0.0000127095818243,-0.0000106967672764,-0.0000791855709394,-0.000105014041765,0.0000898062789929],[-0.0000063210609369,0.002366787754,-0.00198870850727,0.00246876827441,-0.00172940816265,0.00103900465183,-0.000489470548928,0.000119805583381,-0.000577421509661,0.000693340029102,-0.000658907811157,0.000497224391438,-0.00163433363196],[0.000146654172568,-0.00198870850727,0.00636688340455,-0.00495668919757,0.00526860356331,-0.0036817768123,0.000559158157557,-0.0000577533210162,-0.000529710785486,0.00072041421663,-0.00226071267389,0.00362139637582,-0.00101054704282],[-0.0000696948700352,0.00246876827441,-0.00495668919757,0.0091505991295,-0.00737952534109,0.00389954866841,-0.00170993432403,-0.00237490935251,0.00398976355791,-0.00454994104803,0.00686189020053,-0.00700011989102,0.00324209965765],[0.0000776959932409,-0.00172940816265,0.00526860356331,-0.00737952534109,0.0115634324029,-0.00490837683901,-0.00135225406848,0.00339721422642,-0.00446664076298,0.00614402722567,-0.00790574029088,0.00739685026929,-0.00441673444584],[0.0000777014502091,0.00103900465183,-0.0036817768123,0.00389954866841,-0.00490837683901,0.00649426179007,0.000113917143608,-0.00266197603196,0.00353961065412,-0.00308811361901,0.00342257670127,-0.00394335342571,0.00226772250608],[0.0000310618452204,-0.000489470548928,0.000559158157557,-0.00170993432403,-0.00135225406848,0.000113917143608,0.00610661879182,0.000128359999508,-0.00179739901796,-0.000407174433349,0.00121187779587,0.0000797394968686,0.000621136277914],[0.0000294406800094,0.000119805583381,-0.0000577533210162,-0.00237490935251,0.00339721422642,-0.00266197603196,0.000128359999508,0.00804443471134,-0.00559432152659,0.00361097208224,-0.00525887263939,0.00484748324379,-0.00397056294605],[0.0000127095818243,-0.000577421509661,-0.000529710785486,0.00398976355791,-0.00446664076298,0.00353961065412,-0.00179739901796,-0.00559432152659,0.0166624654084,-0.0101343775168,0.00663131801412,-0.00885252654552,0.00848503876477],[-0.0000106967672764,0.000693340029102,0.00072041421663,-0.00454994104803,0.00614402722567,-0.00308811361901,-0.000407174433349,0.00361097208224,-0.0101343775168,0.0212026853114,-0.0158292576671,0.0100854309276,-0.00758313341066],[-0.0000791855709394,-0.000658907811157,-0.00226071267389,0.00686189020053,-0.00790574029088,0.00342257670127,0.00121187779587,-0.00525887263939,0.00663131801412,-0.0158292576671,0.0272937025875,-0.0117542482913,0.00329641299322],[-0.000105014041765,0.000497224391438,0.00362139637582,-0.00700011989102,0.00739685026929,-0.00394335342571,0.0000797394968686,0.00484748324379,-0.00885252654552,0.0100854309276,-0.0117542482913,0.0187729932368,-0.00728326290846],[0.0000898062789929,-0.00163433363196,-0.00101054704282,0.00324209965765,-0.00441673444584,0.00226772250608,0.000621136277914,-0.00397056294605,0.00848503876477,-0.00758313341066,0.00329641299322,-0.00728326290846,0.0187433324754]],"mean":[-18.4329872131,95.3025131226,-79.34425354,4.80754852295,-4.11548042297,-24.4958171844,4.95545721054,-22.8645095825,-2.25039243698,-12.4772996902,-9.39646148682,-3.63884997368,-5.41044330597]},"hfc":{"dmean":101.955436707,"dmean2":153.531707764,"dvar":15349.1630859,"dvar2":37872.4921875,"max":2083.54370117,"mean":312.985137939,"median":258.517303467,"min":1.18716313004e-16,"var":60341.7460938},"melbands":{"dmean":[0.00159440760035,0.00132619903889,0.000981461838819,0.000950529007241,0.000295455742162,0.000232078396948,0.00016964491806,0.000102944257378,0.000064295505581,0.0000569145813643,0.0000449035869678,0.0000421517142968,0.0000303754586639,0.0000261956447503,0.0000193519190361,0.00001772957512,0.0000129487762024,0.0000111229937829,0.0000144688756336,0.0000130549678943,0.0000124380976558,0.0000124681309899,0.00000873345106811,0.0000093759936135,0.00000631619104752,0.00000465035464003,0.00000397847088607,0.00000450667084806,0.00000491662149216,0.00000263522429123,0.00000220001152229,0.00000189517731997,0.00000111151518922,5.84627912303e-7,5.12951658038e-7,3.93507178842e-7,8.70753495974e-8,2.53172594e-8,2.26485852295e-8,2.07057091473e-8],"dmean2":[0.00253112916835,0.00215732399374,0.00167639937717,0.0015487857163,0.000470485334517,0.000358790624887,0.000267306604655,0.000162725977134,0.000102836500446,0.0000939725359785,0.0000726407815819,0.0000673114918754,0.0000474404150737,0.0000420730466431,0.0000312793308694,0.0000283186309389,0.0000206949607673,0.0000177403471753,0.0000224568066187,0.0000208791170735,0.0000191954750335,0.0000193535033759,0.0000132058385134,0.00001416961004,0.00000941674989008,0.00000679939785186,0.00000560844773645,0.00000644858573651,0.00000745138595448,0.00000388529906559,0.0000031906345157,0.00000271551493825,0.00000155333748353,8.14539930616e-7,7.49512707898e-7,5.60786531878e-7,1.37279855039e-7,4.20031014414e-8,3.7525541785e-8,3.42518227114e-8],"dvar":[0.00000807591095509,0.00000407122934121,0.00000399212422053,0.00000361527850146,3.0727156286e-7,2.58770597839e-7,1.46571139226e-7,5.09783539826e-8,3.53210509729e-8,1.40422553585e-8,9.07450381504e-9,7.58716645066e-9,5.2622648461e-9,3.03480129915e-9,1.67965408249e-9,1.31111532742e-9,6.84535483852e-10,4.4827169754e-10,1.02068320462e-9,6.60528076679e-10,1.17680987177e-9,1.33399258306e-9,7.13792747131e-10,1.25179022703e-9,3.39530625837e-10,2.15172712981e-10,1.96861110746e-10,3.03465530482e-10,6.01881322559e-10,9.1371590849e-11,1.00397565261e-10,1.0993766314e-10,2.30869767748e-11,6.3259831401e-12,8.46406712079e-12,5.50370296212e-12,1.18271102005e-13,1.98797510402e-15,1.57695300164e-15,1.3034763444e-15],"dvar2":[0.0000202846404136,0.0000106260786197,0.000012011144463,0.00000974723843683,7.7914035046e-7,5.67188749301e-7,3.47343444673e-7,1.16040098419e-7,8.07521018942e-8,3.5142409871e-8,2.2903019925e-8,1.83250410402e-8,1.14536815587e-8,7.53903872663e-9,4.13695211421e-9,3.19204240817e-9,1.60115787295e-9,1.10877718118e-9,2.28982099948e-9,1.49332057831e-9,2.45326003956e-9,2.8980844391e-9,1.47148926377e-9,2.59356558452e-9,7.40901673346e-10,4.61745947034e-10,3.99129479467e-10,6.20217766034e-10,1.46530332312e-9,2.12310682923e-10,2.26097779388e-10,2.43697978464e-10,4.70548669473e-11,1.23774159325e-11,1.83784272523e-11,1.05564289948e-11,2.77737847911e-13,5.00024639885e-15,3.96777295197e-15,3.27517147517e-15],"max":[0.0477359257638,0.0292295403779,0.0252493303269,0.0343909710646,0.0151009624824,0.0123301660642,0.00658811815083,0.00671168835834,0.00600172067061,0.00364298839122,0.00265064043924,0.00246098893695,0.00198666634969,0.00172400148585,0.000949814857449,0.000884791021235,0.000709150976036,0.000473754422273,0.00128023850266,0.000758758222219,0.00117449613754,0.00116071768571,0.000982674653642,0.00132923212368,0.000681376375724,0.00071095203748,0.000519423047081,0.000570800737478,0.00102719292045,0.000238537584664,0.00027265996323,0.00042292260332,0.000155651126988,0.0000759568501962,0.0000985794031294,0.0000681298333802,0.0000103892798506,9.37931417866e-7,8.21855223876e-7,7.25888980924e-7],"mean":[0.00279087340459,0.00228176778182,0.00144965248182,0.00138626201078,0.000447093188995,0.000357772019925,0.000267354742391,0.000170869781869,0.000104666512925,0.0000929074230953,0.0000735076755518,0.0000689960215823,0.0000498996778333,0.0000452019412478,0.0000332942581736,0.0000304057630274,0.0000222428097914,0.0000190351784113,0.0000247146926995,0.0000219200064748,0.0000219620615098,0.0000212922313949,0.0000152479533426,0.0000153349756147,0.0000109655538836,0.00000802632530394,0.00000671640964356,0.0000071625900091,0.00000733253182261,0.00000419656771555,0.00000334429182658,0.00000294617007057,0.00000181475115824,0.0000010127139376,8.33911713016e-7,6.50791719181e-7,1.27631977875e-7,2.59138204228e-8,2.3427624285e-8,2.1709915643e-8],"median":[0.00126606074627,0.00129802478477,0.00064332340844,0.000486744160298,0.000208947923966,0.000124819605844,0.000084751387476,0.0000478917827422,0.0000368647451978,0.0000422139783041,0.0000313529926643,0.0000250831344601,0.0000195416814677,0.0000197698409465,0.0000153714427142,0.000012710842384,0.00000994319998426,0.00000870668372954,0.0000110376713565,0.00000959689350566,0.00000600159546593,0.00000549238939129,0.00000409693166148,0.00000330487591782,0.0000024962482712,0.00000196154496734,0.00000132421007493,0.00000118824709716,0.0000010544313227,6.79185859553e-7,4.65062555577e-7,3.46161471043e-7,2.03377396701e-7,1.04182305449e-7,6.17458368879e-8,3.80517448662e-8,1.86483291031e-8,9.85792159014e-9,9.18330922417e-9,8.68950689181e-9],"min":[1.15490009608e-23,8.5250809632e-24,1.10983696907e-23,3.70607799906e-24,4.02454627409e-24,1.04697524678e-23,7.11618800825e-24,1.7253347252e-23,4.67202792231e-24,3.32949631329e-24,1.07572346809e-23,7.01635450525e-24,8.36528535394e-24,6.3520784028e-24,8.63986416922e-24,1.14679115818e-23,7.3774216636e-24,1.66832532531e-23,1.90818053458e-23,1.79130148291e-23,1.79699516538e-23,1.46159328104e-23,9.53749163833e-24,7.37443424735e-24,8.73787224808e-24,1.04039993336e-23,1.93616143088e-23,9.3043193431e-24,9.76393179459e-24,6.92185370197e-24,1.15364052187e-23,1.30142572386e-23,7.98364154774e-24,1.38033256142e-23,1.23760096017e-23,1.17838006761e-23,8.89239116675e-24,8.98587591719e-24,9.44215858679e-24,6.62232952715e-24],"var":[0.0000164514603966,0.00000827667190606,0.00000606457706454,0.00000643444445814,5.65362711313e-7,6.25439156465e-7,2.95716347409e-7,1.46078306784e-7,6.54518998999e-8,2.62836969966e-8,1.67872062917e-8,1.68933116385e-8,1.23712258215e-8,6.00031313525e-9,3.49317308412e-9,2.9455524686e-9,1.35779654187e-9,9.57998569362e-10,2.04010319749e-9,1.41833567113e-9,2.8121363016e-9,3.0476647872e-9,1.55153656589e-9,2.25294649603e-9,7.50315420905e-10,4.98048324804e-10,4.84385642707e-10,6.50311138273e-10,8.30491397874e-10,1.56077387126e-10,1.43207806724e-10,1.48349305062e-10,3.95413840559e-11,1.33929586171e-11,1.39125325843e-11,1.00491594213e-11,2.10149118159e-13,2.13595112463e-15,1.70213991844e-15,1.41994041003e-15]},"melbands_crest":{"dmean":4.03058958054,"dmean2":6.61059379578,"dvar":11.3448734283,"dvar2":29.4129753113,"max":36.0162811279,"mean":16.7262477875,"median":16.1402568817,"min":1.87145709991,"var":34.7528190613},"melbands_flatness_db":{"dmean":0.0368032976985,"dmean2":0.0566462166607,"dvar":0.0010181668913,"dvar2":0.00245710834861,"max":0.622495949268,"mean":0.273051410913,"median":0.267617464066,"min":0.00609372137114,"var":0.00654338439927},"melbands_kurtosis":{"dmean":12.0139131546,"dmean2":19.2723846436,"dvar":458.026611328,"dvar2":1126.98120117,"max":409.67376709,"mean":22.0640487671,"median":11.4621353149,"min":-1.89460742474,"var":1192.28967285},"melbands_skewness":{"dmean":0.979528605938,"dmean2":1.53781080246,"dvar":1.02278029919,"dvar2":2.4592525959,"max":14.509346962,"mean":3.30974912643,"median":2.97965240479,"min":-1.13738036156,"var":3.87079501152},"melbands_spread":{"dmean":6.66706037521,"dmean2":10.0231199265,"dvar":112.403526306,"dvar2":212.043533325,"max":188.458633423,"mean":17.747549057,"median":11.341586113,"min":0.229476124048,"var":439.730377197},"mfcc":{"cov":[[6694.56982422,-547.06854248,-1020.56982422,646.189575195,-400.53302002,160.467300415,-476.235321045,135.284820557,-257.175537109,-122.972640991,-134.242050171,43.9006690979,63.4679069519],[-547.06854248,1423.59680176,265.329772949,-532.80657959,113.188087463,-223.423522949,97.9241256714,-237.135009766,37.1456031799,39.9347953796,65.1402816772,13.0487661362,23.6398868561],[-1020.56982422,265.329772949,793.139953613,-278.191162109,108.633613586,-115.418266296,115.41469574,-60.8613853455,54.9367179871,89.8232421875,33.2155227661,22.5335445404,-14.4485006332],[646.189575195,-532.80657959,-278.191162109,690.467407227,-95.944152832,175.119216919,-38.9460487366,140.566894531,20.8605899811,-41.8374290466,-14.3564367294,-16.9355392456,0.772263109684],[-400.53302002,113.188087463,108.633613586,-95.944152832,242.843231201,9.251994133,94.8078765869,-5.24848890305,26.1849994659,10.3187789917,22.0187931061,7.520008564,-9.81998252869],[160.467300415,-223.423522949,-115.418266296,175.119216919,9.251994133,288.772399902,44.9032325745,80.9670333862,-11.1815519333,-9.32304573059,-23.0678329468,-27.7611198425,-6.24720573425],[-476.235321045,97.9241256714,115.41469574,-38.9460487366,94.8078765869,44.9032325745,223.190643311,-4.12180233002,63.5401802063,17.3933982849,22.0512332916,-1.82341694832,0.64095556736],[135.284820557,-237.135009766,-60.8613853455,140.566894531,-5.24848890305,80.9670333862,-4.12180233002,205.370956421,25.4926452637,4.56427383423,-16.1234226227,14.9520454407,-5.88777589798],[-257.175537109,37.1456031799,54.9367179871,20.8605899811,26.1849994659,-11.1815519333,63.5401802063,25.4926452637,114.969108582,35.9559288025,33.3719215393,14.3951148987,9.35950469971],[-122.972640991,39.9347953796,89.8232421875,-41.8374290466,10.3187789917,-9.32304573059,17.3933982849,4.56427383423,35.9559288025,125.290969849,35.1406784058,22.9664306641,10.2390518188],[-134.242050171,65.1402816772,33.2155227661,-14.3564367294,22.0187931061,-23.0678329468,22.0512332916,-16.1234226227,33.3719215393,35.1406784058,101.011505127,37.5291862488,19.0109500885],[43.9006690979,13.0487661362,22.5335445404,-16.9355392456,7.520008564,-27.7611198425,-1.82341694832,14.9520454407,14.3951148987,22.9664306641,37.5291862488,91.4392166138,36.9469680786],[63.4679069519,23.6398868561,-14.4485006332,0.772263109684,-9.81998252869,-6.24720573425,0.64095556736,-5.88777589798,9.35950469971,10.2390518188,19.0109500885,36.9469680786,71.0825653076]],"icov":[[0.000232005753787,-0.0000521849760844,0.000186737917829,-0.000151404441567,0.000125229300465,-0.0000348154098901,0.00023994766525,-0.0000383581209462,0.000324822147377,-0.0000784505464253,0.000200705821044,-0.00026598534896,-0.000088190776296],[-0.0000521849760844,0.00119392876513,-0.0000178222180693,0.000694326474331,-0.000173460895894,0.000333775911713,-0.000314170669299,0.000793180544861,-0.000486076285597,0.0000737523005228,-0.000340937578585,0.000282384309685,-0.000289946940029],[0.000186737917829,-0.0000178222180693,0.00192039192189,0.000320003600791,-0.00018658261979,0.000475149980048,-0.000515934196301,0.000105635124783,0.0000268352541752,-0.00103186629713,0.000381901365472,-0.000495484797284,0.000555950624403],[-0.000151404441567,0.000694326474331,0.000320003600791,0.00272196554579,0.000531478843186,-0.000829450495075,0.0000342530074704,-0.000469905236969,-0.00140306900721,0.000730734900571,-0.000734322413336,0.000567258102819,-0.000117927178508],[0.000125229300465,-0.000173460895894,-0.00018658261979,0.000531478843186,0.00547648780048,-0.000478820642456,-0.00172015640419,-0.000406812643632,0.000142902354128,0.000462683150545,-0.00071575306356,-0.000739353999961,0.00108873983845],[-0.0000348154098901,0.000333775911713,0.000475149980048,-0.000829450495075,-0.000478820642456,0.00534341251478,-0.00196123472415,-0.00137307483237,0.00180167949293,-0.000820668472443,0.000200400842004,0.00167197617702,-0.000708572217263],[0.00023994766525,-0.000314170669299,-0.000515934196301,0.0000342530074704,-0.00172015640419,-0.00196123472415,0.00744620617479,0.000552947400138,-0.00333706103265,0.000618968973868,-0.0000303095803247,0.000210027297726,-0.000397175055696],[-0.0000383581209462,0.000793180544861,0.000105635124783,-0.000469905236969,-0.000406812643632,-0.00137307483237,0.000552947400138,0.00740536954254,-0.00250159064308,-0.000369303103071,0.00183443597052,-0.00266610528342,0.00150630518328],[0.000324822147377,-0.000486076285597,0.0000268352541752,-0.00140306900721,0.000142902354128,0.00180167949293,-0.00333706103265,-0.00250159064308,0.0139234457165,-0.00265280506574,-0.00237756222486,0.000439773342805,-0.00115060259122],[-0.0000784505464253,0.0000737523005228,-0.00103186629713,0.000730734900571,0.000462683150545,-0.000820668472443,0.000618968973868,-0.000369303103071,-0.00265280506574,0.0103440526873,-0.00255925906822,-0.000830311037134,-0.000241198635194],[0.000200705821044,-0.000340937578585,0.000381901365472,-0.000734322413336,-0.00071575306356,0.000200400842004,-0.0000303095803247,0.00183443597052,-0.00237756222486,-0.00255925906822,0.0143245318905,-0.00517089758068,-0.000370934809325],[-0.00026598534896,0.000282384309685,-0.000495484797284,0.000567258102819,-0.000739353999961,0.00167197617702,0.000210027297726,-0.00266610528342,0.000439773342805,-0.000830311037134,-0.00517089758068,0.0177147593349,-0.00790427066386],[-0.000088190776296,-0.000289946940029,0.000555950624403,-0.000117927178508,0.00108873983845,-0.000708572217263,-0.000397175055696,0.00150630518328,-0.00115060259122,-0.000241198635194,-0.000370934809325,-0.00790427066386,0.0189679823816]],"mean":[-688.526184082,161.7237854,-13.9190292358,44.5845565796,0.947962403297,19.5366344452,1.46995937824,7.35067224503,3.15269994736,0.274901032448,-1.62289333344,-2.06971287727,-0.599858462811]},"pitch_salience":{"dmean":0.0810265094042,"dmean2":0.132314115763,"dvar":0.00486043281853,"dvar2":0.0129669802263,"max":0.959385633469,"mean":0.54297876358,"median":0.557103395462,"min":0.0996443405747,"var":0.0149476174265},"silence_rate_20dB":{"dmean":0,"dmean2":0,"dvar":0,"dvar2":0,"max":1,"mean":1,"median":1,"min":1,"var":0},"silence_rate_30dB":{"dmean":0.04024444893,"dmean2":0.0805008932948,"dvar":0.0386238321662,"dvar2":0.0889232456684,"max":1,"mean":0.945454537868,"median":1,"min":0,"var":0.0515702962875},"silence_rate_60dB":{"dmean":0.00924131739885,"dmean2":0.0184853896499,"dvar":0.00915490463376,"dvar2":0.0202297754586,"max":1,"mean":0.032488822937,"median":0,"min":0,"var":0.0314313657582},"spectral_centroid":{"dmean":255.875320435,"dmean2":368.758392334,"dvar":111654.375,"dvar2":178048.28125,"max":10915.0166016,"mean":1096.85400391,"median":829.284423828,"min":110.4741745,"var":632533.875},"spectral_complexity":{"dmean":3.39484286308,"dmean2":5.02265930176,"dvar":13.5889520645,"dvar2":24.1906776428,"max":58,"mean":16.7862892151,"median":16,"min":0,"var":96.4402008057},"spectral_contrast_coeffs":{"dmean":[0.0584957972169,0.0501425825059,0.0374572239816,0.0289085768163,0.0225909333676,0.0466368868947],"dmean2":[0.0963910371065,0.0825443267822,0.0614724829793,0.0476754233241,0.0363641381264,0.0714283436537],"dvar":[0.00217644567601,0.00152040331159,0.000840306689497,0.000524744100403,0.00039054438821,0.0018465743633],"dvar2":[0.00589004624635,0.0040461840108,0.00231574731879,0.00140871398617,0.000933450239245,0.00397360092029],"max":[-0.295129835606,-0.447416305542,-0.552773177624,-0.564258694649,-0.567910432816,-0.374959588051],"mean":[-0.653489112854,-0.771287977695,-0.798786580563,-0.809598684311,-0.81333810091,-0.732766568661],"median":[-0.663455486298,-0.777618646622,-0.801498770714,-0.808660268784,-0.813929438591,-0.746509313583],"min":[-0.959256350994,-0.979642212391,-0.972759723663,-0.978654026985,-0.965688586235,-0.95614951849],"var":[0.00836923066527,0.00519439065829,0.00248664198443,0.00193726504222,0.00249843066558,0.00984915718436]},"spectral_contrast_valleys":{"dmean":[0.400297015905,0.408376425505,0.329527020454,0.300306349993,0.320757418871,0.658840000629],"dmean2":[0.645342767239,0.659762322903,0.523757100105,0.457583844662,0.446859568357,1.05747246742],"dvar":[0.12141290307,0.140759274364,0.090769559145,0.0958184823394,0.131237134337,0.318317890167],"dvar2":[0.267086774111,0.312395900488,0.192898258567,0.185930222273,0.237143054605,0.807841360569],"max":[-5.13590097427,-4.55915737152,-5.54722690582,-5.62082576752,-5.04147577286,-8.86873912811],"mean":[-6.88617038727,-6.8175868988,-7.28376483917,-7.69515895844,-7.81415557861,-11.27693367],"median":[-6.74124288559,-6.62856006622,-7.12707901001,-7.53208065033,-7.70358657837,-11.1696052551],"min":[-27.3702430725,-27.6912441254,-27.3982582092,-27.0153484344,-27.1393070221,-27.294336319],"var":[0.996809363365,1.0943955183,0.908549487591,0.93205934763,1.2822265625,1.0168364048]},"spectral_decrease":{"dmean":2.60714672073e-9,"dmean2":4.20030010773e-9,"dvar":1.15009124418e-17,"dvar2":3.09344538707e-17,"max":7.84059306369e-9,"mean":-4.27358415322e-9,"median":-2.69223532356e-9,"min":-4.57363533712e-8,"var":2.44787525586e-17},"spectral_energy":{"dmean":0.0144936665893,"dmean2":0.0221506282687,"dvar":0.000289748888463,"dvar2":0.000728561542928,"max":0.218036800623,"mean":0.0445181392133,"median":0.0378134585917,"min":1.08445034283e-20,"var":0.00106041540857},"spectral_energyband_high":{"dmean":0.000764912751038,"dmean2":0.000994686270133,"dvar":0.00000626980772722,"dvar2":0.0000112597308544,"max":0.0601274371147,"mean":0.00166883249767,"median":0.000404177175369,"min":7.9009787951e-21,"var":0.0000168897367985},"spectral_energyband_low":{"dmean":0.00750015955418,"dmean2":0.0118340272456,"dvar":0.000120911594422,"dvar2":0.000302619242575,"max":0.175383806229,"mean":0.0149654438719,"median":0.00941499322653,"min":6.66598256529e-23,"var":0.000283486850094},"spectral_energyband_middle_high":{"dmean":0.00113592622802,"dmean2":0.00158819602802,"dvar":0.00000339433267982,"dvar2":0.00000625460097581,"max":0.0407722592354,"mean":0.00331999640912,"median":0.00210884585977,"min":1.89513581074e-21,"var":0.0000146418951772},"spectral_energyband_middle_low":{"dmean":0.00620130356401,"dmean2":0.0100016286597,"dvar":0.00010139655933,"dvar2":0.000291912438115,"max":0.137700468302,"mean":0.0126479249448,"median":0.00763976573944,"min":2.40980421533e-22,"var":0.000225646072067},"spectral_entropy":{"dmean":0.203182816505,"dmean2":0.313396573067,"dvar":0.0458752028644,"dvar2":0.108697131276,"max":9.79311084747,"mean":7.3463973999,"median":7.42121124268,"min":4.97826433182,"var":0.206426590681},"spectral_flux":{"dmean":0.0249507110566,"dmean2":0.0401341058314,"dvar":0.000676118768752,"dvar2":0.00158703629859,"max":0.324416160583,"mean":0.106349974871,"median":0.102687969804,"min":1.04136942125e-10,"var":0.00219181599095},"spectral_kurtosis":{"dmean":5.17225790024,"dmean2":8.02352905273,"dvar":48.4622306824,"dvar2":123.187133789,"max":128.880020142,"mean":20.3857307434,"median":17.1785106659,"min":-1.23116230965,"var":118.858253479},"spectral_rms":{"dmean":0.00103768601548,"dmean2":0.00154192384798,"dvar":9.88551278169e-7,"dvar2":0.0000022907024686,"max":0.0145848840475,"mean":0.00611401814967,"median":0.00607381109148,"min":3.25269173575e-12,"var":0.0000060511342781},"spectral_rolloff":{"dmean":1738.65588379,"dmean2":3341.54858398,"dvar":26354998,"dvar2":70327488,"max":22028.4667969,"mean":20018.0410156,"median":21770.0683594,"min":64.599609375,"var":28963054},"spectral_skewness":{"dmean":0.409921228886,"dmean2":0.613936126232,"dvar":0.234767004848,"dvar2":0.555714547634,"max":9.18509578705,"mean":3.07283711433,"median":2.85469055176,"min":-0.00215098657645,"var":0.97065705061},"spectral_spread":{"dmean":491373.59375,"dmean2":770821.125,"dvar":374623600640,"dvar2":682505338880,"max":40603988,"mean":4134613.5,"median":4059953.5,"min":1481723.625,"var":870242123776},"spectral_strongpeak":{"dmean":8.52945804596,"dmean2":15.9614839554,"dvar":489.04800415,"dvar2":1296.82543945,"max":205.175643921,"mean":7.05773258209,"median":0.36686077714,"min":0,"var":463.321136475},"zerocrossingrate":{"dmean":0.042356159538,"dmean2":0.0542210564017,"dvar":0.00127799727488,"dvar2":0.00210236781277,"max":0.7265625,"mean":0.354392647743,"median":0.365234375,"min":0.00830078125,"var":0.010083344765}},"metadata":{"audio_properties":{"analysis_sample_rate":44100,"bit_rate":160000,"codec":"mp3","downmix":"mix","equal_loudness":0,"length":155.768157959,"lossless":false,"md5_encoded":"a3a452f3eca00cd2e192682d6ce0279f","replay_gain":-4.7215461731,"sample_rate":44100},"tags":{"acoustid_fingerprint":["AQADtFGkJUqiZAwufOHRZHGKXIrCoXHxK0dFHYar48h5-CnEJwjPHG8Iljmeg_myBU4Z9DR644glHeKj4x_OdMOHWvgDVfpBJkeOnhmJ6IHHp9AapVKOB_mOtkW3vbiIV0cphU4QnYd4kchFmfiOeviMnweP5BRyq0GVHKdE4kmC54ZHBmVnPMiRNNnRpwZ5wzGN_nhxPDmD_CKk_EKOB-Hr4FFy_MfJQ8pVJWhypQqx4-gmhOFyPMR27zgujrgeVD_25ci748nhsjh8BvnhoFMW4SI-8UiO8PHRZEpmnDp6PEdzUgkeHckRNr7Qh8G1Ck8ZB9UbNA_w5qgaeFqK9kdSkWmQB8fx5HiaIbxIIekvPImkiSj3ZHiu4xN6hHlYEUn_JPiED__huDyeITr0LwOPXI_wPEJ-ME-gJYqDZ8qLPKjVB5ZyEc5_hD_OQnszUKEU5IeXHn-KO3iSHf7xucX2C26OUnvxt7hwRZnR2IOfElG1HB539JuFX9CYgckm4rtE5I7QVNmHjj_OHM8bVJZplMuOJ1SO5jlCmSmkJ-hmGSMjnihZD2EWos-F2rmIphmu4MyOZ0JMawmU-0JI-WjO41OWB9mE9mmhZcMTI7SSS0bzZRFy5lCenIgzVAzCjN2hI_qHR3kM23iiF32G5hxD4fqRL6EDOYkQf0afBU1FC1ekIvtbiL-Rr8WV5biiNkF5NEXynLh5hM8H3khT7eh2_O2gH2EWfsRZuCpCR3OCXoeWF1-OXCQRHpqVJCliUdLRwWHCDJMVUkV5Iz-Sd4erR2i1hUFkMTmao1aOLxSe0cg_wz-eHU-O4z3SrMoD5ZGQZxSmXSN-4bKO7_C05WCK-7hTPER54kfqHfoSPEG_4xkp_KHASwoU5UTo4JmSoIkoUUWfo--MpqLxB8mXIz4asT56pileaWhy-ESZZUfyZ8K-x2j-GOWhhdFRKuKhozd6RU0S7H3RNMlQ6ngWOH4qfI52pE3wI2eX4g8HLROToE-PesfXBn2Fe4UWCrV1_OwRKkdTZUGeQ92R20HzHG10_Ef1oTkr5IH-IL9VnPiHi1kiBY2CPnHw_Lg-VEdDViJyKURy47oSHP3xtLh29KSUIFai5EPSRCLx40t43Edzoc9yHFdw-MGPHXwe4d015BnT4dAznFmK8NoC6sWvB82e45HAB82PPpGQD3oiPQhzoUvW4_3wo_GP2jFuEc119DmyaixxH1mljEPzIn2C8Ef5o1HDpvjRbMlRj7hOIfwTaNGUWUYsJcfn48zS4JSCkyQaZlFQjkUoSkoDLcmJPMcsMUYZFc155FK8Qq-gHO_xND3yxCl-Khk6uDrCay_OHPKFqtQRZiYHfk2C_7AbGtcPzuGRjzqRMO1xiTnYHHeObtfQREk-_PjhUMyFazbiRLIIjTnCHLlyvA-uLD2an9CeVshDcJJIDpeaBj_Ko_kp5IO8LEeuhMdR6ZnhJQm5EPW84vgy3EOYMEkSJMqmN_iPLXtknE_w44ezKEd-yE8exHtwRUdap8XvQB0_TDuaacSDWIZfXBq-bOGE70OjbQ9-VvB7_EjIpEJoguV8PLGCZkfFHKviHBeQ49mh59CiNR56ppDFoxRPomlE3Mf94F2K_mi-4wqezYO2PGh-jGYq6MKVBnmWL