{"lowlevel":{"average_loudness":0.93032425642,"barkbands":{"dmean":[0.00792625546455,0.0163244027644,0.00417764764279,0.00190787157044,0.00338421110064,0.00184638460632,0.000905464286916,0.000786951801274,0.000844973314088,0.000426257960498,0.000327254034346,0.000304527056869,0.000364014558727,0.000221847876674,0.000200961250812,0.000132282977575,0.000124977595988,0.000107182102511,0.0000940819663811,0.0000689215594321,0.0000771096238168,0.0000981026896625,0.0000870177173056,0.0000285320529656,0.00000310107361656,0.0000922852268559,0.000141442578752],"dmean2":[0.0133952815086,0.0267163347453,0.00728285359219,0.00316464994103,0.00536998081952,0.0029122272972,0.00142940343358,0.00124746223446,0.00134704366792,0.000682642159518,0.000527496566065,0.000484324496938,0.000586272915825,0.000353546231054,0.000316759513225,0.000208066237974,0.000191097686184,0.000155711459229,0.000133748806547,0.0000993707653834,0.000106112922367,0.000130372645799,0.000121404780657,0.0000407223778893,0.00000500022224514,0.000130212705699,0.000183926313184],"dvar":[0.000498934939969,0.00114722526632,0.0000442805066996,0.0000120378208521,0.0000570737247472,0.0000160130020959,0.00000330566740558,0.00000262729236056,0.00000254877227235,0.00000101001671737,4.78439858398e-7,3.83801051385e-7,5.79628249398e-7,1.96165544253e-7,1.57148875246e-7,8.00272488277e-8,1.21325768987e-7,1.22760212662e-7,1.32571372546e-7,9.02167940353e-8,4.21324841682e-8,4.92497100879e-8,4.03325159937e-8,4.34417701811e-9,2.59803966535e-11,4.42344294527e-8,7.29260136723e-8],"dvar2":[0.00125482748263,0.00293277879246,0.000124909653096,0.0000301146810671,0.000133195091621,0.000037948411773,0.00000788258330431,0.00000618604190095,0.0000059713634073,0.00000244686975748,0.00000116140336104,9.21261062103e-7,0.00000136792107241,4.61943642449e-7,3.60905374919e-7,1.87456308254e-7,2.64162594021e-7,2.47227575301e-7,2.74949570667e-7,1.93992562458e-7,7.99442574362e-8,8.58932267533e-8,7.72696324702e-8,8.48028047784e-9,6.17987119811e-11,8.88898128437e-8,1.17581677728e-7],"max":[0.208592772484,0.368635356426,0.104357838631,0.0782679095864,0.179728090763,0.0997980386019,0.0395118743181,0.0615606717765,0.0503111295402,0.0332887843251,0.0331591777503,0.0266482066363,0.0466408990324,0.0173674691468,0.0231935176998,0.0123145477846,0.0150849670172,0.0137268221006,0.0182788018137,0.0157186780125,0.0107135158032,0.00730227353051,0.00821208674461,0.00183034688234,0.000109266162326,0.00523382844403,0.00903778523207],"mean":[0.00642404984683,0.020393807441,0.00460445648059,0.00229638419114,0.00436164438725,0.00269281677902,0.00142775592394,0.00120529008564,0.00136729411315,0.000582045002375,0.000457092188299,0.000442966469564,0.000557576888241,0.000334590644343,0.000331953080604,0.000225434501772,0.000218000175664,0.000189308280824,0.000162286683917,0.000118211988593,0.000131158769364,0.000152835113113,0.000117700612464,0.0000379974262614,0.00000364729044122,0.000121330587717,0.000346947053913],"median":[0.000870439514983,0.0102743264288,0.00240089418367,0.00103927496821,0.0015033162199,0.00100486155134,0.000662874663249,0.00054619112052,0.000683479593135,0.000247092335485,0.000210671656532,0.000222249349463,0.000298646395095,0.000161633593962,0.000168015394593,0.000110762099212,0.0000899713195395,0.0000559363761568,0.0000431777116319,0.0000307334921672,0.0000376873613277,0.000031539293559,0.0000185152330232,0.00000652522885503,0.00000153456824137,0.0000164189077623,0.000202050578082],"min":[9.20616295839e-24,2.14153269009e-23,4.2072075689e-23,7.07151087089e-24,4.01957258497e-23,7.55887529125e-23,5.34664046921e-23,5.37267035473e-23,4.53214568665e-23,5.22388298385e-23,1.18894111653e-22,1.19913294699e-22,7.49106480783e-23,5.33089228119e-23,1.00635225493e-22,1.23498610715e-22,2.07627937819e-22,2.62352746049e-22,2.1039559004e-22,3.26156144229e-22,6.29564922587e-22,6.09531692614e-22,5.632784932e-22,1.24724185017e-21,1.25057692689e-21,1.82900881961e-21,2.19639070853e-21],"var":[0.000392972200643,0.00108681351412,0.0000458364556835,0.0000150580071931,0.0000785645461292,0.0000268925341516,0.00000635038486507,0.00000589942965235,0.00000531089517608,0.00000132133243369,6.75968294672e-7,5.01278407228e-7,8.17116358576e-7,3.01186332763e-7,2.72382578714e-7,1.45473222801e-7,2.8949725106e-7,3.30545958604e-7,3.15414467877e-7,1.77393587819e-7,9.82645218528e-8,1.18535574245e-7,7.909080324e-8,7.78909203802e-9,3.39820012407e-11,7.83765230494e-8,2.46808895099e-7]},"barkbands_crest":{"dmean":3.35409998894,"dmean2":5.45786619186,"dvar":7.68984365463,"dvar2":19.9155063629,"max":25.7606258392,"mean":11.9316902161,"median":11.5713663101,"min":2.10325908661,"var":21.0010356903},"barkbands_flatness_db":{"dmean":0.0329940319061,"dmean2":0.0504622198641,"dvar":0.000830432691146,"dvar2":0.00203306647018,"max":0.490887910128,"mean":0.150190263987,"median":0.145410835743,"min":0.0206352975219,"var":0.00341473566368},"barkbands_kurtosis":{"dmean":8.09694576263,"dmean2":13.0287084579,"dvar":209.755996704,"dvar2":507.833221436,"max":789.318725586,"mean":13.5998802185,"median":8.45217514038,"min":-1.81544566154,"var":559.219116211},"barkbands_skewness":{"dmean":0.876602768898,"dmean2":1.37421941757,"dvar":0.793484926224,"dvar2":1.95920276642,"max":24.5088920593,"mean":2.74838733673,"median":2.4991736412,"min":-2.48928570747,"var":2.49981665611},"barkbands_spread":{"dmean":7.67886924744,"dmean2":11.5306625366,"dvar":84.1480026245,"dvar2":192.883880615,"max":125.747299194,"mean":20.0828018188,"median":15.4290533066,"min":0.271494746208,"var":247.33921814},"dissonance":{"dmean":0.0193607360125,"dmean2":0.032455291599,"dvar":0.000360389909474,"dvar2":0.00095761148259,"max":0.500000119209,"mean":0.466746300459,"median":0.473717182875,"min":0.152816191316,"var":0.000760580180213},"dynamic_complexity":2.80128598213,"erbbands":{"dmean":[0.86890912056,2.42410063744,4.66500329971,5.29160881042,8.2323589325,12.1506099701,14.9996767044,16.4354114532,13.3064889908,12.9952173233,18.7837162018,18.9159488678,14.3570404053,11.8518695831,12.9118480682,12.2483644485,16.0579051971,12.3878765106,9.95476150513,9.28625869751,6.18598413467,6.85020256042,5.87160158157,4.94455051422,4.55624008179,3.20396780968,2.90769886971,3.21211338043,3.44334888458,3.35527157784,2.33659124374,1.01064479351,0.270108520985,0.0514565221965,0.020642446354,0.0817233920097,0.209559798241,0.121904283762,0.0170433558524,0.00245628552511],"dmean2":[1.42689096928,4.06341314316,8.11409950256,8.88315486908,13.4793691635,19.3612995148,23.7664890289,26.105381012,21.0589179993,20.5260677338,29.5924015045,30.3128318787,22.8893222809,18.7700214386,20.6281318665,19.3192005157,25.7805175781,19.6032238007,15.5221586227,14.5873556137,9.4106388092,10.3596982956,8.48295974731,7.06123781204,6.50391101837,4.60306501389,4.04710865021,4.40081310272,4.61524581909,4.55438995361,3.29726099968,1.428150177,0.38638985157,0.0785012543201,0.0333547592163,0.117594458163,0.29805085063,0.163764864206,0.0218716152012,0.00339425727725],"dvar":[4.83391714096,14.5688180923,49.2914161682,73.1146774292,333.535949707,959.353637695,1407.79785156,1400.52502441,724.549316406,939.469360352,1424.40881348,1480.74328613,1041.69458008,890.76361084,637.913513184,638.021606445,1072.50439453,671.384460449,380.583496094,348.018920898,199.250045776,387.153259277,354.634643555,276.32989502,390.83203125,177.81098938,121.645256042,47.887348175,59.8434677124,59.2561454773,29.6552371979,5.41911411285,0.358527332544,0.00758500536904,0.00115305895451,0.0309434346855,0.231401264668,0.076629139483,0.00189705053344,0.0000205483211175],"dvar2":[12.3060541153,39.3232765198,140.759552002,189.837631226,821.743286133,2274.54785156,3242.04345703,3332.73925781,1718.86633301,2258.18481445,3355.41015625,3555.56713867,2572.93945312,2138.35693359,1499.66247559,1524.30554199,2548.7824707,1570.18237305,881.941955566,787.555908203,443.16897583,833.282714844,696.141052246,529.468688965,836.456726074,378.930755615,234.4402771,92.2612457275,109.165550232,105.812767029,57.5066108704,10.3436183929,0.690123915672,0.0157165080309,0.00278520165011,0.0626934841275,0.468518823385,0.141439393163,0.00326542020775,0.0000342131643265],"max":[21.9248905182,47.3292655945,120.207572937,149.942199707,477.428253174,890.005493164,1258.61828613,1038.58435059,635.396057129,1097.66662598,1425.80688477,1168.56921387,993.02142334,1143.66552734,1192.50830078,1240.64404297,1579.94165039,1099.78540039,806.019104004,937.043029785,590.841125488,735.603027344,718.844970703,716.09161377,985.968994141,712.697753906,729.395080566,250.236907959,230.214523315,295.052276611,203.050018311,66.1492919922,18.2739963531,2.11750459671,0.725355088711,4.42687511444,13.2343206406,8.1719789505,2.12706637383,0.193026483059],"mean":[0.834710836411,3.61577796936,5.72500371933,6.83034467697,10.2697219849,14.6127071381,19.1435985565,23.6194171906,21.9177055359,21.3284740448,30.8739871979,30.6147708893,21.3204174042,17.2119312286,19.4450683594,19.0481433868,25.0681915283,19.8263912201,16.9187107086,16.2476005554,11.4744443893,12.3774747849,10.6254482269,8.92238903046,7.70625686646,5.5397977829,5.05043172836,5.29359960556,5.36580991745,4.926820755,3.08409786224,1.34427809715,0.36416181922,0.0670651867986,0.0244016628712,0.108156256378,0.27454611659,0.178751319647,0.0323383621871,0.00954760983586],"median":[0.264870226383,2.26223802567,3.61345481873,3.77541351318,4.17529296875,4.29572296143,5.29290103912,8.84102153778,10.3927078247,10.5201921463,15.0892210007,15.3846445084,10.505531311,7.63024616241,9.76347827911,10.0298690796,13.5628089905,10.1917247772,8.87777519226,8.25534152985,5.63929367065,5.07970380783,3.31682109833,2.54753923416,1.87549161911,1.46600699425,1.42318534851,1.42980337143,1.15767657757,0.861221671104,0.461485087872,0.205346047878,0.0766797214746,0.0245636999607,0.01095732674,0.0205011256039,0.0349176339805,0.030151296407,0.010230883956,0.00787839107215],"min":[4.3171229667e-22,6.1856283479e-21,3.88624379803e-20,3.69142531543e-20,7.76729768394e-20,1.22124738842e-19,2.7804094308e-19,7.69868421535e-19,1.02474298249e-18,8.59969224854e-19,8.77844184301e-19,9.49968233259e-19,1.58972998493e-18,2.16535328928e-18,6.15868184731e-18,4.42478265681e-18,2.67039213459e-18,4.02448183425e-18,3.66858944365e-18,6.16513923276e-18,7.92732758661e-18,1.31679204313e-17,1.29412382019e-17,1.21865930572e-17,1.28024008991e-17,1.6169418903e-17,2.24107414702e-17,2.37209508927e-17,1.926902844e-17,1.97912159802e-17,1.78891455945e-17,2.36504717958e-17,2.02626791508e-17,1.10168968053e-17,1.03761354059e-17,5.55388212499e-18,3.27036753277e-18,1.53135564231e-18,3.18277696412e-19,3.50979454749e-20],"var":[3.92272996902,18.3990802765,52.1865653992,88.8486328125,424.677459717,1196.24975586,1934.12548828,2343.84399414,1420.42297363,1633.04699707,3496.65771484,2800.45654297,1384.4420166,1189.89001465,972.759399414,853.019592285,1542.86108398,1020.93884277,653.516601562,645.996765137,431.262481689,956.758605957,989.323791504,775.425720215,848.052062988,364.881866455,255.055450439,117.199119568,139.260894775,133.604156494,55.8395462036,10.0074834824,0.65800011158,0.0134294983,0.00143719883636,0.0542434975505,0.402616977692,0.16345025599,0.00502761686221,0.0000808123149909]},"erbbands_crest":{"dmean":2.44851136208,"dmean2":3.94867062569,"dvar":5.49572944641,"dvar2":13.1798839569,"max":31.9241294861,"mean":7.82286262512,"median":6.72109460831,"min":2.23193764687,"var":15.7838582993},"erbbands_flatness_db":{"dmean":0.0222757589072,"dmean2":0.0318895876408,"dvar":0.000386597443139,"dvar2":0.000792050326709,"max":0.388513058424,"mean":0.1294991225,"median":0.124074369669,"min":0.0204038638622,"var":0.00212429114617},"erbbands_kurtosis":{"dmean":1.01986682415,"dmean2":1.59798049927,"dvar":2.74098110199,"dvar2":6.11886739731,"max":82.2473144531,"mean":0.666667222977,"median":0.0562465190887,"min":-1.74316215515,"var":7.10534334183},"erbbands_skewness":{"dmean":0.387087017298,"dmean2":0.582681357861,"dvar":0.120086565614,"dvar2":0.265289574862,"max":6.59799861908,"mean":0.428205162287,"median":0.372891634703,"min":-3.73145294189,"var":0.534240663052},"erbbands_spread":{"dmean":8.93052577972,"dmean2":13.0822200775,"dvar":79.034866333,"dvar2":154.233306885,"max":152.774856567,"mean":36.7236709595,"median":33.1407546997,"min":0.871078372002,"var":328.952545166},"gfcc":{"cov":[[7956.66748047,-906.376525879,-408.057495117,496.151489258,-215.264129639,0.960085272789,162.996856689,-282.928894043,59.8682479858,86.0755462646,-94.3982009888,323.906524658,-271.877044678],[-906.376525879,1461.83972168,-64.5328063965,-403.256072998,319.963470459,-185.741836548,-46.250617981,40.2811164856,-41.6794662476,-88.4507827759,149.711715698,-234.406204224,245.494018555],[-408.057495117,-64.5328063965,423.408813477,79.8315658569,-103.690673828,184.518508911,-58.0633392334,48.853717804,18.9513626099,52.9551582336,-46.1981544495,60.0901985168,-36.0705032349],[496.151489258,-403.256072998,79.8315658569,381.986663818,-7.37279176712,77.2770080566,79.6243286133,-23.1481380463,-9.15107154846,37.6750869751,-34.2859382629,81.1643218994,-67.3275222778],[-215.264129639,319.963470459,-103.690673828,-7.37279176712,287.420288086,-49.4330673218,69.1312026978,29.2084026337,-23.1767215729,-27.759727478,49.4855995178,-67.0929946899,68.9888381958],[0.960085272789,-185.741836548,184.518508911,77.2770080566,-49.4330673218,277.972564697,7.23710393906,70.1859664917,27.8120918274,25.1012916565,-31.4237957001,51.2967987061,-29.75248909],[162.996856689,-46.250617981,-58.0633392334,79.6243286133,69.1312026978,7.23710393906,174.597549438,16.5076885223,35.8447151184,-0.256933391094,-14.9932994843,14.6609201431,-18.7360858917],[-282.928894043,40.2811164856,48.853717804,-23.1481380463,29.2084026337,70.1859664917,16.5076885223,137.612350464,34.1787948608,26.2294998169,17.9925365448,-35.3183898926,25.9404258728],[59.8682479858,-41.6794662476,18.9513626099,-9.15107154846,-23.1767215729,27.8120918274,35.8447151184,34.1787948608,130.894744873,49.4994773865,6.37012004852,23.219078064,-36.0809745789],[86.0755462646,-88.4507827759,52.9551582336,37.6750869751,-27.759727478,25.1012916565,-0.256933391094,26.2294998169,49.4994773865,91.1796722412,29.5620651245,34.3489570618,-16.2732315063],[-94.3982009888,149.711715698,-46.1981544495,-34.2859382629,49.4855995178,-31.4237957001,-14.9932994843,17.9925365448,6.37012004852,29.5620651245,85.2164001465,-6.15497732162,46.5390853882],[323.906524658,-234.406204224,60.0901985168,81.1643218994,-67.0929946899,51.2967987061,14.6609201431,-35.3183898926,23.219078064,34.3489570618,-6.15497732162,122.82233429,-31.4468746185],[-271.877044678,245.494018555,-36.0705032349,-67.3275222778,68.9888381958,-29.75248909,-18.7360858917,25.9404258728,-36.0809745789,-16.2732315063,46.5390853882,-31.4468746185,115.641151428]],"icov":[[0.000213829436689,-0.000350749440258,0.000735992041882,-0.000391816836782,0.000214410829358,-0.000206619690289,0.000225945885177,-0.000128910673084,0.000202012655791,-0.000571938056964,0.000772346160375,-0.000890536175575,0.000562778557651],[-0.000350749440258,0.00422230595723,-0.00436241412535,0.00295582110994,-0.00215986836702,0.00110722135287,-0.00203607464209,0.00349616957828,-0.0021984865889,0.0037315026857,-0.00649111391976,0.00660861283541,-0.00472010159865],[0.000735992041882,-0.00436241412535,0.00968341249973,-0.00373387080617,0.00230658007786,-0.00331378122792,0.00428118510172,-0.00432517239824,0.00254942895845,-0.0068617593497,0.0103909699246,-0.00851023104042,0.00460686860606],[-0.000391816836782,0.00295582110994,-0.00373387080617,0.00646231649444,-0.00228086579591,0.000312090181978,-0.00335793779232,0.00277985935099,0.000856145867147,0.000500962138176,-0.00396131305024,0.00316162966192,-0.00153333588969],[0.000214410829358,-0.00215986836702,0.00230658007786,-0.00228086579591,0.00728487130255,-0.000655107956845,-0.00191812112462,-0.00153048778884,0.00138514174614,-0.000262722052867,-0.000412375666201,-0.000357436481863,0.000462753640022],[-0.000206619690289,0.00110722135287,-0.00331378122792,0.000312090181978,-0.000655107956845,0.00700032990426,-0.000390484143281,-0.00330157275312,-0.000681201694533,0.00285155000165,-0.000994660425931,-0.000955215364229,-0.000489711936098],[0.000225945885177,-0.00203607464209,0.00428118510172,-0.00335793779232,-0.00191812112462,-0.000390484143281,0.010882739909,-0.00400030054152,-0.00192252732813,-0.00114355410915,0.00718027446419,-0.00596572877839,0.00266560935415],[-0.000128910673084,0.00349616957828,-0.00432517239824,0.00277985935099,-0.00153048778884,-0.00330157275312,-0.00400030054152,0.0171497222036,-0.00449125422165,-0.000981107354164,-0.00651169614866,0.0121174091473,-0.00751084508374],[0.000202012655791,-0.0021984865889,0.00254942895845,0.000856145867147,0.00138514174614,-0.000681201694533,-0.00192252732813,-0.00449125422165,0.014241553843,-0.0077133490704,0.00280900509097,-0.00517747271806,0.00694978469983],[-0.000571938056964,0.0037315026857,-0.0068617593497,0.000500962138176,-0.000262722052867,0.00285155000165,-0.00114355410915,-0.000981107354164,-0.0077133490704,0.0268873032182,-0.0175129659474,0.00299357506447,-0.00095063529443],[0.000772346160375,-0.00649111391976,0.0103909699246,-0.00396131305024,-0.000412375666201,-0.000994660425931,0.00718027446419,-0.00651169614866,0.00280900509097,-0.0175129659474,0.0356865674257,-0.0133897038177,-0.000446279649623],[-0.000890536175575,0.00660861283541,-0.00851023104042,0.00316162966192,-0.000357436481863,-0.000955215364229,-0.00596572877839,0.0121174091473,-0.00517747271806,0.00299357506447,-0.0133897038177,0.0266922172159,-0.00920107401907],[0.000562778557651,-0.00472010159865,0.00460686860606,-0.00153333588969,0.000462753640022,-0.000489711936098,0.00266560935415,-0.00751084508374,0.00694978469983,-0.00095063529443,-0.000446279649623,-0.00920107401907,0.0219618342817]],"mean":[3.99000287056,97.2665939331,-76.188369751,0.767920613289,-19.0247650146,-6.60009908676,-4.19766664505,-13.4165868759,3.63853645325,-4.08972406387,-9.08807563782,0.899895071983,-13.8180150986]},"hfc":{"dmean":22.6927242279,"dmean2":33.2336082458,"dvar":651.864196777,"dvar2":1395.73864746,"max":779.882446289,"mean":92.9519119263,"median":85.9020843506,"min":1.20849380193e-16,"var":3079.0625},"melbands":{"dmean":[0.00623551057652,0.00251188711263,0.000963682716247,0.000694415124599,0.000550530676264,0.000358522142051,0.000199710426386,0.000146533391671,0.000158523136633,0.000116034352686,0.000072445414844,0.0000492778817716,0.0000449089529866,0.0000351774542651,0.0000350115842593,0.0000351808303094,0.0000232205566135,0.000016632162442,0.0000154814351845,0.0000111939461931,0.0000072054535849,0.0000077583890743,0.00000651753043712,0.0000051093111324,0.00000415590238845,0.0000036820981677,0.0000030167868772,0.00000203123317988,0.00000187929833828,0.00000186149156889,0.00000198184852707,0.00000194188282876,0.0000021014423055,0.00000182493761258,0.00000146240529375,9.84163989415e-7,4.98963970585e-7,2.1098362879e-7,8.47530543524e-8,2.85181354087e-8],"dmean2":[0.0101720076054,0.00431510340422,0.00158991571516,0.00111568404827,0.000866257294547,0.000566476024687,0.00031463423511,0.000230547753745,0.000249964272371,0.00018614140572,0.000115913440823,0.0000784605290391,0.0000721440228517,0.0000562404020457,0.000056159828091,0.0000567753631913,0.0000372660360881,0.000026365294616,0.0000245629435085,0.0000178264399437,0.0000111602712423,0.0000120023250929,0.00000986383201962,0.0000075623011071,0.00000612211852058,0.00000538929452887,0.00000444610441264,0.0000030194471492,0.00000270459872809,0.00000266258348347,0.00000276738842331,0.00000267584687208,0.00000288864862341,0.00000254253814091,0.00000209432869269,0.00000141344753501,7.20235220797e-7,3.06407599737e-7,1.25663135009e-7,4.61983056255e-8],"dvar":[0.00021725067927,0.0000115365455713,0.00000241263023781,0.00000251132269113,0.00000190375033071,6.24465769761e-7,1.52336809833e-7,1.03709773214e-7,9.30799970433e-8,5.57951373992e-8,2.66570800989e-8,1.55786761269e-8,8.7072873356e-9,5.00499108824e-9,5.20179055385e-9,5.71445069042e-9,2.3283923678e-9,1.0861307409e-9,1.01608921277e-9,5.10897546491e-10,3.10178382978e-10,4.62215488106e-10,4.14868916998e-10,3.05652753108e-10,1.955979545e-10,2.20156448627e-10,2.03259256648e-10,6.35242969338e-11,6.59148638449e-11,2.80217012788e-11,1.91679935813e-11,2.01569247404e-11,2.39915275146e-11,1.80560687929e-11,1.20163696701e-11,5.43516403759e-12,1.42373970686e-12,2.29624208103e-13,2.93751059989e-14,2.23947443265e-15],"dvar2":[0.000550113734789,0.0000323293534166,0.0000060497263803,0.000006080375897,0.00000431003218182,0.0000014752978359,3.5961434719e-7,2.48087161481e-7,2.18473601876e-7,1.33930186053e-7,6.57596856968e-8,3.77327822321e-8,2.07493382476e-8,1.21449543755e-8,1.28655379683e-8,1.32818742671e-8,5.51218537481e-9,2.585160086e-9,2.33581753939e-9,1.222962287e-9,7.11948944243e-10,1.06002306932e-9,8.59997739688e-10,6.55584975195e-10,3.99234395543e-10,4.68775684936e-10,4.58248800017e-10,1.40924036329e-10,1.34206645797e-10,5.65915300732e-11,3.86284268461e-11,3.96936580827e-11,4.38918484891e-11,3.4072956262e-11,2.42327165278e-11,1.07575840597e-11,2.8945214281e-12,4.57159267039e-13,5.92504154464e-14,5.38672805092e-15],"max":[0.14723007381,0.0536054968834,0.0276813078672,0.0423791594803,0.0445381328464,0.0214332472533,0.00885342992842,0.0103535726666,0.0142508307472,0.0075453161262,0.00480728456751,0.00517738936469,0.00512296706438,0.0018083123723,0.00397442653775,0.00511619029567,0.00223864568397,0.00106886425056,0.0019689865876,0.000947660126258,0.0007201852859,0.00085129996296,0.000861890381202,0.000731327862013,0.00055638991762,0.000686719780788,0.000650149653666,0.000420302298153,0.000576712598559,0.000197147019207,0.000169154867763,0.000144380654092,0.000174176268047,0.000183050084161,0.000124430574942,0.0000847348128445,0.0000328029927914,0.0000162398318935,0.00000489138847115,0.00000109387428893],"mean":[0.00688677839935,0.00368089182302,0.00131203001365,0.000880140636582,0.00070124247577,0.000525293522514,0.000333403673721,0.000240218272666,0.000260959175648,0.000183673430001,0.000103240381577,0.0000683813050273,0.0000649257926852,0.0000517288463016,0.0000522538357473,0.0000530753131898,0.0000347223576682,0.000026374900699,0.0000250005632552,0.0000184778928087,0.0000123567406263,0.0000131701981445,0.000010951152035,0.00000862593333295,0.0000070481792136,0.00000598832230025,0.00000484634574605,0.00000333794105245,0.00000308723406306,0.00000303663841805,0.00000308357357426,0.00000293584139399,0.00000312885413223,0.00000255937743532,0.00000188361320852,0.00000126225552322,6.51233847293e-7,2.77508718227e-7,1.11904014943e-7,3.27795781629e-8],"median":[0.00283618387766,0.00264949514531,0.000732462911401,0.000315880723065,0.000190207807464,0.000200325506739,0.000160944924573,0.000118488547741,0.000126352650113,0.0000916412245715,0.0000482219547848,0.0000289034942398,0.0000311117037199,0.0000262879766524,0.0000270955079031,0.0000280826025119,0.0000168971018866,0.0000134169067678,0.0000121125776786,0.00000927356632019,0.00000575729700358,0.00000552954861632,0.00000364904281014,0.00000232775164477,0.00000195788334167,0.00000150440882862,0.00000107862376808,9.07601361178e-7,8.15062094262e-7,8.44824398882e-7,7.7547622368e-7,6.37366497358e-7,5.6805015447e-7,4.22791003984e-7,2.77040328456e-7,1.73303391193e-7,1.01389019846e-7,5.59091297703e-8,3.05937959411e-8,1.35928859279e-8],"min":[5.78678580571e-24,1.67605237564e-23,8.28830830681e-24,6.6322360424e-24,9.75062055568e-24,1.78068720166e-23,1.34723590214e-23,1.07839321005e-23,6.80966348176e-24,6.13745301631e-24,7.76511761066e-24,7.82337498851e-24,1.61036440138e-23,1.73894478463e-23,6.57166256893e-24,8.34866484353e-24,7.03675602599e-24,4.85757707912e-24,8.59596327098e-24,7.31629519864e-24,9.7371349785e-24,1.52984237112e-23,9.42169869036e-24,1.26306830897e-23,9.64543620916e-24,7.6048052975e-24,1.14569314268e-23,1.03488398125e-23,1.14074524931e-23,1.70789080178e-23,1.30256870442e-23,9.56426794404e-24,1.34137482339e-23,1.02444088282e-23,9.97832920027e-24,1.33006287355e-23,1.30652002981e-23,1.27689262302e-23,1.55279948564e-23,6.77218627787e-24],"var":[0.000187524477951,0.0000148264243762,0.00000324844131683,0.00000321305515172,0.00000263153924607,0.00000108355527573,3.11369944939e-7,1.96527011553e-7,2.41934856149e-7,1.00347662624e-7,3.51211824068e-8,2.02619521161e-8,1.26664172484e-8,6.5676384331e-9,6.67949207056e-9,7.99774824145e-9,3.4329328269e-9,1.72215641747e-9,1.71240854829e-9,8.64427474045e-10,6.13643913461e-10,1.03233444015e-9,1.0092311431e-9,7.47657769029e-10,4.93128926582e-10,4.80371853406e-10,3.85930787328e-10,1.21166660039e-10,1.1820426582e-10,6.14324840997e-11,4.24902335538e-11,4.29418965664e-11,5.29228015578e-11,3.74580783058e-11,2.14814104005e-11,9.47409945634e-12,2.40449153643e-12,4.00295492283e-13,5.18972309517e-14,2.83210675167e-15]},"melbands_crest":{"dmean":4.93779802322,"dmean2":7.98893356323,"dvar":19.7744293213,"dvar2":48.1460189819,"max":39.0451469421,"mean":17.2729091644,"median":16.7094078064,"min":1.67071688175,"var":41.2346038818},"melbands_flatness_db":{"dmean":0.0411420501769,"dmean2":0.0622866749763,"dvar":0.00118411658332,"dvar2":0.00287351338193,"max":0.649113416672,"mean":0.266730308533,"median":0.264908075333,"min":0.00407102657482,"var":0.00567697314546},"melbands_kurtosis":{"dmean":12.7700042725,"dmean2":20.8169708252,"dvar":524.498291016,"dvar2":1359.58483887,"max":1325.7512207,"mean":21.3754749298,"median":12.7690134048,"min":-1.74230480194,"var":1121.65026855},"melbands_skewness":{"dmean":1.09664714336,"dmean2":1.72754144669,"dvar":1.23023545742,"dvar2":3.04084324837,"max":32.8791389465,"mean":3.34265327454,"median":3.02055931091,"min":-3.35681438446,"var":3.61320996284},"melbands_spread":{"dmean":5.56863355637,"dmean2":8.65270328522,"dvar":62.3607292175,"dvar2":142.757736206,"max":175.902313232,"mean":13.6551790237,"median":10.4060554504,"min":0.274267524481,"var":168.122070312},"mfcc":{"cov":[[6791.19238281,-1112.83630371,-258.461395264,404.879547119,-370.564575195,424.496551514,-237.959671021,197.405639648,-293.995330811,141.870544434,-75.6133346558,-7.38729333878,-73.8058166504],[-1112.83630371,1713.45837402,-295.399261475,-161.490570068,222.141235352,-279.505493164,153.126541138,-188.082214355,98.340675354,-89.9317321777,1.09906888008,-24.8352851868,38.5229873657],[-258.461395264,-295.399261475,598.844543457,-102.716888428,8.95102500916,116.307426453,-84.4749755859,63.3628578186,8.36509513855,20.0155677795,34.2486190796,13.0738697052,1.51520609856],[404.879547119,-161.490570068,-102.716888428,322.682373047,-26.6938037872,57.5282897949,47.5646400452,4.94937896729,-23.5587368011,12.2152347565,-11.928442955,-10.2712182999,-3.16832876205],[-370.564575195,222.141235352,8.95102500916,-26.6938037872,189.660171509,-23.0843677521,76.3335494995,-21.4562511444,33.0874824524,-4.18934202194,5.00956916809,5.77651357651,15.1399030685],[424.496551514,-279.505493164,116.307426453,57.5282897949,-23.0843677521,198.692947388,-14.6647729874,91.8797607422,-13.7279195786,23.8167438507,4.94209194183,4.87760448456,-8.13706016541],[-237.959671021,153.126541138,-84.4749755859,47.5646400452,76.3335494995,-14.6647729874,176.019119263,7.26082849503,46.7739181519,-3.55669093132,-9.49115848541,-19.8203163147,3.56266736984],[197.405639648,-188.082214355,63.3628578186,4.94937896729,-21.4562511444,91.8797607422,7.26082849503,128.138870239,32.717590332,34.9017868042,10.1961584091,10.8846759796,-9.2418718338],[-293.995330811,98.340675354,8.36509513855,-23.5587368011,33.0874824524,-13.7279195786,46.7739181519,32.717590332,101.126800537,28.4246196747,28.8934879303,11.4775066376,7.81430435181],[141.870544434,-89.9317321777,20.0155677795,12.2152347565,-4.18934202194,23.8167438507,-3.55669093132,34.9017868042,28.4246196747,88.7605819702,37.3534202576,26.2524337769,3.76230883598],[-75.6133346558,1.09906888008,34.2486190796,-11.928442955,5.00956916809,4.94209194183,-9.49115848541,10.1961584091,28.8934879303,37.3534202576,71.6630783081,38.305973053,18.4888324738],[-7.38729333878,-24.8352851868,13.0738697052,-10.2712182999,5.77651357651,4.87760448456,-19.8203163147,10.8846759796,11.4775066376,26.2524337769,38.305973053,71.2115783691,31.2456302643],[-73.8058166504,38.5229873657,1.51520609856,-3.16832876205,15.1399030685,-8.13706016541,3.56266736984,-9.2418718338,7.81430435181,3.76230883598,18.4888324738,31.2456302643,53.3862190247]],"icov":[[0.000250808283454,-0.00000990167518466,0.000205379867111,-0.00012167411478,0.000182414005394,-0.000381902325898,0.000212133425521,-0.000244151859079,0.000646135827992,-0.000535654835403,0.000212081504287,0.0000469435399282,0.0000167207927007],[-0.00000990167518466,0.00112213962711,0.000414651760366,0.000462884781882,-0.000789586338215,0.000456973561086,-0.000243508766289,0.00101152888965,-0.0010719136335,0.000849950418342,-0.000465474644443,0.000443315249868,-0.000324037508108],[0.000205379867111,0.000414651760366,0.00266099208966,0.000811366189737,-0.000766122888308,-0.00164100527763,0.00130874733441,-0.0000869474897627,-0.000208796962397,0.0000479692535009,-0.000979680102319,0.00108547217678,-0.000446721795015],[-0.00012167411478,0.000462884781882,0.000811366189737,0.00434644846246,0.000484565418446,-0.00162143760826,-0.00179469014984,0.00167747784872,0.000210233367397,-0.000495898653753,-0.0000902357933228,0.000310245057335,-0.0003878530988],[0.000182414005394,-0.000789586338215,-0.000766122888308,0.000484565418446,0.00811789184809,-0.00113939470612,-0.00338966795243,0.00162520667072,-0.000113750662422,-0.000917110941373,0.0011140150018,-0.00194645440206,-0.000261153181782],[-0.000381902325898,0.000456973561086,-0.00164100527763,-0.00162143760826,-0.00113939470612,0.0109518170357,-0.000186965757166,-0.00675159599632,0.0024130018428,0.00093187589664,-0.00135408469941,0.000692458066624,-0.000426505954238],[0.000212133425521,-0.000243508766289,0.00130874733441,-0.00179469014984,-0.00338966795243,-0.000186965757166,0.0101813878864,-0.00197603926063,-0.00323263998143,0.0000781995768193,0.000973271031398,0.00359134352766,-0.00173473509494],[-0.000244151859079,0.00101152888965,-0.0000869474897627,0.00167747784872,0.00162520667072,-0.00675159599632,-0.00197603926063,0.0175489075482,-0.00761392712593,-0.00171773065813,0.00250184908509,-0.00306398305111,0.00287678558379],[0.000646135827992,-0.0010719136335,-0.000208796962397,0.000210233367397,-0.000113750662422,0.0024130018428,-0.00323263998143,-0.00761392712593,0.0197431538254,-0.00454560155049,-0.00473176315427,0.00119209825061,-0.000645653344691],[-0.000535654835403,0.000849950418342,0.0000479692535009,-0.000495898653753,-0.000917110941373,0.00093187589664,0.0000781995768193,-0.00171773065813,-0.00454560155049,0.0187343470752,-0.00751838367432,-0.00264453748241,0.00221154117025],[0.000212081504287,-0.000465474644443,-0.000979680102319,-0.0000902357933228,0.0011140150018,-0.00135408469941,0.000973271031398,0.00250184908509,-0.00473176315427,-0.00751838367432,0.0258868560195,-0.00981466472149,-0.00150109187234],[0.0000469435399282,0.000443315249868,0.00108547217678,0.000310245057335,-0.00194645440206,0.000692458066624,0.00359134352766,-0.00306398305111,0.00119209825061,-0.00264453748241,-0.00981466472149,0.0273928791285,-0.0130013851449],[0.0000167207927007,-0.000324037508108,-0.000446721795015,-0.0003878530988,-0.000261153181782,-0.000426505954238,-0.00173473509494,0.00287678558379,-0.000645653344691,0.00221154117025,-0.00150109187234,-0.0130013851449,0.0276687555015]],"mean":[-663.805664062,159.643600464,0.713536918163,25.7682971954,2.30705690384,21.0752563477,-5.84631633759,11.1310358047,1.11017131805,7.67606735229,3.83998394012,6.79440498352,-0.567817389965]},"pitch_salience":{"dmean":0.100055769086,"dmean2":0.161506831646,"dvar":0.00787221081555,"dvar2":0.0196985024959,"max":0.974814891815,"mean":0.521269738674,"median":0.532669425011,"min":0.0648111999035,"var":0.019100766629},"silence_rate_20dB":{"dmean":0.000251014513196,"dmean2":0.000502050039358,"dvar":0.000250929850154,"dvar2":0.000752736406866,"max":1,"mean":0.999874472618,"median":1,"min":0,"var":0.000125480684801},"silence_rate_30dB":{"dmean":0.096305899322,"dmean2":0.192619860172,"dvar":0.0870321542025,"dvar2":0.171001285315,"max":1,"mean":0.893490612507,"median":1,"min":0,"var":0.0951560661197},"silence_rate_60dB":{"dmean":0.00451826117933,"dmean2":0.00903690047562,"dvar":0.00449701305479,"dvar2":0.00995988212526,"max":1,"mean":0.0251840688288,"median":0,"min":0,"var":0.0245557762682},"spectral_centroid":{"dmean":226.538391113,"dmean2":323.370544434,"dvar":73104.8671875,"dvar2":127132.875,"max":11263.4091797,"mean":931.030456543,"median":756.627380371,"min":122.439628601,"var":338239.625},"spectral_complexity":{"dmean":3.74572229385,"dmean2":5.30700349808,"dvar":15.1786518097,"dvar2":24.5507926941,"max":64,"mean":18.5860519409,"median":17,"min":0,"var":100.540367126},"spectral_contrast_coeffs":{"dmean":[0.0601705312729,0.0498443730175,0.0366444922984,0.0254912301898,0.0209940392524,0.0327440500259],"dmean2":[0.098295904696,0.0822731107473,0.0611556954682,0.043019220233,0.0345488414168,0.0488988831639],"dvar":[0.00224201730452,0.00153347686864,0.000830315926578,0.000397764815716,0.000333598873112,0.00104842730798],"dvar2":[0.0058944686316,0.00418189587072,0.00227392790839,0.00111771083903,0.000862388173118,0.00209970236756],"max":[-0.332429766655,-0.440736681223,-0.534901916981,-0.652428686619,-0.657050013542,-0.393345832825],"mean":[-0.686842441559,-0.765414059162,-0.809158563614,-0.825902581215,-0.826707601547,-0.741577744484],"median":[-0.693718850613,-0.772703170776,-0.814123034477,-0.82711327076,-0.826705515385,-0.733502984047],"min":[-0.952189028263,-0.963514089584,-0.963693320751,-0.973069489002,-0.963108658791,-0.962073624134],"var":[0.00599179137498,0.00442893104628,0.00217921216972,0.000997117953375,0.00101234880276,0.00532263424248]},"spectral_contrast_valleys":{"dmean":[0.434849023819,0.362079709768,0.33106303215,0.286545276642,0.328605234623,0.542264819145],"dmean2":[0.693623483181,0.580209732056,0.516260027885,0.432775437832,0.455829560757,0.812923789024],"dvar":[0.13229650259,0.0925806835294,0.0839722901583,0.0761801153421,0.107515066862,0.227147594094],"dvar2":[0.303729861975,0.215666785836,0.179647773504,0.146617531776,0.201470538974,0.530941426754],"max":[-4.63772773743,-4.24572372437,-4.92210149765,-5.21437168121,-5.03173160553,-8.43691825867],"mean":[-6.62424516678,-6.33317327499,-6.97337961197,-7.33515787125,-7.82253885269,-10.8300409317],"median":[-6.47945785522,-6.2256269455,-6.89666366577,-7.24519538879,-7.69283771515,-10.706993103],"min":[-27.561164856,-26.7872753143,-27.3874034882,-27.4194698334,-27.2577095032,-27.2418041229],"var":[0.890155613422,0.781983077526,0.766780078411,0.823601841927,1.04372930527,0.948124468327]},"spectral_decrease":{"dmean":7.64491581151e-9,"dmean2":1.21310410606e-8,"dvar":2.02291611307e-16,"dvar2":4.94439918729e-16,"max":1.90362725583e-9,"mean":-1.16835270347e-8,"median":-7.46669570617e-9,"min":-1.38992945153e-7,"var":2.21409806671e-16},"spectral_energy":{"dmean":0.0295451469719,"dmean2":0.0466440245509,"dvar":0.00292005902156,"dvar2":0.00712222838774,"max":0.540842890739,"mean":0.052527371794,"median":0.0366102531552,"min":1.1091049295e-20,"var":0.00331214303151},"spectral_energyband_high":{"dmean":0.000496877764817,"dmean2":0.000645100371912,"dvar":8.67168978402e-7,"dvar2":0.00000147358707636,"max":0.0284433458,"mean":0.00089392933296,"median":0.000314557633828,"min":8.38853229595e-21,"var":0.00000235024026551},"spectral_energyband_low":{"dmean":0.0243892557919,"dmean2":0.0398439355195,"dvar":0.00244499393739,"dvar2":0.00611663144082,"max":0.499193370342,"mean":0.0311118792742,"median":0.0171364415437,"min":7.02175126048e-23,"var":0.00234529701993},"spectral_energyband_middle_high":{"dmean":0.00152819359209,"dmean2":0.00214705383405,"dvar":0.00000749714263293,"dvar2":0.0000144350497067,"max":0.0777443051338,"mean":0.00347153958865,"median":0.00202521122992,"min":1.48336586727e-21,"var":0.0000197391309484},"spectral_energyband_middle_low":{"dmean":0.00663199508563,"dmean2":0.0100308582187,"dvar":0.000110937631689,"dvar2":0.000251481716987,"max":0.192904949188,"mean":0.0135512165725,"median":0.00810840632766,"min":2.94096130221e-22,"var":0.000226378018851},"spectral_entropy":{"dmean":0.220402941108,"dmean2":0.311272293329,"dvar":0.0413078851998,"dvar2":0.0869495347142,"max":9.79302978516,"mean":7.50160169601,"median":7.55995082855,"min":4.61708927155,"var":0.226206660271},"spectral_flux":{"dmean":0.0453167781234,"dmean2":0.0740206390619,"dvar":0.00389247573912,"dvar2":0.00948874279857,"max":0.641264915466,"mean":0.12808264792,"median":0.106193870306,"min":1.05314049148e-10,"var":0.00694211153314},"spectral_kurtosis":{"dmean":5.23373126984,"dmean2":7.60330963135,"dvar":45.153881073,"dvar2":103.977630615,"max":87.9697570801,"mean":15.8921823502,"median":12.3417110443,"min":-1.19779717922,"var":146.912841797},"spectral_rms":{"dmean":0.00165887724143,"dmean2":0.00250317435712,"dvar":0.00000471845623906,"dvar2":0.0000105124508991,"max":0.0229706671089,"mean":0.00645486358553,"median":0.00597639661282,"min":3.28945833246e-12,"var":0.00000958096188697},"spectral_rolloff":{"dmean":3791.12304688,"dmean2":7116.45556641,"dvar":47817212,"dvar2":118010920,"max":22050,"mean":6341.67529297,"median":1119.7265625,"min":21.533203125,"var":76776520},"spectral_skewness":{"dmean":0.440819323063,"dmean2":0.6046833992,"dvar":0.221747949719,"dvar2":0.465222090483,"max":7.47405910492,"mean":2.69792699814,"median":2.4782500267,"min":-0.0462798029184,"var":1.12049174309},"spectral_spread":{"dmean":704391.375,"dmean2":977552.1875,"dvar":469720891392,"dvar2":816300752896,"max":40201944,"mean":4482294.5,"median":4218703.5,"min":1433235.25,"var":2431831506940},"spectral_strongpeak":{"dmean":1.77934062481,"dmean2":3.34242367744,"dvar":68.8255767822,"dvar2":191.603668213,"max":114.96282196,"mean":1.66517961025,"median":0.324835598469,"min":0,"var":61.6559104919},"zerocrossingrate":{"dmean":0.0371889211237,"dmean2":0.0463281311095,"dvar":0.00110089138616,"dvar2":0.00164607411716,"max":0.80908203125,"mean":0.199134975672,"median":0.1826171875,"min":0.01025390625,"var":0.00927994027734}},"metadata":{"audio_properties":{"analysis_sample_rate":44100,"bit_rate":256000,"codec":"mp3","downmix":"mix","equal_loudness":0,"length":555.023681641,"lossless":false,"md5_encoded":"b13f93ffe46ec07e7b7f368113a676a5","replay_gain":-1.26685142517,"sample_rate":44100},"tags":{"acoustid_id":["0c2b7328-d162-4750-b64d-41300056869d"],"album":["Family Man"],"albumartist":["Black Flag"],"albumartistsort":["Black Flag"],"artist":["Black Flag"],"artists":["Black Flag"],"artistsort":["Black Flag"],"asin":["B000000LZQ"],"barcode":["018861002620"],"catalognumber":["SST CD 026"],"date":["1990-10-25"],"file_name":"07 - Armageddon Man.mp3","label":["SST Records"],"media":["CD"],"musicbrainz album release country":["US"],"musicbrainz album status":["official"],"musicbrainz album type":["album"],"musicbrainz release track id":["0afacd0a-8de4-38a8-8e48-4286e1e67f1d"],"musicbrainz_albumartistid":["9941a936-196a-4a62-ae53-a69cbc33f20e"],"musicbrainz_albumid":["29888d56-d9f0-41d3-b77c-b42f46200d14"],"musicbrainz_artistid":["9941a936-196a-4a62-ae53-a69cbc33f20e"],"musicbrainz_recordingid":["f65e1a45-be52-450c-983b-a0c219d45ae0"],"musicbrainz_releasegroupid":["81494ca4-5c93-3328-90eb-e048d0439d85"],"originaldate":["1984"],"script":["Latn"],"title":["Armageddon Man"],"tracknumber":["7/11"]},"version":{"essentia":"2.1-beta1","essentia_build_sha":"ca57ba49d9b1854bd80e60cf9ccf267278fb7d6b","essentia_git_sha":"v2.1_beta1-28-g21ef5f4-dirty","extractor":"music 1.0"}},"rhythm":{"beats_count":1129,"beats_loudness":{"dmean":0.0459860339761,"dmean2":0.0808599963784,"dvar":0.0019627015572,"dvar2":0.00572943268344,"max":0.3389955163,"mean":0.0734533667564,"median":0.064731836319,"min":5.20683540728e-9,"var":0.00250408519059},"beats_loudness_band_ratio":{"dmean":[0.245986968279,0.123135246336,0.080418355763,0.0451098307967,0.0302020609379,0.0764078050852],"dmean2":[0.446543604136,0.219170