{"lowlevel":{"average_loudness":0.915315628052,"barkbands":{"dmean":[0.0000393309419451,0.00797161925584,0.00633913604543,0.00174771877937,0.00120627868455,0.00117049494293,0.000312787102303,0.00036650619586,0.000434546003817,0.000339433929184,0.000227179494686,0.000211865975871,0.000220792702748,0.000241474554059,0.000198339752387,0.00023024409893,0.000181426104973,0.0001765457273,0.000293961435091,0.000255679973634,0.000187219571671,0.000118300413305,0.0000859236024553,0.0000653187962598,0.00004473361696,0.0000289339041046,0.0000113797186714],"dmean2":[0.0000658534481772,0.0141726629809,0.0115032847971,0.00320045766421,0.00216447282583,0.00209526880644,0.000538999214768,0.000622242048848,0.00071088061668,0.000541052839253,0.000365034851711,0.000338395650033,0.000352884555468,0.000378603610443,0.000321880826959,0.000376399169909,0.000298165745335,0.000296114361845,0.000506410142407,0.000436872651335,0.000300897227135,0.00018576005823,0.000127343984786,0.0000953009875957,0.0000622253792244,0.0000405139617214,0.0000169603881659],"dvar":[6.86368162306e-9,0.000651240232401,0.000440934236394,0.000023754846552,0.0000102046296888,0.0000169565646502,6.47318131541e-7,0.00000112459963475,0.00000111436065708,7.34961020044e-7,3.6925052882e-7,2.57404110471e-7,2.74146060519e-7,2.3947899308e-7,2.69510053386e-7,3.36562663961e-7,2.72166545301e-7,3.56637116283e-7,0.00000118063678656,7.764974157e-7,3.04034983856e-7,1.20526237879e-7,5.4429474261e-8,4.31686615343e-8,2.68072692933e-8,2.3699374907e-8,3.44862538526e-9],"dvar2":[1.69828773267e-8,0.00177595159039,0.00122885790188,0.0000687147330609,0.0000287642924377,0.0000478119764011,0.00000173894329691,0.00000296431903735,0.00000280728136204,0.00000161463140103,8.65865445121e-7,6.22228355951e-7,6.6803130494e-7,5.88347404573e-7,6.96951985901e-7,8.49695197758e-7,7.32660623726e-7,9.9780106666e-7,0.00000324886696035,0.00000213973021346,7.5959866308e-7,2.85432378178e-7,1.10165814249e-7,9.87094779248e-8,5.05247115257e-8,4.42754739538e-8,7.84708209522e-9],"max":[0.0024338113144,0.35214817524,0.175841897726,0.0483541935682,0.0383753851056,0.0502577498555,0.0225113946944,0.0289611127228,0.03720407933,0.0270140618086,0.0289729740471,0.0141019402072,0.0110330991447,0.0109245628119,0.01607167162,0.0154491560534,0.0102410847321,0.00996723677963,0.028406240046,0.0198071226478,0.0148149142042,0.0140933804214,0.0073685371317,0.00804280210286,0.00515075027943,0.00738588813692,0.00166786287446],"mean":[0.0000484386218886,0.00656414078549,0.00455666705966,0.00199950044043,0.00134187063668,0.00111486332025,0.000430287240306,0.000452557578683,0.00066992425127,0.000526407908183,0.000359523604857,0.000356111268047,0.000378578493837,0.000435934984125,0.00028670814936,0.000352006172761,0.000241656336584,0.00021408428438,0.000358827033779,0.000323945860146,0.000289345014608,0.000189569676877,0.000141916782013,0.000114699214464,0.0000780269911047,0.0000439357172581,0.0000141938453453],"median":[0.0000157523700182,0.000977010349743,0.000640619604383,0.000801923626568,0.000520904082805,0.000312001793645,0.00013910549751,0.0000934174313443,0.000209265868762,0.000140826014103,0.000102689358755,0.000105135579361,0.0000961999030551,0.000111046749225,0.0000745519137126,0.0000922420440475,0.000050053535233,0.0000461044437543,0.0000440826333943,0.0000307190384774,0.0000306366164295,0.0000255590657616,0.0000173339431058,0.0000152934553626,0.00000505281741425,0.00000160042066,1.82823541195e-7],"min":[2.16159770248e-25,1.93007895832e-24,5.96376527068e-25,2.07227029832e-25,6.9195265623e-24,4.22449805888e-24,8.27592476832e-24,6.73020625594e-24,1.53010190635e-23,9.47209743587e-24,9.54019664237e-24,1.36617881906e-23,1.90206812474e-23,4.7695798818e-23,4.13016962171e-23,4.16148550638e-23,5.65025536115e-23,7.48564564896e-23,1.23216577164e-22,1.40259948576e-22,2.44319814896e-22,2.62155190034e-22,3.52314342706e-22,6.05989063439e-22,8.60630334418e-22,1.2778046188e-21,1.89386131444e-21],"var":[8.78102657254e-9,0.000454117835034,0.000278014398646,0.0000155150373757,0.0000068596273195,0.0000109581551442,0.00000100644865597,0.00000184937687209,0.00000242240548687,0.00000183618362826,8.90872911441e-7,7.33452907298e-7,7.68010181673e-7,6.69005430609e-7,3.80423415436e-7,5.95557139604e-7,3.20508036111e-7,3.00138196963e-7,0.00000172150919298,9.80834670372e-7,6.1389749817e-7,2.87853850978e-7,1.55306025817e-7,1.01434601163e-7,7.04735541035e-8,4.59204336778e-8,4.74559413988e-9]},"barkbands_crest":{"dmean":2.48720169067,"dmean2":4.04684352875,"dvar":6.4323592186,"dvar2":16.3000793457,"max":26.6811256409,"mean":9.02037525177,"median":7.95721006393,"min":2.29172849655,"var":17.4205608368},"barkbands_flatness_db":{"dmean":0.0301389843225,"dmean2":0.0453658625484,"dvar":0.00108758721035,"dvar2":0.00259222579189,"max":0.572528481483,"mean":0.13784955442,"median":0.126708164811,"min":0.0177488252521,"var":0.00413196627051},"barkbands_kurtosis":{"dmean":6.58966016769,"dmean2":11.3016862869,"dvar":4867.96582031,"dvar2":14492.2822266,"max":5242.90039063,"mean":6.30218648911,"median":1.08173573017,"min":-1.92936658859,"var":2942.75390625},"barkbands_skewness":{"dmean":0.791832387447,"dmean2":1.23539805412,"dvar":1.8108497858,"dvar2":4.72659873962,"max":67.2236938477,"mean":1.37622225285,"median":1.06231319904,"min":-5.09395980835,"var":3.5710246563},"barkbands_spread":{"dmean":7.3007068634,"dmean2":11.2235498428,"dvar":83.7989959717,"dvar2":190.63243103,"max":112.701820374,"mean":23.5652999878,"median":19.158662796,"min":0.0947344377637,"var":302.394104004},"dissonance":{"dmean":0.0176967512816,"dmean2":0.0297264941037,"dvar":0.000438569084508,"dvar2":0.00116277101915,"max":0.500000119209,"mean":0.47041746974,"median":0.479179888964,"min":0.221927985549,"var":0.000847364310175},"dynamic_complexity":4.81674575806,"erbbands":{"dmean":[0.0774214416742,2.30419993401,8.00948143005,5.94809341431,4.37963724136,4.29541063309,6.29980421066,10.5672569275,5.01775932312,5.32735061646,8.74233436584,10.4217748642,12.0860233307,7.89450359344,8.93111801147,8.29155445099,10.117846489,11.7909250259,10.0168819427,11.7870721817,11.7887353897,9.63636302948,9.78257656097,12.5801258087,15.6913671494,11.0890016556,7.86169099808,6.90487766266,4.08200836182,3.25602865219,2.18777751923,1.53079330921,0.995446026325,0.522063374519,0.337923198938,0.169781252742,0.0373382642865,0.0100830085576,0.00213529542089,0.000133821609779],"dmean2":[0.134854584932,4.10667514801,14.428393364,10.8642435074,7.97200298309,7.66552782059,11.1513738632,19.0917129517,8.77607536316,9.11317253113,14.5522527695,16.9569416046,19.3657970428,12.8218288422,14.1123933792,13.2223787308,15.9869728088,18.549200058,15.9274778366,19.0547485352,19.0491390228,15.774930954,16.5185279846,21.7577438354,26.5671443939,18.9682712555,12.9084510803,10.8801956177,6.45951747894,5.02014875412,3.23929858208,2.25287127495,1.49110352993,0.752569198608,0.467483460903,0.238510966301,0.0533228218555,0.0150198452175,0.00318442005664,0.00020192602824],"dvar":[0.0495773777366,55.4884376526,708.586303711,307.873596191,141.664245605,149.057769775,360.680114746,1563.02856445,151.960403442,206.584915161,591.823852539,814.542175293,954.269775391,392.811096191,466.407501221,386.93939209,591.590576172,616.399963379,508.804016113,939.840270996,1009.01989746,726.189941406,1186.17773438,2707.77050781,3188.88769531,1494.78161621,612.951416016,435.178375244,147.718917847,79.4486236572,37.3824996948,23.4274520874,11.2025737762,3.39463686943,1.72578597069,0.710290133953,0.0445209816098,0.00440329127014,0.000130621279823,2.95432272424e-7],"dvar2":[0.132294341922,151.819351196,1955.09082031,880.19921875,405.765441895,420.796600342,1010.21179199,4417.30908203,422.032470703,513.238891602,1508.84936523,2113.86669922,2072.10424805,967.103637695,1020.94262695,953.38885498,1451.99084473,1532.41711426,1268.50756836,2429.30981445,2491.74121094,1969.1619873,3337.44946289,7699.234375,8514.68652344,4144.31494141,1613.13513184,1002.10516357,359.316497803,184.246536255,75.0020217896,49.7609939575,27.4651031494,7.10002565384,3.09520697594,1.26229393482,0.0955706313252,0.0110542746261,0.000289238290861,6.6874656568e-7],"max":[2.68399643898,101.050933838,263.926696777,148.186859131,119.042564392,158.848434448,207.772720337,515.92401123,287.318969727,500.808685303,715.779785156,1125.96386719,1076.45617676,734.581298828,851.740234375,516.019348145,557.06036377,609.444335938,476.939361572,885.331359863,1055.71850586,435.884307861,617.638000488,1247.30249023,2030.2902832,814.640441895,528.303466797,804.229064941,503.448608398,238.382049561,215.201950073,221.166778564,102.42855835,63.070438385,51.3321456909,44.3906211853,8.47095108032,2.52211117744,0.359184324741,0.0153302866966],"mean":[0.0716244131327,1.85451257229,5.90444421768,5.89759492874,4.78136062622,4.86722421646,6.84896039963,9.37314605713,6.39030504227,6.90305757523,11.4464817047,16.0108070374,19.6166324615,12.4164247513,15.6725540161,15.1782093048,18.6534900665,22.3973312378,16.1098384857,17.7952041626,19.301366806,13.4195671082,11.8433771133,13.1907157898,21.8303070068,14.4088993073,11.0893354416,11.5953226089,6.74240398407,5.13552331924,3.64787793159,2.68604540825,1.69561707973,0.910753786564,0.577106893063,0.260055631399,0.0559203699231,0.0140768224373,0.00263852789067,0.000159119459568],"median":[0.0192662980407,0.246520653367,0.836694419384,2.22490096092,1.9725600481,1.78871309757,2.36592102051,2.42926907539,2.13197159767,2.03701114655,2.56716156006,4.99521923065,5.665828228,4.37211942673,4.96424198151,4.92159175873,5.40430831909,5.65505647659,4.97809028625,5.21205043793,4.91420936584,3.56341004372,2.75761723518,2.50616312027,2.18298697472,1.52046012878,1.3486392498,1.08814013004,0.925793588161,0.730822265148,0.472176998854,0.356742560863,0.202552825212,0.077891625464,0.0270738769323,0.00977578479797,0.00219072657637,0.0003557993914,0.0000404933925893,0.0000187457771972],"min":[6.35201276957e-23,1.42101351877e-22,2.0670326662e-21,7.52836300971e-21,9.92449764133e-21,1.91462778873e-20,2.90358812699e-20,3.23302379194e-20,9.50955072654e-20,1.31261594943e-19,2.67103107991e-19,4.64180879335e-19,5.91904752045e-19,7.95369624338e-19,5.85330320537e-19,8.27052554654e-19,1.12246475589e-18,2.25879119769e-18,2.88572834114e-18,1.94846632588e-18,3.36672745669e-18,3.69792416331e-18,5.10468872438e-18,5.98822846079e-18,7.77550851135e-18,7.09496468752e-18,8.964814734e-18,1.08507493075e-17,8.7637395348e-18,1.03846644652e-17,1.18932144278e-17,1.23600743384e-17,8.66649121891e-18,8.60819649242e-18,6.19629002745e-18,4.25353724486e-18,2.37984122212e-18,9.74509854852e-19,2.47566006652e-19,2.80356809689e-20],"var":[0.0378489084542,38.1658210754,461.735198975,190.859634399,91.1108474731,100.798576355,254.075775146,986.977783203,182.883880615,323.450714111,1103.40612793,1644.67529297,2526.63500977,712.769958496,1381.40637207,1170.82312012,1713.41894531,1814.0390625,932.86114502,1443.03417969,2069.47827148,784.352478027,930.813232422,1874.02380371,6957.57861328,1962.85876465,856.611755371,1179.6875,354.131347656,182.996688843,106.814147949,62.3850669861,21.7225418091,8.16861915588,4.61080360413,1.49131536484,0.0699882879853,0.00517309131101,0.000183237774763,3.90312152376e-7]},"erbbands_crest":{"dmean":2.55116534233,"dmean2":4.09767055511,"dvar":6.45334386826,"dvar2":15.6393089294,"max":30.4465751648,"mean":8.71359634399,"median":7.66116714478,"min":2.45412707329,"var":18.1632061005},"erbbands_flatness_db":{"dmean":0.022311264649,"dmean2":0.0289919115603,"dvar":0.000517290143762,"dvar2":0.000843272951897,"max":0.365983039141,"mean":0.160463273525,"median":0.160418733954,"min":0.031228037551,"var":0.0028932671994},"erbbands_kurtosis":{"dmean":1.07992935181,"dmean2":1.68633854389,"dvar":3.59853553772,"dvar2":8.31362247467,"max":65.2588806152,"mean":0.803858458996,"median":0.0543026849627,"min":-1.89475142956,"var":8.18544960022},"erbbands_skewness":{"dmean":0.403330206871,"dmean2":0.611388027668,"dvar":0.180967777967,"dvar2":0.406774431467,"max":7.45686912537,"mean":0.00276146642864,"median":-0.00703645357862,"min":-6.12044382095,"var":0.78658503294},"erbbands_spread":{"dmean":10.4285030365,"dmean2":15.343413353,"dvar":168.782058716,"dvar2":383.564453125,"max":158.631408691,"mean":35.9222412109,"median":30.5690517426,"min":2.10907101631,"var":459.37612915},"gfcc":{"cov":[[29701.7421875,-1055.59655762,-2009.91955566,1701.37927246,-1365.47119141,547.608337402,-625.572753906,220.336685181,-287.232849121,-2.54729819298,-426.964385986,-180.479400635,-268.980133057],[-1055.59655762,2965.27270508,-112.761787415,-678.761657715,403.974761963,-123.643791199,96.9759368896,-182.373947144,18.2143058777,-204.605377197,37.9834365845,-73.7456054688,53.4712219238],[-2009.91955566,-112.761787415,1436.34887695,62.1738967896,114.691047668,136.656723022,112.211837769,-18.9598903656,-24.6338710785,-20.3313941956,28.141374588,42.4066085815,2.83840823174],[1701.37927246,-678.761657715,62.1738967896,833.495239258,-50.6576805115,14.4165048599,40.8656272888,72.5550537109,-3.46433520317,13.1943378448,-23.1255512238,-23.1600799561,3.91620659828],[-1365.47119141,403.974761963,114.691047668,-50.6576805115,410.966705322,-15.2964506149,96.2683868408,-5.23289680481,20.7670230865,7.02106285095,20.6983966827,-20.115316391,26.8719005585],[547.608337402,-123.643791199,136.656723022,14.4165048599,-15.2964506149,250.94078064,17.0433597565,33.5857009888,19.7696228027,-16.2433223724,0.163618132472,12.2420787811,-22.3958377838],[-625.572753906,96.9759368896,112.211837769,40.8656272888,96.2683868408,17.0433597565,216.622573853,32.9958534241,6.44715118408,-6.58161354065,9.06405353546,-12.1073322296,13.0530309677],[220.336685181,-182.373947144,-18.9598903656,72.5550537109,-5.23289680481,33.5857009888,32.9958534241,120.917663574,47.9384994507,13.9779939651,-6.03865766525,0.184122338891,-5.10758209229],[-287.232849121,18.2143058777,-24.6338710785,-3.46433520317,20.7670230865,19.7696228027,6.44715118408,47.9384994507,119.482032776,15.8153162003,0.330985575914,-9.64579486847,-1.50074088573],[-2.54729819298,-204.605377197,-20.3313941956,13.1943378448,7.02106285095,-16.2433223724,-6.58161354065,13.9779939651,15.8153162003,103.376831055,12.8764886856,-1.93413305283,-8.79045295715],[-426.964385986,37.9834365845,28.141374588,-23.1255512238,20.6983966827,0.163618132472,9.06405353546,-6.03865766525,0.330985575914,12.8764886856,73.5701599121,31.4196300507,6.78120517731],[-180.479400635,-73.7456054688,42.4066085815,-23.1600799561,-20.115316391,12.2420787811,-12.1073322296,0.184122338891,-9.64579486847,-1.93413305283,31.4196300507,83.2233734131,21.7974681854],[-268.980133057,53.4712219238,2.83840823174,3.91620659828,26.8719005585,-22.3958377838,13.0530309677,-5.10758209229,-1.50074088573,-8.79045295715,6.78120517731,21.7974681854,60.7846031189]],"icov":[[0.0000771664563217,-0.000101280696981,0.0000976050068857,-0.000209017496672,0.000208569254028,-0.000257611740381,0.00016897021851,-0.000190780192497,0.000318184203934,-0.000252016267041,0.000357079756213,-0.0000609811977483,0.000153480577865],[-0.000101280696981,0.000851189950481,-0.000044812244596,0.000744574470446,-0.000792830076534,0.000569472671486,-0.000432538305176,0.00100029981695,-0.000864682544488,0.0018011406064,-0.00106777925976,0.000891172036063,-0.000466910045361],[0.0000976050068857,-0.000044812244596,0.000942276907153,-0.000304029381368,-0.0000018079271058,-0.000731828913558,-0.000184354415978,0.000206111712032,0.000453448243206,-0.000110429464257,0.000372147245798,-0.000499716261402,0.000367898261175],[-0.000209017496672,0.000744574470446,-0.000304029381368,0.00221043778583,-0.000660523830447,0.000855305115692,-0.00073187489761,0.0000806077878224,-0.000733117572963,0.0014425033005,-0.00119629467372,0.0012639274355,-0.00106633570977],[0.000208569254028,-0.000792830076534,-0.0000018079271058,-0.000660523830447,0.00398073717952,-0.000725096499082,-0.000535089347977,-0.000697211187799,0.000646607833914,-0.0020220533479,0.00046058834414,0.000639998819679,-0.000864976609591],[-0.000257611740381,0.000569472671486,-0.000731828913558,0.000855305115692,-0.000725096499082,0.00569349387661,-0.000832419726066,-0.000210347323446,-0.00186228717212,0.0023459433578,-0.00121527863666,-0.00069714768324,0.00159638386685],[0.00016897021851,-0.000432538305176,-0.000184354415978,-0.00073187489761,-0.000535089347977,-0.000832419726066,0.00632057152689,-0.00267517776228,0.00151916791219,-0.00038703539758,-0.000200679001864,0.00127630215138,-0.000922016333789],[-0.000190780192497,0.00100029981695,0.000206111712032,0.0000806077878224,-0.000697211187799,-0.000210347323446,-0.00267517776228,0.01304889936,-0.005703155417,0.000961968034972,0.000155852860189,-0.0009940341115,0.000500055612065],[0.000318184203934,-0.000864682544488,0.000453448243206,-0.000733117572963,0.000646607833914,-0.00186228717212,0.00151916791219,-0.005703155417,0.0122245177627,-0.00298950634897,0.00104771577753,0.00116980017629,-0.000249636446824],[-0.000252016267041,0.0018011406064,-0.000110429464257,0.0014425033005,-0.0020220533479,0.0023459433578,-0.00038703539758,0.000961968034972,-0.00298950634897,0.0145443184301,-0.00474450970069,0.00215664459392,0.00092025968479],[0.000357079756213,-0.00106777925976,0.000372147245798,-0.00119629467372,0.00046058834414,-0.00121527863666,-0.000200679001864,0.000155852860189,0.00104771577753,-0.00474450970069,0.0198587030172,-0.00848315190524,0.00215028389357],[-0.0000609811977483,0.000891172036063,-0.000499716261402,0.0012639274355,0.000639998819679,-0.00069714768324,0.00127630215138,-0.0009940341115,0.00116980017629,0.00215664459392,-0.00848315190524,0.0190958362073,-0.00756993563846],[0.000153480577865,-0.000466910045361,0.000367898261175,-0.00106633570977,-0.000864976609591,0.00159638386685,-0.000922016333789,0.000500055612065,-0.000249636446824,0.00092025968479,0.00215028389357,-0.00756993563846,0.0214051753283]],"mean":[-72.5513381958,91.9482040405,-110.02469635,27.0917320251,-45.9866218567,15.8592786789,-30.2765674591,2.78267788887,-21.7187824249,-0.375976294279,-17.0156345367,-3.54825091362,-9.43407154083]},"hfc":{"dmean":8.68285369873,"dmean2":13.4264621735,"dvar":432.46774292,"dvar2":1066.97766113,"max":345.986022949,"mean":16.5097904205,"median":7.69000053406,"min":1.07310610705e-16,"var":730.96673584},"melbands":{"dmean":[0.00144970789552,0.00392323173583,0.00100989243947,0.000299601844745,0.000210670768865,0.000228104079724,0.0000723809935153,0.0000619389174972,0.0000714721390978,0.0000665528787067,0.000060510388721,0.0000326231092913,0.0000316081059282,0.0000254982933257,0.0000209968820855,0.0000241387460846,0.0000223806873692,0.0000172717318492,0.0000149776460603,0.0000154551253218,0.0000147693399413,0.0000106203397081,0.00000918657769944,0.00000868537517817,0.0000109080074253,0.0000103613547253,0.0000125066162582,0.00000665106563247,0.0000049574687182,0.00000521293122802,0.00000396839459427,0.0000025771307719,0.00000217071442421,0.00000188267847534,0.00000135708285143,0.00000111870144792,9.24846631278e-7,7.80319794558e-7,5.26934400114e-7,4.5807635729e-7],"dmean2":[0.0025715411175,0.00701336562634,0.00183465296868,0.00054019066738,0.000373534014216,0.000411188811995,0.000126130544231,0.000106347746623,0.000118406154797,0.000108105494292,0.0000970532710198,0.0000531135119672,0.0000501547146996,0.0000406043072871,0.0000333835523634,0.0000383519109164,0.0000353553805326,0.0000273603745882,0.0000241678953898,0.0000252675963566,0.000023835878892,0.0000173634543899,0.0000154215449584,0.0000145385447468,0.0000190776991076,0.0000175823170139,0.0000215575619222,0.0000114048434625,0.00000818478656583,0.00000846307739266,0.00000612022358837,0.00000411030941905,0.00000346606066159,0.00000292622758025,0.00000202775117941,0.00000170823318513,0.00000137934682698,0.00000118419734463,8.00821453595e-7,6.67853669256e-7],"dvar":[0.0000204684729397,0.000166006560903,0.00000878691571415,6.32834201042e-7,4.11650916021e-7,6.9786142376e-7,3.15607522339e-8,2.74626383856e-8,3.45852768646e-8,3.26221254454e-8,2.39990267659e-8,6.94653845557e-9,6.80286316168e-9,4.03418409789e-9,2.94178503779e-9,2.96614022233e-9,2.30608354634e-9,1.54429447008e-9,1.70302061342e-9,1.58932822458e-9,1.71488201417e-9,8.58975834905e-10,9.59719304028e-10,8.58712434493e-10,2.27019314458e-9,1.30764443718e-9,1.98997573975e-9,5.92929927379e-10,2.86300289032e-10,2.45435172186e-10,1.6781913359e-10,6.47395123621e-11,4.45403505744e-11,2.62673945095e-11,1.4171415777e-11,1.33355548826e-11,8.42174767424e-12,6.65699266544e-12,3.40201846728e-12,2.70916991098e-12],"dvar2":[0.000055654294556,0.000454673659988,0.0000250127686741,0.00000179119069799,0.00000115545958579,0.00000197069198293,8.77343779848e-8,7.06196772171e-8,8.70863487989e-8,8.38646911916e-8,5.21690921573e-8,1.68679878954e-8,1.50410190969e-8,9.53210932408e-9,7.2956916064e-9,7.18682713341e-9,5.68447422467e-9,3.75122555241e-9,4.48942083509e-9,4.18477830166e-9,4.18212930953e-9,2.30083485597e-9,2.65671662447e-9,2.38635622374e-9,6.48946540949e-9,3.4313791808e-9,5.49866463473e-9,1.66723501671e-9,7.77427677789e-10,6.04260697035e-10,3.70011937756e-10,1.58538432382e-10,1.11132464342e-10,5.9417172571e-11,2.88722188518e-11,2.84771373149e-11,1.85465583863e-11,1.65370304256e-11,8.17489825833e-12,5.66134032015e-12],"max":[0.0606672912836,0.146153464913,0.0251672696322,0.00967024825513,0.00688572786748,0.0106810675934,0.00440984684974,0.00464934436604,0.00515802390873,0.00734747108072,0.00530469417572,0.00274537620135,0.00358317187056,0.00181210692972,0.0017785304226,0.00123418914154,0.00130653230008,0.00107370119076,0.00140508986078,0.000789892685134,0.00143123557791,0.000472607585834,0.000457145622931,0.000505823816638,0.00119265040848,0.00128685007803,0.00112957938109,0.000584814755712,0.000352057162672,0.000464043929242,0.000623171741609,0.000360816542525,0.000234705847106,0.000144133082358,0.000124872880406,0.00016446824884,0.000121712582768,0.000089071894763,0.0000650426663924,0.0000525479917997],"mean":[0.00123863131739,0.0030200232286,0.00101530377287,0.000338439946063,0.000232489401242,0.000208744444535,0.0000943794293562,0.0000783159921411,0.0000939998644753,0.000101468431239,0.0000958575619734,0.0000483397598146,0.0000524840143044,0.0000435501606262,0.0000351668641088,0.0000439442992501,0.000039963357267,0.000026306233849,0.0000217367887672,0.0000217744873225,0.0000238611537497,0.0000142263315865,0.0000107224759631,0.0000105288381747,0.0000102986768979,0.00001436529692,0.0000158134298545,0.00000814242503111,0.00000640634561933,0.00000747734156903,0.00000667202357363,0.00000396907216782,0.00000315619740832,0.00000283329677586,0.00000216350395021,0.00000180636698133,0.00000158201078193,0.00000127235841774,8.40512370814e-7,7.70297788222e-7],"median":[0.000234472652664,0.000460731389467,0.000422001437983,0.000128358820803,0.0000920995953493,0.0000566257513128,0.0000313784039463,0.0000207738630706,0.0000213942676055,0.0000310143259412,0.0000261223995039,0.000015913579773,0.0000155530087795,0.0000125313072203,0.0000107003734229,0.000011261686268,0.00000942258793657,0.00000679031836626,0.00000601310694037,0.00000606153207627,0.0000048199099183,0.00000296588268611,0.00000216209718928,0.00000192942911781,0.00000182255610071,0.00000169574263964,0.00000113302189675,8.09870869034e-7,7.95722655766e-7,6.99850374986e-7,5.80844357501e-7,4.81184429191e-7,4.81471602143e-7,3.09493714212e-7,2.57054637132e-7,2.21000647116e-7,2.01462782456e-7,1.48596527083e-7,8.34458333543e-8,5.31231023615e-8],"min":[7.92398305431e-25,1.08702567549e-24,1.53993123156e-24,1.05043534848e-24,9.51764133416e-25,8.80896715387e-25,1.62324036657e-24,1.13569721005e-24,2.67661984256e-24,2.27895545467e-24,2.37530258689e-24,2.69893947858e-24,1.55775850194e-24,1.62803161189e-24,3.2721360675e-24,2.75551796321e-24,3.16001842249e-24,3.05543518798e-24,2.91420601176e-24,2.18060579903e-24,3.82005656695e-24,2.762602723e-24,3.55715525965e-24,4.05593031635e-24,3.70244292801e-24,4.6005117648e-24,4.19540526312e-24,4.19133197984e-24,4.98954325337e-24,5.08320707523e-24,4.72305696769e-24,4.02662728916e-24,5.10486919569e-24,5.07257717453e-24,6.02148927995e-24,5.348453666e-24,6.68845815911e-24,4.72573199502e-24,6.81360699742e-24,6.25175620046e-24],"var":[0.0000145168833114,0.000111396388093,0.00000550994400328,4.24513700636e-7,2.80520509932e-7,4.44722331849e-7,4.08410691932e-8,4.08835596488e-8,6.64130865857e-8,6.48107985057e-8,6.31684429209e-8,1.23935901541e-8,1.89650872784e-8,1.14636726778e-8,6.60480115044e-9,8.79457573433e-9,6.21766593767e-9,2.97033353469e-9,2.31444952092e-9,2.1484380941e-9,3.96947541503e-9,1.02568331606e-9,7.9262196806e-10,7.89867615758e-10,1.44908740562e-9,2.92111645983e-9,3.02421487852e-9,7.06265879113e-10,3.2102168146e-10,4.50650239348e-10,4.94873253487e-10,1.33583449857e-10,8.31563568005e-11,5.99948424274e-11,3.8025228799e-11,3.43503454847e-11,2.06477907688e-11,1.25368040602e-11,6.23480303844e-12,6.39700228552e-12]},"melbands_crest":{"dmean":3.25446510315,"dmean2":5.24778461456,"dvar":11.2255544662,"dvar2":27.086769104,"max":39.949848175,"mean":13.1281070709,"median":12.162322998,"min":1.61636924744,"var":30.6608791351},"melbands_flatness_db":{"dmean":0.0388021804392,"dmean2":0.0576654784381,"dvar":0.00180847197771,"dvar2":0.0041819778271,"max":0.629481554031,"mean":0.20788577199,"median":0.196307003498,"min":0.00309248222038,"var":0.0088369268924},"melbands_kurtosis":{"dmean":17.3497638702,"dmean2":30.1892681122,"dvar":27274.1074219,"dvar2":81355.65625,"max":12169.15625,"mean":18.1960983276,"median":4.76797962189,"min":-1.90382695198,"var":15957.6992188},"melbands_skewness":{"dmean":1.10857272148,"dmean2":1.74225890636,"dvar":4.21557188034,"dvar2":11.2479486465,"max":100.981750488,"mean":2.5751979351,"median":2.03675413132,"min":-1.70940816402,"var":6.62602186203},"melbands_spread":{"dmean":9.80785560608,"dmean2":15.1727457047,"dvar":210.826751709,"dvar2":448.107879639,"max":265.502319336,"mean":30.232252121,"median":21.9111633301,"min":0.0610615573823,"var":900.798156738},"mfcc":{"cov":[[16079.4638672,-1782.68933105,-287.050018311,714.263122559,-222.367401123,160.244567871,-202.959701538,73.7890090942,62.8862266541,157.908538818,-12.8384304047,20.2118377686,-169.389007568],[-1782.68933105,3384.47900391,-296.074493408,-371.455413818,149.859039307,40.6395797729,71.4230041504,22.0731430054,-13.301030159,-96.5115280151,-56.4254264832,-64.8302688599,34.110458374],[-287.050018311,-296.074493408,1028.56079102,70.8958740234,75.8916702271,110.197219849,68.5775985718,87.5966873169,-0.293714135885,-9.96739768982,-20.0566558838,5.05259561539,6.34988737106],[714.263122559,-371.455413818,70.8958740234,624.925109863,42.476940155,35.8370513916,88.5802536011,4.53110837936,59.1614189148,25.73279953,13.1020030975,-20.5341205597,13.1021032333],[-222.367401123,149.859039307,75.8916702271,42.476940155,233.884460449,59.0024299622,21.6600532532,23.7593631744,14.3473796844,10.1092433929,4.3604221344,9.81623077393,0.968417227268],[160.244567871,40.6395797729,110.197219849,35.8370513916,59.0024299622,150.884140015,70.09740448,34.2936248779,19.8982868195,4.29880714417,4.42933416367,9.85515880585,3.62719726563],[-202.959701538,71.4230041504,68.5775985718,88.5802536011,21.6600532532,70.09740448,178.307266235,44.3358955383,26.5661697388,-0.142767012119,13.2958612442,1.30294907093,10.9450330734],[73.7890090942,22.0731430054,87.5966873169,4.53110837936,23.7593631744,34.2936248779,44.3358955383,153.360931396,35.0412445068,10.4482412338,8.32929229736,5.42934751511,-3.98163533211],[62.8862266541,-13.301030159,-0.293714135885,59.1614189148,14.3473796844,19.8982868195,26.5661697388,35.0412445068,110.128051758,43.8382225037,18.468963623,9.44417572021,-2.00599551201],[157.908538818,-96.5115280151,-9.96739768982,25.73279953,10.1092433929,4.29880714417,-0.142767012119,10.4482412338,43.8382225037,96.4049224854,35.4519271851,5.09059858322,0.568481504917],[-12.8384304047,-56.4254264832,-20.0566558838,13.1020030975,4.3604221344,4.42933416367,13.2958612442,8.32929229736,18.468963623,35.4519271851,73.446723938,26.4523601532,-0.450872719288],[20.2118377686,-64.8302688599,5.05259561539,-20.5341205597,9.81623077393,9.85515880585,1.30294907093,5.42934751511,9.44417572021,5.09059858322,26.4523601532,77.3617324829,13.7279109955],[-169.389007568,34.110458374,6.34988737106,13.1021032333,0.968417227268,3.62719726563,10.9450330734,-3.98163533211,-2.00599551201,0.568481504917,-0.450872719288,13.7279109955,81.8390045166]],"icov":[[0.0000804185692687,0.0000229344295803,0.0000481219394715,-0.000115452508908,0.000116835304652,-0.000216706350329,0.000184947770322,-0.0000960312754614,0.0000750643957872,-0.000144736055518,0.000135287744342,-0.0000952417685767,0.000170021827216],[0.0000229344295803,0.000391450681491,0.000154617853696,0.000264878763119,-0.000304307090119,-0.0000943575068959,-0.000202090363018,-0.0000438315764768,-0.000194258478587,0.000382204598282,0.0000640830039629,0.000455210712971,-0.000220834059292],[0.0000481219394715,0.000154617853696,0.00119791121688,-0.0000735064240871,-0.000196240376681,-0.000771539111156,-0.0000366194653907,-0.00061439583078,0.000314704695484,0.0000039872711568,0.00053193513304,-0.0000310787727358,-0.0000186670313269],[-0.000115452508908,0.000264878763119,-0.0000735064240871,0.00226528989151,-0.00069721887121,0.00040529287071,-0.00130330852699,0.000590886105783,-0.00121741369367,0.000487074867124,-0.000450208201073,0.00128155318089,-0.000763661635574],[0.000116835304652,-0.000304307090119,-0.000196240376681,-0.00069721887121,0.00532068219036,-0.00207996601239,0.000862874672748,-0.000461644551251,0.00031791391666,-0.000955643539783,0.000322056614095,-0.00103856658097,0.000577290484216],[-0.000216706350329,-0.0000943575068959,-0.000771539111156,0.00040529287071,-0.00207996601239,0.010037262924,-0.00364823732525,-0.000148257808178,-0.000763625488617,0.000177715061,0.000173698586877,-0.000741146679502,-0.000248455267865],[0.000184947770322,-0.000202090363018,-0.0000366194653907,-0.00130330852699,0.000862874672748,-0.00364823732525,0.00852768402547,-0.00166132941376,-0.00055585737573,0.000898682686966,-0.00152146397159,0.000381782039767,-0.000483586016344],[-0.0000960312754614,-0.0000438315764768,-0.00061439583078,0.000590886105783,-0.000461644551251,-0.000148257808178,-0.00166132941376,0.00804753601551,-0.00239723687991,0.000337810604833,-0.000497241097037,0.00011035623902,0.000315966870403],[0.0000750643957872,-0.000194258478587,0.000314704695484,-0.00121741369367,0.00031791391666,-0.000763625488617,-0.00055585737573,-0.00239723687991,0.0130351167172,-0.0058319279924,0.00082125881454,-0.00197336543351,0.00109017419163],[-0.000144736055518,0.000382204598282,0.0000039872711568,0.000487074867124,-0.000955643539783,0.000177715061,0.000898682686966,0.000337810604833,-0.0058319279924,0.0161349698901,-0.00737344333902,0.00297240633518,-0.00143173511606],[0.000135287744342,0.0000640830039629,0.00053193513304,-0.000450208201073,0.000322056614095,0.000173698586877,-0.00152146397159,-0.000497241097037,0.00082125881454,-0.00737344333902,0.020078279078,-0.00693779205903,0.00179761799518],[-0.0000952417685767,0.000455210712971,-0.0000310787727358,0.00128155318089,-0.00103856658097,-0.000741146679502,0.000381782039767,0.00011035623902,-0.00197336543351,0.00297240633518,-0.00693779205903,0.0169321764261,-0.00353766558692],[0.000170021827216,-0.000220834059292,-0.0000186670313269,-0.000763661635574,0.000577290484216,-0.000248455267865,-0.000483586016344,0.000315966870403,0.00109017419163,-0.00143173511606,0.00179761799518,-0.00353766558692,0.0135109880939]],"mean":[-709.042724609,124.221755981,-0.417721837759,19.0023479462,5.7199640274,13.0797262192,3.48523306847,3.76489424706,1.73358118534,2.3938794136,-1.94616115093,-1.85539841652,-3.28731560707]},"pitch_salience":{"dmean":0.0853409692645,"dmean2":0.139089792967,"dvar":0.00954010337591,"dvar2":0.0240824837238,"max":0.912630498409,"mean":0.588786125183,"median":0.616262435913,"min":0.00827664509416,"var":0.0213068071753},"silence_rate_20dB":{"dmean":0.000190512480913,"dmean2":0.000381061254302,"dvar":0.000190441540326,"dvar2":0.000571308017243,"max":1,"mean":0.999904751778,"median":1,"min":0,"var":0.0000952294285526},"silence_rate_30dB":{"dmean":0.0685844942927,"dmean2":0.137182056904,"dvar":0.0638780221343,"dvar2":0.136645779014,"max":1,"mean":0.940470516682,"median":1,"min":0,"var":0.0559827424586},"silence_rate_60dB":{"dmean":0.047437608242,"dmean2":0.0948842540383,"dvar":0.0451898910105,"dvar2":0.096184246242,"max":1,"mean":0.204971909523,"median":0,"min":0,"var":0.162943482399},"spectral_centroid":{"dmean":327.567871094,"dmean2":500.325653076,"dvar":181031.9375,"dvar2":399231.59375,"max":11841.9013672,"mean":1563.79199219,"median":1237.09887695,"min":100.157325745,"var":2030240},"spectral_complexity":{"dmean":4.24061727524,"dmean2":6.17338275909,"dvar":36.4449882507,"dvar2":69.0933380127,"max":64,"mean":14.8382701874,"median":13,"min":0,"var":122.082626343},"spectral_contrast_coeffs":{"dmean":[0.049594424665,0.047427482903,0.0376200862229,0.0334240086377,0.0273088887334,0.0236924532801],"dmean2":[0.0817438662052,0.0771033763885,0.0597569532692,0.0516397207975,0.040475435555,0.0354019254446],"dvar":[0.00204562279396,0.00167250097729,0.00100196653511,0.000883424072526,0.000644007057417,0.000672262511216],"dvar2":[0.00533779757097,0.00437318347394,0.00234834826551,0.00195221719332,0.00131599290762,0.00134649046231],"max":[-0.353357672691,-0.447413057089,-0.481498807669,-0.483511477709,-0.491146594286,-0.570948421955],"mean":[-0.670127630234,-0.761545300484,-0.787871837616,-0.786121547222,-0.788686513901,-0.76965200901],"median":[-0.667242407799,-0.769880473614,-0.796887218952,-0.793851315975,-0.795711100101,-0.769394040108],"min":[-0.984082639217,-0.982148528099,-0.9794267416,-0.971025705338,-0.968627750874,-0.966047644615],"var":[0.00612975982949,0.00599857885391,0.00462898192927,0.00465770252049,0.00459070736542,0.00373019720428]},"spectral_contrast_valleys":{"dmean":[0.490667968988,0.50580072403,0.442052811384,0.471442431211,0.511185705662,0.442167133093],"dmean2":[0.75905841589,0.779601156712,0.662234902382,0.66380995512,0.661137998104,0.516905128956],"dvar":[0.262579441071,0.291640013456,0.225757494569,0.252058416605,0.356933563948,0.327005147934],"dvar2":[0.543611824512,0.632978320122,0.44273597002,0.478760629892,0.647205233574,0.503246903419],"max":[-4.89471578598,-4.70403289795,-5.19117927551,-5.59280824661,-4.88619995117,-7.24994325638],"mean":[-7.94806861877,-7.62413597107,-7.92304754257,-8.3848323822,-8.59657764435,-11.0522155762],"median":[-7.38532590866,-7.18177223206,-7.41524982452,-7.92187070847,-8.1561870575,-10.6474542618],"min":[-28.2837772369,-28.070734024,-28.058095932,-27.658706665,-27.5671768188,-27.4468040466],"var":[6.62112617493,6.45236825943,6.31101989746,6.22065353394,6.58550977707,5.95309686661]},"spectral_decrease":{"dmean":4.61195037715e-9,"dmean2":7.81501618974e-9,"dvar":1.64086137281e-16,"dvar2":4.27045054067e-16,"max":1.89804512695e-28,"mean":-5.40149747152e-9,"median":-2.68529198877e-9,"min":-1.39083368822e-7,"var":1.2770870594e-16},"spectral_energy":{"dmean":0.0180142559111,"dmean2":0.0303402896971,"dvar":0.00242521148175,"dvar2":0.00628585740924,"max":0.529675066471,"mean":0.0218840353191,"median":0.0110772494227,"min":9.98139135005e-21,"var":0.00192061590496},"spectral_energyband_high":{"dmean":0.00056124443654,"dmean2":0.000844265217893,"dvar":0.00000255269264926,"dvar2":0.00000578202570978,"max":0.046098716557,"mean":0.00100231810939,"median":0.000155071931658,"min":6.96124022693e-21,"var":0.00000629107944405},"spectral_energyband_low":{"dmean":0.0145274940878,"dmean2":0.0256832800806,"dvar":0.00210274639539,"dvar2":0.00569020351395,"max":0.514976978302,"mean":0.0123482709751,"median":0.00293497252278,"min":1.38114792805e-23,"var":0.00146491092164},"spectral_energyband_middle_high":{"dmean":0.00170232425444,"dmean2":0.0027385102585,"dvar":0.0000149219386003,"dvar2":0.0000401270226575,"max":0.0466613061726,"mean":0.0035755217541,"median":0.00169438379817,"min":1.18029383785e-21,"var":0.0000237930235016},"spectral_energyband_middle_low":{"dmean":0.00458311289549,"dmean2":0.00815696641803,"dvar":0.0001290760556,"dvar2":0.000362009333912,"max":0.10035110265,"mean":0.00626276992261,"median":0.00380358099937,"min":1.71230539362e-22,"var":0.0000929492234718},"spectral_entropy":{"dmean":0.236754029989,"dmean2":0.326783001423,"dvar":0.0718765556812,"dvar2":0.13254378736,"max":9.82447719574,"mean":7.49005699158,"median":7.56696653366,"min":5.073179245,"var":0.389207303524},"spectral_flux":{"dmean":0.0374409668148,"dmean2":0.0577735006809,"dvar":0.00494090560824,"dvar2":0.00932235084474,"max":0.556577980518,"mean":0.0778583884239,"median":0.0519561059773,"min":6.31399516005e-11,"var":0.00814596563578},"spectral_kurtosis":{"dmean":3.19875097275,"dmean2":4.92992973328,"dvar":26.1145401001,"dvar2":58.5539016724,"max":72.203338623,"mean":7.30772209167,"median":4.16645145416,"min":-1.27276158333,"var":69.9373245239},"spectral_rms":{"dmean":0.0012285070261,"dmean2":0.00190818542615,"dvar":0.0000060012494032,"dvar2":0.0000139482281156,"max":0.0227322708815,"mean":0.00362855358981,"median":0.00328741129488,"min":3.1205676064e-12,"var":0.00000818375974632},"spectral_rolloff":{"dmean":586.008483887,"dmean2":962.536254883,"dvar":1054496.625,"dvar2":2261229,"max":19702.8808594,"mean":1994.16271973,"median":1205.859375,"min":21.533203125,"var":7001708.5},"spectral_skewness":{"dmean":0.389329403639,"dmean2":0.573258340359,"dvar":0.255473315716,"dvar2":0.518956065178,"max":6.85698223114,"mean":1.79736745358,"median":1.57134437561,"min":-0.45808199048,"var":0.965247809887},"spectral_spread":{"dmean":676461.25,"dmean2":906067.75,"dvar":823351836672,"dvar2":1507311616000,"max":42900016,"mean":4772622.5,"median":4044618,"min":1112498.75,"var":20277138292700},"spectral_strongpeak":{"dmean":0.445309996605,"dmean2":0.758961319923,"dvar":0.835795462132,"dvar2":2.18069863319,"max":17.1000499725,"mean":0.728710055351,"median":0.307516813278,"min":0,"var":1.38233435154},"zerocrossingrate":{"dmean":0.0122979618609,"dmean2":0.0139283193275,"dvar":0.000260204978986,"dvar2":0.000302739645122,"max":0.52880859375,"mean":0.070620007813,"median":0.052734375,"min":0,"var":0.00487165059894}},"metadata":{"audio_properties":{"analysis_sample_rate":44100,"bit_rate":0,"codec":"flac","downmix":"mix","equal_loudness":0,"length":243.759994507,"lossless":true,"md5_encoded":"74a8b1aefa0f61ce3e00cd58a3285af7","replay_gain":-9.31904792786,"sample_rate":44100},"tags":{"acoustid_id":["e6c59607-1788-4a90-89d7-e0cea3a7de15"],"album":["The Ultimate Collection"],"albumartist":["The Temptations"],"albumartistsort":["Temptations, The"],"artist":["The Temptations"],"artistsort":["Temptations, The"],"asin":["B00000DTCG"],"barcode":["777495246038"],"bpm":["92"],"catalognumber":["31453-0562-2"],"date":["1997-03-25"],"discnumber":["1"],"disctotal":["1"],"file_name":"18 - Shakey Ground.flac","genre":["Soul"],"isrc":["USMO17500370"],"label":["Motown Records"],"media":["CD"],"musicbrainz_albumartistid":["d8df96ae-8fcf-4997-b3e6-e5d1aaf0f69e"],"musicbrainz_albumid":["b9f83179-e46f-412d-a346-9f1bf568280e"],"musicbrainz_artistid":["d8df96ae-8fcf-4997-b3e6-e5d1aaf0f69e"],"musicbrainz_recordingid":["f677169b-9b39-42a9-9992-a7350f6d1082"],"musicbrainz_releasegroupid":["8390d3d1-02a3-38d2-953d-450de7f21d31"],"musicbrainz_releasetrackid":["cf2bc77a-bf3a-31af-94fb-04300d1e940b"],"musicip_puid":["dc399bd8-61ee-a90b-2a14-797820a8d8c3"],"originaldate":["1997-03-25"],"originalyear":["1997"],"releasecountry":["US"],"releasestatus":["official"],"releasetype":["album","compilation"],"script":["Latn"],"title":["Shaky Ground"],"totaldiscs":["1"],"totaltracks":["21"],"tracknumber":["18"],"tracktotal":["21"]},"version":{"essentia":"2.1-beta2","essentia_build_sha":"2d9f1f26377add8aeb1075a9c2973f962c4f09fd","essentia_git_sha":"v2.1_beta2-1-ge3940c0","extractor":"music 1.0"}},"rhythm":{"beats_count":373,"beats_loudness":{"dmean":0.0604402981699,"dmean2":0.114402279258,"dvar":0.00308131496422,"dvar2":0.00979055278003,"max":0.242240875959,"mean":0.07