{"lowlevel":{"average_loudness":0.879377961159,"barkbands":{"dmean":[0.0000304091554426,0.00388844963163,0.00254992418922,0.00132530194242,0.00186984823085,0.00131462456193,0.000633584801108,0.000521435518749,0.000752059335355,0.000521170266438,0.000306810834445,0.000230622958043,0.000265984621365,0.000222691262024,0.000266000948614,0.000262828776613,0.000316671386827,0.000224931281991,0.000268055911874,0.000204644791665,0.000176710062078,0.000122524157632,0.00016858644085,0.000134364425321,0.0000952007394517,0.000053388728702,0.0000198146226467],"dmean2":[0.0000478296278743,0.00664983456954,0.00445400224999,0.00228568748571,0.00313582993113,0.00211240327917,0.00105055677705,0.000849960895721,0.00122610351536,0.000858270272147,0.000491584418342,0.000371455244021,0.000438255287008,0.000363437487977,0.00042869587196,0.000427628401667,0.000508534256369,0.000364370673196,0.000431116874097,0.000322132138535,0.000287777453195,0.000195195621927,0.000270620017545,0.000214436993701,0.000146849721204,0.000078731092799,0.0000293398024951],"dvar":[1.80695780561e-9,0.0000415325521317,0.0000201136754185,0.00000407178640671,0.0000130068574435,0.0000128159526867,0.00000384996383218,0.00000306524725602,0.00000450531024399,0.00000246874719778,8.53867561545e-7,5.29944145455e-7,3.85452125329e-7,3.14633837206e-7,4.52831471875e-7,4.15860938574e-7,4.32390464766e-7,1.97237170596e-7,3.61642435109e-7,2.20556742647e-7,1.91698418917e-7,1.60439654451e-7,8.22323443117e-7,3.69141048395e-7,1.35926583766e-7,3.21991571184e-8,3.29689786582e-9],"dvar2":[4.75644457154e-9,0.000119215706945,0.0000582712964388,0.000011327676475,0.0000342737621395,0.0000319534992741,0.00000975186230789,0.00000777914010541,0.000011185457879,0.00000633828449281,0.0000021340326839,0.00000134344372782,9.75180910245e-7,8.19084959858e-7,0.00000108954748157,0.00000100054899121,0.0000010884303947,4.83475957935e-7,8.70511485118e-7,5.19117293152e-7,4.53764215536e-7,3.67896120679e-7,0.00000207817583942,9.01442263057e-7,3.14017313485e-7,7.20356467809e-8,6.54406218104e-9],"max":[0.000449445476988,0.0611973553896,0.0458053760231,0.0263895969838,0.0871931761503,0.0693483129144,0.0401730649173,0.0363120809197,0.0436083637178,0.0345344357193,0.0310512259603,0.0203825738281,0.0139295086265,0.0145104294643,0.0163518544286,0.0140849240124,0.0142947304994,0.00882860366255,0.0143889831379,0.0139790503308,0.0147495819256,0.00836542900652,0.0362707488239,0.0177436489612,0.009063443169,0.00579600268975,0.0016857883893],"mean":[0.0000558793544769,0.00512425275519,0.00336808501743,0.0016895722365,0.00269715231843,0.00185359606985,0.000798339839093,0.00070024834713,0.001052890555,0.000701672164723,0.000414184847614,0.000298652070342,0.000370976311387,0.000327280344209,0.000409784173826,0.000421815231675,0.000588290160522,0.000346225424437,0.000410359440139,0.000326141103869,0.000225003197556,0.000150718376972,0.00017971896159,0.000154327281052,0.000121610988572,0.0000730957690394,0.0000243117865466],"median":[0.0000377750948246,0.00313056143932,0.00224306620657,0.0010997033678,0.00128481106367,0.000437359150965,0.000166493002325,0.000119625110528,0.00020247696375,0.00010831180407,0.0000856513506733,0.0000767565579736,0.000105334889668,0.0000988764732028,0.00009792939818,0.000105278981209,0.000143177181599,0.000117722564028,0.000134306494147,0.000124031270389,0.0000733174965717,0.0000363534272765,0.0000278980096482,0.0000252462177741,0.0000170120838447,0.0000101803707366,0.00000222265771299],"min":[2.14535258048e-13,2.24613106977e-13,6.48021539857e-14,3.09405753514e-14,5.85527652297e-14,3.34376521968e-14,2.37345323381e-14,1.60693686683e-14,1.86416417106e-14,6.44014989314e-15,4.25416326176e-15,4.82751901673e-15,7.28402764266e-15,5.08031896445e-15,7.35889010861e-15,1.66908043427e-15,1.66486072788e-15,3.31215395009e-14,3.87069289652e-14,2.53243691344e-14,1.07253734296e-14,1.30593735627e-14,1.22362692963e-14,9.91909716663e-15,1.98513707778e-14,2.58111979327e-14,4.06299614179e-14],"var":[3.36975936044e-9,0.0000433324639744,0.0000178610189323,0.000004260906735,0.0000187890273082,0.0000178187801794,0.00000450892684967,0.00000398583324568,0.00000681809524394,0.00000370779207515,0.00000120931451875,5.78481376579e-7,6.12326630289e-7,4.52721678812e-7,8.30742692415e-7,7.22310971923e-7,0.00000103259924344,3.41211972454e-7,6.0064274976e-7,3.38835832281e-7,2.33074118228e-7,2.13427355789e-7,7.29233192942e-7,3.83065270171e-7,1.95287071847e-7,5.71216496326e-8,6.2945293422e-9]},"barkbands_crest":{"dmean":3.10167360306,"dmean2":5.20221567154,"dvar":7.86495447159,"dvar2":21.8048763275,"max":25.7447738647,"mean":9.9060125351,"median":9.16197872162,"min":2.16833472252,"var":17.94921875},"barkbands_flatness_db":{"dmean":0.0293161254376,"dmean2":0.0448400340974,"dvar":0.000941380625591,"dvar2":0.00204292312264,"max":0.437634259462,"mean":0.130044817924,"median":0.118141412735,"min":0.0124736335129,"var":0.00368285481818},"barkbands_kurtosis":{"dmean":6.43172502518,"dmean2":10.4888286591,"dvar":258.609649658,"dvar2":670.24041748,"max":482.686676025,"mean":8.79120445251,"median":1.7607011795,"min":-1.91865193844,"var":455.781402588},"barkbands_skewness":{"dmean":0.811397850513,"dmean2":1.28335738182,"dvar":0.996823132038,"dvar2":2.38043403625,"max":20.3745193481,"mean":1.95662033558,"median":1.52832794189,"min":-3.56657242775,"var":3.33538675308},"barkbands_spread":{"dmean":8.3831911087,"dmean2":13.2691221237,"dvar":111.008766174,"dvar2":242.124816895,"max":116.996330261,"mean":26.3500423431,"median":24.0243721008,"min":0.409889698029,"var":323.732391357},"dissonance":{"dmean":0.0155874164775,"dmean2":0.0258140917867,"dvar":0.000330836046487,"dvar2":0.000860340020154,"max":0.500000119209,"mean":0.470722168684,"median":0.479492217302,"min":0.23884986341,"var":0.000817892432678},"dynamic_complexity":4.21309185028,"erbbands":{"dmean":[0.0633559525013,1.05308628082,2.86625289917,3.50486636162,5.2779378891,6.5973033905,8.62777233124,12.6194591522,10.0122213364,8.02412223816,12.115896225,17.7475814819,15.727432251,14.4006624222,12.1231603622,8.66507053375,11.3134088516,9.79693126678,14.5833806992,9.79123497009,14.8883333206,17.4944782257,13.7015895844,11.6572351456,13.0665798187,9.26599407196,6.74562597275,6.96475028992,4.03579187393,5.36532068253,4.78268194199,3.23717808723,2.06568598747,1.17878878117,0.635089695454,0.282337546349,0.0913244485855,0.0222081243992,0.00348026724532,0.000183228199603],"dmean2":[0.10890584439,1.8022787571,4.94535398483,6.01348209381,9.12358760834,10.9658536911,14.0062465668,20.211265564,16.4908409119,13.2837095261,19.527967453,28.9322395325,24.8073635101,24.0744037628,19.394493103,13.8274869919,18.4374332428,15.7025146484,23.4377746582,15.7575426102,24.2143707275,27.9575939178,21.9786167145,18.9500102997,20.7359924316,14.5689477921,10.8494701385,11.457903862,6.40176010132,8.61670589447,7.69035196304,5.1978225708,3.29817795753,1.83191478252,0.977921962738,0.426756352186,0.134879484773,0.0324564427137,0.00515235029161,0.000271230033832],"dvar":[0.0112257143483,3.02824950218,23.8312015533,30.3787822723,79.4786376953,211.299942017,502.411499023,1303.87646484,1019.62145996,710.999206543,1702.46337891,2728.65795898,1985.14294434,1719.01269531,1706.73181152,659.661621094,685.618347168,589.103881836,1306.66564941,669.539550781,1341.54138184,1339.56933594,719.272460938,656.048950195,903.605895996,509.383666992,297.698852539,317.923034668,172.499008179,461.601318359,754.042907715,341.533325195,59.0680084229,23.1321334839,5.75177335739,0.985179066658,0.0983544141054,0.00521318335086,0.000106948325993,2.24645532398e-7],"dvar2":[0.0317916683853,8.73488044739,67.918182373,84.7521514893,223.460342407,549.081665039,1263.6965332,3132.66430664,2548.35668945,1828.70166016,4179.12011719,6914.45068359,4642.1015625,4572.43701172,4334.63476562,1670.43688965,1685.64758301,1462.90539551,3279.44897461,1632.07324219,3252.52685547,3323.453125,1757.63256836,1587.66479492,2165.65893555,1197.64953613,665.670471191,800.062255859,406.043182373,1081.21411133,1932.24084473,870.264587402,138.881500244,54.0021629333,13.4238119125,2.28213882446,0.216749355197,0.0104707367718,0.00021390891925,4.77822140965e-7],"max":[0.876626014709,16.4216861725,50.8756065369,61.1308250427,142.783920288,522.024475098,417.136749268,803.700378418,657.384094238,623.289428711,1026.53735352,1044.91662598,1081.32666016,833.947814941,1578.93469238,794.361328125,674.560424805,691.020385742,967.387878418,608.193664551,898.719177246,803.471740723,513.982116699,783.480163574,757.672180176,753.534301758,410.125213623,587.027832031,395.870605469,602.061340332,1074.17932129,689.42779541,175.61907959,127.185424805,43.8724517822,28.52302742,10.6928653717,1.72473752499,0.359731942415,0.014585335739],"mean":[0.0839777365327,1.3689135313,3.98522949219,4.93301010132,6.89240694046,9.25532531738,12.0598964691,17.4721946716,13.2358188629,10.8091964722,16.8842964172,25.3225822449,22.6738033295,19.573884964,17.4133434296,12.4871768951,16.6942310333,15.944814682,24.1878395081,16.8097267151,25.4129810333,33.8453216553,23.2532730103,18.54646492,20.5392532349,14.7555046082,9.39803028107,8.42796516418,5.12936115265,5.9685792923,5.00285291672,3.53268814087,2.4008243084,1.46028411388,0.800795853138,0.36635106802,0.125585690141,0.029503442347,0.00423019332811,0.000231653801166],"median":[0.0416419878602,0.857863783836,2.78214120865,3.57478022575,4.20501899719,3.66350626945,3.14630246162,3.8956182003,3.29671144485,2.82886552811,3.54971075058,5.04162740707,4.16937541962,3.99247598648,4.16833877563,3.64847970009,5.18143081665,5.65709972382,6.45318365097,4.84646892548,6.4602804184,8.66512298584,8.06318187714,6.41029071808,7.41552114487,5.54603052139,3.14223456383,2.71043562889,1.3841779232,1.01707720757,0.793991148472,0.516448736191,0.417136013508,0.193823292851,0.11159158498,0.0581289604306,0.0154345436022,0.00283613987267,0.000415877584601,0.0000506707365275],"min":[9.71539949185e-12,3.94122720571e-11,7.76535502567e-11,9.55869619568e-11,1.30307029056e-10,2.1249124682e-10,2.52862786265e-10,2.80766021543e-10,3.55308199529e-10,3.02155883647e-10,4.00446398263e-10,4.12782863446e-10,3.5168265522e-10,1.01942676523e-10,2.12564715829e-10,1.80778531034e-10,2.92037311e-10,3.72223557532e-10,3.08432779317e-10,2.71934169627e-10,5.12509722161e-11,1.65489108528e-10,1.50398482557e-9,2.53977261444e-9,1.04568320669e-9,1.19920495756e-9,7.19284687367e-10,3.58429563807e-10,6.31642183002e-10,2.29350399783e-10,4.50383841333e-10,2.96250302068e-10,1.59245533426e-10,1.80536502414e-10,1.32866495584e-10,7.0338186664e-11,5.8055373009e-11,1.78339773504e-11,6.63673846782e-12,6.48092582205e-13],"var":[0.0131241297349,3.07570934296,22.6240634918,30.5797996521,81.0769424438,316.404571533,740.383544922,1912.66357422,1265.61340332,784.547790527,2397.32177734,4113.24169922,3473.63549805,2357.69946289,2130.82958984,809.804382324,1167.34289551,996.911682129,2471.36035156,1125.16345215,2448.39135742,3407.05297852,1384.24768066,1150.23071289,1404.25354004,754.456176758,416.1769104,331.51184082,215.156936646,536.273742676,638.951599121,305.371337891,69.5295791626,31.6003990173,8.19208335876,1.42489886284,0.191051840782,0.0112390974537,0.000194317981368,3.62345758731e-7]},"erbbands_crest":{"dmean":2.68203520775,"dmean2":4.34217834473,"dvar":7.01559638977,"dvar2":16.8235321045,"max":31.0106887817,"mean":8.6014213562,"median":7.54958295822,"min":2.01142191887,"var":18.5920448303},"erbbands_flatness_db":{"dmean":0.0207398161292,"dmean2":0.0298606306314,"dvar":0.00042218863382,"dvar2":0.00087147206068,"max":0.321287810802,"mean":0.132802858949,"median":0.129431590438,"min":0.021660592407,"var":0.0017739898758},"erbbands_kurtosis":{"dmean":1.4828337431,"dmean2":2.30625104904,"dvar":11.161283493,"dvar2":23.8568763733,"max":85.8566360474,"mean":0.916207492352,"median":-0.240897923708,"min":-1.80385124683,"var":18.5766220093},"erbbands_skewness":{"dmean":0.486916452646,"dmean2":0.734970390797,"dvar":0.296231806278,"dvar2":0.62891215086,"max":7.24151420593,"mean":0.0699922218919,"median":-0.0228100866079,"min":-6.07325267792,"var":1.22917544842},"erbbands_spread":{"dmean":11.7690029144,"dmean2":18.4626922607,"dvar":184.812713623,"dvar2":428.42578125,"max":175.802810669,"mean":46.1545677185,"median":42.7335014343,"min":1.95946550369,"var":507.04510498},"gfcc":{"cov":[[14655.4042969,-353.933074951,-824.994384766,-308.220733643,-698.002258301,-108.532775879,-316.402008057,72.4036712646,-150.305541992,94.8144760132,-140.308517456,-12.8362483978,-39.8562507629],[-353.933074951,1223.0670166,-252.372360229,35.868812561,111.326210022,-74.4743423462,60.16664505,-1.11520040035,38.0991287231,-50.3575744629,19.5760765076,-43.0170135498,31.5144805908],[-824.994384766,-252.372360229,1289.07946777,96.2033996582,46.2170028687,146.569961548,-18.7975673676,-46.6792831421,-19.147808075,-30.4137153625,-8.23118209839,-36.3861846924,-79.3696365356],[-308.220733643,35.868812561,96.2033996582,500.981140137,158.59538269,-30.1020317078,-24.5478019714,-40.1006393433,42.2402801514,-49.5357055664,2.21922922134,-17.9986572266,-10.6482667923],[-698.002258301,111.326210022,46.2170028687,158.59538269,358.155548096,35.6411514282,22.2504196167,9.6863861084,23.4535541534,-14.9073734283,-13.1652536392,-24.2972202301,-9.12588119507],[-108.532775879,-74.4743423462,146.569961548,-30.1020317078,35.6411514282,203.729049683,66.5073776245,15.2644796371,-22.0090579987,-5.75331354141,-10.621758461,-22.9009037018,-12.7633266449],[-316.402008057,60.16664505,-18.7975673676,-24.5478019714,22.2504196167,66.5073776245,170.41267395,46.6634254456,-3.55826044083,-5.35900115967,2.33447408676,-6.45463705063,-5.05638551712],[72.4036712646,-1.11520040035,-46.6792831421,-40.1006393433,9.6863861084,15.2644796371,46.6634254456,110.971473694,25.5678710938,14.096329689,-6.66594171524,-9.99598121643,11.9127283096],[-150.305541992,38.0991287231,-19.147808075,42.2402801514,23.4535541534,-22.0090579987,-3.55826044083,25.5678710938,94.7599334717,18.0759773254,-2.1627304554,-3.51718258858,1.564062953],[94.8144760132,-50.3575744629,-30.4137153625,-49.5357055664,-14.9073734283,-5.75331354141,-5.35900115967,14.096329689,18.0759773254,100.242729187,29.9262199402,3.48275256157,6.51959228516],[-140.308517456,19.5760765076,-8.23118209839,2.21922922134,-13.1652536392,-10.621758461,2.33447408676,-6.66594171524,-2.1627304554,29.9262199402,87.3415527344,28.6113834381,-1.01041388512],[-12.8362483978,-43.0170135498,-36.3861846924,-17.9986572266,-24.2972202301,-22.9009037018,-6.45463705063,-9.99598121643,-3.51718258858,3.48275256157,28.6113834381,79.5745849609,23.0348529816],[-39.8562507629,31.5144805908,-79.3696365356,-10.6482667923,-9.12588119507,-12.7633266449,-5.05638551712,11.9127283096,1.564062953,6.51959228516,-1.01041388512,23.0348529816,76.24634552]],"icov":[[0.0000909348236746,-0.0000162639116752,0.0000688251893735,-0.0000576716265641,0.00018497936253,-0.0000723097327864,0.000232344376855,-0.000200640512048,0.000220659552724,-0.000161469608429,0.000244146445766,-0.0000783779323683,0.000210833532037],[-0.0000162639116752,0.00107979169115,0.000137568669743,0.000250417710049,-0.000415329879615,0.000557078747079,-0.000620036560576,0.00055496674031,-0.000636831799056,0.00100062706042,-0.000983767909929,0.00127618794795,-0.000831998419017],[0.0000688251893735,0.000137568669743,0.00101472658571,-0.000190706981812,0.000119344564155,-0.000766245124396,0.000454130262369,0.000101170480775,0.0000952627306106,0.000112426510896,0.0000396817304136,0.000106131854409,0.000865998328663],[-0.0000576716265641,0.000250417710049,-0.000190706981812,0.00292018637992,-0.00134642247576,0.000713081855793,-0.000211576450965,0.00138413778041,-0.00175709731411,0.00192164361943,-0.0013396977447,0.00117171229795,-0.000696432485711],[0.00018497936253,-0.000415329879615,0.000119344564155,-0.00134642247576,0.00395853072405,-0.000999266165309,0.000426390906796,-0.000958047807217,0.000300566345686,-0.000778259709477,0.00118535896763,-0.000229732351727,0.000834534759633],[-0.0000723097327864,0.000557078747079,-0.000766245124396,0.000713081855793,-0.000999266165309,0.00711378455162,-0.00296087935567,0.000331764633302,0.000884832523298,0.000438189570559,-0.000308175804093,0.00200923089869,-0.000809786026366],[0.000232344376855,-0.000620036560576,0.000454130262369,-0.000211576450965,0.000426390906796,-0.00296087935567,0.00876523926854,-0.00397630548105,0.00132982071955,0.000053895983001,0.00015714832989,-0.00120194349438,0.00191216252279],[-0.000200640512048,0.00055496674031,0.000101170480775,0.00138413778041,-0.000958047807217,0.000331764633302,-0.00397630548105,0.012927739881,-0.00433878879994,0.0000737166701583,-0.000508293858729,0.00261419313028,-0.00309211318381],[0.000220659552724,-0.000636831799056,0.0000952627306106,-0.00175709731411,0.000300566345686,0.000884832523298,0.00132982071955,-0.00433878879994,0.0140422005206,-0.0039282576181,0.00248835957609,-0.00133811286651,0.00166758825071],[-0.000161469608429,0.00100062706042,0.000112426510896,0.00192164361943,-0.000778259709477,0.000438189570559,0.000053895983001,0.0000737166701583,-0.0039282576181,0.0142427105457,-0.00662030791864,0.00315780169331,-0.00231933686882],[0.000244146445766,-0.000983767909929,0.0000396817304136,-0.0013396977447,0.00118535896763,-0.000308175804093,0.00015714832989,-0.000508293858729,0.00248835957609,-0.00662030791864,0.0169476401061,-0.00726287858561,0.0035023954697],[-0.0000783779323683,0.00127618794795,0.000106131854409,0.00117171229795,-0.000229732351727,0.00200923089869,-0.00120194349438,0.00261419313028,-0.00133811286651,0.00315780169331,-0.00726287858561,0.0185698494315,-0.00642261002213],[0.000210833532037,-0.000831998419017,0.000865998328663,-0.000696432485711,0.000834534759633,-0.000809786026366,0.00191216252279,-0.00309211318381,0.00166758825071,-0.00231933686882,0.0035023954697,-0.00642261002213,0.0170988030732]],"mean":[-19.6457099915,76.5789108276,-96.7135162354,41.3054389954,-40.4114456177,9.09514427185,-31.5962657928,9.49390220642,-24.493516922,-0.00358354742639,-16.9141674042,-1.46056652069,-12.3680782318]},"hfc":{"dmean":9.63943386078,"dmean2":14.4458885193,"dvar":438.210510254,"dvar2":1015.53283691,"max":456.605895996,"mean":20.2003002167,"median":12.0056180954,"min":2.35354558065e-9,"var":710.42590332},"melbands":{"dmean":[0.000836717779748,0.00142784696072,0.000644693267532,0.000409869331634,0.000299802602967,0.000267405470368,0.000145435275044,0.0000895469056559,0.000104982675111,0.000115419752547,0.0000802694048616,0.0000620057908236,0.0000407343359257,0.0000261056065938,0.0000295153695333,0.0000231127687584,0.0000195918455574,0.0000243746198976,0.0000175873738044,0.0000158146449394,0.000018636970708,0.0000188847479876,0.0000166672598425,0.0000102653784779,0.0000100809638752,0.00001070232247,0.00000923654533835,0.00000588901548326,0.00000414522583014,0.00000482747327624,0.00000374640512746,0.00000216809235098,0.00000257111105384,0.00000317596436616,0.00000292330969387,0.00000235327570408,0.0000018777400328,0.00000148593971971,0.00000126921167976,9.27391454297e-7],"dmean2":[0.00143123604357,0.00242245383561,0.00110461434815,0.000691912369803,0.000485335767735,0.000428494502557,0.000239368237089,0.000147764585563,0.000168854137883,0.000188039644854,0.000127175298985,0.000103987731563,0.0000652102389722,0.0000415925605921,0.0000489750855195,0.0000374308838218,0.0000316078621836,0.0000393933405576,0.0000281401862594,0.0000254027509072,0.0000305000248773,0.0000304362292809,0.0000266955885309,0.0000166941517818,0.0000165578458109,0.000017245849449,0.000014714975805,0.00000943284521782,0.00000665880361339,0.00000798288238002,0.0000061915079641,0.00000349335073224,0.00000411972769143,0.00000512675751452,0.00000474991384181,0.00000383845917895,0.00000301572458739,0.00000239711562244,0.00000202651131076,0.00000144692637605],"dvar":[0.00000192350262296,0.0000052541927289,9.56863914325e-7,5.75055310037e-7,5.36632398962e-7,5.64921094792e-7,2.01190090365e-7,9.10287383249e-8,1.24020345993e-7,1.14415939834e-7,5.32365049821e-8,3.27260494259e-8,1.73659771008e-8,8.10685563124e-9,6.15518258584e-9,3.00734082082e-9,2.55756305023e-9,3.72594399778e-9,2.26974150586e-9,1.7766047522e-9,2.18512363759e-9,1.57007196133e-9,1.15769926978e-9,4.60379456779e-10,5.20730458753e-10,6.64838073483e-10,3.77052750133e-10,2.54578996772e-10,1.25692928288e-10,1.53895507449e-10,9.97929655577e-11,5.8271526493e-11,8.91844306738e-11,1.79546905121e-10,2.72369349297e-10,2.68729427599e-10,1.08553034617e-10,3.25540740198e-11,2.57352663485e-11,1.49520309328e-11],"dvar2":[0.00000547426361663,0.0000145893736772,0.00000266245388048,0.00000155455802542,0.00000135029938519,0.0000013738688267,5.03921739892e-7,2.35587023667e-7,3.03504094745e-7,2.85753685603e-7,1.25037928456e-7,8.73465637596e-8,4.40291856307e-8,2.02621972534e-8,1.54996424584e-8,7.56624807252e-9,6.39556008153e-9,9.52793399733e-9,5.29446753106e-9,4.33337543626e-9,5.43912115347e-9,3.93539911769e-9,2.89302670708e-9,1.11475373377e-9,1.27746391243e-9,1.59674418132e-9,9.10584885272e-10,6.13344819378e-10,2.85657969501e-10,3.8167269345e-10,2.55405085969e-10,1.4714239549e-10,1.99543298551e-10,4.22567453251e-10,6.88613666089e-10,7.20394632836e-10,2.70343386566e-10,7.74674699389e-11,6.05858072045e-11,3.5133680687e-11],"max":[0.0128713706508,0.0217842701823,0.00989296287298,0.0197727121413,0.0127268908545,0.01554213278,0.00895246397704,0.00769435754046,0.00875645969063,0.00734217092395,0.00564887141809,0.00363929243758,0.00477943848819,0.00301892845891,0.00155479053501,0.00125419325195,0.00141617946792,0.001389576355,0.00157817674335,0.00134655763395,0.00115559529513,0.000853722624015,0.00082235422451,0.000413632282289,0.000728971906938,0.000719032541383,0.000399739597924,0.000556746555958,0.00027504877653,0.000452356762253,0.000358479708666,0.000309830997139,0.000227242824621,0.000365430663805,0.000634149531834,0.000842515961267,0.000383432547096,0.000139645315357,0.000128043539007,0.000108442414785],"mean":[0.00111777021084,0.00208657234907,0.000933730625547,0.000579709536396,0.000433370732935,0.000373448507162,0.000190106700757,0.000119504991744,0.00013991362357,0.000163066215464,0.00011281814659,0.0000812052094261,0.0000568024624954,0.0000353873365384,0.0000377359792765,0.0000341523664247,0.0000290467414743,0.0000388716871385,0.0000269981228485,0.0000254457336268,0.0000291634205496,0.0000343580904882,0.0000290968546324,0.0000154287899932,0.0000148349363371,0.0000156637088367,0.0000140207848744,0.00000874903071235,0.00000565855270906,0.00000585257930652,0.00000437481503468,0.00000269547263088,0.0000030616326967,0.00000338638437825,0.00000300050078295,0.00000239419409809,0.00000206084223464,0.0000017070872218,0.00000146406330259,0.00000114471015422],"median":[0.000621312588919,0.0014977294486,0.000692370755132,0.000300153245917,0.000128174971906,0.0000836920808069,0.0000467144927825,0.0000281763823295,0.0000263940273726,0.000029813605579,0.0000185428416444,0.0000145506592162,0.0000126910708786,0.00000934848048928,0.00000912004452402,0.00000998625910142,0.00000944372550293,0.00000995511982183,0.0000067024643613,0.00000628827729088,0.0000070347041401,0.00000826129416964,0.00000873584940564,0.0000049805839808,0.00000479199979964,0.00000475585557069,0.00000529501221536,0.00000296110761155,0.00000179895880592,0.00000181788573173,0.00000133200148866,7.06792604888e-7,5.90536956224e-7,5.01028011968e-7,4.58885807575e-7,3.23749446807e-7,2.94765442277e-7,3.15113766192e-7,1.95914964252e-7,1.42792089264e-7],"min":[8.49628527255e-14,4.53138232232e-14,1.75568466151e-14,1.23472043543e-14,9.25328014217e-15,6.38599653572e-15,5.30669741345e-15,3.2432482857e-15,3.34092325473e-15,2.57141139809e-15,1.69975816767e-15,3.67857859254e-16,6.62695866861e-16,6.66522708777e-16,2.92966647129e-16,8.99596635587e-16,6.21168064918e-16,3.96648800298e-16,5.82448336015e-16,1.9943098252e-16,2.33763044361e-17,4.98251844925e-17,6.97499391872e-16,1.8241777785e-15,2.17236972971e-15,1.23130892553e-15,4.23080595766e-16,9.04448016793e-16,5.54005763739e-16,2.75027336339e-16,1.80732915498e-16,3.47739767965e-16,2.54054906444e-16,8.29872522964e-17,2.61818969257e-16,2.41450129747e-16,1.49180289703e-16,7.17687376614e-17,2.09238035863e-16,1.16706634692e-16],"var":[0.00000212560689761,0.00000561269234822,9.9937824416e-7,7.6732112575e-7,8.29800171687e-7,8.11812924439e-7,2.46594026976e-7,1.00976286888e-7,1.67461919887e-7,1.82344365385e-7,9.14764370918e-8,4.44008847467e-8,2.23339622352e-8,8.92252227658e-9,8.10890732339e-9,4.84724083094e-9,3.93549237643e-9,6.47530917774e-9,3.92942922645e-9,2.92196200569e-9,3.59555540896e-9,3.6698750705e-9,2.31121921601e-9,7.67397478896e-10,8.52909742832e-10,1.01640340588e-9,5.93689708506e-10,3.31435268119e-10,1.69733019306e-10,1.68363045727e-10,9.77736780428e-11,6.11677028473e-11,1.23023841114e-10,1.98068048074e-10,2.36639152718e-10,2.02699954044e-10,1.02521643952e-10,3.62561682066e-11,3.15711866372e-11,2.05983355372e-11]},"melbands_crest":{"dmean":3.63021659851,"dmean2":6.04690647125,"dvar":9.40804386139,"dvar2":25.23179245,"max":37.452922821,"mean":14.9220685959,"median":14.5614976883,"min":3.45991921425,"var":24.1522808075},"melbands_flatness_db":{"dmean":0.0378533452749,"dmean2":0.0581120587885,"dvar":0.00155065674335,"dvar2":0.00336953345686,"max":0.574910104275,"mean":0.211096480489,"median":0.196562543511,"min":0.033999029547,"var":0.00666426215321},"melbands_kurtosis":{"dmean":16.0556182861,"dmean2":26.3453979492,"dvar":1078.29699707,"dvar2":2768.51879883,"max":639.176940918,"mean":26.8089179993,"median":10.5402088165,"min":-1.94113957882,"var":2067.17016602},"melbands_skewness":{"dmean":1.11710894108,"dmean2":1.76408219337,"dvar":1.73206627369,"dvar2":4.13262462616,"max":24.0945224762,"mean":3.47739171982,"median":2.92873573303,"min":-1.83318138123,"var":5.75561237335},"melbands_spread":{"dmean":9.85951423645,"dmean2":15.725643158,"dvar":253.922714233,"dvar2":520.998046875,"max":271.04776001,"mean":25.1405391693,"median":19.8877925873,"min":0.43345656991,"var":554.613769531},"mfcc":{"cov":[[11080.5673828,-91.0585632324,-778.75,-235.993118286,-448.325134277,-310.493408203,-262.674468994,-195.780548096,-29.5576877594,-61.0417861938,-35.8693008423,-67.7294158936,11.2268953323],[-91.0585632324,1076.63964844,-122.588912964,18.3960609436,3.6432158947,-13.0491113663,29.4640083313,22.5372638702,18.0418071747,21.8338241577,13.7890872955,9.17176055908,-21.0897884369],[-778.75,-122.588912964,1005.8583374,2.78564572334,96.3965454102,96.2856216431,42.3002586365,27.6503715515,-52.3246803284,44.7857398987,-5.32498598099,-29.0604000092,-5.08359098434],[-235.993118286,18.3960609436,2.78564572334,458.148406982,169.023956299,52.1319236755,-32.9406776428,32.4988937378,-5.48224544525,-0.660857796669,-5.50508642197,19.3877162933,-5.51072978973],[-448.325134277,3.6432158947,96.3965454102,169.023956299,306.524169922,83.434715271,13.8865413666,16.3709278107,14.9831838608,26.0654067993,-7.37859487534,3.15330791473,-11.5462722778],[-310.493408203,-13.0491113663,96.2856216431,52.1319236755,83.434715271,165.889938354,58.2472839355,34.7925949097,2.45180439949,13.981760025,8.39980125427,-11.5059814453,-12.1986484528],[-262.674468994,29.4640083313,42.3002586365,-32.9406776428,13.8865413666,58.2472839355,169.922576904,46.1051445007,18.502243042,22.0655460358,20.479970932,-8.26747608185,-10.4508962631],[-195.780548096,22.5372638702,27.6503715515,32.4988937378,16.3709278107,34.7925949097,46.1051445007,133.439880371,25.0899486542,10.2029762268,-0.124340675771,-7.16909790039,-13.6294403076],[-29.5576877594,18.0418071747,-52.3246803284,-5.48224544525,14.9831838608,2.45180439949,18.502243042,25.0899486542,119.30140686,31.3449230194,7.76007175446,-10.9086809158,-9.54929256439],[-61.0417861938,21.8338241577,44.7857398987,-0.660857796669,26.0654067993,13.981760025,22.0655460358,10.2029762268,31.3449230194,101.329322815,28.664691925,-7.01084375381,-11.3299789429],[-35.8693008423,13.7890872955,-5.32498598099,-5.50508642197,-7.37859487534,8.39980125427,20.479970932,-0.124340675771,7.76007175446,28.664691925,81.9286956787,17.2895488739,-0.700026035309],[-67.7294158936,9.17176055908,-29.0604000092,19.3877162933,3.15330791473,-11.5059814453,-8.26747608185,-7.16909790039,-10.9086809158,-7.01084375381,17.2895488739,83.8291702271,24.5367164612],[11.2268953323,-21.0897884369,-5.08359098434,-5.51072978973,-11.5462722778,-12.1986484528,-10.4508962631,-13.6294403076,-9.54929256439,-11.3299789429,-0.700026035309,24.5367164612,65.3515014648]],"icov":[[0.000105675695522,0.0000117667423183,0.0000673659378663,0.00000404565707868,0.000105563740362,0.0000648915956845,0.0000999801050057,0.0000784501971793,0.000028399974326,-0.0000370390953321,0.0000108925960376,0.000124809143017,0.00000532261810804],[0.0000117667423183,0.00096588244196,0.000131322842208,-0.0000419873358624,-0.0000122042329167,0.000156065594638,-0.000174995846464,-0.00010667071183,0.0000278674688161,-0.000206092430744,-0.0000219950688916,-0.000147133716382,0.000316448509693],[0.0000673659378663,0.000131322842208,0.00121293764096,0.000161152216606,-0.000240280889557,-0.000410872627981,0.00000638167239231,-0.00017303939967,0.000801218906417,-0.000679116463289,0.000187075551366,0.000421030330472,-0.00017220438167],[0.00000404565707868,-0.0000419873358624,0.000161152216606,0.00298835639842,-0.00159797223751,-0.000434686720837,0.00100247038063,-0.000884163426235,0.000372431764845,0.000198217225261,-0.000115822629596,-0.000561985303648,0.000161276067956],[0.000105563740362,-0.0000122042329167,-0.000240280889557,-0.00159797223751,0.00499245384708,-0.00178132101428,0.0000148267035911,0.000670872570481,-0.000698825286236,-0.00102841912303,0.00109763396904,-0.000535196159035,0.000448622420663],[0.0000648915956845,0.000156065594638,-0.000410872627981,-0.000434686720837,-0.00178132101428,0.00857873260975,-0.0023512810003,-0.000968381355051,0.000523360969964,0.00027271930594,-0.000877400918398,0.00108169403393,0.000387454841984],[0.0000999801050057,-0.000174995846464,0.00000638167239231,0.00100247038063,0.0000148267035911,-0.0023512810003,0.00793449673802,-0.00205845804885,-0.000376476324163,-0.000535892788321,-0.00144629238639,0.000319547951221,0.000131283450173],[0.0000784501971793,-0.00010667071183,-0.00017303939967,-0.000884163426235,0.000670872570481,-0.000968381355051,-0.00205845804885,0.00920085888356,-0.00174304610118,0.0000490077363793,0.000849486386869,-0.000101767749584,0.00119266752154],[0.000028399974326,0.0000278674688161,0.000801218906417,0.000372431764845,-0.000698825286236,0.000523360969964,-0.000376476324163,-0.00174304610118,0.0101689053699,-0.0029921811074,-0.000101035533589,0.001165568945,0.000176783505594],[-0.0000370390953321,-0.000206092430744,-0.000679116463289,0.000198217225261,-0.00102841912303,0.00027271930594,-0.000535892788321,0.0000490077363793,-0.0029921811074,0.0129024675116,-0.00443869223818,0.00103322684299,0.00106166535988],[0.0000108925960376,-0.0000219950688916,0.000187075551366,-0.000115822629596,0.00109763396904,-0.000877400918398,-0.00144629238639,0.000849486386869,-0.000101035533589,-0.00443869223818,0.0151573829353,-0.00387495825998,0.00080479006283],[0.000124809143017,-0.000147133716382,0.000421030330472,-0.000561985303648,-0.000535196159035,0.00108169403393,0.000319547951221,-0.000101767749584,0.001165568945,0.00103322684299,-0.00387495825998,0.0151046896353,-0.00530956266448],[0.00000532261810804,0.000316448509693,-0.00017220438167,0.000161276067956,0.000448622420663,0.000387454841984,0.000131283450173,0.00119266752154,0.000176783505594,0.00106166535988,0.00080479006283,-0.00530956266448,0.0180366262794]],"mean":[-668.182495117,110.962303162,5.56305360794,37.3039894104,13.3912124634,7.61537218094,6.10958480835,6.3584280014,0.916106462479,3.62928819656,-2.21673941612,-0.0550835542381,-4.14750909805]},"pitch_salience":{"dmean":0.0883398577571,"dmean2":0.14569722116,"dvar":0.00633460888639,"dvar2":0.0170037597418,"max":0.87195700407,"mean":0.542964160442,"median":0.548791825771,"min":0.0780454874039,"var":0.0137884253636},"silence_rate_20dB":{"dmean":0,"dmean2":0,"dvar":0,"dvar2":0,"max":1,"mean":1,"median":1,"min":1,"var":0},"silence_rate_30dB":{"dmean":0.000701918557752,"dmean2":0.00140400137752,"dvar":0.00070142588811,"dvar2":0.00187003065366,"max":1,"mean":0.999532103539,"median":1,"min":0,"var":0.000467672070954},"silence_rate_60dB":{"dmean":0.0262049604207,"dmean2":0.0524160526693,"dvar":0.0255182608962,"dvar2":0.0601986199617,"max":1,"mean":0.0929933339357,"median":0,"min":0,"var":0.0843455716968},"spectral_centroid":{"dmean":346.065704346,"dmean2":535.88885498,"dvar":174444.46875,"dvar2":349139.375,"max":10771.8476562,"mean":1488.21630859,"median":1462.1875,"min":132.065872192,"var":612859},"spectral_complexity":{"dmean":4.68413686752,"dmean2":7.03591918945,"dvar":34.5810928345,"dvar2":69.8493041992,"max":63,"mean":16.8684062958,"median":14,"min":0,"var":159.348571777},"spectral_contrast_coeffs":{"dmean":[0.0533809997141,0.0517937168479,0.0395080409944,0.0314112491906,0.0245054475963,0.0229931883514],"dmean2":[0.0898739844561,0.0847609117627,0.0630801022053,0.0501668825746,0.0390091501176,0.0366927683353],"dvar":[0.00191083154641,0.00198711385019,0.0011230299715,0.000715348112863,0.000500403170008,0.000501548987813],"dvar2":[0.00530270906165,0.00508207408711,0.00266361213289,0.00170994421933,0.00115330738481,0.0012166518718],"max":[-0.35821890831,-0.369533389807,-0.401933819056,-0.538862645626,-0.568855047226,-0.601592421532],"mean":[-0.666992247105,-0.740441858768,-0.779787480831,-0.789398252964,-0.792841732502,-0.765974164009],"median":[-0.669156134129,-0.75243884325,-0.796513974667,-0.794418632984,-0.793716132641,-0.764990925789],"min":[-0.987998485565,-0.969839572906,-0.954416513443,-0.970697581768,-0.961268603802,-0.961213827133],"var":[0.00515418499708,0.00808989536017,0.00688837934285,0.00351574388333,0.00229959306307,0.002149150474]},"spectral_contrast_valleys":{"dmean":[0.431436747313,0.443241268396,0.401885986328,0.376676797867,0.375066697598,0.470471709967],"dmean2":[0.687437653542,0.708114087582,0.61657845974,0.557231843472,0.541804254055,0.629883646965],"dvar":[0.155081301928,0.204226061702,0.177102521062,0.16329677403,0.212811723351,0.274809271097],"dvar2":[0.327306061983,0.446419090033,0.343997120857,0.309237331152,0.429312646389,0.539894044399],"max":[-5.20274114609,-4.60581254959,-5.09954738617,-5.56183958054,-5.18362617493,-7.06584453583],"mean":[-7.14476013184,-7.28760576248,-7.8095293045,-8.02155780792,-7.63571071625,-10.271197319],"median":[-6.88035821915,-7.08541297913,-7.61112546921,-7.83437871933,-7.44694805145,-10.1313257217],"min":[-27.0746536255,-26.7031745911,-27.3886184692,-26.9869785309,-27.3422222137,-27.1811122894],"var":[1.44866728783,1.60418093204,1.56573593616,1.54761636257,1.59425568581,1.70523762703]},"spectral_decrease":{"dmean":2.38054198576e-9,"dmean2":3.83590981201e-9,"dvar":9.76188183636e-18,"dvar2":2.3745724952e-17,"max":-1.99565219768e-19,"mean":-5.57782042776e-9,"median":-4.67373206803e-9,"min":-3.48316966381e-8,"var":1.878975503e-17},"spectral_energy":{"dmean":0.00958969350904,"dmean2":0.0153471045196,"dvar":0.000156230831635,"dvar2":0.000378419150366,"max":0.147747933865,"mean":0.0228842161596,"median":0.0193067528307,"min":9.66678993797e-13,"var":0.000312869262416},"spectral_energyband_high":{"dmean":0.000767855439335,"dmean2":0.00117688230239,"dvar":0.00000560836861041,"dvar2":0.0000130740527311,"max":0.0581823475659,"mean":0.00106401718222,"median":0.000319717859384,"min":1.48110771694e-13,"var":0.00000705713409843},"spectral_energyband_low":{"dmean":0.00573831889778,"dmean2":0.00955784600228,"dvar":0.0000736447691452,"dvar2":0.0001965839474,"max":0.0783089771867,"mean":0.00940166320652,"median":0.00690588355064,"min":4.11927734761e-13,"var":0.0000944686180446},"spectral_energyband_middle_high":{"dmean":0.00191014632583,"dmean2":0.003007638501,"dvar":0.0000127142802739,"dvar2":0.0000311134645017,"max":0.0534715168178,"mean":0.00439574802294,"median":0.00208029383793,"min":1.17185273529e-13,"var":0.0000321064799209},"spectral_energyband_middle_low":{"dmean":0.00465342216194,"dmean2":0.00763834547251,"dvar":0.0000543748246855,"dvar2":0.000136286442284,"max":0.092230938375,"mean":0.0089979916811,"median":0.00608005607501,"min":1.85500540709e-13,"var":0.0000905080305529},"spectral_entropy":{"dmean":0.21493268013,"dmean2":0.316154509783,"dvar":0.0614315979183,"dvar2":0.127066403627,"max":9.80941867828,"mean":7.62530183792,"median":7.67546081543,"min":4.8012843132,"var":0.220217809081},"spectral_flux":{"dmean":0.0261137541384,"dmean2":0.0396262593567,"dvar":0.000812582089566,"dvar2":0.00164665561169,"max":0.307490706444,"mean":0.0843931958079,"median":0.0782125890255,"min":0.0000112548541438,"var":0.00239068642259},"spectral_kurtosis":{"dmean":1.45162177086,"dmean2":2.37280511856,"dvar":3.12388134003,"dvar2":8.10701942444,"max":33.2772750854,"mean":4.32141256332,"median":3.91755127907,"min":-1.18047881126,"var":6.11966180801},"spectral_rms":{"dmean":0.000920849968679,"dmean2":0.00143275118899,"dvar":0.00000101450848433,"dvar2":0.00000236357277572,"max":0.0120060117915,"mean":0.00432291254401,"median":0.00434002932161,"min":3.07099590202e-8,"var":0.00000363849039786},"spectral_rolloff":{"dmean":684.480285645,"dmean2":1151.48596191,"dvar":1565835.75,"dvar2":3295060,"max":12769.1894531,"mean":1617.95739746,"median":1055.12695312,"min":21.533203125,"var":3283626.75},"spectral_skewness":{"dmean":0.247103139758,"dmean2":0.388054281473,"dvar":0.0764112845063,"dvar2":0.185417324305,"max":4.98814535141,"mean":1.47073626518,"median":1.41719484329,"min":0.0207132324576,"var":0.21354226768},"spectral_spread":{"dmean":710398.25,"dmean2":1032309.8125,"dvar":799566331904,"dvar2":1573003329540,"max":40368320,"mean":4981641.5,"median":4641772.5,"min":1902937.375,"var":3340721717250},"spectral_strongpeak":{"dmean":0.413132280111,"dmean2":0.710644602776,"dvar":0.661980450153,"dvar2":1.69823729992,"max":16.8862323761,"mean":0.622628629208,"median":0.277836382389,"min":0,"var":0.871275901794},"zerocrossingrate":{"dmean":0.0143688814715,"dmean2":0.0169558767229,"dvar":0.000334907032084,"dvar2":0.000393369497033,"max":0.45703125,"mean":0.0644542649388,"median":0.056640625,"min":0.0029296875,"var":0.00185309292283}},"metadata":{"audio_properties":{"analysis_sample_rate":44100,"bit_rate":0,"codec":"flac","downmix":"mix","equal_loudness":0,"length":198.466659546,"lossless":true,"md5_encoded":"b049fe3974affbaed02723c999fc50f2","replay_gain":-7.03725814819},"tags":{"acoustid_id":["a89d1044-d245-407e-93db-a974a8728923"],"album":["X"],"albumartist":["INXS"],"albumartistsort":["INXS"],"artist":["INXS"],"artists":["INXS"],"artistsort":["INXS"],"asin":["B000025XWX"],"barcode":["042284666824"],"catalognumber":["846 668-2"],"date":["1990"],"discnumber":["1"],"disctotal":["1"],"engineer":["Andy Strange","Brendan Morley","David Nicholas"],"file_name":"08 Know the Difference.flac","genre":["New Wave"],"grouping":["Rock"],"label":["Mercury"],"language":["eng"],"media":["CD"],"mood":["Sexy; Retro"],"musicbrainz_albumartistid":["481bf5f9-2e7c-4c44-b08a-05b32bc7c00d"],"musicbrainz_albumid":["7c7df183-eeb0-3fd8-8547-788c0719cc04"],"musicbrainz_artistid":["481bf5f9-2e7c-4c44-b08a-05b32bc7c00d"],"musicbrainz_recordingid":["f69fd12e-39e1-4577-a8c6-575e179fcea4"],"musicbrainz_releasegroupid":["8fd854fa-604f-3106-a9c9-90288687f61e"],"musicbrainz_releasetrackid":["e51c6039-2126-34fb-a04a-e3968f1b34fe"],"musicbrainz_workid":["2935e006-2b83-3558-b532-13791a26c643"],"originaldate":["1990-09-21"],"originalyear":["1990"],"performer":["Garry Gary Beers (bass guitar)","Garry Gary Beers (bass)","Jon Farriss (drums)","Tim Farriss (guitar)","Andrew Farriss (guitar and keyboard)","Kirk Pengilly (vocals)","Michael Hutchence (vocals)","Jon Farriss (drums and keyboard)","Kirk Pengilly (guitar and saxophone)"],"producer":["Chris Thomas"],"releasecountry":["DE"],"releasestatus":["official"],"releasetype":["album"],"replaygain_album_gain":["-2.14 dB"],"replaygain_album_peak":["0.999969"],"replaygain_track_gain":["-0.96 dB"],"replaygain_track_peak":["0.95803