{"lowlevel":{"average_loudness":0.731139779091,"barkbands":{"dmean":[0.000111255467345,0.0016968267737,0.00234127254225,0.00110247114208,0.00375789636746,0.00235628313385,0.000913847237825,0.00071642617695,0.000904351705685,0.000498257577419,0.000355494063115,0.000349135749275,0.000184552307473,0.0000961279438343,0.000106951134512,0.000107674728497,0.000100456389191,0.000092227710411,0.0000659159486531,0.0000628752750345,0.0000573164434172,0.0000443607241323,0.0000147770770127,0.00000249777485806,0.00000142261399105,0.00000646100670565,0.0000580460473429],"dmean2":[0.000188932623132,0.00241888710298,0.00388695881702,0.00188895524479,0.00567242922261,0.00374360685237,0.00145137391519,0.00111551047303,0.0013988892315,0.000801298068836,0.000560842454433,0.00056004000362,0.000292801763862,0.000151807194925,0.000166340221767,0.000168639220647,0.000154373206897,0.000140415155329,0.000101181278296,0.0000929202215048,0.0000806311654742,0.0000622067091172,0.0000218290206249,0.00000413074030803,0.00000242453484134,0.00000968427048065,0.000077384582255],"dvar":[1.0112438531e-7,0.0000258925574599,0.0000185020671779,0.00000348633034264,0.0000375919589715,0.0000283299214061,0.00000396316954721,0.00000295129461847,0.00000304090167447,0.00000186324996321,0.00000125810595364,4.34712518427e-7,1.08604254478e-7,3.12628252175e-8,6.83709302507e-8,4.99337318161e-8,5.98349529923e-8,8.09037601357e-8,4.57912570084e-8,8.71340333219e-8,1.03737043844e-7,6.56420695577e-8,7.52897832967e-9,4.76498562829e-11,7.13336117605e-12,9.38684463492e-10,4.10797760253e-8],"dvar2":[2.45206592808e-7,0.0000465720877401,0.000048614172556,0.00000979864853434,0.0000869007926667,0.0000687649226165,0.00000886276939127,0.00000642534632789,0.00000717837338016,0.0000045982365009,0.00000269141014542,0.00000106771631181,2.68058215624e-7,7.96553010218e-8,1.57879128437e-7,1.23452949197e-7,1.4516079716e-7,1.90547055468e-7,1.04062657158e-7,1.82841020546e-7,2.18851241129e-7,1.15138526269e-7,1.50149759293e-8,1.1280469614e-10,1.84414462867e-11,1.84282900051e-9,7.17806045714e-8],"max":[0.00883070472628,0.144335836172,0.0856158435345,0.0281368941069,0.127966076136,0.120659321547,0.0575601756573,0.0458119660616,0.0348480157554,0.0266094356775,0.0486837178469,0.0183985363692,0.00753650581464,0.00726243574172,0.0085757188499,0.00593587290496,0.00708983745426,0.00955686811358,0.00654763914645,0.0107282642275,0.0148077839985,0.00851742643863,0.0054518324323,0.000312927702907,0.0000499178058817,0.00226955325343,0.00636736443266],"mean":[0.000123364865431,0.00281293829903,0.0034549117554,0.00161475688219,0.00743779260665,0.00373539328575,0.00147925422061,0.00115721288603,0.00150540005416,0.000713402172551,0.000558659085073,0.000544953392819,0.000293664023047,0.000171450854396,0.000173331834958,0.000178041969775,0.000163949691341,0.000131668144604,0.0000882106469362,0.000082035890955,0.0000815912208054,0.0000709520900273,0.0000207919147215,0.000002429207143,0.00000129211173316,0.00000815375369712,0.000105788640212],"median":[0.0000475401684525,0.0006111219991,0.00130795501173,0.000648570712656,0.00396828074008,0.00163009751122,0.000687515595928,0.000558346509933,0.000738403759897,0.000294404075248,0.000263446359895,0.000252464553341,0.000135947499075,0.0000760488910601,0.0000793091021478,0.0000782867500675,0.00007099454524,0.0000447670099675,0.0000182162475539,0.0000119691339933,0.00000921673563425,0.00000667603171678,0.00000258379623119,6.93413255703e-7,3.59960324658e-7,0.00000135069126372,0.0000293327029794],"min":[1.20531950975e-23,3.16723393597e-24,8.0129713962e-24,2.15797791561e-23,6.54257947616e-23,6.12500636895e-23,5.77302294393e-23,1.96047664834e-23,7.23725354475e-23,8.34086237808e-23,6.54312284356e-23,4.13608765622e-23,8.93644857499e-23,1.52607716957e-22,6.3901311596e-23,8.03055983894e-23,3.25100004627e-22,2.47487754073e-22,2.68343292654e-22,2.81765110935e-22,4.22720443554e-22,5.80739708456e-22,6.64771544973e-22,8.75332177337e-22,1.41253297374e-21,1.63422151784e-21,2.86735111343e-21],"var":[1.17232303865e-7,0.0000707108847564,0.0000355810261681,0.00000693715537636,0.000102321246231,0.0000479319496662,0.00000884933524503,0.00000500262012793,0.00000605540662946,0.00000273446312349,0.00000198404541152,8.25192728371e-7,2.04957999017e-7,7.92022589735e-8,1.19886948369e-7,1.00253529922e-7,1.00967497474e-7,1.23494928062e-7,7.94295260675e-8,1.63170838618e-7,1.93292692074e-7,1.85588973522e-7,2.02688141826e-8,5.08145400757e-11,7.12835389674e-12,2.52943688217e-9,1.15520606414e-7]},"barkbands_crest":{"dmean":2.82462048531,"dmean2":4.58924770355,"dvar":5.78432369232,"dvar2":14.3409538269,"max":26.0669155121,"mean":10.6709117889,"median":9.94301986694,"min":2.54268074036,"var":16.2771930695},"barkbands_flatness_db":{"dmean":0.0284598730505,"dmean2":0.042795907706,"dvar":0.000553400197532,"dvar2":0.00124534871429,"max":0.388186246157,"mean":0.166774332523,"median":0.167944073677,"min":0.0153867388144,"var":0.00233299355023},"barkbands_kurtosis":{"dmean":3.9176876545,"dmean2":6.19651031494,"dvar":28.4080505371,"dvar2":67.5164260864,"max":130.377380371,"mean":7.32331848145,"median":5.52351856232,"min":-1.78775823116,"var":57.779132843},"barkbands_skewness":{"dmean":0.58320993185,"dmean2":0.909297347069,"dvar":0.294972419739,"dvar2":0.69828158617,"max":10.175318718,"mean":1.92855298519,"median":1.85272550583,"min":-1.9198974371,"var":0.984359622002},"barkbands_spread":{"dmean":4.35260105133,"dmean2":6.55688667297,"dvar":43.3740768433,"dvar2":91.9854736328,"max":123.494621277,"mean":13.1639842987,"median":9.35981369019,"min":0.752634167671,"var":152.11151123},"dissonance":{"dmean":0.0276065655053,"dmean2":0.0466094128788,"dvar":0.000663181301206,"dvar2":0.00180801551323,"max":0.500000178814,"mean":0.449470132589,"median":0.456191331148,"min":0.187893390656,"var":0.00122584460769},"dynamic_complexity":4.92593240738,"erbbands":{"dmean":[0.0291138552129,0.472258090973,2.27844190598,3.38856744766,5.20464944839,18.7207012177,17.1515789032,19.8781852722,12.5746860504,13.985042572,17.7342357635,21.0273075104,15.3619146347,14.336815834,12.6590385437,14.9628458023,8.432056427,4.46519088745,4.98610210419,5.26553344727,5.45067071915,5.45556640625,5.23385429382,4.18905830383,2.48907732964,3.09469890594,2.47394704819,2.11000037193,1.69368803501,1.03824746609,0.310606062412,0.0882980525494,0.0289898961782,0.0164177529514,0.00994565337896,0.00679080374539,0.0128969931975,0.024276426062,0.00853577442467,0.000861719890963],"dmean2":[0.0435753539205,0.676610589027,3.6404812336,5.82724428177,8.33237361908,27.8124656677,27.0049781799,31.6680469513,19.6998062134,22.9194316864,27.4527187347,32.7015380859,23.5653343201,22.8273048401,19.5910320282,23.9261398315,13.2524814606,6.87659025192,7.76851177216,8.18314552307,8.24575710297,8.32328605652,7.96799993515,6.33798456192,3.72067523003,4.58704566956,3.56991219521,2.92054200172,2.38622379303,1.49844765663,0.448340445757,0.137637212873,0.0492536686361,0.0279797054827,0.0169526096433,0.0115148229524,0.0188477858901,0.0337690860033,0.0115035986528,0.00114032288548],"dvar":[0.00650397595018,1.88704919815,19.2889118195,29.2685756683,79.3520736694,1069.73693848,1508.67089844,2305.08056641,1049.80957031,661.958068848,1776.48901367,1797.83679199,1836.15856934,1188.40197754,1920.68811035,738.618530273,234.966522217,49.0200691223,89.3101501465,199.375213623,119.717857361,181.467803955,248.72253418,173.22718811,70.7884140015,211.562683105,177.595809937,123.498260498,92.9501419067,39.6589660645,3.23851656914,0.0834001302719,0.00595900975168,0.000978155992925,0.000348426488927,0.000404033111408,0.00229340023361,0.0185121111572,0.00136396789458,0.00000434005505667],"dvar2":[0.0127973277122,3.44769954681,48.0714569092,84.0603942871,201.707901001,2349.10107422,3717.12524414,5631.55029297,2188.63598633,1632.55615234,4160.85107422,4280.17578125,4503.22412109,2838.10546875,3625.0390625,1879.0748291,577.995727539,114.655456543,208.201553345,472.882385254,267.156463623,433.109100342,604.145385742,386.113555908,139.406539917,445.356109619,374.601226807,226.997955322,169.945983887,73.4888305664,5.76512813568,0.160175129771,0.0155009450391,0.00251060607843,0.000901392719243,0.00104894465767,0.00374951190315,0.0356076322496,0.00253887963481,0.00000752104278945],"max":[2.55236625671,37.3280754089,80.0673294067,90.9125137329,225.101776123,629.330200195,862.599182129,1459.42822266,1032.58544922,846.129638672,1184.3223877,967.708312988,743.987365723,1020.0881958,2303.71435547,743.782043457,332.038665771,200.468719482,252.302017212,509.374786377,337.929443359,351.217651367,488.593231201,375.580688477,328.243499756,525.208740234,589.625915527,441.959533691,348.481719971,203.983230591,142.180953979,18.3573074341,3.64701747894,0.570378959179,0.349712580442,1.04962658882,2.93565011024,4.95021486282,1.35203957558,0.0576586946845],"mean":[0.0483426526189,0.776920497417,3.57600474358,5.26098918915,9.64337348938,35.7321052551,28.0959663391,31.5970306396,21.6611557007,22.705696106,29.9865188599,35.1064186096,23.7516746521,23.595697403,21.5121879578,23.3814983368,14.5361461639,9.39722728729,9.16113758087,9.2248249054,9.91258430481,9.12254905701,7.50153779984,6.08507871628,3.48742341995,4.0418419838,3.46269249916,3.11875486374,2.60273146629,1.62730836868,0.429962784052,0.0971934199333,0.0268103461713,0.0150465229526,0.00911582633853,0.00637090113014,0.0165691059083,0.0387686342001,0.0134894521907,0.0017051207833],"median":[0.0168198533356,0.16569891572,1.34495210648,2.68963432312,5.33887338638,15.7522659302,13.9073429108,15.4844303131,10.0038909912,10.4746961594,14.6224431992,17.8491096497,9.88259887695,12.0263538361,10.5442905426,10.7318916321,7.46399211884,5.31715011597,5.48833560944,4.1474609375,4.94739341736,3.94907212257,2.58511662483,1.89450180531,0.693425297737,0.542036056519,0.455611616373,0.29412278533,0.234662890434,0.174111694098,0.0590171664953,0.0222485549748,0.0081095341593,0.00428474973887,0.0025866725482,0.00192957557738,0.00279190251604,0.00408500991762,0.00191733473912,0.000703158555552],"min":[1.66925428791e-22,8.09821936593e-22,8.26477105136e-21,5.06325298568e-20,1.81496712983e-19,2.10278914761e-19,4.10251003993e-19,3.79180600921e-19,8.07158395633e-19,6.76717079515e-19,4.04820692519e-19,1.3006875397e-18,3.31272600438e-18,2.22242813116e-18,2.18962359563e-18,1.87010792004e-18,4.07760254601e-18,8.974798804e-18,4.15890819637e-18,3.15960742837e-18,6.79440778477e-18,1.78626923585e-17,1.23805776642e-17,1.48191143818e-17,1.48907515316e-17,1.36424234907e-17,1.42727632416e-17,1.93895072962e-17,1.96537137469e-17,2.44370841624e-17,1.71337080108e-17,1.88373543112e-17,1.47256165028e-17,1.36993310353e-17,1.04609272089e-17,6.27058780366e-18,3.12256152425e-18,1.38893034027e-18,4.050070925e-19,4.13931550591e-20],"var":[0.0161882657558,5.09432601929,39.7120246887,55.407623291,190.927719116,3047.90478516,2297.25488281,3843.85180664,2463.72167969,1316.73669434,2844.5637207,3516.45678711,2871.15112305,2008.34399414,3205.87084961,1353.64379883,467.452880859,175.117492676,181.881271362,378.563201904,276.471740723,310.986572266,351.691253662,305.542144775,160.782485962,403.462127686,305.530731201,304.698059082,248.760742188,101.756782532,9.59478569031,0.164272099733,0.00500056380406,0.000974224123638,0.000349186710082,0.000333219417371,0.00698503246531,0.0496662780643,0.00335417455062,0.0000122511191876]},"erbbands_crest":{"dmean":2.51187419891,"dmean2":4.09625816345,"dvar":5.32552719116,"dvar2":13.2845544815,"max":32.5048217773,"mean":8.79382991791,"median":7.9791469574,"min":1.92039632797,"var":13.6796274185},"erbbands_flatness_db":{"dmean":0.0258929077536,"dmean2":0.0397109873593,"dvar":0.000495079555549,"dvar2":0.00113283842802,"max":0.396683990955,"mean":0.18194706738,"median":0.184238821268,"min":0.0313102044165,"var":0.00210436689667},"erbbands_kurtosis":{"dmean":1.10690426826,"dmean2":1.75799238682,"dvar":2.72914528847,"dvar2":6.82846307755,"max":47.6561431885,"mean":0.785778045654,"median":0.214736819267,"min":-1.78726100922,"var":5.48654079437},"erbbands_skewness":{"dmean":0.386587291956,"dmean2":0.601993203163,"dvar":0.125834152102,"dvar2":0.288484424353,"max":6.10513305664,"mean":0.581477761269,"median":0.587959885597,"min":-2.72935009003,"var":0.463565707207},"erbbands_spread":{"dmean":6.28099441528,"dmean2":9.4424238205,"dvar":46.9769897461,"dvar2":98.392074585,"max":132.045120239,"mean":26.9274368286,"median":23.6148452759,"min":2.51123833656,"var":223.015838623},"gfcc":{"cov":[[15555.9902344,861.354492188,-1096.40759277,-385.775360107,14.023859024,-892.0859375,-60.1433753967,-506.703552246,-47.6471290588,-187.171981812,-119.732810974,74.3648986816,-51.7554130554],[861.354492188,1454.96008301,0.815700352192,-401.590545654,62.0747032166,4.14033079147,-122.302970886,-49.5516662598,-13.9495019913,-11.1568889618,23.3348560333,-95.1346511841,53.6666488647],[-1096.40759277,0.815700352192,429.192871094,126.783439636,-95.4042053223,214.450500488,-84.1929550171,150.631103516,-39.6410675049,57.9894599915,4.38807249069,-27.2913990021,-14.8526258469],[-385.775360107,-401.590545654,126.783439636,323.015899658,78.6078567505,-11.7511787415,126.125076294,3.99756789207,36.5399436951,-13.2714195251,-14.3040094376,39.4441986084,-62.1103439331],[14.023859024,62.0747032166,-95.4042053223,78.6078567505,205.693847656,-15.4654779434,82.5714111328,-55.5959510803,22.3344631195,-41.4465179443,2.8698861599,1.59452366829,-3.14953708649],[-892.0859375,4.14033079147,214.450500488,-11.7511787415,-15.4654779434,303.021118164,-79.6494064331,145.037063599,-68.9504241943,50.0675888062,11.5725212097,-33.7281799316,37.8474769592],[-60.1433753967,-122.302970886,-84.1929550171,126.125076294,82.5714111328,-79.6494064331,283.817382812,-49.2318649292,98.6524353027,-35.1231155396,-9.16741657257,69.1183929443,-44.309715271],[-506.703552246,-49.5516662598,150.631103516,3.99756789207,-55.5959510803,145.037063599,-49.2318649292,187.524108887,-20.7491722107,45.6611061096,27.4853820801,-27.8524971008,32.8068771362],[-47.6471290588,-13.9495019913,-39.6410675049,36.5399436951,22.3344631195,-68.9504241943,98.6524353027,-20.7491722107,113.211967468,16.3592205048,0.585171341896,35.3971138,-32.4049720764],[-187.171981812,-11.1568889618,57.9894599915,-13.2714195251,-41.4465179443,50.0675888062,-35.1231155396,45.6611061096,16.3592205048,81.2690429688,29.8262672424,-11.3490123749,12.2240285873],[-119.732810974,23.3348560333,4.38807249069,-14.3040094376,2.8698861599,11.5725212097,-9.16741657257,27.4853820801,0.585171341896,29.8262672424,61.7591438293,15.5330410004,10.1683559418],[74.3648986816,-95.1346511841,-27.2913990021,39.4441986084,1.59452366829,-33.7281799316,69.1183929443,-27.8524971008,35.3971138,-11.3490123749,15.5330410004,80.3723602295,3.18126702309],[-51.7554130554,53.6666488647,-14.8526258469,-62.1103439331,-3.14953708649,37.8474769592,-44.309715271,32.8068771362,-32.4049720764,12.2240285873,10.1683559418,3.18126702309,91.1959686279]],"icov":[[0.00012547201186,-0.000325660832459,0.000775636930484,-0.000581498141401,0.000254144106293,0.000185959026567,0.000244472699706,-0.000447776110377,0.000737430062145,-0.000670365348924,0.000812219805084,-0.000841241388116,0.000495278742164],[-0.000325660832459,0.00424577994272,-0.00876627676189,0.0109649803489,-0.00766362017021,0.00395280402154,-0.00235388660803,0.00140308053233,-0.000880385399796,0.000706476683263,-0.00118512485642,0.00202835048549,-0.000542930793017],[0.000775636930484,-0.00876627676189,0.0265871286392,-0.0287557411939,0.0220283586532,-0.0143335666507,0.00728640751913,-0.0020819590427,-0.00216705119237,0.00210018479265,-0.00114066549577,0.0000614991295151,0.000416647613747],[-0.000581498141401,0.0109649803489,-0.0287557411939,0.0408630743623,-0.0313522033393,0.019481761381,-0.0090173240751,-0.00383678474464,0.00981909874827,-0.0107353338972,0.0104726748541,-0.00927112344652,0.00827920529991],[0.000254144106293,-0.00766362017021,0.0220283586532,-0.0313522033393,0.0341288521886,-0.0202126633376,0.00441107153893,0.00944253709167,-0.0155897242948,0.0192197486758,-0.0184254720807,0.0174745768309,-0.0114685259759],[0.000185959026567,0.00395280402154,-0.0143335666507,0.019481761381,-0.0202126633376,0.0210863575339,-0.00387964607216,-0.0105056567118,0.0166276264936,-0.016996614635,0.0157422218472,-0.0140610588714,0.0080802757293],[0.000244472699706,-0.00235388660803,0.00728640751913,-0.0090173240751,0.00441107153893,-0.00387964607216,0.00954545661807,-0.000961475481745,-0.00549028627574,0.00317948032171,0.000382098980481,-0.00361783918925,0.00102201499976],[-0.000447776110377,0.00140308053233,-0.0020819590427,-0.00383678474464,0.00944253709167,-0.0105056567118,-0.000961475481745,0.0195823106915,-0.0148908048868,0.0144167616963,-0.0189962331206,0.0190329793841,-0.0126270987093],[0.000737430062145,-0.000880385399796,-0.00216705119237,0.00981909874827,-0.0155897242948,0.0166276264936,-0.00549028627574,-0.0148908048868,0.0388474799693,-0.0317116007209,0.0265082325786,-0.0278766993433,0.0185925029218],[-0.000670365348924,0.000706476683263,0.00210018479265,-0.0107353338972,0.0192197486758,-0.016996614635,0.00317948032171,0.0144167616963,-0.0317116007209,0.0474148318172,-0.0350465141237,0.0303515549749,-0.0184643119574],[0.000812219805084,-0.00118512485642,-0.00114066549577,0.0104726748541,-0.0184254720807,0.0157422218472,0.000382098980481,-0.0189962331206,0.0265082325786,-0.0350465141237,0.0495744720101,-0.0345279686153,0.0177488178015],[-0.000841241388116,0.00202835048549,0.0000614991295151,-0.00927112344652,0.0174745768309,-0.0140610588714,-0.00361783918925,0.0190329793841,-0.0278766993433,0.0303515549749,-0.0345279686153,0.0477559790015,-0.0219309292734],[0.000495278742164,-0.000542930793017,0.000416647613747,0.00827920529991,-0.0114685259759,0.0080802757293,0.00102201499976,-0.0126270987093,0.0185925029218,-0.0184643119574,0.0177488178015,-0.0219309292734,0.0264296233654]],"mean":[-57.3901824951,128.711334229,-96.0101852417,-6.88898515701,-31.0037117004,-23.4467372894,-11.0424871445,-20.5037765503,-8.75916290283,-14.1415653229,-14.5702314377,2.30267930031,-11.7368040085]},"hfc":{"dmean":4.81985139847,"dmean2":6.51789045334,"dvar":82.8678970337,"dvar2":150.58656311,"max":240.973251343,"mean":14.7252464294,"median":10.6918325424,"min":1.26296966714e-16,"var":310.908996582},"melbands":{"dmean":[0.00036588445073,0.0009951464599,0.000573645811528,0.000831037817989,0.000640245561954,0.000435394293163,0.000187105906662,0.000146766818943,0.000153636690811,0.000134208588861,0.0000789045298006,0.0000613552765572,0.0000463197829959,0.0000414273599745,0.0000237225103774,0.0000204934385692,0.00000827502481116,0.00000866491609486,0.000008683946362,0.0000080055961007,0.00000638216033622,0.00000614930240772,0.00000477796129417,0.00000471196199214,0.00000349746801476,0.00000225591361414,0.00000172658405972,0.00000221180812332,0.00000156070359481,0.00000157130489242,0.00000118464402021,0.00000102740852981,8.54816278206e-7,4.9999073326e-7,1.98271351337e-7,9.55205550213e-8,3.69806159028e-8,2.05827088706e-8,1.61246926922e-8,1.31335058384e-8],"dmean2":[0.000525380601175,0.00154034909792,0.000974709400907,0.00124089431483,0.000995665090159,0.000692390778568,0.000294355937513,0.000236727588344,0.000239605418756,0.000207580742426,0.000122148630908,0.0000988963874988,0.0000722265322111,0.0000662706443109,0.000037755289668,0.0000325228356814,0.0000128486808535,0.0000137552033266,0.0000136618828037,0.0000128057499751,0.0000096628045867,0.00000957023621595,0.00000740075438443,0.00000727563428882,0.00000539464144822,0.0000034512804632,0.00000256108569374,0.00000333969910571,0.00000227335476666,0.00000229277497965,0.00000165212463799,0.00000146788465827,0.00000123303368582,7.33080128157e-7,2.9477880048e-7,1.46932109146e-7,6.12043464798e-8,3.52992657326e-8,2.75037681519e-8,2.24144773853e-8],"dvar":[0.00000119733601878,0.00000390483000956,7.38138965062e-7,0.00000217445403905,0.00000136628261771,0.00000100231079614,1.99577840476e-7,7.98100998622e-8,1.20340928333e-7,7.53680282628e-8,4.83636526383e-8,2.32608883266e-8,2.50126053203e-8,7.26455828826e-9,2.51015852548e-9,1.19057164127e-9,2.07747263836e-10,2.39843478411e-10,5.4932319804e-10,3.24048204936e-10,1.89983279109e-10,2.42759173874e-10,1.96333463376e-10,2.39593372919e-10,1.29011162864e-10,5.78750138092e-11,5.29037889885e-11,1.18188001053e-10,5.83622039585e-11,1.07202441368e-10,3.55333575064e-11,3.36894817599e-11,2.8825431625e-11,9.19919262293e-12,1.80009436176e-12,1.45131912673e-13,1.27377195773e-14,2.93586384079e-15,1.45749372163e-15,6.09520991317e-16],"dvar2":[0.00000215971772377,0.00000883159464138,0.00000208718006434,0.00000489612011734,0.00000336938455803,0.00000243520594267,4.29625799825e-7,1.81905974728e-7,2.83574024706e-7,1.77272454494e-7,1.18456284781e-7,5.55731034524e-8,5.17373450748e-8,1.7415111131e-8,6.17151885152e-9,2.94919866306e-9,5.04290109671e-10,5.8024890448e-10,1.31109523238e-9,8.39292413346e-10,4.31777752441e-10,5.96823035437e-10,4.6381629093e-10,5.96212801351e-10,2.99688412975e-10,1.29073376987e-10,1.16024467811e-10,2.55264004378e-10,1.17458320847e-10,2.487750006e-10,6.41507957866e-11,6.30260565959e-11,5.60061788613e-11,1.77087129682e-11,3.59611103916e-12,2.287371952e-13,3.05020901115e-14,7.62664061136e-15,3.77654679379e-15,1.58188601564e-15],"max":[0.0345472246408,0.0444685071707,0.014617790468,0.0351745449007,0.0225317105651,0.0286931078881,0.0132992425933,0.00878557004035,0.00835184473544,0.00572057301179,0.00384092959575,0.00448009325191,0.00690663186833,0.00227633677423,0.00173683511093,0.000564775953535,0.000485370808747,0.000552985235117,0.000806976517197,0.000513040402438,0.000481090391986,0.000469399034046,0.000517762557138,0.000608131231274,0.000308511516778,0.000254783575656,0.000326508481521,0.000381143647246,0.000261265988229,0.000499502464663,0.000250631564995,0.000226712858421,0.000184828881174,0.000118538373499,0.000105609135062,0.0000296269536193,0.0000048333581617,0.00000243441036218,0.00000139865073834,4.63477761059e-7],"mean":[0.000618943478912,0.00162723998073,0.000965295708738,0.00162557710428,0.00116021116264,0.000704772130121,0.000319260085234,0.000235001163674,0.000255795021076,0.000216841799556,0.00011632731912,0.0000963114871411,0.0000743628042983,0.000065147454734,0.0000377702417609,0.0000321548868669,0.0000158546426974,0.0000147838272824,0.0000135787940962,0.0000126353343148,0.0000111608669613,0.00000982421443041,0.00000700974533174,0.00000650263564239,0.00000486682210976,0.00000291376659334,0.0000022353078748,0.00000279043160845,0.00000210904795495,0.00000208808182833,0.00000170591385995,0.00000152011830323,0.00000126721715787,7.43766292999e-7,2.58835513023e-7,1.08306466018e-7,3.54681866099e-8,1.79503718556e-8,1.43700988886e-8,1.19002425691e-8],"median":[0.00016194730415,0.000579276354983,0.000544762006029,0.000772130908445,0.000668315216899,0.000331832648953,0.00015450961655,0.000108101186925,0.000118374402518,0.000104606690002,0.0000466082783532,0.0000479989903397,0.0000344719519489,0.0000308167582261,0.0000178577920451,0.000014305991499,0.00000745855322748,0.00000846743205329,0.00000577485707254,0.00000502201419295,0.00000542322823094,0.00000412878171119,0.00000245805131271,0.00000217143156078,0.00000141474049542,5.17722924087e-7,3.89938577428e-7,3.25733708451e-7,2.97649592085e-7,2.07218192827e-7,1.49161365925e-7,1.32190066893e-7,1.1528560151e-7,8.0374313427e-8,3.25419193814e-8,1.85616499948e-8,9.44003542003e-9,4.70525840512e-9,3.88707599441e-9,3.29617111383e-9],"min":[2.38435377971e-24,2.91722419359e-24,1.06715036443e-23,1.74318617417e-23,1.1635068841e-23,9.50104074248e-24,1.22930782324e-23,6.6261239481e-24,3.55810031501e-24,9.89836710348e-24,1.69182296732e-23,8.87775858582e-24,7.47980713163e-24,5.24056037113e-24,4.98035933471e-24,1.20869110126e-23,1.66994564561e-23,6.48676772489e-24,4.38339870545e-24,4.83843773584e-24,9.09624465758e-24,1.8509123883e-23,1.32389524345e-23,1.06039100976e-23,1.22133662045e-23,8.58349847982e-24,1.14022381226e-23,8.18084730771e-24,9.7834923896e-24,7.70648157958e-24,1.22607420351e-23,1.1395180184e-23,1.09258868315e-23,1.36720780922e-23,8.38139468248e-24,1.16188411833e-23,1.20415160118e-23,1.10077500831e-23,1.03911267013e-23,1.09984407356e-23],"var":[0.00000323334279528,0.00000939247092901,0.00000154830365773,0.00000596440304435,0.00000249476170211,0.00000173939656634,4.61283178765e-7,1.64401086522e-7,2.03268172072e-7,1.42500610423e-7,7.42941708154e-8,3.6510023449e-8,3.85763421207e-8,1.33182220807e-8,4.325080738e-9,2.37937824998e-9,6.94962087877e-10,4.60006616132e-10,8.74300576381e-10,5.92426274704e-10,3.97181287859e-10,3.75342645853e-10,2.95411389795e-10,3.14449244421e-10,2.08586911632e-10,1.05807397566e-10,1.01721651935e-10,2.11923922855e-10,1.0539145251e-10,1.55102666821e-10,9.50750658757e-11,8.77504457986e-11,6.61484617082e-11,2.30397350504e-11,4.47287215946e-12,3.8338348338e-13,1.30030983878e-14,2.41198285676e-15,1.2709432912e-15,6.05409069874e-16]},"melbands_crest":{"dmean":3.37447881699,"dmean2":5.48174190521,"dvar":8.24215221405,"dvar2":21.1500988007,"max":33.2387962341,"mean":13.7662210464,"median":12.9461011887,"min":1.86527717113,"var":21.7200031281},"melbands_flatness_db":{"dmean":0.035083707422,"dmean2":0.0525176562369,"dvar":0.00083258387167,"dvar2":0.0018474542303,"max":0.542085409164,"mean":0.274898946285,"median":0.277673006058,"min":0.00671722041443,"var":0.00389910605736},"melbands_kurtosis":{"dmean":5.52450418472,"dmean2":8.75229167938,"dvar":82.5041732788,"dvar2":194.952850342,"max":301.103485107,"mean":10.2466697693,"median":6.77600097656,"min":-1.77100813389,"var":162.06288147},"melbands_skewness":{"dmean":0.658766627312,"dmean2":1.03032171726,"dvar":0.426618635654,"dvar2":1.00249421597,"max":15.5236082077,"mean":2.30637383461,"median":2.1205368042,"min":-1.71827292442,"var":1.5384594202},"melbands_spread":{"dmean":4.5983133316,"dmean2":6.87226819992,"dvar":61.9307785034,"dvar2":116.59727478,"max":156.42024231,"mean":13.5030946732,"median":9.94761562347,"min":0.672199189663,"var":212.05581665},"mfcc":{"cov":[[10814.515625,1649.73632812,-1298.66320801,696.810241699,-565.168151855,164.313858032,-578.341003418,-65.6173782349,-303.106567383,-298.741455078,-115.019187927,-53.255531311,-91.1722869873],[1649.73632812,1893.61315918,-104.495452881,-242.502456665,55.5526618958,-59.5660171509,-74.6310501099,-141.20602417,-27.2252159119,-113.133872986,28.379655838,-45.1695556641,-56.0214385986],[-1298.66320801,-104.495452881,599.719116211,-160.359954834,137.809844971,-53.5416526794,111.119049072,5.51582288742,48.1280288696,86.7073745728,26.067445755,41.1154556274,-7.15942811966],[696.810241699,-242.502456665,-160.359954834,432.282806396,-116.184806824,96.7496948242,-59.5685539246,96.3269271851,-25.2866840363,7.24923706055,0.362872421741,8.51875114441,19.3182258606],[-565.168151855,55.5526618958,137.809844971,-116.184806824,242.71446228,-15.7531967163,88.1819839478,-35.4589233398,19.7298774719,7.69973564148,6.86921882629,0.189015701413,-12.3353099823],[164.313858032,-59.5660171509,-53.5416526794,96.7496948242,-15.7531967163,146.722442627,12.4355554581,48.064239502,5.2525806427,0.237263709307,-3.49107289314,-8.92576599121,19.5686588287],[-578.341003418,-74.6310501099,111.119049072,-59.5685539246,88.1819839478,12.4355554581,152.747238159,35.9734191895,37.9784698486,25.4562797546,0.471737235785,8.20701217651,7.11675024033],[-65.6173782349,-141.20602417,5.51582288742,96.3269271851,-35.4589233398,48.064239502,35.9734191895,138.316802979,21.4142150879,25.2477436066,-7.95887041092,13.7411470413,22.4337806702],[-303.106567383,-27.2252159119,48.1280288696,-25.2866840363,19.7298774719,5.2525806427,37.9784698486,21.4142150879,93.1235427856,17.9788589478,10.4573831558,0.818295538425,12.9082584381],[-298.741455078,-113.133872986,86.7073745728,7.24923706055,7.69973564148,0.237263709307,25.4562797546,25.2477436066,17.9788589478,91.4888381958,23.4554405212,21.7799015045,5.48554134369],[-115.019187927,28.379655838,26.067445755,0.362872421741,6.86921882629,-3.49107289314,0.471737235785,-7.95887041092,10.4573831558,23.4554405212,76.7059555054,20.3651371002,6.57894849777],[-53.255531311,-45.1695556641,41.1154556274,8.51875114441,0.189015701413,-8.92576599121,8.20701217651,13.7411470413,0.818295538425,21.7799015045,20.3651371002,66.3299942017,15.6808099747],[-91.1722869873,-56.0214385986,-7.15942811966,19.3182258606,-12.3353099823,19.5686588287,7.11675024033,22.4337806702,12.9082584381,5.48554134369,6.57894849777,15.6808099747,56.6528549194]],"icov":[[0.00019777523994,-0.000181497569429,0.000223470808123,-0.000236791805946,0.000153007931658,-0.000133125897264,0.000261222885456,0.0000398348129238,0.000186715275049,0.0000812903017504,0.000280403823126,-0.000313675089274,0.00028234772617],[-0.000181497569429,0.000834984704852,-0.000101333047496,0.000610936316662,-0.000258449639659,0.0000399729251512,0.0000831011348055,0.000044240954594,-0.000175220819074,0.000608299334999,-0.000804394250736,0.000401268596761,0.000177791996975],[0.000223470808123,-0.000101333047496,0.00282907113433,0.000390316097764,-0.000656452204566,0.000342333340086,-0.000355860131094,-0.000249940843787,-0.000155052024638,-0.00166715995874,0.000256895174971,-0.00128959130961,0.000890218885615],[-0.000236791805946,0.000610936316662,0.000390316097764,0.00433843815699,0.000270376564004,-0.00159054866526,0.0012329191668,-0.00235481653363,0.000599933497142,-0.000277140527032,-0.00107444485184,-0.0000910113667487,0.00021897139959],[0.000153007931658,-0.000258449639659,-0.000656452204566,0.000270376564004,0.00656097987667,-0.000554735830519,-0.00336639443412,0.00213410379365,0.000120125929243,0.000553854566533,-0.0000401328034059,-0.000205941745662,0.00099415704608],[-0.000133125897264,0.0000399729251512,0.000342333340086,-0.00159054866526,-0.000554735830519,0.00928756967187,-0.00136125960853,-0.00177239056211,-0.0000792255013948,0.0000095077266451,-0.000444156379672,0.00246192933992,-0.00265780021437],[0.000261222885456,0.0000831011348055,-0.000355860131094,0.0012329191668,-0.00336639443412,-0.00136125960853,0.0117848198861,-0.00365185900591,-0.00181397085544,-0.000498078064993,0.000819568289444,-0.000682126847096,0.000295234785881],[0.0000398348129238,0.000044240954594,-0.000249940843787,-0.00235481653363,0.00213410379365,-0.00177239056211,-0.00365185900591,0.0122208325192,-0.00173206778709,-0.00174500548746,0.00249186623842,-0.00157012557611,-0.00171558873262],[0.000186715275049,-0.000175220819074,-0.000155052024638,0.000599933497142,0.000120125929243,-0.0000792255013948,-0.00181397085544,-0.00173206778709,0.0133512988687,-0.00105250638444,-0.00157274946105,0.00185307557695,-0.00240011210553],[0.0000812903017504,0.000608299334999,-0.00166715995874,-0.000277140527032,0.000553854566533,0.0000095077266451,-0.000498078064993,-0.00174500548746,-0.00105250638444,0.0158142019063,-0.00395497493446,-0.00229936442338,0.00129131891299],[0.000280403823126,-0.000804394250736,0.000256895174971,-0.00107444485184,-0.0000401328034059,-0.000444156379672,0.000819568289444,0.00249186623842,-0.00157274946105,-0.00395497493446,0.0166283994913,-0.00461901072413,-0.000801579037216],[-0.000313675089274,0.000401268596761,-0.00128959130961,-0.0000910113667487,-0.000205941745662,0.00246192933992,-0.000682126847096,-0.00157012557611,0.00185307557695,-0.00229936442338,-0.00461901072413,0.0201397947967,-0.00566536001861],[0.00028234772617,0.000177791996975,0.000890218885615,0.00021897139959,0.00099415704608,-0.00265780021437,0.000295234785881,-0.00171558873262,-0.00240011210553,0.00129131891299,-0.000801579037216,-0.00566536001861,0.0221791695803]],"mean":[-714.465820312,183.638412476,-11.1732130051,25.6760253906,-8.99203014374,7.25341415405,-9.64412593842,5.70084238052,-3.20713400841,-7.72121191025,-3.73542571068,-4.51409339905,-2.57356095314]},"pitch_salience":{"dmean":0.0769492834806,"dmean2":0.126011267304,"dvar":0.00422031013295,"dvar2":0.0110238082707,"max":0.893254101276,"mean":0.613416612148,"median":0.627492785454,"min":0.122700490057,"var":0.0105393985286},"silence_rate_20dB":{"dmean":0,"dmean2":0,"dvar":0,"dvar2":0,"max":1,"mean":1,"median":1,"min":1,"var":0},"silence_rate_30dB":{"dmean":0.00899002701044,"dmean2":0.0179825797677,"dvar":0.00890859402716,"dvar2":0.0215904768556,"max":1,"mean":0.989466309547,"median":1,"min":0,"var":0.0104226842523},"silence_rate_60dB":{"dmean":0.022756004706,"dmean2":0.0455184057355,"dvar":0.0222390014678,"dvar2":0.0476641394198,"max":1,"mean":0.104073032737,"median":0,"min":0,"var":0.0932434946299},"spectral_centroid":{"dmean":181.314758301,"dmean2":264.503173828,"dvar":86172.8203125,"dvar2":147048.484375,"max":11027.0751953,"mean":746.359741211,"median":562.218017578,"min":164.391967773,"var":313667.84375},"spectral_complexity":{"dmean":2.89478850365,"dmean2":4.28041601181,"dvar":11.1366930008,"dvar2":20.633146286,"max":57,"mean":15.0561800003,"median":15,"min":0,"var":63.5691566467},"spectral_contrast_coeffs":{"dmean":[0.0534523688257,0.0476514957845,0.0373202711344,0.0302741453052,0.0271896608174,0.0529726222157],"dmean2":[0.0868344679475,0.078685246408,0.0614507198334,0.0488879680634,0.0433651730418,0.0834725648165],"dvar":[0.00183401966933,0.00147403555457,0.000884209119249,0.000555432110559,0.00049843324814,0.00225346162915],"dvar2":[0.00479868240654,0.00400313967839,0.00238597183488,0.00144133821595,0.00127436290495,0.00524122267962],"max":[-0.299446225166,-0.43687748909,-0.534206807613,-0.630783855915,-0.6656691432,-0.37287324667],"mean":[-0.594187200069,-0.755432128906,-0.793505728245,-0.804207086563,-0.812173247337,-0.747964322567],"median":[-0.58718419075,-0.758928060532,-0.796479940414,-0.803612470627,-0.808332562447,-0.764972567558],"min":[-0.93746471405,-0.968196749687,-0.965833246708,-0.975342154503,-0.957720577717,-0.957216322422],"var":[0.0104828048497,0.0048634079285,0.00270908651873,0.00240287324414,0.00202074507251,0.00774839986116]},"spectral_contrast_valleys":{"dmean":[0.407041281462,0.338249266148,0.308680176735,0.304945349693,0.416581988335,0.791097462177],"dmean2":[0.674980461597,0.543240010738,0.484190374613,0.452728480101,0.579718112946,1.30300223827],"dvar":[0.135593950748,0.106071189046,0.0908706560731,0.097015671432,0.159365028143,0.461642205715],"dvar2":[0.306858420372,0.213733643293,0.17326618731,0.172157809138,0.283639281988,1.21558701992],"max":[-5.14982461929,-4.41539287567,-5.12345838547,-5.83787345886,-5.26419258118,-9.07790088654],"mean":[-7.47244787216,-6.51535415649,-7.15235948563,-8.08260440826,-8.41925048828,-11.7886962891],"median":[-7.33384513855,-6.20639705658,-6.86607599258,-7.79349899292,-8.29857254028,-11.6030788422],"min":[-28.446762085,-27.2610969543,-26.9847812653,-27.1540279388,-27.4415893555,-27.2379055023],"var":[1.48696887493,1.80374825001,1.67875397205,1.54064059258,1.67056214809,1.51783704758]},"spectral_decrease":{"dmean":2.21748841511e-9,"dmean2":3.25602100837e-9,"dvar":8.74848963303e-18,"dvar2":1.92061858745e-17,"max":6.14840914726e-13,"mean":-6.73440547772e-9,"median":-5.29509236458e-9,"min":-5.13339450947e-8,"var":3.69178913014e-17},"spectral_energy":{"dmean":0.00868228077888,"dmean2":0.0127260033041,"dvar":0.000131012595375,"dvar2":0.000287148257485,"max":0.196785897017,"mean":0.0267528258264,"median":0.0212823133916,"min":1.11658929846e-20,"var":0.000565017806366},"spectral_energyband_high":{"dmean":0.000198903682758,"dmean2":0.000269428972388,"dvar":7.4616417578e-7,"dvar2":0.00000129566194573,"max":0.0297402683645,"mean":0.000329775968567,"median":0.0000560797343496,"min":8.36670005922e-21,"var":0.00000205507399187},"spectral_energyband_low":{"dmean":0.0040636183694,"dmean2":0.0062837083824,"dvar":0.0000580864143558,"dvar2":0.00012637033069,"max":0.171714738011,"mean":0.00728383194655,"median":0.00314961094409,"min":3.27979018765e-23,"var":0.000159073693794},"spectral_energyband_middle_high":{"dmean":0.00114352116361,"dmean2":0.00165300269146,"dvar":0.00000432454407928,"dvar2":0.00000922755589272,"max":0.0516395270824,"mean":0.00295147439465,"median":0.00197197892703,"min":1.53045387085e-21,"var":0.0000133822550197},"spectral_energyband_middle_low":{"dmean":0.00621429877356,"dmean2":0.00918863527477,"dvar":0.0000784301082604,"dvar2":0.000179284761543,"max":0.16313162446,"mean":0.0171196367592,"median":0.0130061134696,"min":3.37866601351e-22,"var":0.000273946759989},"spectral_entropy":{"dmean":0.233010411263,"dmean2":0.342990040779,"dvar":0.0448862612247,"dvar2":0.094377912581,"max":9.78620243073,"mean":7.06384515762,"median":7.01843166351,"min":5.14504241943,"var":0.219535902143},"spectral_flux":{"dmean":0.0185421966016,"dmean2":0.0298582538962,"dvar":0.000410722568631,"dvar2":0.00107115530409,"max":0.303338050842,"mean":0.0763151273131,"median":0.0724607259035,"min":1.05668786221e-10,"var":0.00173588842154},"spectral_kurtosis":{"dmean":5.08432006836,"dmean2":8.09853839874,"dvar":38.251953125,"dvar2":97.3350601196,"max":112.572929382,"mean":16.5054759979,"median":15.1426258087,"min":-1.20660448074,"var":76.3078765869},"spectral_rms":{"dmean":0.000769436650444,"dmean2":0.00109238002915,"dvar":6.07094193583e-7,"dvar2":0.00000124532641621,"max":0.0138559099287,"mean":0.00457653217018,"median":0.00455666892231,"min":3.30053844498e-12,"var":0.00000515577312399},"spectral_rolloff":{"dmean":341.075469971,"dmean2":562.425170898,"dvar":983579,"dvar2":2273263.5,"max":22050,"mean":980.525268555,"median":645.99609375,"min":64.599609375,"var":3095845.75},"spectral_skewness":{"dmean":0.412708967924,"dmean2":0.619449973106,"dvar":0.19469550252,"dvar2":0.440937876701,"max":8.48761558533,"mean":2.76804041862,"median":2.80488443375,"min":0.0309775676578,"var":0.680257320404},"spectral_spread":{"dmean":567144.8125,"dmean2":891690.0625,"dvar":421984075776,"dvar2":778401546240,"max":40071964,"mean":3061873.25,"median":2860772,"min":748488.1875,"var":1462958292990},"spectral_strongpeak":{"dmean":0.366807281971,"dmean2":0.59500837326,"dvar":0.247568801045,"dvar2":0.611771702766,"max":9.15713691711,"mean":0.728513717651,"median":0.548516750336,"min":0,"var":0.472969353199},"zerocrossingrate":{"dmean":0.0109002152458,"dmean2":0.0124733978882,"dvar":0.000233263010159,"dvar2":0.000268537172815,"max":0.73388671875,"mean":0.0505081005394,"median":0.03857421875,"min":0.00439453125,"var":0.00203049462289}},"metadata":{"audio_properties":{"analysis_sample_rate":44100,"bit_rate":128000,"codec":"mp3","downmix":"mix","equal_loudness":0,"length":165.302856445,"lossless":false,"md5_encoded":"27ac1bc1f4e910f12558c6e819693dbd","replay_gain":-5.46059608459,"sample_rate":44100},"tags":{"album":["Vitalogy"],"album artist credit":["Pearl Jam"],"albumartist":["Pearl Jam"],"albumartistsort":["Pearl Jam"],"artist":["Pearl Jam"],"artist credit":["Pearl Jam"],"artistsort":["Pearl Jam"],"asin":["B000025AP3"],"bpm":["0"],"catalognumber":["EPC 477861 2"],"date":["1994"],"discnumber":["1/1"],"file_name":"09 - Pearl Jam - Bugs.mp3","genre":["Rock - Alternative Metal / Punk"],"label":["Epic"],"language":["eng"],"media":["CD"],"musicbrainz album release country":["XE"],"musicbrainz album status":["Official"],"musicbrainz album type":["album"],"musicbrainz_albumartistid":["83b9cbe7-9857-49e2-ab8e-b57b01038103"],"musicbrainz_albumid":["826fc187-ddcc-3825-a361-d0086616d315"],"musicbrainz_artistid":["83b9cbe7-9857-49e2-ab8e-b57b01038103"],"musicbrainz_recordingid":["f6ff1f4c-51e1-4cd8-85f9-2752453c534d"],"musicbrainz_releasegroupid":["6e384e83-6cb1-36bd-813c-ca7d4cf4b9ba"],"originaldate":["1994-11-22"],"replaygain_album_gain":["0.00 dB"],"replaygain_album_peak":["0.000000"],"replaygain_track_gain":["0.00 dB"],"replaygain_track_peak":["0.000000"],"script":["Latn"],"title":["Bugs"],"tracknumber":["9/14"]},"version":{"essentia":"2.1-beta1","essentia_build_sha":"5a811adb4c06fd6d02ca903f7349a26d851abfa8","essentia_git_sha":"v2.1_beta1-34-gf95df8b","extractor":"music 1.0"}},"rhythm":{"beats_count":355,"beats_loudness":{"dmean":0.0248365718871,"dmean2":0.0430644527078,"dvar":0.000651849957649,"dvar2":0.00190045882482,"max":0.220730423927,"mean":0.0423989184201,"median":0.0382134355605,"min":2.12776445352e-8,"var":0.00095319270622},"beats_loudness_ba