{"lowlevel":{"average_loudness":0.453639924526,"barkbands":{"dmean":[0.0000584536574024,0.00160924531519,0.00221013720147,0.000920062651858,0.00173835037276,0.000877417682204,0.000707830186002,0.000403205864131,0.000291676056804,0.00026712694671,0.000127888008137,0.000164907192811,0.00028702308191,0.000157758229761,0.000117392657558,0.000130226340843,0.0000478681868117,0.0000235079151025,0.0000366745007341,0.000110243388917,0.000154324647156,0.000115666567581,0.000148376668221,0.0000643133171252,0.0000207774482988,0.00000432644083048,2.88984750796e-7],"dmean2":[0.0000742917254684,0.00262059038505,0.00349528994411,0.00142309931107,0.00263603264466,0.00125685683452,0.000998448813334,0.000586331356317,0.000392141460907,0.000359858648153,0.000183644937351,0.000232997641433,0.00036272010766,0.000241612331592,0.000163991033332,0.000181449984666,0.0000722314434825,0.0000352148708771,0.0000536785300937,0.000161145493621,0.000221438807785,0.00016631775361,0.000199930917006,0.000091314635938,0.0000306039473799,0.00000654208770356,4.33852051174e-7],"dvar":[9.07945363338e-9,0.000010399603525,0.000023189237254,0.00000764893593441,0.0000130297985379,0.00000510492918693,0.0000112550515041,0.000004759579042,0.00000169500947322,8.11765914932e-7,3.03563780335e-7,2.29509424798e-7,5.59875616091e-7,1.85101768579e-7,1.10467794912e-7,8.21557790687e-8,2.73106852688e-8,2.04688248573e-8,7.21756663324e-8,3.16825236268e-7,8.04141393473e-7,7.08570780716e-7,0.00000111660529001,1.83119709618e-7,1.38158915419e-8,1.18209486644e-9,2.80981141132e-12],"dvar2":[1.46262300049e-8,0.0000298404247587,0.0000599795639573,0.0000160014114954,0.0000288398296107,0.0000102030826383,0.0000228762728511,0.00000990871649265,0.0000031144222703,0.00000150328332893,5.75529327307e-7,4.75222066143e-7,9.33532191993e-7,4.47176887519e-7,2.21575902515e-7,1.52900440753e-7,6.28644158951e-8,4.02466540095e-8,1.30173006596e-7,6.07965603194e-7,0.00000157244824095,0.00000125742337787,0.00000196771725314,3.69540202882e-7,2.96800592992e-8,3.23652304957e-9,6.43598022099e-12],"max":[0.00268206512555,0.101035669446,0.178442388773,0.181446492672,0.0889082103968,0.0804030299187,0.122613124549,0.0718261003494,0.0560862347484,0.0319622792304,0.0213313344866,0.0129068307579,0.0244954526424,0.0158384237438,0.00856875069439,0.00614389590919,0.00602306984365,0.00726324925199,0.0178808365017,0.0148321073502,0.0281158275902,0.029612949118,0.0333295091987,0.016327150166,0.00368231860921,0.00196738308296,0.0000612609655946],"mean":[0.000249953824095,0.00468557560816,0.00645181303844,0.00269265123643,0.00444666016847,0.00192190194502,0.00128449196927,0.000686397193931,0.000624886946753,0.00059538835194,0.000234036546317,0.000354407820851,0.000934497220442,0.000420266238507,0.000340549682733,0.000372525828425,0.000101376768725,0.000046961944463,0.0000519070454175,0.000148819948663,0.000201602713787,0.00014526474115,0.000179273207323,0.0000777370441938,0.0000253055459325,0.00000549306969333,4.12027304719e-7],"median":[0.000210134778172,0.0022754734382,0.00358794257045,0.00143452535849,0.00205405335873,0.000753075466491,0.000235971776419,0.0000871311931405,0.000138179762871,0.00014429933799,0.0000781394192018,0.000128986765048,0.000219590685447,0.00018056803674,0.00012777558004,0.0001268657943,0.0000280424537777,0.00000978282332653,0.00000463101105197,0.00000495808035339,0.00000259021248894,3.38729364557e-7,8.58600159859e-8,4.26503206086e-8,3.86694551935e-8,4.62523033207e-8,5.17799989552e-8],"min":[3.20211559027e-25,2.71869433058e-24,1.71264088828e-24,6.43079755063e-25,7.63873657162e-24,6.85738877766e-24,1.12473941932e-23,6.34941323623e-24,1.1962001988e-23,1.99371877357e-23,2.26474708369e-23,2.31317809456e-23,2.77523885475e-23,3.41148168054e-23,3.18540929123e-23,6.32678436673e-23,8.28175397709e-23,7.01621535019e-23,1.52459953843e-22,1.44869067207e-22,2.52221020479e-22,3.32805799898e-22,3.8173764278e-22,5.18190990389e-22,8.76697045542e-22,1.37611642805e-21,1.92468994813e-21],"var":[4.0449148031e-8,0.0000474459557154,0.000123528312542,0.0000349759757228,0.000042615494749,0.0000137457382152,0.0000288226492557,0.00000859540796228,0.00000437432345279,0.00000212274676414,6.55400128835e-7,5.70337135741e-7,0.00000342561565958,6.24726055776e-7,3.89632418774e-7,3.71167260482e-7,5.30588515346e-8,4.62469245122e-8,1.51947389782e-7,5.47507397641e-7,0.00000151577125962,0.00000124234452414,0.00000196892483473,2.75969398444e-7,2.09410089269e-8,1.36670008644e-9,3.77641017416e-12]},"barkbands_crest":{"dmean":1.58253586292,"dmean2":2.50403428078,"dvar":3.01577281952,"dvar2":7.58130073547,"max":23.9695663452,"mean":10.5106430054,"median":10.0345258713,"min":2.85769844055,"var":13.6908216476},"barkbands_flatness_db":{"dmean":0.0181959047914,"dmean2":0.0269877240062,"dvar":0.000504383991938,"dvar2":0.000969059474301,"max":0.48817294836,"mean":0.227470219135,"median":0.221037149429,"min":0.0351408347487,"var":0.00491467304528},"barkbands_kurtosis":{"dmean":2.49309968948,"dmean2":3.81704163551,"dvar":16.5379142761,"dvar2":35.8280067444,"max":76.8974151611,"mean":6.15035867691,"median":3.28273868561,"min":-1.94646441936,"var":76.626083374},"barkbands_skewness":{"dmean":0.415789097548,"dmean2":0.607584655285,"dvar":0.294650763273,"dvar2":0.56698089838,"max":7.16461658478,"mean":1.80369055271,"median":1.76600253582,"min":-5.29695081711,"var":1.72753787041},"barkbands_spread":{"dmean":3.65066933632,"dmean2":5.52540111542,"dvar":64.1591567993,"dvar2":124.097618103,"max":120.809265137,"mean":14.926656723,"median":12.513876915,"min":0.582190990448,"var":177.50567627},"dissonance":{"dmean":0.020402347669,"dmean2":0.0334724709392,"dvar":0.000449057697551,"dvar2":0.00115482625552,"max":0.499999940395,"mean":0.446290373802,"median":0.454251617193,"min":0.156081289053,"var":0.00136721739545},"dynamic_complexity":4.27918148041,"erbbands":{"dmean":[0.0175979565829,0.471809506416,2.38990283012,2.61217260361,3.75987577438,7.28857707977,6.97800636292,7.07035732269,9.84975719452,10.1389694214,7.34892559052,6.79773902893,6.11318540573,8.5978717804,4.81015634537,6.29053735733,13.5991706848,8.29007816315,6.688393116,6.28350496292,7.50722455978,2.47957038879,1.43673050404,1.399746418,2.51176047325,5.31831455231,8.30102348328,3.82266330719,4.1428232193,3.85501194,4.64744567871,1.8251541853,0.973821699619,0.335824936628,0.10098426044,0.0332083441317,0.00448441691697,0.00062064267695,0.0000487882680318,0.00000956158055487],"dmean2":[0.0269065797329,0.771096646786,3.82122445107,4.04801034927,5.92190361023,11.040014267,10.1544828415,10.0987977982,13.9674930573,14.2575750351,10.2090959549,8.75976467133,8.31166744232,11.3211517334,6.69594478607,8.8836107254,16.9876708984,12.2082080841,9.48314476013,9.04240512848,10.2817955017,3.5393204689,2.07698225975,1.99791955948,3.66355156898,7.75673246384,12.0346240997,5.52204275131,5.89024877548,5.1450252533,6.54182624817,2.54251050949,1.40244376659,0.498136550188,0.147065982223,0.0500204861164,0.00656169187278,0.000900200160686,0.0000721155884094,0.0000136959224619],"dvar":[0.0020772148855,0.856561362743,25.3831939697,34.2847213745,61.3926696777,304.605255127,320.035125732,461.32522583,2539.92333984,2572.87329102,1731.18981934,1086.00952148,521.900878906,1148.25219727,274.231994629,317.278411865,1256.30944824,547.261352539,336.895172119,257.408294678,295.834289551,63.2717933655,36.1294784546,174.492355347,223.421920776,717.026916504,2226.37768555,518.500671387,776.106201172,1120.21044922,1120.18151855,192.291366577,38.8573379517,3.39312028885,0.444302290678,0.0767486765981,0.000572089105844,0.00000983594964055,7.91114587173e-8,4.61784693817e-10],"dvar2":[0.00540299806744,2.47952580452,67.1924819946,78.6162872314,138.957855225,706.699279785,607.603942871,887.971557617,5112.71044922,5143.05957031,3354.34838867,2044.85913086,933.661865234,2285.92602539,536.098388672,667.005371094,2105.36669922,1257.25085449,687.526672363,573.856567383,552.294677734,139.131591797,64.9030151367,286.254211426,453.317260742,1389.0189209,4319.8671875,993.555786133,1355.05847168,1788.87451172,2199.61401367,414.760528564,80.0993881226,7.07591533661,1.00577151775,0.210833713412,0.0011161690345,0.0000208436795219,1.79154682201e-7,9.1853125106e-10],"max":[1.84048545361,28.1875495911,171.609954834,315.4871521,389.035491943,412.888244629,529.898071289,907.690490723,2027.55090332,2777.88671875,1871.14855957,1134.05456543,947.447814941,1503.84912109,712.081054688,469.374084473,1115.69726562,792.758911133,550.112426758,507.636474609,381.835845947,293.979003906,321.234985352,928.037597656,716.859008789,664.922485352,1621.33459473,599.288757324,966.408569336,2244.55273438,1166.5526123,657.463745117,184.71913147,48.2122192383,33.0642700195,16.2288742065,0.901958227158,0.0805479735136,0.0111205074936,0.000474753673188],"mean":[0.0632710233331,1.37537205219,7.14494132996,7.93899679184,10.07143116,17.3834209442,16.2231369019,15.8935260773,18.1267242432,17.9448375702,13.7157659531,14.2976150513,14.4466276169,19.1200695038,11.2510118484,15.7029056549,45.532875061,24.2918777466,19.154083252,17.4188957214,21.4035644531,6.22955322266,3.27506303787,2.25719261169,3.49344015121,7.2446475029,10.9063224792,5.02571487427,5.25945472717,4.69340085983,5.45949268341,2.16782832146,1.15789711475,0.406984180212,0.125674664974,0.0412107370794,0.00604908540845,0.000820361427031,0.0000822638248792,0.0000357078279194],"median":[0.0319747142494,0.717353820801,4.18078136444,4.70233488083,5.67906188965,7.14192247391,6.75148010254,5.88232278824,3.94051337242,3.49007916451,2.19058775902,3.40832185745,4.46242141724,4.49482345581,4.89356279373,7.04795455933,11.2581911087,9.92004680634,8.1234588623,7.52455329895,6.61551475525,1.87944555283,0.80142813921,0.349734187126,0.231318801641,0.270137488842,0.212332755327,0.0452919155359,0.0162745043635,0.0052253655158,0.00213710288517,0.0010466305539,0.000660421268549,0.000449546932941,0.000298114930047,0.000182278454304,0.0000942652695812,0.0000345817570633,0.0000209173267649,0.0000250397733907],"min":[8.25831723514e-23,7.22332996044e-22,2.73986594048e-21,3.6119358435e-21,1.31761317046e-20,2.17052612787e-20,3.2273198e-20,8.17388151194e-20,1.8661972686e-19,1.75848982254e-19,3.47504779188e-19,3.00849311098e-19,6.07910128211e-19,8.83485039091e-19,9.02891833635e-19,1.14570573937e-18,1.58209603846e-18,1.98140962095e-18,2.39534424116e-18,3.09526973391e-18,3.76983428268e-18,5.43075422286e-18,4.68100102437e-18,6.15792745859e-18,8.78071079943e-18,6.22742676006e-18,9.67191519139e-18,1.16760985422e-17,1.15727431518e-17,1.16729105881e-17,9.98867159926e-18,1.01968655148e-17,9.18964325168e-18,7.97966578551e-18,6.52949823052e-18,4.60473290394e-18,2.24271804441e-18,9.6233572079e-19,2.51302588274e-19,2.71550341157e-20],"var":[0.00755452271551,3.79259228706,129.521560669,144.294448853,288.829498291,817.634277344,1081.30957031,1175.69299316,6035.06933594,5330.65380859,3152.44018555,2440.48217773,1659.09692383,2690.015625,720.182983398,833.98651123,7751.92724609,2182.75585938,1269.65283203,676.209533691,1382.72949219,147.376602173,96.8284835815,433.457855225,368.146575928,1290.25976562,4060.00463867,1025.44311523,1467.75341797,2079.76977539,1765.96984863,257.367950439,57.2683029175,5.216817379,0.625338971615,0.085922755301,0.00112979323603,0.0000168567403307,1.11490663812e-7,1.52785373242e-9]},"erbbands_crest":{"dmean":1.82495355606,"dmean2":2.83471393585,"dvar":4.29858541489,"dvar2":10.3559417725,"max":27.1737804413,"mean":9.64584159851,"median":8.68223571777,"min":2.07289171219,"var":17.3313140869},"erbbands_flatness_db":{"dmean":0.0137775270268,"dmean2":0.0199136678129,"dvar":0.000287926348392,"dvar2":0.00060313695576,"max":0.387253552675,"mean":0.233038544655,"median":0.249231472611,"min":0.02316499874,"var":0.00318701099604},"erbbands_kurtosis":{"dmean":0.935872018337,"dmean2":1.39534175396,"dvar":3.97409796715,"dvar2":8.07086181641,"max":49.0812263489,"mean":0.708468198776,"median":-0.337816953659,"min":-1.81564354897,"var":11.9846944809},"erbbands_skewness":{"dmean":0.331339687109,"dmean2":0.473794341087,"dvar":0.20202831924,"dvar2":0.349618285894,"max":4.93163204193,"mean":-0.0899999141693,"median":-0.184327870607,"min":-5.21450471878,"var":1.11197817326},"erbbands_spread":{"dmean":5.44594144821,"dmean2":8.27444076538,"dvar":78.9988021851,"dvar2":193.290390015,"max":149.408050537,"mean":30.6855487823,"median":28.705537796,"min":3.7516887188,"var":225.516998291},"gfcc":{"cov":[[23082.4492188,1101.04101562,-2954.33398438,1229.70410156,-1219.58776855,296.767822266,-638.501159668,43.0841369629,-581.827270508,127.514320374,-197.872497559,-475.965209961,241.981384277],[1101.04101562,3169.26635742,-951.101379395,-865.734985352,1248.70019531,-560.146179199,266.920349121,-318.767700195,184.11567688,-206.328826904,-67.4778366089,-82.0844421387,39.088218689],[-2954.33398438,-951.101379395,1660.90246582,103.992591858,-361.31652832,370.480194092,-124.47277832,165.91267395,-52.8375701904,41.1115722656,105.535354614,59.3502426147,-31.7848720551],[1229.70410156,-865.734985352,103.992591858,568.617004395,-388.671386719,191.000061035,-41.5137786865,37.1554298401,-62.6745491028,65.7838516235,13.1767396927,-4.03908109665,9.41943740845],[-1219.58776855,1248.70019531,-361.31652832,-388.671386719,894.055236816,-212.783676147,163.071685791,-159.447128296,148.332778931,-100.968597412,-51.5112686157,18.7986793518,-4.80905294418],[296.767822266,-560.146179199,370.480194092,191.000061035,-212.783676147,344.950958252,-73.1085510254,71.1039810181,-46.449596405,28.8789615631,14.3643922806,6.67262172699,-14.7511758804],[-638.501159668,266.920349121,-124.47277832,-41.5137786865,163.071685791,-73.1085510254,236.913513184,-59.1032295227,51.0334968567,-26.1830558777,-5.86938810349,6.50716114044,-32.1309204102],[43.0841369629,-318.767700195,165.91267395,37.1554298401,-159.447128296,71.1039810181,-59.1032295227,172.655776978,-26.8519821167,27.6015987396,25.0794200897,-15.2676019669,1.96157717705],[-581.827270508,184.11567688,-52.8375701904,-62.6745491028,148.332778931,-46.449596405,51.0334968567,-26.8519821167,129.524780273,-4.64520454407,-33.7677078247,15.93861866,-0.957328855991],[127.514320374,-206.328826904,41.1115722656,65.7838516235,-100.968597412,28.8789615631,-26.1830558777,27.6015987396,-4.64520454407,99.7970733643,14.7972097397,-24.4328708649,10.378247261],[-197.872497559,-67.4778366089,105.535354614,13.1767396927,-51.5112686157,14.3643922806,-5.86938810349,25.0794200897,-33.7677078247,14.7972097397,121.219985962,1.35305261612,-42.1305847168],[-475.965209961,-82.0844421387,59.3502426147,-4.03908109665,18.7986793518,6.67262172699,6.50716114044,-15.2676019669,15.93861866,-24.4328708649,1.35305261612,106.184616089,-9.79741477966],[241.981384277,39.088218689,-31.7848720551,9.41943740845,-4.80905294418,-14.7511758804,-32.1309204102,1.96157717705,-0.957328855991,10.378247261,-42.1305847168,-9.79741477966,113.405250549]],"icov":[[0.000451516738394,-0.00132272858173,0.000872120028362,-0.00156299339142,0.00126592826564,-0.00119027891196,0.0012042344315,-0.000848225259688,0.00122636684682,-0.000644977262709,0.000926980399527,-0.000187022000318,0.000519056979101],[-0.00132272858173,0.00521336309612,-0.00230484851636,0.00561785511672,-0.00465887226164,0.00384704535827,-0.00373092456721,0.00343428738415,-0.00372209469788,0.00302063324489,-0.00341718667187,0.00199302355759,-0.00230594654568],[0.000872120028362,-0.00230484851636,0.00266666547395,-0.00249711005017,0.00251207058318,-0.003201644402,0.00232689245604,-0.00177960202564,0.00205424590968,-0.00102454202715,0.000960133911576,-0.000593124306761,0.000685018894728],[-0.00156299339142,0.00561785511672,-0.00249711005017,0.0092851659283,-0.00386923458427,0.00290469778702,-0.00490704132244,0.00440168520436,-0.00435620034114,0.0023034340702,-0.00391472270712,0.00148812006228,-0.00289841438644],[0.00126592826564,-0.00465887226164,0.00251207058318,-0.00386923458427,0.00667124101892,-0.00376248289831,0.00286736758426,-0.00183169392403,0.00181122019421,-0.00146446970757,0.002769644605,-0.00135586166289,0.00162874860689],[-0.00119027891196,0.00384704535827,-0.003201644402,0.00290469778702,-0.00376248289831,0.00833198707551,-0.00249729608186,0.00169205339625,-0.0025087185204,0.00189353525639,-0.00146614317782,0.000871328637004,-0.000401269964641],[0.0012042344315,-0.00373092456721,0.00232689245604,-0.00490704132244,0.00286736758426,-0.00249729608186,0.00881692394614,-0.00158993946388,0.00197648955509,-0.00130256696139,0.00246265297756,-0.000433755107224,0.00311179761775],[-0.000848225259688,0.00343428738415,-0.00177960202564,0.00440168520436,-0.00183169392403,0.00169205339625,-0.00158993946388,0.010174209252,-0.00296062510461,0.00159013050143,-0.00326717528515,0.00247034104541,-0.00189308717381],[0.00122636684682,-0.00372209469788,0.00205424590968,-0.00435620034114,0.00181122019421,-0.0025087185204,0.00197648955509,-0.00296062510461,0.0145759601146,-0.00438819173723,0.00586795806885,-0.00244946498424,0.00245839077979],[-0.000644977262709,0.00302063324489,-0.00102454202715,0.0023034340702,-0.00146446970757,0.00189353525639,-0.00130256696139,0.00159013050143,-0.00438819173723,0.0149698769674,-0.00407306291163,0.00444125663489,-0.00289222109132],[0.000926980399527,-0.00341718667187,0.000960133911576,-0.00391472270712,0.002769644605,-0.00146614317782,0.00246265297756,-0.00326717528515,0.00586795806885,-0.00407306291163,0.0137890456244,-0.00164226046763,0.00587820727378],[-0.000187022000318,0.00199302355759,-0.000593124306761,0.00148812006228,-0.00135586166289,0.000871328637004,-0.000433755107224,0.00247034104541,-0.00244946498424,0.00444125663489,-0.00164226046763,0.0124255400151,-0.000651258742437],[0.000519056979101,-0.00230594654568,0.000685018894728,-0.00289841438644,0.00162874860689,-0.000401269964641,0.00311179761775,-0.00189308717381,0.00245839077979,-0.00289222109132,0.00587820727378,-0.000651258742437,0.0122821573168]],"mean":[-109.698417664,172.565948486,-110.598579407,9.00415229797,-13.801243782,1.66711258888,-29.1853027344,-11.6088104248,-22.0199699402,0.427779495716,-14.6179218292,-10.8225212097,-1.14731061459]},"hfc":{"dmean":5.30552196503,"dmean2":6.9244260788,"dvar":357.941986084,"dvar2":559.696105957,"max":473.872711182,"mean":14.3796138763,"median":7.03969860077,"min":1.0566976892e-16,"var":885.90612793},"melbands":{"dmean":[0.000288333976641,0.00103401311208,0.000456443114672,0.000400034681661,0.00025354482932,0.00016235250223,0.000147722181282,0.000106845021946,0.0000553913487238,0.000042270290578,0.0000311139810947,0.0000369286608475,0.000016825624698,0.0000184047730727,0.0000220469810301,0.0000297225560644,0.0000143060842674,0.0000117543777378,0.0000086361906142,0.00000767656911194,0.00000914148222364,0.00000263922333943,0.00000201143052436,9.97359620669e-7,0.00000116453077226,0.00000156913472438,0.00000261093168774,0.00000382199277738,0.00000562589593756,0.00000401219631385,0.00000182379710623,0.00000238155871557,0.00000237908420786,0.00000216466128222,0.00000289011495624,0.00000198904035642,8.78596381426e-7,7.72333919485e-7,4.50337637403e-7,2.39400293367e-7],"dmean2":[0.000460150127765,0.00166696705855,0.000711578817572,0.000610597198829,0.000370912515791,0.000231239202549,0.00020643962489,0.000150574414874,0.0000776099404902,0.0000550435725017,0.0000428289094998,0.0000491117607453,0.0000237489166466,0.0000256396906479,0.0000298009326798,0.0000374335577362,0.0000221364753088,0.0000170951498148,0.0000121263910842,0.000011105993508,0.0000126665245261,0.00000398152315029,0.00000298724694403,0.00000142875876463,0.00000168612052676,0.00000233377727454,0.00000385365410693,0.00000570126076127,0.0000082901224232,0.00000585381758356,0.00000266736674348,0.00000349887272932,0.00000349118704435,0.00000304798004436,0.00000415863087255,0.00000279882965515,0.0000013052219856,0.0000011265132116,6.94343555097e-7,3.63481262866e-7],"dvar":[3.62520864883e-7,0.0000042413034862,0.00000105877290935,7.12674022907e-7,3.91815007106e-7,2.35441220298e-7,5.23500261806e-7,2.81997841967e-7,9.52398835352e-8,4.0395818246e-8,1.30203909876e-8,2.04478673993e-8,3.98837540772e-9,3.1334073114e-9,3.58075413764e-9,6.72201405649e-9,2.03775929464e-9,9.50519774001e-10,5.14193854162e-10,3.23888249554e-10,4.78534656345e-10,9.02554211923e-11,5.6079672156e-11,4.45862340104e-11,1.3363782303e-10,1.41660405628e-10,2.33769309466e-10,3.75096925742e-10,1.00512798085e-9,5.99926885947e-10,1.29783697678e-10,2.74059386296e-10,3.65624364118e-10,3.87304688321e-10,4.91924612156e-10,2.08323719386e-10,4.94011880015e-11,2.56567874585e-11,8.29554654136e-12,1.63407709673e-12],"dvar2":[9.93393314275e-7,0.0000117016516015,0.00000239365772359,0.00000168784140442,7.4324225352e-7,4.53863236771e-7,0.00000106538766431,5.76579054723e-7,1.85118196327e-7,7.40140890798e-8,2.3430695606e-8,4.08908498173e-8,7.21086657052e-9,6.73880462543e-9,6.61172494532e-9,1.00376951195e-8,4.88487428285e-9,2.00333816203e-9,1.06785269516e-9,6.84585832467e-10,9.25228116344e-10,2.15863632524e-10,1.22644061573e-10,7.77380729233e-11,2.21343568474e-10,2.98905789009e-10,5.16424236707e-10,7.5612166528e-10,2.00261718319e-9,1.2871783639e-9,2.61752924891e-10,5.24846666128e-10,6.93364976545e-10,6.22248474969e-10,1.01088604154e-9,4.20429469017e-10,1.13891840403e-10,5.31791208291e-11,1.8338386365e-11,3.54433778334e-12],"max":[0.018550446257,0.0616082362831,0.0595344677567,0.020233348012,0.0189077779651,0.0187011379749,0.027465607971,0.02760511823,0.0130734061822,0.00663036154583,0.00458308914676,0.00612437119707,0.00328358192928,0.00152511429042,0.00227354001254,0.00335428677499,0.00164454919286,0.000913891009986,0.000709522515535,0.000507534423377,0.000579029321671,0.000390006200178,0.000404067133786,0.000384796934668,0.000832067220472,0.000736168876756,0.000529914570507,0.000425673410064,0.00109456991777,0.000672939466313,0.000303813343635,0.00054315716261,0.000786004064139,0.00121462414972,0.000896071491297,0.000560672488064,0.000322174280882,0.000153683751705,0.0000677536736475,0.0000348073990608],"mean":[0.000940142082982,0.00312194623984,0.0014766047243,0.00102140475065,0.000628490000963,0.000357515178621,0.000275404920103,0.000190021499293,0.000105006532976,0.0000886175621417,0.0000723671037122,0.0000818198532215,0.0000357948010787,0.000039430167817,0.0000629415590083,0.0000992603891063,0.0000377706783183,0.0000302354055748,0.0000251712554018,0.0000207403063541,0.000024869264962,0.0000054597635426,0.00000439742098024,0.0000019749884359,0.0000017455517991,0.00000208041797123,0.00000335341292157,0.00000500195847053,0.00000725859263184,0.00000494799951412,0.00000226841666517,0.0000029838267892,0.00000282750215774,0.00000254240831055,0.00000335491699843,0.00000226538691095,9.97565393845e-7,8.94158063147e-7,5.23375149442e-7,2.82706281496e-7],"median":[0.000463609001599,0.00196302006952,0.000914007599931,0.000500021735206,0.000283135974314,0.000130780696054,0.000057128687331,0.000037195499317,0.00001848077045,0.0000193441373995,0.0000226372139878,0.0000181521845661,0.0000144280165841,0.0000128955753098,0.000021796902729,0.0000230131809076,0.0000146745278471,0.0000120143949971,0.00000981667562883,0.00000835497394291,0.00000670023746352,0.00000154520341766,8.61317289491e-7,3.75909195327e-7,2.10938495115e-7,1.55238026878e-7,1.40962754358e-7,1.5601484904e-7,1.60795792681e-7,4.52440822585e-8,1.18541567673e-8,8.67196359167e-9,3.23491011756e-9,1.94320937119e-9,1.22219823151e-9,7.05798308687e-10,5.38234623537e-10,4.51840176385e-10,3.6507907808e-10,3.51346923777e-10],"min":[1.07501960694e-24,1.11007185241e-24,1.16740192426e-24,1.43625637038e-24,1.10769343678e-24,1.61489865554e-24,2.74468138095e-24,1.68379737257e-24,2.57261188486e-24,1.79192417027e-24,2.28463406989e-24,2.26784612375e-24,3.6699158263e-24,2.47380429547e-24,2.64262151526e-24,2.26090848652e-24,3.38001457123e-24,3.09648494569e-24,2.94349207844e-24,4.63357884179e-24,3.33685520224e-24,4.55851754337e-24,3.05198076608e-24,3.03218864039e-24,4.26766137217e-24,5.4391635982e-24,4.69020603858e-24,3.78910639819e-24,4.72069906244e-24,5.6608792665e-24,5.9749666025e-24,5.84323984753e-24,5.58800469051e-24,6.29702498351e-24,4.253308048e-24,5.91201353011e-24,5.79924428599e-24,5.93278936534e-24,6.82569865738e-24,6.00668827722e-24],"var":[0.00000180268727945,0.0000195081047423,0.00000507398635818,0.00000210992516259,0.00000139328085424,5.88439036164e-7,0.00000130767887185,5.6856839592e-7,1.71015770434e-7,9.52709697799e-8,4.10769409598e-8,4.81076938286e-8,1.00081773979e-8,7.00505164986e-9,1.72159744238e-8,4.5626283196e-8,7.44564720989e-9,3.33158456378e-9,1.6547575532e-9,1.0050157373e-9,2.08895545306e-9,1.49048065556e-10,1.3720326264e-10,1.12828635324e-10,3.29435367874e-10,2.22362919744e-10,3.23650745093e-10,6.37213948274e-10,1.76641934413e-9,1.01858643742e-9,2.31038368992e-10,4.85708695486e-10,5.77878578323e-10,7.11730563374e-10,7.26568361031e-10,2.98228552964e-10,5.9173679845e-11,3.70960068219e-11,1.11844214445e-11,2.39164330701e-12]},"melbands_crest":{"dmean":2.30428934097,"dmean2":3.70461440086,"dvar":6.19724988937,"dvar2":16.8065280914,"max":35.061378479,"mean":15.393324852,"median":14.9347019196,"min":1.56586802006,"var":26.5372180939},"melbands_flatness_db":{"dmean":0.0243373159319,"dmean2":0.0349706113338,"dvar":0.000923932821024,"dvar2":0.00160519743804,"max":0.649962246418,"mean":0.337502062321,"median":0.333965271711,"min":0.00306692975573,"var":0.010105301626},"melbands_kurtosis":{"dmean":5.40044689178,"dmean2":8.25209999084,"dvar":80.1521072388,"dvar2":186.944213867,"max":156.681854248,"mean":15.4076852798,"median":9.83299541473,"min":-1.93071246147,"var":296.00402832},"melbands_skewness":{"dmean":0.54371124506,"dmean2":0.812004446983,"dvar":0.481178164482,"dvar2":1.06035757065,"max":10.9162111282,"mean":2.93609237671,"median":2.7949025631,"min":-2.2286658287,"var":2.45232272148},"melbands_spread":{"dmean":5.15160512924,"dmean2":7.43599271774,"dvar":194.29069519,"dvar2":322.859191895,"max":240.083374023,"mean":18.0790538788,"median":11.1056098938,"min":0.635463297367,"var":646.798522949},"mfcc":{"cov":[[10637.9345703,62.8520126343,-737.326721191,429.678100586,-486.971679688,-176.246505737,227.12612915,-494.49118042,79.1746444702,181.084274292,-420.447906494,203.060440063,-168.05178833],[62.8520126343,3712.75488281,-1286.75891113,-175.931091309,531.655822754,20.6461315155,11.0670137405,13.9099388123,96.8128509521,-84.5957260132,32.8159179688,-110.637084961,-26.9045543671],[-737.326721191,-1286.75891113,1635.22839355,-63.0234298706,-71.6844711304,65.1535491943,61.3271064758,42.8589668274,-77.8803482056,36.1118621826,-61.2291984558,101.1901474,19.1383476257],[429.678100586,-175.931091309,-63.0234298706,251.960998535,-70.058807373,14.2454814911,14.3767652512,-14.8492279053,-2.64623403549,9.91344642639,-9.58078098297,1.99475252628,14.8913450241],[-486.971679688,531.655822754,-71.6844711304,-70.058807373,342.992156982,77.2429504395,-15.255484581,36.0962944031,18.4583873749,-1.86318969727,6.00829172134,-18.381734848,3.65220737457],[-176.246505737,20.6461315155,65.1535491943,14.2454814911,77.2429504395,295.436950684,-8.46960735321,60.1562690735,24.794719696,-15.9378356934,40.0420265198,-56.70520401,10.7480945587],[227.12612915,11.0670137405,61.3271064758,14.3767652512,-15.255484581,-8.46960735321,147.862960815,-2.61219501495,-26.6749706268,26.43633461,12.5494642258,21.778635025,-20.952495575],[-494.49118042,13.9099388123,42.8589668274,-14.8492279053,36.0962944031,60.1562690735,-2.61219501495,179.473083496,-15.602183342,-47.8586120605,61.8816642761,-15.2891511917,22.1898212433],[79.1746444702,96.8128509521,-77.8803482056,-2.64623403549,18.4583873749,24.794719696,-26.6749706268,-15.602183342,191.813690186,-17.9473056793,-32.9193229675,13.4224090576,-24.5767555237],[181.084274292,-84.5957260132,36.1118621826,9.91344642639,-1.86318969727,-15.9378356934,26.43633461,-47.8586120605,-17.9473056793,162.647018433,-7.24167871475,-32.200466156,-3.94470357895],[-420.447906494,32.8159179688,-61.2291984558,-9.58078098297,6.00829172134,40.0420265198,12.5494642258,61.8816642761,-32.9193229675,-7.24167871475,174.905700684,-12.2453813553,-7.04854202271],[203.060440063,-110.637084961,101.1901474,1.99475252628,-18.381734848,-56.70520401,21.778635025,-15.2891511917,13.4224090576,-32.200466156,-12.2453813553,149.786270142,-5.03009271622],[-168.05178833,-26.9045543671,19.1383476257,14.8913450241,3.65220737457,10.7480945587,-20.952495575,22.1898212433,-24.5767555237,-3.94470357895,-7.04854202271,-5.03009271622,90.5530395508]],"icov":[[0.000151328495122,-0.000021793814085,0.0000964357677731,-0.000152947046445,0.0002163824538,-0.000143280456541,-0.000155926842126,0.000172355139512,0.000073748480645,-0.000151264641318,0.0003668309364,-0.00027299913927,0.000235916813836],[-0.000021793814085,0.000539344735444,0.000377869873773,0.000310100149363,-0.000748660822865,0.000099721866718,-0.000389636465115,0.0000479517984786,-0.0000926870779949,0.000318820413668,0.0000192722454813,0.000251325691352,-0.0000904109911062],[0.0000964357677731,0.000377869873773,0.00111342337914,0.000445224955911,-0.0000947615990299,-0.000493177212775,-0.000546294089872,-0.000216156011447,0.000385975465178,-0.000282075779978,0.000816941901576,-0.000776312372182,0.0000845607137308],[-0.000152947046445,0.000310100149363,0.000445224955911,0.00483754323795,0.000493134371936,-0.000570091360714,-0.000594276585616,0.0000334961769113,-0.0000395924325858,-0.0000420578144258,0.0000799984190962,-0.0000331147020916,-0.00118746375665],[0.0002163824538,-0.000748660822865,-0.0000947615990299,0.000493134371936,0.00475074537098,-0.00134330161382,0.000455279659946,-0.000470842525829,0.000156508962391,-0.00106179062277,0.000861585664097,-0.000989936292171,0.000314921344398],[-0.000143280456541,0.000099721866718,-0.000493177212775,-0.000570091360714,-0.00134330161382,0.00473182089627,-0.0000826960167615,-0.000776887871325,-0.00115519808605,0.000844386988319,-0.00136873486917,0.00231990567409,-0.000628931680694],[-0.000155926842126,-0.000389636465115,-0.000546294089872,-0.000594276585616,0.000455279659946,-0.0000826960167615,0.00840035639703,-0.000692377332598,0.00119496555999,-0.00157315097749,-0.000736576505005,-0.00140415143687,0.00203332910314],[0.000172355139512,0.0000479517984786,-0.000216156011447,0.0000334961769113,-0.000470842525829,-0.000776887871325,-0.000692377332598,0.00809448119253,0.000100325763924,0.00231930124573,-0.0021860585548,0.000777596607804,-0.00165695347823],[0.000073748480645,-0.0000926870779949,0.000385975465178,-0.0000395924325858,0.000156508962391,-0.00115519808605,0.00119496555999,0.000100325763924,0.00636288942769,0.0000713149856892,0.00165979086887,-0.00135553802829,0.00220091454685],[-0.000151264641318,0.000318820413668,-0.000282075779978,-0.0000420578144258,-0.00106179062277,0.000844386988319,-0.00157315097749,0.00231930124573,0.0000713149856892,0.00808991026133,-0.000861571228597,0.00292726326734,-0.000641891499981],[0.0003668309364,0.0000192722454813,0.000816941901576,0.0000799984190962,0.000861585664097,-0.00136873486917,-0.000736576505005,-0.0021860585548,0.00165979086887,-0.000861571228597,0.00827182643116,-0.00115550972987,0.00198628637008],[-0.00027299913927,0.000251325691352,-0.000776312372182,-0.0000331147020916,-0.000989936292171,0.00231990567409,-0.00140415143687,0.000777596607804,-0.00135553802829,0.00292726326734,-0.00115550972987,0.00942586362362,-0.000820063927677],[0.000235916813836,-0.0000904109911062,0.0000845607137308,-0.00118746375665,0.000314921344398,-0.000628931680694,0.00203332910314,-0.00165695347823,0.00220091454685,-0.000641891499981,0.00198628637008,-0.000820063927677,0.013248517178]],"mean":[-747.223083496,204.063049316,-15.0306396484,17.9978504181,24.5872344971,15.3018512726,8.85372447968,-11.202378273,4.00170755386,0.982176482677,-11.8845348358,3.35863757133,-2.19072508812]},"pitch_salience":{"dmean":0.0499787293375,"dmean2":0.0799206569791,"dvar":0.00253280671313,"dvar2":0.00660050241277,"max":0.922572433949,"mean":0.556128323078,"median":0.553570210934,"min":0.13274858892,"var":0.0122383264825},"silence_rate_20dB":{"dmean":0,"dmean2":0,"dvar":0,"dvar2":0,"max":1,"mean":1,"median":1,"min":1,"var":0},"silence_rate_30dB":{"dmean":0.00810881517828,"dmean2":0.0162197519094,"dvar":0.00804240629077,"dvar2":0.0177855547518,"max":1,"mean":0.983130633831,"median":1,"min":0,"var":0.0165842678398},"silence_rate_60dB":{"dmean":0.0120324352756,"dmean2":0.0240680184215,"dvar":0.0118878250942,"dvar2":0.0279366150498,"max":1,"mean":0.0669543594122,"median":0,"min":0,"var":0.0624732449651},"spectral_centroid":{"dmean":166.12802124,"dmean2":239.395095825,"dvar":153589.171875,"dvar2":251305.71875,"max":11777.8574219,"mean":905.727172852,"median":659.806762695,"min":143.278671265,"var":1543718.125},"spectral_complexity":{"dmean":2.07507205009,"dmean2":3.07259654999,"dvar":7.01539897919,"dvar2":12.5557355881,"max":50,"mean":13.5347194672,"median":13,"min":0,"var":43.5948486328},"spectral_contrast_coeffs":{"dmean":[0.0389685556293,0.0361289903522,0.0309729557484,0.0297592654824,0.025951039046,0.0217644535005],"dmean2":[0.0636990591884,0.0560891367495,0.0482338219881,0.0457527935505,0.0390370003879,0.032779186964],"dvar":[0.00123570719734,0.00120651733596,0.000860291940626,0.000923453189898,0.000719848379958,0.00055101478938],"dvar2":[0.00328181055374,0.00281909294426,0.00200215959921,0.00202245567925,0.00143405690324,0.00112559820991],"max":[-0.258284717798,-0.383441030979,-0.485222578049,-0.466807216406,-0.486513227224,-0.580149710178],"mean":[-0.622361183167,-0.695801615715,-0.743154227734,-0.707642793655,-0.740770995617,-0.789446294308],"median":[-0.626074075699,-0.697357356548,-0.746637880802,-0.703868508339,-0.743666887283,-0.788670659065],"min":[-0.98031437397,-0.98114746809,-0.987885415554,-0.99483859539,-0.980359554291,-0.965873897076],"var":[0.00694221630692,0.00608154386282,0.00541185354814,0.00721786217764,0.00586916739121,0.00353529327549]},"spectral_contrast_valleys":{"dmean":[0.335795551538,0.305194616318,0.303720623255,0.318986862898,0.361491858959,0.282529473305],"dmean2":[0.551135540009,0.467813998461,0.465895354748,0.489341408014,0.511285543442,0.400484919548],"dvar":[0.12925799191,0.120946504176,0.116214960814,0.138583213091,0.175202652812,0.167180791497],"dvar2":[0.30130648613,0.232047006488,0.232153192163,0.294711947441,0.332034498453,0.257878243923],"max":[-5.48644113541,-4.70579910278,-5.40464687347,-5.96500205994,-5.0813794136,-7.2232503891],"mean":[-7.3446893692,-7.64999866486,-8.26892948151,-8.77741336823,-9.65544509888,-12.661406517],"median":[-6.93065690994,-7.36979436874,-7.97473192215,-8.48564434052,-9.56355857849,-13.0653781891],"min":[-28.0263023376,-28.0055103302,-27.755563736,-27.9622077942,-27.4621925354,-27.384557724],"var":[5.41716146469,5.20359039307,5.0860824585,4.93013238907,5.07586860657,4.51290655136]},"spectral_decrease":{"dmean":1.57215340746e-9,"dmean2":2.30839458659e-9,"dvar":7.88159111618e-18,"dvar2":1.69615038965e-17,"max":1.87211151728e-28,"mean":-6.88242351998e-9,"median":-5.13921039058e-9,"min":-6.7685078875e-8,"var":4.28781776011e-17},"spectral_energy":{"dmean":0.00627768272534,"dmean2":0.00916085671633,"dvar":0.000121633522213,"dvar2":0.000258502986981,"max":0.261043429375,"mean":0.0272801183164,"median":0.0204112380743,"min":9.96268285104e-21,"var":0.000660067191347},"spectral_energyband_high":{"dmean":0.000516643398441,"dmean2":0.000696643313859,"dvar":0.00000866197206051,"dvar2":0.0000133508447107,"max":0.0746165812016,"mean":0.00073136127321,"median":0.00000883405573404,"min":6.96713792776e-21,"var":0.0000194337262656},"spectral_energyband_low":{"dmean":0.00373575440608,"dmean2":0.00598959298804,"dvar":0.0000498265799251,"dvar2":0.000136085538543,"max":0.196310997009,"mean":0.0125593310222,"median":0.00828161463141,"min":9.76694287667e-24,"var":0.000231857833569},"spectral_energyband_middle_high":{"dmean":0.000928075460251,"dmean2":0.00114685285371,"dvar":0.0000038723542275,"dvar2":0.00000637891434963,"max":0.0492433942854,"mean":0.00345687824301,"median":0.00180869025644,"min":1.2186835203e-21,"var":0.0000209167228604},"spectral_energyband_middle_low":{"dmean":0.00346203753725,"dmean2":0.00484756473452,"dvar":0.0000558871106477,"dvar2":0.000104678598291,"max":0.236284315586,"mean":0.0117467390373,"median":0.00643420685083,"min":1.25959907226e-22,"var":0.000249602511758},"spectral_entropy":{"dmean":0.179376736283,"dmean2":0.260223954916,"dvar":0.0530331917107,"dvar2":0.102546349168,"max":9.82002067566,"mean":6.63428926468,"median":6.51895904541,"min":4.50957202911,"var":0.470425277948},"spectral_flux":{"dmean":0.0171779785305,"dmean2":0.0271949730814,"dvar":0.00058521493338,"dvar2":0.00141122681089,"max":0.405684441328,"mean":0.0520005151629,"median":0.0366443097591,"min":6.51710213573e-11,"var":0.0019958736375},"spectral_kurtosis":{"dmean":9.60440635681,"dmean2":16.5032997131,"dvar":119.384742737,"dvar2":338.406677246,"max":174.602203369,"mean":22.6211681366,"median":17.0038986206,"min":-1.25791585445,"var":448.369567871},"spectral_rms":{"dmean":0.00054519524565,"dmean2":0.000784587929957,"dvar":6.01189810823e-7,"dvar2":0.00000120092784073,"max":0.0159585867077,"mean":0.00464258156717,"median":0.0044624437578,"min":3.11764177842e-12,"var":0.00000506118021804},"spectral_rolloff":{"dmean":281.815155029,"dmean2":459.753234863,"dvar":749119.5,"dvar2":1409707,"max":19530.6152344,"mean":1126.24353027,"median":495.263671875,"min":21.533203125,"var":4851947},"spectral_skewness":{"dmean":0.717160820961,"dmean2":1.19893479347,"dvar":0.482714444399,"dvar2":1.33698904514,"max":10.6210870743,"mean":2.92569255829,"median":2.67760014534,"min":-0.182450503111,"var":2.25517392159},"spectral_spread":{"dmean":411261.25,"dmean2":633589.5,"dvar":640705560576,"dvar2":1252005380100,"max":42617892,"mean":2959479.25,"median":1782794.125,"min":505679.65625,"var":18495035146200},"spectral_strongpeak":{"dmean":0.301133602858,"dmean2":0.515314400196,"dvar":0.582875192165,"dvar2":1.48186290264,"max":13.6113481522,"mean":0.696244001389,"median":0.378651499748,"min":0,"var":0.985046029091},"zerocrossingrate":{"dmean":0.00725863361731,"dmean2":0.00821008719504,"dvar":0.000258287327597,"dvar2":0.000279403146124,"max":0.5322265625,"mean":0.0391239896417,"median":0.02734375,"min":0,"var":0.00331779988483}},"metadata":{"audio_properties":{"analysis_sample_rate":44100,"bit_rate":0,"codec":"flac","downmix":"mix","equal_loudness":0,"length":177.533340454,"lossless":true,"md5_encoded":"24d4dc5bbd0c7fbfd2f45a422afff213","replay_gain":-1.43490028381,"sample_rate":44100},"tags":{"album":["New York"],"albumartist":["Lou Reed"],"albumartistsort":["Reed, Lou"],"artist":["Lou Reed"],"artistsort":["Reed, Lou"],"asin":["B000002LGA"],"barcode":["075992582926"],"catalognumber":["7599-25829-2"],"date":["1989-01-10"],"discnumber":["01"],"disctotal":["01"],"file_name":"12_xmas_in_february.flac","genre":["Rock"],"label":["Sire Records"],"language":["English"],"media":["CD"],"musicbrainz_albumartistid":["9d1ebcfe-4c15-4d18-95d3-d919898638a1"],"musicbrainz_albumid":["877f9d7a-a1ea-464a-a8a1-a851ab1046c1"],"musicbrainz_artistid":["9d1ebcfe-4c15-4d18-95d3-d919898638a1"],"musicbrainz_discid":["2jZSOYAgxtH_EQPz8khK.Cx.Ts8-","Mu5fz7_4aoDXHe0I6uWQ9rHBxvY-","YB2ILoB1yfsUzVLpX1S2t65Bu08-","ZEsW7d1b0aM.PsR7A5j5B_FlwYk-","aHQm9rjqCKqedO8io7MXeEID5U8-","fm_j0a5GFYdjYy.rGKwGOZEBJ0w-","x67lAjrYgjignNC_pSZ3ElzcpF4-"],"musicbrainz_recordingid":["f6ff449d-2e1b-4162-be82-db01b8856c01"],"musicbrainz_releasegroupid":["bf543d9f-f0de-3f46-87b4-f9cddf58806b"],"musicip_puid":["5278bddb-41c0-e693-e9d8-7f62d66b596f"],"producer":["Fred Maher"],"releasecountry":["Europe"],"script":["Latin"],"title":["Xmas in February"],"tracknumber":["12"],"tracktotal":["14"]},"version":{"essentia":"2.1-beta2","essentia_build_sha":"70f2e5ece6736b2c40cc944ad0e695b16b925413","essentia_git_sha":"v2.1_beta2","extractor":"music 1.0"}},"rhythm":{"beats_count":359,"beats_loudness":{"dmean":0.0208016168326,"dmean2":0.034730117768,"dvar":0.00073591072578,"dvar2":0.00199653464369,"max":0.240876033902,"mean":0.0340871289372,"median":0.0263636540622,"min":0,"var":0.00104451656807},"beats_loudness_ban