{"lowlevel":{"average_loudness":0.903387367725,"barkbands":{"dmean":[0.00105137086939,0.00504300836474,0.00591389462352,0.00421020528302,0.00338345346972,0.000906179018784,0.00048183396575,0.000298319821013,0.000450426858151,0.000209224934224,0.000211427133763,0.000244747410761,0.000183999436558,0.000155126253958,0.000157865899382,0.000246979936492,0.000317725207424,0.000190306018339,0.000266264425591,0.000101813857327,0.0000798788751126,0.0000628762791166,0.0000307051195705,0.0000261900495389,0.0000197026329261,0.00000934122817853,0.00000237792664848],"dmean2":[0.00175931525882,0.0079163806513,0.0100492537022,0.00687776412815,0.005620370619,0.00145011930726,0.000787679513451,0.000494309409987,0.000716654525604,0.000345040927641,0.000341154896887,0.00039475390804,0.000307720823912,0.000256733008428,0.000263117137365,0.000406670907978,0.000522417074535,0.000317991041811,0.000444362551207,0.000171094186953,0.000135142778163,0.000105296210677,0.000047678968258,0.0000394514136133,0.0000291996475426,0.0000137241868288,0.00000357867247658],"dvar":[0.0000112192174129,0.000103079873952,0.000126217448269,0.0000401926226914,0.0000352546230715,0.00000235606898968,0.00000146335742102,3.43811905168e-7,7.01673002368e-7,2.71935562068e-7,2.44754119194e-7,2.85032825786e-7,2.08196169638e-7,1.33631829158e-7,1.37154472668e-7,1.53615303589e-7,2.35844240137e-7,7.37264116424e-8,1.24471156937e-7,2.751874284e-8,1.7050565404e-8,1.1788539922e-8,4.50410775343e-9,3.98752053599e-9,3.48296635977e-9,8.71579752815e-10,5.82061829291e-11],"dvar2":[0.0000286529193545,0.000227550583077,0.000356615229975,0.000107663021481,0.0000965620638453,0.00000613246129433,0.0000037483498545,9.07338915113e-7,0.00000175694390236,6.90386116275e-7,6.04407830451e-7,6.96385200172e-7,5.47627678316e-7,3.37227220371e-7,3.66046407407e-7,3.97332485136e-7,5.85804286857e-7,2.00825041929e-7,3.37316464538e-7,7.53523607955e-8,4.66274272526e-8,3.18535313681e-8,1.06483177831e-8,9.36274702212e-9,8.27170154594e-9,2.06380290635e-9,1.42444764317e-10],"max":[0.0326513126493,0.120789855719,0.129713386297,0.144537553191,0.12664629519,0.0267381966114,0.0298833288252,0.0249449275434,0.0294765140861,0.0228781476617,0.0199667327106,0.0259782094508,0.020289612934,0.0175986010581,0.0116222025827,0.0106557700783,0.0225651971996,0.00640264572576,0.00840719137341,0.00653035147116,0.00516161043197,0.00336217787117,0.00225659739226,0.00232436624356,0.00239994958974,0.00105024024379,0.000227229582379],"mean":[0.00097163580358,0.00842291861773,0.00868541188538,0.00733627239242,0.00563050899655,0.00172690441832,0.000716374255717,0.000520241679624,0.00086171674775,0.000332784722559,0.000337274133926,0.00044076811173,0.000291479489533,0.000259189779172,0.000278148858342,0.000515098276082,0.00072883273242,0.000459318689536,0.000720893789548,0.000258996238699,0.000216154978261,0.000173371576238,0.0000809524281067,0.0000813089791336,0.0000568705399928,0.0000255446830124,0.00000838485357235],"median":[0.0000301941836369,0.00378754967824,0.00483293831348,0.0041225599125,0.00363041111268,0.00101783405989,0.000343161809724,0.000266166316578,0.000467253965326,0.000160237861564,0.000159814866493,0.000229780780501,0.000149831117596,0.000142743927427,0.000154709283379,0.000372658367269,0.000559034582693,0.000358091492672,0.000617146375589,0.000197027504328,0.000169187798747,0.000129351057694,0.0000328973655996,0.0000299812490994,0.0000123080144476,0.00000272164538728,3.28048997744e-7],"min":[1.61671508173e-25,2.70268755395e-24,1.19653968509e-24,4.64196324992e-25,8.62608513579e-24,1.4390083511e-23,7.76082778506e-24,1.88737752309e-24,1.7328419989e-23,1.58365309782e-23,2.24225949918e-23,1.37345874304e-23,2.26362043254e-23,2.00507347967e-23,3.15141695928e-23,6.27887021752e-23,8.19692366187e-23,1.11944146103e-22,8.82654447368e-23,1.68412677722e-22,2.41058474587e-22,2.8625283334e-22,3.61201738016e-22,5.25598053502e-22,9.44192438977e-22,1.29988343452e-21,2.0437453913e-21],"var":[0.00000969314714894,0.000163633943885,0.000134242654894,0.0000824191010906,0.0000452782369393,0.00000475903425468,0.00000177068545781,7.14564293958e-7,0.00000171332146692,4.43375483883e-7,4.41917109129e-7,6.457888162e-7,2.86051943021e-7,2.22018286422e-7,2.44882699008e-7,3.31412508103e-7,6.37844550511e-7,2.09360337067e-7,4.01051266863e-7,7.01805333847e-8,4.37083507165e-8,3.07819405521e-8,1.69642841996e-8,1.71065117627e-8,1.20915855106e-8,2.75855738252e-9,3.9615596914e-10]},"barkbands_crest":{"dmean":2.33576869965,"dmean2":3.77671504021,"dvar":4.64696836472,"dvar2":12.1878767014,"max":26.3474941254,"mean":10.9412279129,"median":10.3495359421,"min":2.28798270226,"var":16.8276615143},"barkbands_flatness_db":{"dmean":0.0211201962084,"dmean2":0.0322180651128,"dvar":0.000429556996096,"dvar2":0.000988227082416,"max":0.571082174778,"mean":0.157881125808,"median":0.142960801721,"min":0.0248429141939,"var":0.00600897846743},"barkbands_kurtosis":{"dmean":4.5987238884,"dmean2":7.05836963654,"dvar":66.3523406982,"dvar2":152.497283936,"max":455.222442627,"mean":10.4233493805,"median":3.89702701569,"min":-1.8549079895,"var":493.209747314},"barkbands_skewness":{"dmean":0.608278274536,"dmean2":0.931611657143,"dvar":0.408249646425,"dvar2":0.935259342194,"max":14.2680006027,"mean":2.42015624046,"median":2.14949464798,"min":-2.6845896244,"var":2.73106431961},"barkbands_spread":{"dmean":5.05333709717,"dmean2":7.87930774689,"dvar":27.7157745361,"dvar2":63.9343681335,"max":97.4394607544,"mean":21.3950366974,"median":20.1382808685,"min":0.143337890506,"var":167.010879517},"dissonance":{"dmean":0.00950952526182,"dmean2":0.0159749295563,"dvar":0.000108110434667,"dvar2":0.000293873657938,"max":0.500000059605,"mean":0.478402256966,"median":0.484193652868,"min":0.315469563007,"var":0.000397960306145},"dynamic_complexity":2.42101192474,"erbbands":{"dmean":[0.185631528497,1.27424454689,5.73198652267,11.4519939423,12.8728437424,10.558175087,9.0054693222,6.61480855942,6.73909235001,6.3891825676,6.71943235397,10.0781850815,7.44744634628,6.33678674698,9.35078716278,10.2307300568,8.30446434021,7.30906200409,7.39819002151,10.1795454025,13.4117488861,16.1893539429,10.4462442398,14.2776002884,10.1210250854,4.70661830902,3.59342050552,2.96810555458,2.49823141098,1.37238550186,0.781376719475,0.60459458828,0.420215666294,0.274892032146,0.117731302977,0.0467714108527,0.017472634092,0.00388497230597,0.000390287837945,0.000027691199648],"dmean2":[0.305932849646,2.0779812336,9.86889743805,18.6334495544,21.5430316925,17.4816131592,13.9905338287,10.8676433563,11.2522640228,10.4549608231,11.058836937,15.9451436996,12.119726181,10.3816680908,15.0577487946,16.4605197906,13.8280467987,12.069486618,12.182390213,16.8802146912,22.0753555298,26.5355262756,17.3791179657,23.9015979767,16.9174594879,7.91103029251,6.12636327744,5.01556777954,4.22088623047,2.19818735123,1.20007348061,0.921244442463,0.63637059927,0.412238955498,0.172798916698,0.0687225013971,0.0260462872684,0.00580454850569,0.000579295039643,0.0000418538111262],"dvar":[0.269191652536,7.04370832443,140.556976318,287.242431641,465.65133667,387.518188477,207.694091797,162.611907959,305.88583374,259.847442627,196.482284546,364.721160889,255.34147644,256.926055908,463.394622803,456.828735352,400.984588623,337.65032959,285.386016846,364.76083374,410.186981201,646.626586914,226.139785767,384.110168457,201.992523193,58.3891525269,36.5144844055,23.6578006744,19.1006946564,7.1214094162,3.11517524719,2.2437646389,1.01097643375,0.738947510719,0.142217338085,0.0167899671942,0.00418060133234,0.00019225901633,0.00000132381796902,3.36303740411e-9],"dvar2":[0.70235991478,18.6057720184,401.554107666,768.384765625,1269.53857422,1059.83459473,509.760742188,426.961364746,819.607116699,656.534301758,518.700622559,896.795776367,644.114196777,664.040100098,1128.16699219,1116.76330566,1064.26513672,869.547119141,722.009338379,962.932067871,1058.1229248,1615.7388916,602.304504395,1045.5012207,547.738830566,159.991378784,100.293144226,64.5695343018,51.7433395386,17.5328617096,7.24317836761,5.37958288193,2.39043474197,1.8405110836,0.32021817565,0.0390179604292,0.0105867115781,0.000479203648865,0.00000315389434036,7.75965602884e-9],"max":[5.65940904617,30.2038211823,128.172698975,306.970214844,363.494506836,460.546875,374.080444336,286.047790527,510.248748779,404.769165039,671.025817871,627.65234375,586.114013672,684.54083252,996.79510498,1124.05187988,783.582214355,893.102355957,974.756103516,578.769470215,477.032867432,981.845153809,441.930328369,568.450683594,416.360229492,294.515930176,249.040634155,227.997161865,195.434036255,92.9959106445,65.1436538696,51.2697563171,35.7015571594,46.9728507996,19.5276565552,3.6912419796,3.31766104698,0.615819871426,0.0464365445077,0.00270978920162],"mean":[0.21093814075,2.0329015255,8.68104839325,21.1562862396,19.9473495483,17.8765888214,17.5311965942,11.8039541245,10.6473789215,10.1902866364,12.7421350479,19.5576629639,13.1491098404,10.8351554871,16.2825202942,19.1467552185,14.3387804031,12.7593450546,14.1844129562,20.3382987976,31.2993888855,39.3474121094,27.3227882385,36.3426933289,27.5134296417,12.6739301682,9.07840633392,8.04555130005,6.66314125061,3.74292302132,2.12108802795,1.75756585598,1.26542925835,0.764015078545,0.33143940568,0.125788018107,0.0442420057952,0.0108785675839,0.00142279546708,0.000113597227028],"median":[0.0653234571218,1.01303040981,5.08345270157,12.5939207077,12.8073635101,10.438536644,10.2003145218,6.65348148346,5.62974977493,5.42017745972,6.87104320526,10.4877443314,7.11134004593,5.57657957077,8.40198898315,10.3577060699,7.90664482117,7.07060289383,7.87188625336,13.8063678741,24.00897789,30.9375839233,22.2764949799,30.6208992004,22.9318962097,10.0094490051,7.01354408264,6.32829761505,5.05846786499,2.14411783218,0.810863375664,0.638660311699,0.466110497713,0.193243801594,0.0592733919621,0.0166431088001,0.00415719905868,0.00069069681922,0.0000818989501568,0.000053000265325],"min":[9.02006530659e-23,6.85645132692e-22,1.635523984e-21,4.95455499084e-21,1.94925208283e-20,2.43666228111e-20,6.25734474545e-20,7.5770674688e-20,1.11645110114e-19,1.23815405541e-19,9.32676901433e-20,3.84713637887e-19,4.37095418864e-19,1.08144404213e-18,1.05795697242e-18,9.71860188555e-19,1.38844974834e-18,1.45736991999e-18,3.11569075529e-18,3.07412120719e-18,3.54789221175e-18,4.95674581746e-18,5.15708441233e-18,6.42246891747e-18,6.61340660467e-18,7.81738783858e-18,7.6566691271e-18,1.1242384586e-17,1.06404601435e-17,8.74601553582e-18,1.23661425353e-17,9.06961107299e-18,9.39448294985e-18,9.0050744416e-18,6.54937083114e-18,4.21926260259e-18,2.30796563754e-18,8.96912248384e-19,2.42607989458e-19,2.85927354126e-20],"var":[0.242811501026,8.85698318481,133.027740479,616.827026367,573.797607422,583.352172852,489.876831055,293.304199219,357.384063721,315.963684082,438.849334717,951.696533203,452.480072021,436.391723633,901.742858887,1123.8515625,569.208374023,526.754272461,644.76965332,642.713684082,1026.70849609,1842.98400879,661.26385498,1073.62353516,635.304260254,150.585769653,83.0177154541,59.2325630188,44.4275856018,24.9058418274,12.3969783783,8.68350028992,4.10917329788,2.09057235718,0.532161235809,0.0621897652745,0.00944490171969,0.000626407621894,0.0000110361297629,2.92549380276e-8]},"erbbands_crest":{"dmean":1.66908347607,"dmean2":2.72437882423,"dvar":3.1505522728,"dvar2":7.88130187988,"max":30.5575733185,"mean":7.0923166275,"median":5.78447580338,"min":2.25160932541,"var":16.0849399567},"erbbands_flatness_db":{"dmean":0.01017726399,"dmean2":0.0150360474363,"dvar":0.000116733943287,"dvar2":0.000243575283093,"max":0.459669739008,"mean":0.149041384459,"median":0.138241514564,"min":0.0431530438364,"var":0.00359172327444},"erbbands_kurtosis":{"dmean":0.611279129982,"dmean2":0.943396389484,"dvar":2.2432615757,"dvar2":4.55922651291,"max":140.342834473,"mean":0.474217712879,"median":-0.918233335018,"min":-1.83106863499,"var":71.5870361328},"erbbands_skewness":{"dmean":0.270006299019,"dmean2":0.420663803816,"dvar":0.0696132853627,"dvar2":0.16306565702,"max":10.0462617874,"mean":0.00254100630991,"median":-0.224293395877,"min":-3.48051452637,"var":1.22303926945},"erbbands_spread":{"dmean":7.56675338745,"dmean2":11.9145736694,"dvar":60.2344398499,"dvar2":149.880218506,"max":162.798431396,"mean":55.1198005676,"median":55.9243087769,"min":1.62409555912,"var":365.578125},"gfcc":{"cov":[[11203.0126953,-1227.96594238,-524.86340332,-273.386291504,-482.031646729,1010.9262085,-91.9442596436,541.194458008,-284.337249756,220.447555542,-114.969795227,258.576477051,-185.524368286],[-1227.96594238,1372.31237793,-630.301391602,84.5491333008,220.69960022,-258.852111816,217.276306152,-225.287246704,86.5937728882,-227.389846802,38.8866996765,-159.157363892,101.509399414],[-524.86340332,-630.301391602,1538.89758301,114.201370239,70.0697555542,261.604187012,-109.266616821,173.042480469,6.1583943367,198.984390259,11.7954339981,94.0067901611,-77.9826202393],[-273.386291504,84.5491333008,114.201370239,486.102203369,-57.3177566528,-9.91316127777,14.8655424118,27.0520515442,54.3702888489,-18.3382797241,33.6878318787,-33.5083580017,37.9894218445],[-482.031646729,220.69960022,70.0697555542,-57.3177566528,312.333770752,35.780216217,113.32950592,0.944228827953,40.0270614624,14.1549549103,29.0524406433,-8.11511611938,13.4809818268],[1010.9262085,-258.852111816,261.604187012,-9.91316127777,35.780216217,383.367919922,35.1803970337,146.890380859,-21.106212616,73.6258544922,25.6164741516,54.281162262,-21.7540588379],[-91.9442596436,217.276306152,-109.266616821,14.8655424118,113.32950592,35.1803970337,179.118774414,3.77685022354,49.5717086792,-18.7163314819,19.2308063507,-14.0120267868,20.0744228363],[541.194458008,-225.287246704,173.042480469,27.0520515442,0.944228827953,146.890380859,3.77685022354,167.489944458,8.93326950073,64.340133667,12.5833177567,40.4253387451,-16.9918766022],[-284.337249756,86.5937728882,6.1583943367,54.3702888489,40.0270614624,-21.106212616,49.5717086792,8.93326950073,108.880119324,33.1224250793,27.0662326813,-9.36138248444,11.7369613647],[220.447555542,-227.389846802,198.984390259,-18.3382797241,14.1549549103,73.6258544922,-18.7163314819,64.340133667,33.1224250793,137.857528687,33.0530357361,53.1311149597,-14.6855077744],[-114.969795227,38.8866996765,11.7954339981,33.6878318787,29.0524406433,25.6164741516,19.2308063507,12.5833177567,27.0662326813,33.0530357361,79.8888244629,24.6470184326,29.1998119354],[258.576477051,-159.157363892,94.0067901611,-33.5083580017,-8.11511611938,54.281162262,-14.0120267868,40.4253387451,-9.36138248444,53.1311149597,24.6470184326,84.6104507446,14.2081184387],[-185.524368286,101.509399414,-77.9826202393,37.9894218445,13.4809818268,-21.7540588379,20.0744228363,-16.9918766022,11.7369613647,-14.6855077744,29.1998119354,14.2081184387,68.5811767578]],"icov":[[0.000202848401386,-0.0000841651271912,0.000249742501182,-0.0000478716683574,0.000252547411947,-0.000515690131579,0.0000400922217523,-0.000308658316499,0.000329308822984,-0.000380359124392,0.000464378128527,-0.000501180591527,0.000450689840363],[-0.0000841651271912,0.00226434669457,0.000141175361932,-0.0000535125946044,-0.00115397630725,0.000563696841709,-0.00105157319922,0.00131678115577,-0.0010658003157,0.00241539487615,-0.00174826721195,0.00216489727609,-0.00135388132185],[0.000249742501182,0.000141175361932,0.00141700298991,-0.000635512988083,-0.000505348842125,-0.00105377368163,0.000876895443071,-0.00029701431049,0.000216716085561,-0.00106750545092,0.000919605896343,-0.00122808420565,0.00146194372792],[-0.0000478716683574,-0.0000535125946044,-0.000635512988083,0.00298598292284,0.00114766974002,0.000302383909002,-0.00037243324914,-0.000972968118731,-0.00114487193059,0.000900614715647,-0.00138165708631,0.00233237538487,-0.00219484581612],[0.000252547411947,-0.00115397630725,-0.000505348842125,0.00114766974002,0.00583858136088,-0.000701697485056,-0.0027747573331,-0.000761523435358,0.000753047992475,-0.00199553533457,-0.0000791371785454,0.000375321222236,-0.000166124315001],[-0.000515690131579,0.000563696841709,-0.00105377368163,0.000302383909002,-0.000701697485056,0.00617467751727,-0.00219240807928,-0.00240844744258,0.00144258339424,0.000623335829005,-0.0027205820661,0.00136262236629,-0.000690907530952],[0.0000400922217523,-0.00105157319922,0.000876895443071,-0.00037243324914,-0.0027747573331,-0.00219240807928,0.010634620674,-0.000679861404933,-0.00403009355068,0.00157005654182,0.000967996311374,-0.00178024393972,0.000419607909862],[-0.000308658316499,0.00131678115577,-0.00029701431049,-0.000972968118731,-0.000761523435358,-0.00240844744258,-0.000679861404933,0.0118858795613,-0.00221290066838,-0.000207335440791,-0.000364331761375,-0.00107358663809,0.000658708624542],[0.000329308822984,-0.0010658003157,0.000216716085561,-0.00114487193059,0.000753047992475,0.00144258339424,-0.00403009355068,-0.00221290066838,0.0164975337684,-0.00808357074857,-0.00100110715721,0.00310505786911,-0.000481470080558],[-0.000380359124392,0.00241539487615,-0.00106750545092,0.000900614715647,-0.00199553533457,0.000623335829005,0.00157005654182,-0.000207335440791,-0.00808357074857,0.0193490050733,-0.0067559722811,-0.0045832186006,0.00311495899223],[0.000464378128527,-0.00174826721195,0.000919605896343,-0.00138165708631,-0.0000791371785454,-0.0027205820661,0.000967996311374,-0.000364331761375,-0.00100110715721,-0.0067559722811,0.0219044722617,-0.00561322271824,-0.00500482646748],[-0.000501180591527,0.00216489727609,-0.00122808420565,0.00233237538487,0.000375321222236,0.00136262236629,-0.00178024393972,-0.00107358663809,0.00310505786911,-0.0045832186006,-0.00561322271824,0.025812510401,-0.0111055029556],[0.000450689840363,-0.00135388132185,0.00146194372792,-0.00219484581612,-0.000166124315001,-0.000690907530952,0.000419607909862,0.000658708624542,-0.000481470080558,0.00311495899223,-0.00500482646748,-0.0111055029556,0.0257174875587]],"mean":[1.25909900665,100.919761658,-114.197616577,56.8369750977,-45.0182571411,0.0828558281064,-34.4174575806,3.30693149567,-25.1500511169,-10.7516422272,-18.0128536224,-5.51834058762,-11.055560112]},"hfc":{"dmean":4.16900205612,"dmean2":6.71410655975,"dvar":42.3670082092,"dvar2":108.877334595,"max":114.904022217,"mean":20.3753757477,"median":19.1684036255,"min":1.09654860413e-16,"var":167.271362305},"melbands":{"dmean":[0.00147477909923,0.00255019683391,0.00187422754243,0.000866898684762,0.000309087772621,0.000148592633195,0.000101095152786,0.0000676187119097,0.0000593726399529,0.0000646571716061,0.0000374364208255,0.0000263283272943,0.0000302953849314,0.0000269413394562,0.0000254461265285,0.0000167680882441,0.0000145202293425,0.0000127672492454,0.000012324088857,0.0000177437959792,0.0000180298829946,0.0000202167138923,0.0000136066028062,0.00000828787960927,0.0000137203614941,0.00000980060030997,0.00000539079837836,0.00000305420144286,0.00000250186212725,0.00000219247499444,0.00000183601923709,0.00000168892393049,0.00000111219662813,7.77541970365e-7,5.14262751494e-7,3.82521506026e-7,4.21036020271e-7,3.22988825019e-7,3.15396533779e-7,2.25905282036e-7],"dmean2":[0.00227449368685,0.00435006804764,0.00306730763987,0.00144859973807,0.000485287047923,0.000243410118856,0.000166820289451,0.000110709341243,0.0000968478780123,0.000102438491012,0.0000609520138823,0.0000433035638707,0.0000489290505357,0.0000433931454609,0.0000417097362515,0.0000279777432297,0.0000240898189077,0.000020997820684,0.000020571937057,0.0000293762186629,0.0000299061102851,0.0000333034622599,0.0000225887742999,0.0000138523628266,0.0000230688747251,0.0000164212451637,0.00000901879684534,0.00000516440786669,0.00000427466557085,0.00000371400983568,0.00000312224187837,0.00000288552496386,0.00000183344923244,0.00000125253154692,8.1307803157e-7,5.87081558479e-7,6.5767005708e-7,5.00204180298e-7,4.87375416469e-7,3.44839065747e-7],"dvar":[0.0000112589705168,0.0000274220838037,0.00000705753927832,0.00000242621399593,2.27502610528e-7,7.49535971067e-8,6.46544791039e-8,2.5363609879e-8,1.56892117076e-8,1.47992125221e-8,6.63204158258e-9,4.53507320586e-9,4.87728835097e-9,3.69771124831e-9,2.76687694978e-9,2.10965800385e-9,1.31727984076e-9,8.32128310702e-10,9.04175956329e-10,9.52571355128e-10,7.12427228322e-10,1.0999193778e-9,3.42896960825e-10,1.75674461089e-10,3.6737529685e-10,1.81677672906e-10,6.90661139391e-11,2.64326702887e-11,1.85464647112e-11,1.15155480637e-11,9.25918369754e-12,8.74963209524e-12,3.49609946028e-12,2.62739374528e-12,1.31238910798e-12,8.80696665768e-13,1.25248520323e-12,5.60237891235e-13,6.55252111251e-13,5.23921834736e-13],"dvar2":[0.0000261765453615,0.0000775060834712,0.000019189550585,0.00000667254153086,5.75627041144e-7,1.96716044343e-7,1.70937795474e-7,6.43696296265e-8,4.06680662479e-8,3.66293875231e-8,1.66731783935e-8,1.16944729456e-8,1.20245786661e-8,9.02925911817e-9,7.06706027032e-9,5.45566170018e-9,3.3631284424e-9,2.00864924693e-9,2.41319031424e-9,2.44833398e-9,1.83331683168e-9,2.73270961415e-9,8.97675878075e-10,4.82269335578e-10,1.00034125428e-9,4.95464780315e-10,1.87259180384e-10,7.23873253006e-11,5.07977999942e-11,3.16976271619e-11,2.5440568055e-11,2.41473022133e-11,9.11094463762e-12,6.55158913232e-12,3.18580318376e-12,1.99346680656e-12,3.19674863837e-12,1.3611361387e-12,1.60253733027e-12,1.30876548748e-12],"max":[0.0384799391031,0.0545269958675,0.0487576946616,0.0342781506479,0.0103447642177,0.00578114530072,0.00715341977775,0.00388855976053,0.00497307674959,0.00395804690197,0.00303257838823,0.00274637341499,0.00304603856057,0.00329280481674,0.00207345071249,0.00262139178813,0.00202830834314,0.00210649543442,0.00121288385708,0.00110558979213,0.000854906742461,0.00143562629819,0.000501040369272,0.000436711445218,0.000578128790949,0.000401476369007,0.00040908815572,0.000266121380264,0.000219370456762,0.0000978039970505,0.000149691506522,0.000112092791824,0.0000567961542401,0.0000578893595957,0.0000444402103312,0.000057389603171,0.0000475630622532,0.0000242875848926,0.000035613662476,0.0000361044076271],"mean":[0.00214256811887,0.00402698293328,0.0035453941673,0.00138279458042,0.000621938088443,0.000271461147349,0.000159873539815,0.00010963321256,0.000110906825284,0.000123797799461,0.0000633022573311,0.0000418408708356,0.0000497948167322,0.0000495192398375,0.0000446370286227,0.0000260119104496,0.0000236369378399,0.0000227121254284,0.0000215564905375,0.0000337764067808,0.0000380116362066,0.0000436899463239,0.0000307861300826,0.0000198371126316,0.0000313437521982,0.0000242749447352,0.0000132932664201,0.000007022747468,0.00000546482988284,0.00000536106972504,0.00000441118754679,0.00000401537499783,0.00000282342102764,0.00000181212794814,0.00000123376423744,0.0000010163182651,0.00000111389908852,9.02525982838e-7,8.05914282864e-7,5.82747532007e-7],"median":[0.00089167203987,0.00244648335502,0.00235971435905,0.000870769494213,0.000389430264477,0.00015895391698,0.0000839282074594,0.0000580979212828,0.0000570780612179,0.0000658795106574,0.0000326863737428,0.0000195575212274,0.0000242166788667,0.0000267396226263,0.0000240857370954,0.0000131300539579,0.0000125412861962,0.0000120729473565,0.000012643195987,0.0000223127153731,0.000028469838071,0.0000325885011989,0.0000244997245318,0.0000150570513142,0.0000256164421444,0.0000200799058803,0.0000101035029729,0.00000529490489498,0.00000399158079745,0.00000412334884459,0.00000335290292242,0.00000302870444102,0.0000019059149281,8.67414769345e-7,4.70441932521e-7,3.32253279112e-7,4.0026495185e-7,3.49700059132e-7,2.12277711853e-7,1.3853232872e-7],"min":[1.02478385982e-24,1.33383067045e-24,1.23583777716e-24,1.62988119489e-24,1.89846634362e-24,1.76385689369e-24,1.63786279092e-24,1.24417495224e-24,8.50917141368e-25,2.40533412713e-24,1.83508985014e-24,3.60034539421e-24,3.52530184516e-24,2.42921629939e-24,2.10195952222e-24,1.61700747795e-24,2.10518813269e-24,3.24049308166e-24,3.86929568693e-24,3.08731857919e-24,3.07404698053e-24,5.01395139864e-24,4.92160260791e-24,3.95606368119e-24,4.47745301346e-24,3.82073814277e-24,4.9329539219e-24,4.16729065489e-24,3.02692003562e-24,4.94538755306e-24,5.64802714463e-24,5.45030270861e-24,5.62925738269e-24,4.12265453829e-24,5.92119705434e-24,6.45657446817e-24,4.62527292532e-24,5.93356639333e-24,5.83801561619e-24,6.64361457209e-24],"var":[0.0000143774195749,0.000026733847335,0.0000141124419315,0.00000290630737254,5.43100838968e-7,1.37156689561e-7,7.80170879011e-8,3.39439587549e-8,3.55846516698e-8,3.87275704838e-8,1.15602549755e-8,7.57342188962e-9,9.25199028501e-9,8.25491230927e-9,5.41443512247e-9,2.83588152961e-9,2.0153918534e-9,1.82131631998e-9,1.45797240947e-9,1.82746906496e-9,1.64542046655e-9,2.62799448869e-9,9.25180487776e-10,4.57119175845e-10,8.85436723941e-10,5.07241026959e-10,1.91450549858e-10,5.25542734331e-11,3.66253104234e-11,2.75580027548e-11,1.97968551274e-11,1.67205832513e-11,1.03748919178e-11,7.70169344966e-12,4.25361785725e-12,3.53672733461e-12,3.70707024105e-12,2.06661792714e-12,2.05595631665e-12,1.38486943267e-12]},"melbands_crest":{"dmean":3.30981755257,"dmean2":5.29719257355,"dvar":10.1070966721,"dvar2":25.5911178589,"max":36.1325416565,"mean":17.2681503296,"median":16.7079658508,"min":1.00235855579,"var":33.1430778503},"melbands_flatness_db":{"dmean":0.0258582755923,"dmean2":0.0392585620284,"dvar":0.000647228851449,"dvar2":0.00148574099876,"max":0.688863456249,"mean":0.230415910482,"median":0.214226201177,"min":-7.76578659156e-8,"var":0.00763696758077},"melbands_kurtosis":{"dmean":12.9889736176,"dmean2":20.0844459534,"dvar":429.790100098,"dvar2":989.647216797,"max":861.551391602,"mean":32.775390625,"median":19.4073696136,"min":-1.84022915363,"var":1866.69116211},"melbands_skewness":{"dmean":0.919672966003,"dmean2":1.41430866718,"dvar":0.994523644447,"dvar2":2.30789923668,"max":21.6915378571,"mean":4.33528614044,"median":4.00557327271,"min":-2.29692792892,"var":4.89336824417},"melbands_spread":{"dmean":5.37941169739,"dmean2":8.41939163208,"dvar":38.5290985107,"dvar2":90.6189956665,"max":164.968505859,"mean":17.9452266693,"median":14.3421230316,"min":0.210018932819,"var":227.880142212},"mfcc":{"cov":[[8217.51269531,-710.029418945,-562.768432617,-663.767211914,-313.08380127,124.499603271,192.397033691,302.947662354,33.1736106873,232.611907959,47.9824981689,42.347743988,6.73056411743],[-710.029418945,897.078552246,-325.44241333,48.2079238892,26.3152694702,45.4132423401,42.6130714417,6.65829753876,28.9204692841,-36.7667999268,-32.3304634094,-13.7751703262,-6.70183944702],[-562.768432617,-325.44241333,1079.82470703,93.1684646606,223.214996338,75.3779449463,31.6103630066,36.9053993225,-0.681204199791,72.0718002319,86.9078140259,37.1218185425,8.04350090027],[-663.767211914,48.2079238892,93.1684646606,419.450836182,12.6680698395,-10.6828727722,-22.7206420898,-20.8588104248,41.6910934448,-41.5911140442,20.3268108368,6.23389053345,2.49645233154],[-313.08380127,26.3152694702,223.214996338,12.6680698395,204.053100586,58.0171432495,56.9299926758,34.6757583618,13.542429924,42.9796867371,37.882183075,26.8299674988,16.2475566864],[124.499603271,45.4132423401,75.3779449463,-10.6828727722,58.0171432495,155.587493896,73.4712524414,49.9988822937,24.7384109497,49.1004295349,24.8444232941,22.7770252228,20.9587593079],[192.397033691,42.6130714417,31.6103630066,-22.7206420898,56.9299926758,73.4712524414,133.160598755,79.4504089355,23.8069496155,37.8242416382,24.7033958435,16.3796291351,8.54151344299],[302.947662354,6.65829753876,36.9053993225,-20.8588104248,34.6757583618,49.9988822937,79.4504089355,122.513648987,39.8907318115,36.2365112305,17.6309375763,16.7538814545,4.77231502533],[33.1736106873,28.9204692841,-0.681204199791,41.6910934448,13.542429924,24.7384109497,23.8069496155,39.8907318115,74.5759735107,33.7265052795,23.0001182556,17.2188873291,11.2469749451],[232.611907959,-36.7667999268,72.0718002319,-41.5911140442,42.9796867371,49.1004295349,37.8242416382,36.2365112305,33.7265052795,96.3787307739,48.2670478821,29.7150363922,17.1492347717],[47.9824981689,-32.3304634094,86.9078140259,20.3268108368,37.882183075,24.8444232941,24.7033958435,17.6309375763,23.0001182556,48.2670478821,76.0767059326,42.6532936096,19.728105545],[42.347743988,-13.7751703262,37.1218185425,6.23389053345,26.8299674988,22.7770252228,16.3796291351,16.7538814545,17.2188873291,29.7150363922,42.6532936096,72.4146270752,35.6825256348],[6.73056411743,-6.70183944702,8.04350090027,2.49645233154,16.2475566864,20.9587593079,8.54151344299,4.77231502533,11.2469749451,17.1492347717,19.728105545,35.6825256348,56.8826560974]],"icov":[[0.000204965836019,0.000179785842192,0.000130654167151,0.000186951132491,0.000346512417309,-0.0001213507785,-0.0000737959708204,-0.000460916460725,0.000162978263688,-0.000354883086402,-0.0000908148576855,-0.0000155387460836,0.0000817490872578],[0.000179785842192,0.00162869726773,0.000705510028638,0.00000346490742231,-0.00050957291387,-0.000710256048478,-0.000400238059228,-0.0000460209557787,-0.000549808493815,0.000458226335468,0.000170564773725,-0.0000362389182555,0.000476051616715],[0.000130654167151,0.000705510028638,0.0016791112721,-0.00030922939186,-0.00143793295138,-0.000625016575214,0.000608718080912,-0.000723397824913,0.000874260033015,-0.000421432167059,-0.00102334399708,0.000252470868872,0.000604833883699],[0.000186951132491,0.00000346490742231,-0.00030922939186,0.00348900537938,0.000258054526057,-0.000305073626805,0.000163290082128,0.000540622684639,-0.00316250021569,0.00312002608553,-0.00208596675657,0.00024180021137,0.0000941440084716],[0.000346512417309,-0.00050957291387,-0.00143793295138,0.000258054526057,0.00855866353959,-0.000562252127565,-0.00236584828235,-0.000517208420206,0.000857696286403,-0.0019650447648,-0.000500900554471,-0.000664790102746,-0.00073426309973],[-0.0001213507785,-0.000710256048478,-0.000625016575214,-0.000305073626805,-0.000562252127565,0.0103335417807,-0.00412623723969,0.00000296156190416,-0.000110146982479,-0.00337058235891,0.0017617745325,-0.000274661375443,-0.00239583197981],[-0.0000737959708204,-0.000400238059228,0.000608718080912,0.000163290082128,-0.00236584828235,-0.00412623723969,0.0158772543073,-0.00826702639461,0.00179366674274,0.0000921525061131,-0.0029720433522,0.00133049755823,0.000187600715435],[-0.000460916460725,-0.0000460209557787,-0.000723397824913,0.000540622684639,-0.000517208420206,0.00000296156190416,-0.00826702639461,0.0172303970903,-0.00735999504104,0.000507497636136,0.002573041711,-0.00224484503269,0.00188815279398],[0.000162978263688,-0.000549808493815,0.000874260033015,-0.00316250021569,0.000857696286403,-0.000110146982479,0.00179366674274,-0.00735999504104,0.0227868631482,-0.00799055583775,-0.00113913102541,-0.0000417349365307,-0.00160033546854],[-0.000354883086402,0.000458226335468,-0.000421432167059,0.00312002608553,-0.0019650447648,-0.00337058235891,0.0000921525061131,0.000507497636136,-0.00799055583775,0.0234845392406,-0.0107751851901,0.000725177524146,-0.000452735752333],[-0.0000908148576855,0.000170564773725,-0.00102334399708,-0.00208596675657,-0.000500900554471,0.0017617745325,-0.0029720433522,0.002573041711,-0.00113913102541,-0.0107751851901,0.0288690701127,-0.0124297123402,0.0012499896111],[-0.0000155387460836,-0.0000362389182555,0.000252470868872,0.00024180021137,-0.000664790102746,-0.000274661375443,0.00133049755823,-0.00224484503269,-0.0000417349365307,0.000725177524146,-0.0124297123402,0.0276622977108,-0.0130211757496],[0.0000817490872578,0.000476051616715,0.000604833883699,0.0000941440084716,-0.00073426309973,-0.00239583197981,0.000187600715435,0.00188815279398,-0.00160033546854,-0.000452735752333,0.0012499896111,-0.0130211757496,0.0266302973032]],"mean":[-635.510864258,118.836631775,-1.98992776871,49.9050559998,11.7926387787,3.9416642189,1.69045782089,6.55374860764,0.776216208935,-7.10998821259,-2.16804289818,-3.66307401657,-4.15342998505]},"pitch_salience":{"dmean":0.0769373700023,"dmean2":0.123526990414,"dvar":0.00525617785752,"dvar2":0.0136215388775,"max":0.995708525181,"mean":0.536642670631,"median":0.555034577847,"min":0.0290845297277,"var":0.0201732367277},"silence_rate_20dB":{"dmean":0,"dmean2":0,"dvar":0,"dvar2":0,"max":1,"mean":1,"median":1,"min":1,"var":0},"silence_rate_30dB":{"dmean":0.0355876460671,"dmean2":0.0711768120527,"dvar":0.0343133211136,"dvar2":0.0960208177567,"max":1,"mean":0.979087889194,"median":1,"min":0,"var":0.0204693693668},"silence_rate_60dB":{"dmean":0.00205066869967,"dmean2":0.00410142494366,"dvar":0.00204702396877,"dvar2":0.0050234165974,"max":1,"mean":0.0293922889978,"median":0,"min":0,"var":0.0285284519196},"spectral_centroid":{"dmean":236.558105469,"dmean2":372.829559326,"dvar":56592.5585938,"dvar2":137259.59375,"max":11890.0419922,"mean":1367.27001953,"median":1355.09899902,"min":110.717063904,"var":543653.5625},"spectral_complexity":{"dmean":3.58610677719,"dmean2":5.67709827423,"dvar":13.282040596,"dvar2":29.1535835266,"max":59,"mean":25.017621994,"median":26,"min":0,"var":155.68963623},"spectral_contrast_coeffs":{"dmean":[0.0533018149436,0.0428496301174,0.0336434729397,0.0264493282884,0.0194630343467,0.0158854071051],"dmean2":[0.0873425751925,0.0704827681184,0.055271320045,0.0439660437405,0.0322305001318,0.0258092358708],"dvar":[0.00203024409711,0.00123012380209,0.000733680208214,0.000449814688182,0.000261247943854,0.000256138737313],"dvar2":[0.00545323221013,0.00334212812595,0.0019623702392,0.00120402278844,0.000678176176734,0.000640858197585],"max":[-0.233860716224,-0.31920132041,-0.450758755207,-0.483453691006,-0.495122939348,-0.452752381563],"mean":[-0.579056501389,-0.748418748379,-0.796431422234,-0.804580450058,-0.784906446934,-0.728698313236],"median":[-0.588318407536,-0.756995022297,-0.803775966167,-0.812025606632,-0.787584424019,-0.72626709938],"min":[-0.982781648636,-0.997353196144,-0.996890485287,-0.985413968563,-0.986405551434,-0.964573740959],"var":[0.00946362875402,0.00495712039992,0.00303725129925,0.00212437589653,0.00186670583207,0.0029687655624]},"spectral_contrast_valleys":{"dmean":[0.395981520414,0.333479255438,0.293402701616,0.250212192535,0.192561611533,0.18305657804],"dmean2":[0.64505892992,0.543809056282,0.471442192793,0.398424744606,0.302274733782,0.263652533293],"dvar":[0.119688503444,0.0926809534431,0.0764914900064,0.0644536688924,0.0555194169283,0.0617286004126],"dvar2":[0.30010253191,0.223275616765,0.178791567683,0.140393435955,0.114439226687,0.123815879226],"max":[-4.95970344543,-4.47485971451,-5.09283733368,-5.23973274231,-5.50274991989,-7.97274017334],"mean":[-7.05613899231,-6.81640100479,-7.42435741425,-7.61874580383,-7.15127897263,-10.3250055313],"median":[-6.68028259277,-6.6005191803,-7.11654996872,-7.31195068359,-6.79829549789,-10.0378389359],"min":[-28.1922416687,-28.0842914581,-27.7487277985,-27.7622509003,-27.6206665039,-27.3749980927],"var":[2.07862353325,1.71674597263,2.09785699844,1.91282844543,1.74557137489,2.33729028702]},"spectral_decrease":{"dmean":3.65521235501e-9,"dmean2":5.78356473824e-9,"dvar":2.66013939633e-17,"dvar2":6.37184902086e-17,"max":9.92926032633e-26,"mean":-1.01450279288e-8,"median":-8.95787177768e-9,"min":-5.34334745339e-8,"var":5.13969136831e-17},"spectral_energy":{"dmean":0.0140369962901,"dmean2":0.0222182162106,"dvar":0.000390973757021,"dvar2":0.000939164310694,"max":0.205424100161,"mean":0.0401378050447,"median":0.0359164699912,"min":1.00928410129e-20,"var":0.000766503275372},"spectral_energyband_high":{"dmean":0.000196249704459,"dmean2":0.000313679978717,"dvar":1.22372398437e-7,"dvar2":3.05378620169e-7,"max":0.012179069221,"mean":0.000742988137063,"median":0.000543986971024,"min":7.03813813553e-21,"var":5.27504994352e-7},"spectral_energyband_low":{"dmean":0.0111721102148,"dmean2":0.0174828097224,"dvar":0.000328883586917,"dvar2":0.000766349257901,"max":0.195440992713,"mean":0.0228303484619,"median":0.0162343215197,"min":1.67368042867e-23,"var":0.000549059303012},"spectral_energyband_middle_high":{"dmean":0.00114945450332,"dmean2":0.0018341144314,"dvar":0.00000422726043325,"dvar2":0.0000110037799459,"max":0.0439219474792,"mean":0.00446674088016,"median":0.00375649239868,"min":1.16079602355e-21,"var":0.000015099488337},"spectral_energyband_middle_low":{"dmean":0.00686540175229,"dmean2":0.0112318079919,"dvar":0.0000955101786531,"dvar2":0.000258729618508,"max":0.153570622206,"mean":0.0169053412974,"median":0.0138440318406,"min":1.55157706678e-22,"var":0.000182524236152},"spectral_entropy":{"dmean":0.114332944155,"dmean2":0.176536932588,"dvar":0.0164747666568,"dvar2":0.037130177021,"max":9.82259464264,"mean":7.57391119003,"median":7.68803024292,"min":4.18437385559,"var":0.289499342442},"spectral_flux":{"dmean":0.0295167099684,"dmean2":0.0446153618395,"dvar":0.00135235732887,"dvar2":0.00249370373785,"max":0.405491918325,"mean":0.0949234589934,"median":0.0815585851669,"min":6.32178337456e-11,"var":0.00377025012858},"spectral_kurtosis":{"dmean":1.58725786209,"dmean2":2.75268912315,"dvar":11.6536531448,"dvar2":34.841506958,"max":117.490753174,"mean":4.13631010056,"median":3.07504081726,"min":-1.25419044495,"var":33.3991279602},"spectral_rms":{"dmean":0.000983590027317,"dmean2":0.00153363589197,"dvar":0.00000135820607738,"dvar2":0.00000320046569868,"max":0.0141567559913,"mean":0.00586924050003,"median":0.00591949839145,"min":3.13794107885e-12,"var":0.00000471054545415},"spectral_rolloff":{"dmean":403.529754639,"dmean2":671.168151855,"dvar":344307.4375,"dvar2":777482.875,"max":19638.28125,"mean":1113.8581543,"median":602.9296875,"min":64.599609375,"var":2078302.125},"spectral_skewness":{"dmean":0.184076070786,"dmean2":0.309587538242,"dvar":0.0648269206285,"dvar2":0.188016563654,"max":7.7924413681,"mean":1.2500411272,"median":1.16327691078,"min":-0.179646849632,"var":0.335140049458},"spectral_spread":{"dmean":315745.25,"dmean2":475541.125,"dvar":246975315968,"dvar2":487451459584,"max":42883376,"mean":4275788.5,"median":3973375.75,"min":626952.375,"var":4586048847870},"spectral_strongpeak":{"dmean":0.291243493557,"dmean2":0.494161516428,"dvar":0.210642009974,"dvar2":0.562833428383,"max":13.9151678085,"mean":0.635408818722,"median":0.508881628513,"min":0,"var":0.37567281723},"zerocrossingrate":{"dmean":0.00732415635139,"dmean2":0.00912322290242,"dvar":0.0000527562151547,"dvar2":0.0000816915198811,"max":0.52734375,"mean":0.0483916699886,"median":0.04443359375,"min":0.0029296875,"var":0.00104827957693}},"metadata":{"audio_properties":{"analysis_sample_rate":44100,"bit_rate":0,"codec":"flac","downmix":"mix","equal_loudness":0,"length":1087,"lossless":true,"md5_encoded":"95c352ea9dd7efa9a365d7c0928298e8","replay_gain":-13.8449611664,"sample_rate":44100},"tags":{"acoustid_id":["5d7be90f-ada3-47cf-a984-1c1e6a9a6a53"],"album":["Clone of the Universe"],"albumartist":["Fu Manchu"],"albumartistsort":["Fu Manchu"],"artist":["Fu Manchu"],"artistsort":["Fu Manchu"],"date":["2018-02-09"],"discnumber":["1"],"disctotal":["1"],"file_name":"07 - Fu Manchu - Il Mostro Atomico.flac","label":["At the Dojo Records"],"media":["Digital Media"],"musicbrainz_albumartistid":["f96de591-5dae-41da-855b-eb387d88d7d4"],"musicbrainz_albumid":["f953879c-3d63-4b32-9209-9fa4dfe5a38d"],"musicbrainz_artistid":["f96de591-5dae-41da-855b-eb387d88d7d4"],"musicbrainz_recordingid":["f7016aab-cc36-4bed-adbc-1430612c0092"],"musicbrainz_releasegroupid":["eee9f8ce-5927-4fc9-a9ed-f2be5389e893"],"musicbrainz_releasetrackid":["4492d7f1-05fd-4b79-ab1c-c11803993e7a"],"originaldate":["2018-02-09"],"originalyear":["2018"],"releasecountry":["XW"],"releasestatus":["official"],"releasetype":["album"],"script":["Latn"],"title":["Il Mostro Atomico"],"tracknumber":["7"],"tracktotal":["7"]},"version":{"essentia":"2.1-beta2","essentia_build_sha":"2d9f1f26377add8aeb1075a9c2973f962c4f09fd","essentia_git_sha":"v2.1_beta2-1-ge3940c0","extractor":"music 1.0"}},"rhythm":{"beats_count":2235,"beats_loudness":{"dmean":0.0236695427448,"dmean2":0.0419412218034,"dvar":0.000462217576569,"dvar2":0.00139541504905,"max":0.167165771127,"mean":0.0528990067542,"median":0.0505584962666,"min":0,"var":0.000958828721195},"beats_loudness_band_ratio":{"dmean":[0.218902856112,0.151997059584,0.0591529086232,0.0373049639165,0.0432297214866,0.0285458061844],"dmean2":[0.388915777206,0.270549535751,0.105909965932,0.0665490627289,0.0754094347358,0.0502556189895],"dvar":[0.0334254167974,