{"lowlevel":{"average_loudness":0.948953807354,"barkbands":{"dmean":[0.000156425361638,0.0056019378826,0.00342381745577,0.00148908351548,0.00137000728864,0.00126767507754,0.000393649679609,0.00030262285145,0.000950271147303,0.000396373012336,0.000470002007205,0.000259675667621,0.000364181294572,0.000334737065714,0.000293047196465,0.000308208895149,0.000450449326308,0.000318668055115,0.000303976936266,0.000284419045784,0.000308782531647,0.000237232990912,0.000114799840958,0.0000707872823114,0.0000394352646254,0.0000231465346587,0.00000873170392879],"dmean2":[0.000238984604948,0.00982971489429,0.00620732968673,0.00265910383314,0.00231102178805,0.00212214328349,0.000664585561026,0.000499490939546,0.00153615232557,0.000612265546806,0.000722055207007,0.00041401287308,0.000573403027374,0.000518310058396,0.000464102369733,0.000501415401231,0.000711519620381,0.000517088221386,0.000496462744195,0.000460927840322,0.000488465768285,0.000362059712643,0.000176664922037,0.000105126055132,0.0000581220447202,0.0000341498380294,0.0000136790540637],"dvar":[6.02115051151e-8,0.000106239866,0.0000651645677863,0.00000802765862318,0.00000424206155003,0.00000789869864093,0.00000169210136391,0.00000116265346151,0.0000118576535897,0.00000175002480773,0.0000016971266632,7.33254807983e-7,0.00000102641752164,7.42797396924e-7,5.28909765762e-7,4.44998363491e-7,5.67133668028e-7,3.03772281995e-7,2.95928032301e-7,3.03884291952e-7,5.70170072933e-7,3.60396427368e-7,1.04649330979e-7,3.96172730177e-8,1.27991865995e-8,3.52222984112e-9,4.98310503971e-10],"dvar2":[1.48071563899e-7,0.000297794613289,0.000183334122994,0.0000229266479437,0.0000113660389616,0.000020747542294,0.00000472161445941,0.00000292668778457,0.000031268253224,0.00000376779894395,0.00000377124388251,0.00000166803954471,0.00000236835080614,0.00000179556400326,0.00000124639984733,0.00000121778259654,0.00000136931021189,7.4438963793e-7,7.48640957227e-7,7.40219547879e-7,0.00000137441941206,8.2000559587e-7,2.2820044876e-7,9.3031125914e-8,2.88885662059e-8,7.06977631992e-9,1.1462299998e-9],"max":[0.00330376299098,0.0776854902506,0.0651579499245,0.0334956161678,0.0324811935425,0.0540029406548,0.055799741298,0.0327599570155,0.0790167525411,0.039698459208,0.0292746853083,0.047567833215,0.0264411550015,0.0205546058714,0.019699556753,0.0148038901389,0.0184223372489,0.00758288800716,0.00850158650428,0.00937880389392,0.0168476160616,0.0208452902734,0.00729356892407,0.00449933065102,0.00255327462219,0.00115220644511,0.000451389525551],"mean":[0.000329368398525,0.00703538581729,0.00328860292211,0.00199849368073,0.00251997075975,0.00192156888079,0.000558887317311,0.000396529969294,0.00107671658043,0.000567975745071,0.000641704420559,0.000406886392739,0.000530318939127,0.000520184112247,0.000404028367484,0.000444091245299,0.000724425830413,0.000449281331385,0.000426551734563,0.000381907069823,0.000416563125327,0.000346896093106,0.00017599768762,0.000102432844869,0.0000586152491451,0.0000355447082256,0.0000105352846731],"median":[0.000216938729864,0.0033216138836,0.00174169568345,0.00134671479464,0.00192308612168,0.00104953325354,0.000310632109176,0.000111195207865,0.000237975895288,0.00013944573584,0.000116778464871,0.000122464101878,0.000159007060574,0.000162958502187,0.00014672591351,0.000167191043147,0.000440834643086,0.000197568704607,0.000230876961723,0.000184302334674,0.000171680731,0.000117305782624,0.0000451579835499,0.0000325250621245,0.0000137438128149,0.00000835726132209,0.00000178398931894],"min":[2.28727695114e-23,1.71685762592e-23,5.55507077323e-23,6.73725015273e-23,6.92665060737e-23,6.83200370705e-23,2.49521595259e-23,1.04673117321e-23,1.20219136072e-23,3.88155695198e-23,1.63111582926e-22,1.07131110083e-22,9.06644780346e-23,7.08463798967e-23,1.79493775303e-22,1.66535415959e-22,2.30556350423e-22,3.43089693581e-22,3.21837982743e-22,2.764563421e-22,5.40177869104e-22,5.77134222844e-22,6.02751275361e-22,8.74501866524e-22,1.15045767954e-21,1.71715081712e-21,3.0366026469e-21],"var":[1.19580903402e-7,0.000112634981633,0.0000421949735028,0.00000637778293822,0.00000611191990174,0.00000959805038292,0.00000137299423386,0.0000015874041992,0.0000104712435132,0.0000030740729926,0.00000322369533023,0.0000012745189224,0.00000187049522538,0.00000126955387714,8.11448899185e-7,7.86074281223e-7,8.73648673405e-7,5.20588571362e-7,3.60337566008e-7,3.63915916068e-7,6.14003738519e-7,6.2683136548e-7,2.2007246514e-7,5.91529705218e-8,2.38704469524e-8,8.8925302677e-9,8.86593409799e-10]},"barkbands_crest":{"dmean":3.08922529221,"dmean2":5.0563788414,"dvar":8.43419742584,"dvar2":20.9648323059,"max":25.1047782898,"mean":9.29729938507,"median":8.11314678192,"min":2.03187203407,"var":18.757604599},"barkbands_flatness_db":{"dmean":0.0272714253515,"dmean2":0.0420636124909,"dvar":0.000641352380626,"dvar2":0.00148046191316,"max":0.42341247201,"mean":0.113732509315,"median":0.105924673378,"min":0.019943267107,"var":0.00214034295641},"barkbands_kurtosis":{"dmean":2.90481567383,"dmean2":4.73622846603,"dvar":25.7872638702,"dvar2":62.6773681641,"max":109.062965393,"mean":2.90902543068,"median":0.817566156387,"min":-1.94934022427,"var":45.391998291},"barkbands_skewness":{"dmean":0.640489459038,"dmean2":1.02044260502,"dvar":0.439602524042,"dvar2":1.07600057125,"max":9.74730682373,"mean":1.46259236336,"median":1.34112858772,"min":-5.4048409462,"var":1.23083567619},"barkbands_spread":{"dmean":8.47350597382,"dmean2":13.244052887,"dvar":76.7820281982,"dvar2":169.981964111,"max":112.746673584,"mean":30.2374000549,"median":28.2900123596,"min":1.06072735786,"var":254.079101562},"dissonance":{"dmean":0.0134978694841,"dmean2":0.0224415175617,"dvar":0.000201329501579,"dvar2":0.000534859427717,"max":0.500000059605,"mean":0.476565808058,"median":0.481546372175,"min":0.321274399757,"var":0.000350790534867},"dynamic_complexity":3.36892700195,"erbbands":{"dmean":[0.137978836894,1.40308177471,3.80092120171,4.46984004974,4.1138625145,5.24945926666,7.97464227676,10.9001789093,7.2729434967,4.14755916595,9.38301753998,23.7589855194,14.2294797897,12.7599487305,16.384935379,11.5030517578,17.2193565369,14.7480764389,14.6186180115,15.9277696609,20.0854892731,23.6731967926,18.5639381409,14.7499065399,15.0328292847,13.9068260193,12.7975139618,10.894405365,9.11343288422,6.56354188919,2.61747646332,1.66778206825,1.06555879116,0.528263151646,0.250583916903,0.117154665291,0.0400796718895,0.0101591330022,0.00162996340077,0.0000752974156057],"dmean2":[0.226483076811,2.46681761742,6.76913261414,8.05859565735,7.06376361847,8.8817024231,13.2852125168,18.237203598,12.3163928986,6.74703836441,15.3521261215,38.3913269043,22.5384235382,19.7950019836,25.0428771973,18.0524024963,26.4461212158,22.930229187,22.4603176117,25.3162727356,32.4544563293,37.3726158142,29.7862491608,23.8359222412,24.8034286499,22.4141712189,20.3752326965,17.1808929443,13.9369411469,10.1329202652,3.96556043625,2.5220386982,1.58159959316,0.793188333511,0.368204414845,0.171869963408,0.0598795562983,0.0154519146308,0.00261028157547,0.000115656854177],"dvar":[0.0510055944324,7.60974168777,76.0612716675,89.3454437256,49.7001304626,70.34324646,272.677703857,720.477416992,533.752563477,143.0574646,1045.86706543,8319.578125,2278.85986328,1384.29174805,2372.37915039,1257.36645508,2520.49291992,1706.30310059,1543.71911621,1298.93786621,1602.29797363,1530.08544922,996.881774902,712.926391602,809.019042969,702.514709473,818.296447754,801.226928711,520.795959473,297.802825928,64.0399627686,29.5438365936,6.75487089157,2.43510627747,0.524541735649,0.0954837948084,0.0116610350087,0.000635111471638,0.0000177758138307,3.43198642838e-8],"dvar2":[0.129680588841,21.2269802094,207.252380371,253.343307495,139.038208008,191.72315979,747.090148926,1881.83410645,1493.40979004,354.621826172,2668.80151367,21996.640625,5299.5,2952.04882812,5388.95556641,2774.77709961,5702.19775391,4334.10595703,3607.51879883,3005.23217773,4559.59179688,3693.58959961,2413.18896484,1780.67651367,2062.24365234,1709.57348633,1996.35375977,1917.05078125,1181.92553711,677.008544922,140.399398804,70.6690139771,15.5329093933,5.83493900299,1.12642753124,0.197346463799,0.0242909286171,0.00136821588967,0.0000425893522333,8.05115405456e-8],"max":[2.25593662262,20.8940200806,71.9287948608,95.8050765991,153.691329956,165.732391357,464.479614258,572.873901367,881.747680664,460.328033447,855.189819336,2073.24853516,1500.37268066,2041.49438477,1100.5559082,1989.57678223,1384.3984375,1040.97167969,1208.4720459,998.522705078,773.535339355,1064.6932373,502.578369141,392.227172852,413.545410156,404.38079834,636.807189941,690.29309082,810.270812988,426.626190186,227.815841675,126.15133667,52.7769012451,35.3801422119,19.225320816,7.44479465485,2.4044611454,0.439852714539,0.0841665416956,0.00435779569671],"mean":[0.207744508982,1.53346943855,3.79728388786,5.56156110764,6.75892400742,9.18800354004,12.6264762878,15.2726640701,10.4717550278,6.06382703781,13.0357952118,26.1449966431,20.034986496,19.6855239868,22.2455673218,20.1185722351,26.5468959808,23.45885849,21.3084831238,24.1217670441,31.9505634308,38.8291091919,28.3022174835,21.1406555176,20.4256515503,18.8188114166,17.2683601379,14.7262077332,13.1097745895,9.39684963226,4.17615747452,2.42594122887,1.53318583965,0.738210141659,0.380313962698,0.179500073195,0.0590637363493,0.0137499934062,0.00189899106044,0.000111646375444],"median":[0.116932988167,0.619669020176,1.83094835281,3.66904020309,4.94714355469,6.62465810776,8.06903362274,7.60333442688,5.81051635742,3.22124147415,3.83663320541,5.79776859283,5.09899377823,5.16234588623,5.30100727081,7.11385822296,8.46561431885,8.37038326263,7.48605251312,9.43165397644,14.6362609863,24.901058197,13.6360416412,11.3280296326,10.2269706726,9.16497135162,7.65415048599,5.81046772003,4.58916282654,2.50053358078,1.07266330719,0.670574426651,0.512369394302,0.190253078938,0.0815507471561,0.0380850434303,0.0143387261778,0.00303632160649,0.000340962229529,0.0000436753689428],"min":[5.21625223765e-22,4.98006915065e-21,4.1508443357e-20,1.82907353195e-19,1.77408786395e-19,1.83130162048e-19,7.56592637993e-19,3.17745638332e-19,4.10838147132e-19,1.79937167335e-19,2.84996989195e-19,3.56061187143e-19,7.72557534008e-19,2.67473793473e-18,7.42316762071e-18,3.72269987702e-18,3.94254794022e-18,3.22684439087e-18,8.02137471354e-18,9.73146888678e-18,1.0543415314e-17,1.16058072153e-17,1.53795954213e-17,1.65524829359e-17,1.74336420466e-17,1.45398615157e-17,1.71771101775e-17,2.43418971806e-17,2.18643638602e-17,1.64017408498e-17,1.68616615422e-17,1.47920060188e-17,1.72156237069e-17,1.2913736928e-17,8.54696941066e-18,5.94839268326e-18,3.50141624186e-18,1.65327275882e-18,3.62487863515e-19,4.70006932109e-20],"var":[0.0686173662543,7.21234083176,54.8882522583,60.7467193604,50.6437759399,99.9117126465,320.324981689,791.926391602,452.248962402,156.833908081,1395.22033691,7011.00488281,3725.15625,2984.7277832,3413.80517578,2482.78637695,4550.56835938,2627.75732422,2075.87792969,2536.44995117,3032.26367188,2255.15185547,1928.83728027,871.911254883,928.827514648,852.33984375,892.427978516,866.227722168,833.220336914,555.91607666,138.81199646,43.2029380798,10.8787050247,3.71245193481,1.10314023495,0.234268635511,0.0269728247076,0.00138972548302,0.0000284221769107,5.70423672741e-8]},"erbbands_crest":{"dmean":2.53722810745,"dmean2":4.09439563751,"dvar":6.03853464127,"dvar2":15.0463924408,"max":32.5837745667,"mean":8.02794265747,"median":6.89493751526,"min":1.94311988354,"var":16.8577289581},"erbbands_flatness_db":{"dmean":0.0192404445261,"dmean2":0.0278500057757,"dvar":0.000305041437969,"dvar2":0.000581258966122,"max":0.488030314445,"mean":0.135417535901,"median":0.12963475287,"min":0.0249750986695,"var":0.00190119468607},"erbbands_kurtosis":{"dmean":0.82068502903,"dmean2":1.32196736336,"dvar":2.25890827179,"dvar2":5.32990264893,"max":59.5202484131,"mean":-0.00463692937046,"median":-0.431909769773,"min":-1.80522727966,"var":3.69996857643},"erbbands_skewness":{"dmean":0.372254908085,"dmean2":0.571078240871,"dvar":0.139380589128,"dvar2":0.304639488459,"max":4.11490154266,"mean":-0.23421753943,"median":-0.266729235649,"min":-6.23541784286,"var":0.544026732445},"erbbands_spread":{"dmean":9.810338974,"dmean2":15.3330669403,"dvar":95.3171691895,"dvar2":225.576904297,"max":139.863174438,"mean":45.7588653564,"median":44.6196327209,"min":2.00307273865,"var":321.696563721},"gfcc":{"cov":[[18160.2675781,523.860717773,-202.595840454,580.690002441,-377.747436523,165.475906372,-373.282836914,30.9821186066,-123.902511597,-120.542259216,-241.123168945,81.8465881348,-127.705383301],[523.860717773,1281.6081543,-313.208557129,31.1088104248,140.105392456,-164.519836426,14.2780332565,-50.8924446106,-13.5430088043,-64.22265625,54.9810371399,-16.0488090515,85.6614303589],[-202.595840454,-313.208557129,834.741943359,154.15184021,-78.8784790039,87.2630081177,-118.731811523,41.0715522766,40.3680152893,41.427947998,-11.7403726578,47.1840362549,-43.1659164429],[580.690002441,31.1088104248,154.15184021,318.547851562,39.261051178,-13.7253866196,-39.8136062622,-1.37220776081,29.0368747711,4.60145664215,-1.2040694952,28.2898235321,13.3148040771],[-377.747436523,140.105392456,-78.8784790039,39.261051178,187.74609375,-8.41478252411,20.1251964569,8.42459392548,-6.04486846924,-6.63990831375,13.7952127457,-1.37430620193,29.2049255371],[165.475906372,-164.519836426,87.2630081177,-13.7253866196,-8.41478252411,173.86277771,57.2017974854,19.474111557,-7.44356870651,20.8711280823,-0.882233798504,3.78350067139,-18.4549865723],[-373.282836914,14.2780332565,-118.731811523,-39.8136062622,20.1251964569,57.2017974854,168.893768311,17.5971164703,-20.8199710846,-5.45572900772,16.9003982544,-12.8725481033,9.17066287994],[30.9821186066,-50.8924446106,41.0715522766,-1.37220776081,8.42459392548,19.474111557,17.5971164703,87.956703186,25.8986377716,-7.10943603516,-6.82189512253,7.01284170151,-0.921174645424],[-123.902511597,-13.5430088043,40.3680152893,29.0368747711,-6.04486846924,-7.44356870651,-20.8199710846,25.8986377716,98.9194030762,20.4523391724,-2.8483247757,6.19682359695,3.06091237068],[-120.542259216,-64.22265625,41.427947998,4.60145664215,-6.63990831375,20.8711280823,-5.45572900772,-7.10943603516,20.4523391724,88.0622253418,13.8917341232,-14.621339798,-7.82311725616],[-241.123168945,54.9810371399,-11.7403726578,-1.2040694952,13.7952127457,-0.882233798504,16.9003982544,-6.82189512253,-2.8483247757,13.8917341232,62.5998458862,25.1789951324,6.58803606033],[81.8465881348,-16.0488090515,47.1840362549,28.2898235321,-1.37430620193,3.78350067139,-12.8725481033,7.01284170151,6.19682359695,-14.621339798,25.1789951324,80.9495620728,25.9933719635],[-127.705383301,85.6614303589,-43.1659164429,13.3148040771,29.2049255371,-18.4549865723,9.17066287994,-0.921174645424,3.06091237068,-7.82311725616,6.58803606033,25.9933719635,65.949798584]],"icov":[[0.0000960846882663,-0.000120334116218,0.000177894136868,-0.000267550698482,0.000300305371638,-0.000320666527841,0.000330432259943,-0.000241333633312,0.00027710798895,-0.0000849569187267,0.000441372569185,-0.000306022848235,0.000294359400868],[-0.000120334116218,0.00132570462301,-0.0000586376008869,0.000181076655281,-0.000819285225589,0.0010329351062,-0.000332797324518,0.000717078975867,-0.000565597147215,0.00111628032755,-0.00200432445854,0.00155214068945,-0.00157461420167],[0.000177894136868,-0.0000586376008869,0.00226189615205,-0.00135888310615,0.0011505887378,-0.0016695758095,0.00206706230529,-0.00140001508407,0.000633921998087,-0.000654425530229,0.000700953998603,-0.00126133637968,0.0012118112063],[-0.000267550698482,0.000181076655281,-0.00135888310615,0.00468562776223,-0.00202461821027,0.00138200644869,-0.00101102923509,0.00151018158067,-0.00172040972393,0.0000340327715094,-0.0002733716683,-0.000429528299719,-0.000863229040988],[0.000300305371638,-0.000819285225589,0.0011505887378,-0.00202461821027,0.00765617005527,-0.00170193915255,0.0013362057507,-0.00235838955268,0.001655184431,-0.000127198480186,-0.000262357847532,0.000641741498839,-0.00159655092284],[-0.000320666527841,0.0010329351062,-0.0016695758095,0.00138200644869,-0.00170193915255,0.00985349249095,-0.00506465230137,0.0005134253297,-0.000140660675243,-0.0017850662116,0.000203193325433,-0.00103922362905,0.00107213133015],[0.000330432259943,-0.000332797324518,0.00206706230529,-0.00101102923509,0.0013362057507,-0.00506465230137,0.0106369992718,-0.00339905358851,0.00224856217392,0.00111122394446,-0.00259106536396,0.00232117250562,-0.00153498048894],[-0.000241333633312,0.000717078975867,-0.00140001508407,0.00151018158067,-0.00235838955268,0.0005134253297,-0.00339905358851,0.0152207417414,-0.00533866463229,0.00250583025627,0.000761682749726,-0.000612702977378,-0.0000362263926945],[0.00027710798895,-0.000565597147215,0.000633921998087,-0.00172040972393,0.001655184431,-0.000140660675243,0.00224856217392,-0.00533866463229,0.0136430040002,-0.00422306032851,0.00240752613172,-0.00194755196571,0.000266865798039],[-0.0000849569187267,0.00111628032755,-0.000654425530229,0.0000340327715094,-0.000127198480186,-0.0017850662116,0.00111122394446,0.00250583025627,-0.00422306032851,0.0162484254688,-0.00790045130998,0.00725494418293,-0.00255917059258],[0.000441372569185,-0.00200432445854,0.000700953998603,-0.0002733716683,-0.000262357847532,0.000203193325433,-0.00259106536396,0.000761682749726,0.00240752613172,-0.00790045130998,0.027118017897,-0.0136681813747,0.00614533992484],[-0.000306022848235,0.00155214068945,-0.00126133637968,-0.000429528299719,0.000641741498839,-0.00103922362905,0.00232117250562,-0.000612702977378,-0.00194755196571,0.00725494418293,-0.0136681813747,0.0236656703055,-0.0112650152296],[0.000294359400868,-0.00157461420167,0.0012118112063,-0.000863229040988,-0.00159655092284,0.00107213133015,-0.00153498048894,-0.0000362263926945,0.000266865798039,-0.00255917059258,0.00614533992484,-0.0112650152296,0.0234758388251]],"mean":[-5.86819887161,82.9060668945,-110.836807251,49.7086143494,-43.7720909119,7.4083108902,-29.79047966,3.15868711472,-22.0398769379,1.58657419682,-16.3305568695,5.36074209213,-7.73692464828]},"hfc":{"dmean":10.1436920166,"dmean2":14.9939937592,"dvar":301.403656006,"dvar2":679.409912109,"max":308.938049316,"mean":21.9318084717,"median":15.0565166473,"min":1.27289596684e-16,"var":525.747924805},"melbands":{"dmean":[0.00135907740332,0.00187039573211,0.000748279853724,0.000313945143716,0.000260287633864,0.000242095338763,0.000101664685644,0.0000451989544672,0.00009020845755,0.000149953906657,0.000068834706326,0.000051379101933,0.0000670674271532,0.0000282209475699,0.0000371058340534,0.0000348421017407,0.0000295515419566,0.0000268517324002,0.00002099935773,0.0000191846702364,0.000026720275855,0.0000277200797427,0.0000210093730857,0.0000148853323481,0.0000122299998111,0.0000120125523608,0.0000105882536445,0.00000893947526492,0.00000772266321292,0.0000083736522356,0.00000592502101426,0.00000497156361234,0.00000519956574863,0.00000330734769705,0.00000158161003583,0.00000120352683552,0.00000102158753634,9.10405333343e-7,4.81861377466e-7,4.53164062719e-7],"dmean2":[0.0023411938455,0.00325851864181,0.0013390313834,0.000532261212356,0.000434704328654,0.000403791083954,0.000171433435753,0.0000736772344681,0.000147750528413,0.000242082533077,0.000108917753096,0.0000797521497589,0.000102487196273,0.00004488880586,0.0000577276914555,0.000054032625485,0.0000461083836854,0.0000413169072999,0.0000331939918397,0.0000307873015117,0.0000434272042185,0.0000441380543634,0.0000339086545864,0.0000240860445047,0.000019911716663,0.0000197381286853,0.0000175788354682,0.0000143145498441,0.0000124145317386,0.0000134476267704,0.00000940843165154,0.00000763887965149,0.00000807621108834,0.00000519247487318,0.00000243625754592,0.0000018760574676,0.00000154427209509,0.00000136550340812,7.3238885534e-7,6.91887692028e-7],"dvar":[0.0000054307620303,0.0000156856804097,0.00000237372591982,2.29785968031e-7,2.47092145855e-7,3.24995596657e-7,1.02449888573e-7,1.68595679639e-8,9.6026376184e-8,3.36134974077e-7,5.66654811962e-8,2.39640876032e-8,3.67770560672e-8,6.62045129829e-9,1.35016149372e-8,1.05921333926e-8,7.12065295616e-9,5.53484547083e-9,2.82509593497e-9,1.9806700724e-9,2.72256306388e-9,2.31378427529e-9,1.18073051336e-9,7.97072963188e-10,5.16103604298e-10,5.00693486671e-10,4.46824799383e-10,2.85257623078e-10,2.96052543591e-10,3.7901243255e-10,2.90122093016e-10,1.52150028687e-10,2.09487510672e-10,8.00520483235e-11,2.61329517054e-11,1.97431827831e-11,9.04490458226e-12,4.39869625099e-12,1.78172906116e-12,2.01537744826e-12],"dvar2":[0.0000149548068293,0.0000411516775785,0.00000670205099595,6.20526861894e-7,6.73214742619e-7,8.49867944908e-7,2.86509020953e-7,4.14514715885e-8,2.48701695682e-7,8.87074349976e-7,1.30880266624e-7,5.06675021938e-8,8.13676450662e-8,1.58131410188e-8,3.12093781929e-8,2.37515713764e-8,1.77980155058e-8,1.27608208444e-8,6.34014618583e-9,4.92203033886e-9,7.55990114953e-9,5.54828183397e-9,2.88725265918e-9,1.90176874248e-9,1.30640120943e-9,1.28734578553e-9,1.14930476247e-9,6.82459311285e-10,7.2036299148e-10,9.51103085178e-10,6.90766777112e-10,3.43987949236e-10,5.06085950924e-10,1.80566284147e-10,5.81188569493e-11,4.83724033051e-11,2.11964890084e-11,1.0037803054e-11,4.27533095732e-12,4.87368695748e-12],"max":[0.0199606083333,0.030794641003,0.0166228283197,0.00735218636692,0.0130574470386,0.01180508174,0.0125755630434,0.00424805516377,0.00704785715789,0.0126199228689,0.00752931647003,0.00836881808937,0.00362087646499,0.00221548625268,0.0062235170044,0.00270909862593,0.00215850700624,0.00190413254313,0.00136854709126,0.00132573267911,0.00101045053452,0.00140224862844,0.000487875950057,0.000305548950564,0.00034947504173,0.000318989710649,0.000339462858392,0.000275931786746,0.000419073214289,0.000390152068576,0.000485087162815,0.000388173211832,0.000552152807359,0.000258157611825,0.000175826033228,0.000100202960311,0.0000627612753306,0.000042780302465,0.0000311089352181,0.000033231695852],"mean":[0.00189243839122,0.00206203991547,0.00101891998202,0.000571320881136,0.000443654862465,0.000352604693035,0.00014711492986,0.0000630293870927,0.000122657162137,0.000161374395248,0.0000951238034759,0.0000756477456889,0.0000892686730367,0.0000432995766459,0.0000618743433733,0.0000474874286738,0.0000448573118774,0.0000367905668099,0.0000297169463011,0.0000276825030596,0.0000404166166845,0.0000432253145846,0.0000322501909977,0.0000195089960471,0.000016726904505,0.0000157418053277,0.0000136099779411,0.0000117969439088,0.0000100627103166,0.0000109357652036,0.00000760564807933,0.00000692932644597,0.00000728011036699,0.00000453990196547,0.0000024683195079,0.00000170544569755,0.00000141976363466,0.00000125394558381,6.77331399856e-7,6.04117644798e-7],"median":[0.000971763278358,0.000958996708505,0.000704912818037,0.000426941958722,0.000304414657876,0.000182072282769,0.0000814201630419,0.0000299719922623,0.0000348584835592,0.0000338401150657,0.0000222087583097,0.0000180669994734,0.0000172852869582,0.000013452659914,0.000021070600269,0.0000151236827151,0.0000144535979416,0.0000110606033559,0.0000101421155705,0.00001103930299,0.000017197256966,0.0000261583645624,0.0000166904392245,0.00000795911728346,0.00000857290615386,0.00000773514148023,0.0000062935528149,0.00000560557509743,0.00000436913796875,0.00000435313631897,0.00000278068819171,0.00000249374352279,0.00000209174140764,0.00000106624383989,5.8106581946e-7,3.7358171312e-7,4.03567383955e-7,4.03659555559e-7,2.06086298249e-7,1.35722501682e-7],"min":[6.28528081678e-24,1.67615098326e-23,3.144408719e-23,1.09349792423e-23,2.22253876541e-23,9.01030220626e-24,5.79936734829e-24,1.52393934468e-24,2.38167973845e-24,2.24552786824e-24,3.77434286635e-24,9.08731159669e-24,2.48329563322e-23,1.61494200344e-23,6.13971744154e-24,9.48425141584e-24,5.2853152113e-24,1.19121877884e-23,1.33993641441e-23,1.46659734131e-23,1.23714065983e-23,1.24586869577e-23,1.21040371828e-23,1.62339070374e-23,1.25323294898e-23,1.42023630145e-23,9.40454490997e-24,9.33466839985e-24,1.18852261004e-23,9.66005932376e-24,1.41644740252e-23,1.26112660674e-23,1.13368802077e-23,8.33325207916e-24,9.5600514825e-24,9.99437463108e-24,8.63913526174e-24,1.24398055719e-23,1.00716443456e-23,1.1681528804e-23],"var":[0.0000065601152528,0.0000135380996653,0.00000169174222719,3.17927401738e-7,3.10665114966e-7,3.74707497031e-7,8.71932002156e-8,1.8767671861e-8,1.15324723993e-7,2.81100881239e-7,9.32402599574e-8,5.03720656297e-8,6.18157045551e-8,1.23753789438e-8,2.39776678512e-8,1.54337005398e-8,1.1170562253e-8,7.47903694531e-9,5.06658270893e-9,3.34746808051e-9,5.08476372119e-9,3.34165606297e-9,2.15929385483e-9,1.1098928443e-9,6.07817962628e-10,5.67362545834e-10,4.87438145402e-10,3.57239626769e-10,3.1770108766e-10,4.06834094191e-10,3.01826397209e-10,2.28373153721e-10,3.59083512924e-10,1.46567952219e-10,5.58034694842e-11,2.80124395902e-11,1.33496711949e-11,6.89767687412e-12,2.66392962377e-12,2.9257943724e-12]},"melbands_crest":{"dmean":3.74306559563,"dmean2":6.27495527267,"dvar":11.6046552658,"dvar2":29.8289813995,"max":36.8278808594,"mean":13.8174238205,"median":12.6766910553,"min":2.78043246269,"var":27.2755489349},"melbands_flatness_db":{"dmean":0.035587977618,"dmean2":0.0547066144645,"dvar":0.00110088288784,"dvar2":0.002572594909,"max":0.558978319168,"mean":0.18726593256,"median":0.180606991053,"min":0.0106727136299,"var":0.00347926281393},"melbands_kurtosis":{"dmean":9.53970336914,"dmean2":15.9487762451,"dvar":337.063964844,"dvar2":883.572814941,"max":446.116394043,"mean":14.467165947,"median":8.66498947144,"min":-1.77048432827,"var":441.337554932},"melbands_skewness":{"dmean":0.959146261215,"dmean2":1.54667770863,"dvar":1.18710875511,"dvar2":3.0105009079,"max":18.8784389496,"mean":2.9877281189,"median":2.78549146652,"min":-3.76707935333,"var":2.79232478142},"melbands_spread":{"dmean":10.8625154495,"dmean2":17.2953662872,"dvar":161.418945312,"dvar2":376.611572266,"max":213.242218018,"mean":28.5581359863,"median":24.4198303223,"min":0.866875767708,"var":397.248260498},"mfcc":{"cov":[[10865.3671875,308.825500488,-43.6068000793,411.72644043,-17.8913059235,155.504379272,-108.828964233,156.529953003,29.7182750702,-78.7074737549,-6.1888461113,-53.1273384094,-84.9538192749],[308.825500488,1102.43530273,-257.766326904,155.165802002,33.0045394897,-41.149356842,22.6698570251,-18.0686130524,-10.4748907089,-63.06873703,-38.8979454041,2.29099822044,-5.89355707169],[-43.6068000793,-257.766326904,731.041809082,34.1886749268,79.6699905396,40.6816596985,-66.6377334595,9.51307964325,-8.49935150146,4.42693138123,39.4482917786,13.2320108414,29.4194869995],[411.72644043,155.165802002,34.1886749268,328.582397461,90.840675354,9.52282619476,-25.7510890961,-4.91147947311,17.8657550812,-41.0077133179,-21.4024944305,22.2588272095,13.2024831772],[-17.8913059235,33.0045394897,79.6699905396,90.840675354,172.612869263,6.72190570831,-32.5190734863,-4.04614686966,11.5604572296,-6.10252380371,-8.08610057831,6.47471427917,13.4512872696],[155.504379272,-41.149356842,40.6816596985,9.52282619476,6.72190570831,122.766532898,42.4251594543,-3.05834078789,9.58553028107,5.36874294281,15.0347013474,21.4535293579,-4.36848020554],[-108.828964233,22.6698570251,-66.6377334595,-25.7510890961,-32.5190734863,42.4251594543,155.067199707,28.1766738892,4.85387802124,3.54527568817,-0.302631884813,8.45733547211,-7.52045679092],[156.529953003,-18.0686130524,9.51307964325,-4.91147947311,-4.04614686966,-3.05834078789,28.1766738892,117.250213623,19.577123642,-8.8523015976,-0.770371854305,-18.1709766388,17.2385959625],[29.7182750702,-10.4748907089,-8.49935150146,17.8657550812,11.5604572296,9.58553028107,4.85387802124,19.577123642,78.7990570068,21.5323257446,2.11656451225,3.62635588646,-5.76295375824],[-78.7074737549,-63.06873703,4.42693138123,-41.0077133179,-6.10252380371,5.36874294281,3.54527568817,-8.8523015976,21.5323257446,89.7968063354,27.509262085,-9.25714302063,-14.8681001663],[-6.1888461113,-38.8979454041,39.4482917786,-21.4024944305,-8.08610057831,15.0347013474,-0.302631884813,-0.770371854305,2.11656451225,27.509262085,76.0726089478,23.2863864899,-10.6824007034],[-53.1273384094,2.29099822044,13.2320108414,22.2588272095,6.47471427917,21.4535293579,8.45733547211,-18.1709766388,3.62635588646,-9.25714302063,23.2863864899,80.964050293,7.77400541306],[-84.9538192749,-5.89355707169,29.4194869995,13.2024831772,13.4512872696,-4.36848020554,-7.52045679092,17.2385959625,-5.76295375824,-14.8681001663,-10.6824007034,7.77400541306,71.1170578003]],"icov":[[0.000109070388135,-0.0000210892085306,0.0000196939799935,-0.000152125241584,0.00010533164459,-0.000228534234338,0.000191460741917,-0.00022755957616,0.0000518497763551,0.0000313601995003,-0.00000983321297099,0.0000775956650614,0.000190882317838],[-0.0000210892085306,0.00113255064934,0.000386914733099,-0.000470047292765,-0.000217948661884,0.000405244529247,-0.000314992968924,0.000263674708549,0.0000903378677322,0.00056938099442,-0.0000876151534612,0.000102077421616,0.0000667991262162],[0.0000196939799935,0.000386914733099,0.0017628261121,-0.000187557176105,-0.000662700331304,-0.000663348066155,0.000730626052245,-0.000302534084767,0.000422568235081,0.000159248142154,-0.00089126516832,0.000152334425366,-0.000486630451633],[-0.000152125241584,-0.000470047292765,-0.000187557176105,0.00438036769629,-0.0018686153926,-0.0000938147277338,0.000213901061215,0.000416523747845,-0.00122472736984,0.00139233015943,0.00068987038685,-0.000971675908659,-0.000285267975414],[0.00010533164459,-0.000217948661884,-0.000662700331304,-0.0018686153926,0.00752676324919,-0.000745570810977,0.00132880860474,-0.000129092455609,-0.000679407792632,-0.000597847916652,0.000845464412123,-0.0000972248453763,-0.000611237133853],[-0.000228534234338,0.000405244529247,-0.000663348066155,-0.0000938147277338,-0.000745570810977,0.0106970481575,-0.00375654106028,0.00151599396486,-0.00118307303637,0.000168335493072,-0.00120526389219,-0.00165291351732,0.0000247636708082],[0.000191460741917,-0.000314992968924,0.000730626052245,0.000213901061215,0.00132880860474,-0.00375654106028,0.00900719221681,-0.00318445661105,0.000783964467701,-0.000877917918842,0.00135631067678,-0.00146501127165,0.00134682259522],[-0.00022755957616,0.000263674708549,-0.000302534084767,0.000416523747845,-0.000129092455609,0.00151599396486,-0.00318445661105,0.0117744989693,-0.00408736243844,0.00290146516636,-0.00249929027632,0.00396132841706,-0.00380853749812],[0.0000518497763551,0.0000903378677322,0.000422568235081,-0.00122472736984,-0.000679407792632,-0.00118307303637,0.000783964467701,-0.00408736243844,0.015852632001,-0.00523992115632,0.00209394213744,-0.00243780738674,0.00202162424102],[0.0000313601995003,0.00056938099442,0.000159248142154,0.00139233015943,-0.000597847916652,0.000168335493072,-0.000877917918842,0.00290146516636,-0.00523992115632,0.0162120107561,-0.00638305954635,0.00420506531373,0.000633857387584],[-0.00000983321297099,-0.0000876151534612,-0.00089126516832,0.00068987038685,0.000845464412123,-0.00120526389219,0.00135631067678,-0.00249929027632,0.00209394213744,-0.00638305954635,0.0189266484231,-0.00707210926339,0.00318814348429],[0.0000775956650614,0.000102077421616,0.000152334425366,-0.000971675908659,-0.0000972248453763,-0.00165291351732,-0.00146501127165,0.00396132841706,-0.00243780738674,0.00420506531373,-0.00707210926339,0.017063010484,-0.00322567205876],[0.000190882317838,0.0000667991262162,-0.000486630451633,-0.000285267975414,-0.000611237133853,0.0000247636708082,0.00134682259522,-0.00380853749812,0.00202162424102,0.000633857387584,0.00318814348429,-0.00322567205876,0.0168597158045]],"mean":[-644.871459961,108.655960083,-1.85268652439,43.215461731,7.28251886368,12.7309865952,1.23481929302,4.77432346344,1.73027384281,-3.84532880783,-1.84044921398,1.58058381081,-2.03439450264]},"pitch_salience":{"dmean":0.0886090323329,"dmean2":0.144428014755,"dvar":0.00711808819324,"dvar2":0.0173025447875,"max":0.843226075172,"mean":0.570566594601,"median":0.587843120098,"min":0.132084086537,"var":0.0153911020607},"silence_rate_20dB":{"dmean":0,"dmean2":0,"dvar":0,"dvar2":0,"max":1,"mean":1,"median":1,"min":1,"var":0},"silence_rate_30dB":{"dmean":0.00039836668293,"dmean2":0.000796812761109,"dvar":0.000398208008846,"dvar2":0.00119458418339,"max":1,"mean":0.999800860882,"median":1,"min":0,"var":0.000199123853236},"silence_rate_60dB":{"dmean":0.00398366712034,"dmean2":0.00796812772751,"dvar":0.00396779738367,"dvar2":0.00870144926012,"max":1,"mean":0.0683130845428,"median":0,"min":0,"var":0.0636464059353},"spectral_centroid":{"dmean":352.142944336,"dmean2":550.068359375,"dvar":127624.742188,"dvar2":279235.34375,"max":11164.59375,"mean":1738.42919922,"median":1713.77246094,"min":181.431930542,"var":451436.71875},"spectral_complexity":{"dmean":5.78707313538,"dmean2":8.70557785034,"dvar":51.0549507141,"dvar2":101.982040405,"max":62,"mean":20.4108734131,"median":19,"min":0,"var":140.094085693},"spectral_contrast_coeffs":{"dmean":[0.0532066933811,0.0493885166943,0.0409020520747,0.0338972955942,0.0246677808464,0.0241275243461],"dmean2":[0.0864566192031,0.0805354267359,0.0655147582293,0.053848400712,0.0387624502182,0.0372997373343],"dvar":[0.0019925723318,0.00161879358348,0.00121219665743,0.000796471023932,0.000475101376651,0.000466024532216],"dvar2":[0.00497804163024,0.00432706158608,0.00295581365936,0.00190453545656,0.00104215415195,0.00106596504338],"max":[-0.349574506283,-0.388220250607,-0.428816884756,-0.473765939474,-0.527060508728,-0.526740312576],"mean":[-0.692023813725,-0.733245491982,-0.771981775761,-0.775089740753,-0.783592939377,-0.725656628609],"median":[-0.693407535553,-0.73666459322,-0.784217596054,-0.781503260136,-0.784696221352,-0.723996281624],"min":[-0.956849873066,-0.970477640629,-0.958916127682,-0.970219373703,-0.967190980911,-0.961728692055],"var":[0.00528375431895,0.00558952428401,0.00515816779807,0.00367469945922,0.00200806907378,0.00225542485714]},"spectral_contrast_valleys":{"dmean":[0.354171931744,0.391816198826,0.38929143548,0.393250197172,0.3972222507,0.463267207146],"dmean2":[0.589131832123,0.626347482204,0.601346433163,0.583524644375,0.550441622734,0.599996387959],"dvar":[0.0978167131543,0.125523597002,0.134505614638,0.155820518732,0.170082330704,0.210860878229],"dvar2":[0.239615291357,0.287660896778,0.279965668917,0.30698633194,0.314038664103,0.330842614174],"max":[-5.36542272568,-4.92552423477,-5.11967372894,-5.76824426651,-5.17314147949,-7.34386730194],"mean":[-6.90970802307,-7.08019828796,-7.68317890167,-7.92967748642,-7.40373802185,-10.2638435364],"median":[-6.59489488602,-6.81765079498,-7.4468626976,-7.69872140884,-7.17655277252,-10.0216579437],"min":[-27.3890266418,-27.2982387543,-27.3172092438,-26.9373817444,-27.3536872864,-27.2686443329],"var":[2.23141145706,1.82123327255,1.74364173412,1.71222853661,1.74979114532,1.87083256245]},"spectral_decrease":{"dmean":2.78466760761e-9,"dmean2":4.44199566019e-9,"dvar":1.59152941296e-17,"dvar2":3.73646945636e-17,"max":1.4284821009e-29,"mean":-6.30068264229e-9,"median":-4.93511365107e-9,"min":-3.10149381733e-8,"var":2.57125255294e-17},"spectral_energy":{"dmean":0.011097622104,"dmean2":0.0175152327865,"dvar":0.000245302246185,"dvar2":0.000562514702324,"max":0.126817718148,"mean":0.025769520551,"median":0.0204315092415,"min":1.14916276625e-20,"var":0.0004172619374},"spectral_energyband_high":{"dmean":0.000823759590276,"dmean2":0.00123128772248,"dvar":0.00000345414446201,"dvar2":0.00000768628160586,"max":0.0438650622964,"mean":0.00132131692953,"median":0.00059312855592,"min":8.52112918659e-21,"var":0.00000533042702955},"spectral_energyband_low":{"dmean":0.008022072725,"dmean2":0.0137630747631,"dvar":0.000208173587453,"dvar2":0.000539913889952,"max":0.105318322778,"mean":0.011683255434,"median":0.00680799223483,"min":1.20922140511e-22,"var":0.000230784862651},"spectral_energyband_middle_high":{"dmean":0.0024240850471,"dmean2":0.00366122857668,"dvar":0.0000141214313771,"dvar2":0.0000315342076647,"max":0.0711319893599,"mean":0.00520225567743,"median":0.00310814217664,"min":1.81767709145e-21,"var":0.0000339448815794},"spectral_energyband_middle_low":{"dmean":0.00409877626225,"dmean2":0.00682059396058,"dvar":0.0000421922268288,"dvar2":0.000109103566501,"max":0.0907377675176,"mean":0.0087121501565,"median":0.00674203457311,"min":2.61792061582e-22,"var":0.0000567430324736},"spectral_entropy":{"dmean":0.177297338843,"dmean2":0.249843791127,"dvar":0.032499961555,"dvar2":0.0587515570223,"max":9.79916191101,"mean":7.71984863281,"median":7.77062892914,"min":5.59225702286,"var":0.145818531513},"spectral_flux":{"dmean":0.0281070489436,"dmean2":0.0406560748816,"dvar":0.00102319195867,"dvar2":0.00183247227687,"max":0.336104959249,"mean":0.0904601439834,"median":0.0774740129709,"min":1.07199013555e-10,"var":0.00318848853931},"spectral_kurtosis":{"dmean":1.26684367657,"dmean2":2.11753296852,"dvar":2.83665180206,"dvar2":7.92441749573,"max":46.8227081299,"mean":3.43814826012,"median":2.92658138275,"min":-1.15414977074,"var":5.15207386017},"spectral_rms":{"dmean":0.000948169035837,"dmean2":0.00147007091437,"dvar":0.00000119482626815,"dvar2":0.00000260907359007,"max":0.011123156175,"mean":0.00462507689372,"median":0.00446465890855,"min":3.34833463039e-12,"var":0.00000374966043637},"spectral_rolloff":{"dmean":784.114379883,"dmean2":1303.08691406,"dvar":1042095.4375,"dvar2":2236713,"max":18863.0859375,"mean":1745.95422363,"median":1421.19140625,"min":21.533203125,"var":2342590},"spectral_skewness":{"dmean":0.210222125053,"dmean2":0.335573524237,"dvar":0.0513191409409,"dvar2":0.128311246634,"max":4.55096244812,"mean":1.20734107494,"median":1.16631269455,"min":-0.0976442247629,"var":0.131243035197},"spectral_spread":{"dmean":603977.5,"dmean2":893131.375,"dvar":496580100096,"dvar2":864504905728,"max":39683528,"mean":4546028.5,"median":4327333,"min":1242580.375,"var":2040028069890},"spectral_strongpeak":{"dmean":0.476333260536,"dmean2":0.829441666603,"dvar":0.81502956152,"dvar2":2.15802288055,"max":9.50222873688,"mean":0.630960404873,"median":0.225528508425,"min":0,"var":1.17893195152},"zerocrossingrate":{"dmean":0.0126115251333,"dmean2":0.0153159825131,"dvar":0.000195107772015,"dvar2":0.000237894593738,"max":0.49755859375,"mean":0.0676691606641,"median":0.06201171875,"min":0.0029296875,"var":0.00127774069551}},"metadata":{"audio_properties":{"analysis_sample_rate":44100,"bit_rate":0,"codec":"flac","downmix":"mix","equal_loudness":0,"length":233.133331299,"lossless":true,"md5_encoded":"5c9890108678b78bf3131f4097aab122","replay_gain":-8.40190124512},"tags":{"acoustid_id":["2b84c90b-80fe-4ea1-ab15-862b6ac7c013"],"album":["X"],"albumartist":["INXS"],"albumartistsort":["INXS"],"artist":["INXS"],"artists":["INXS"],"artistsort":["INXS"],"asin":["B000025XWX"],"barcode":["042284666824"],"catalognumber":["846 668-2"],"composer":["Andrew Farriss"],"composersort":["Farriss, Andrew"],"date":["1990"],"discnumber":["1"],"disctotal":["1"],"engineer":["Andy Strange","Brendan Morley","David Nicholas"],"file_name":"01 Suicide Blonde.flac","genre":["New Wave"],"grouping":["Rock"],"isrc":["GBAMX9000002"],"label":["Mercury"],"language":["eng"],"lyricist":["Michael Hutchence"],"media":["CD"],"mood":["Sexy; Retro"],"musicbrainz_albumartistid":["481bf5f9-2e7c-4c44-b08a-05b32bc7c00d"],"musicbrainz_albumid":["7c7df183-eeb0-3fd8-8547-788c0719cc04"],"musicbrainz_artistid":["481bf5f9-2e7c-4c44-b08a-05b32bc7c00d"],"musicbrainz_recordingid":["f7471b36-b061-4bfb-9012-c69d270ddc14"],"musicbrainz_releasegroupid":["8fd854fa-604f-3106-a9c9-90288687f61e"],"musicbrainz_releasetrackid":["d1b709d6-74c7-3b73-a5f2-d737069c52f7"],"musicbrainz_workid":["f55467d4-94f7-3cf3-9a05-ba62118cb78c"],"originaldate":["1990-09-21"],"originalyear":["1990"],"performer":["Garry Gary Beers (bass guitar)","Garry Gary Beers (bass)","Jon Farriss (drums)","Tim Farriss (guitar)","Andrew Farriss (guitar and keyboard)","Kirk Pengilly (vocals)","Michael Hutchence (vocals)","Jon Farriss (drums and keyboard)","Kirk Pengilly (guitar and saxophone)"],"producer":["Chris Thomas"],"releasecountry":["DE"],"releasestatus":["official"],"releasetype":["album"],"replaygain_album_gain":["-2.14 dB"],"replaygain_album_peak":["0.999969"],"replaygain_track_gain":["