{"lowlevel":{"average_loudness":0.902379691601,"barkbands":{"dmean":[0.0000358736178896,0.00352316070348,0.00155896879733,0.0017268541269,0.000982534140348,0.000552040757611,0.000540449866094,0.00042846033466,0.00125605904032,0.00121867412236,0.000863972818479,0.000527724681888,0.000495852960739,0.000386524014175,0.000352755625499,0.000243214541115,0.00020129972836,0.000149444400449,0.000252234254731,0.000156447378686,0.0000767025630921,0.0000785639203968,0.0000931568501983,0.0000868993447511,0.0000860250293044,0.0000672810638207,0.0000424988866143],"dmean2":[0.0000501440445078,0.00574715435505,0.00267320871353,0.00270532397553,0.00158659252338,0.000853960460518,0.000829289900139,0.000669964705594,0.00184275838546,0.00185193726793,0.00132417585701,0.0007985419943,0.000766747165471,0.00058600975899,0.00056262454018,0.000388122047298,0.000328688853187,0.000233266371652,0.000428107945481,0.000241299188929,0.000117788185889,0.000119281256048,0.000143258890603,0.000131733599119,0.000134300877107,0.000106859508378,0.0000693168694852],"dvar":[5.83058268333e-9,0.000029082157198,0.00000818027638161,0.00000599062195761,0.00000222838957598,0.00000155998702667,0.00000244292868956,0.00000162130118042,0.00000717930834071,0.0000110935252451,0.0000056885351114,0.00000192245761355,0.00000152475695359,8.57846544022e-7,5.64332765407e-7,5.5393132925e-7,1.54158129817e-7,9.64471027487e-8,3.90038280784e-7,1.28463966576e-7,2.73297686704e-8,3.1628474062e-8,7.58907390264e-8,7.01182258922e-8,8.5241133263e-8,4.42966232583e-8,1.66477800434e-8],"dvar2":[1.06141886391e-8,0.0000838359483168,0.0000232533402595,0.0000145536232594,0.00000597227972321,0.00000339920006809,0.00000546118826605,0.00000380326241611,0.0000163932472788,0.0000257389838225,0.0000137212964546,0.00000437779272033,0.00000364297238775,0.00000198566658582,0.00000129916747937,0.00000141558825817,4.0117808453e-7,2.31592338196e-7,0.00000122671724512,3.01587192553e-7,6.49754952065e-8,7.37512593219e-8,1.88522633948e-7,1.58704466457e-7,2.11170728903e-7,1.11824974169e-7,4.30992628253e-8],"max":[0.00148132129107,0.0656637251377,0.0442057326436,0.035103905946,0.0273251812905,0.0485404133797,0.037504196167,0.0413483530283,0.0653884485364,0.0758403167129,0.0793748944998,0.0536923669279,0.0443438962102,0.0278420764953,0.0246396027505,0.0240487977862,0.0137180760503,0.0129368538037,0.0134222209454,0.0123325111344,0.00427132286131,0.00501250708476,0.00886663608253,0.0105297528207,0.00937494356185,0.00582890026271,0.00209270324558],"mean":[0.000110642242362,0.00664582243189,0.00242734747007,0.00364567898214,0.00179495068733,0.00118074100465,0.000996978953481,0.000739242415875,0.00273138075136,0.00283275614493,0.00159327371512,0.000964608159848,0.000889740651473,0.000681479170453,0.000602436077315,0.000412381836213,0.000356402684702,0.000283183122519,0.000427142949775,0.000292085722322,0.000121991855849,0.000113949536171,0.00011174606334,0.00010309973004,0.0000899585138541,0.0000663605169393,0.0000369665795006],"median":[0.0000215485270019,0.00423655938357,0.00129265291616,0.00178296864033,0.00106150237843,0.000447766622528,0.000253675854765,0.000255705148447,0.000917990284506,0.000595769495703,0.000339823833201,0.000441858108388,0.000294319586828,0.000228945340496,0.000247270450927,0.000128145562485,0.000162734970218,0.000138939503813,0.000122216151794,0.000119587333756,0.0000508896337124,0.0000404015663662,0.0000277624130831,0.0000186395009223,0.0000135689788294,0.00000851091681398,0.00000232189631788],"min":[8.35135288706e-25,3.66310598454e-24,1.34874980511e-24,1.143931636e-24,5.53790610657e-24,1.10752986647e-23,5.49376184474e-24,1.19253168004e-23,2.47855000379e-23,1.768010838e-23,1.07894730595e-23,1.1991215085e-23,2.95634522583e-23,3.27356449739e-23,4.2079715018e-23,4.49598083176e-23,7.95405042855e-23,9.89513293154e-23,1.28022166337e-22,1.13727198941e-22,2.78979990177e-22,3.16443991686e-22,4.40831276299e-22,5.8526022223e-22,9.64544393999e-22,1.16086963374e-21,1.97367313639e-21],"var":[3.60687479883e-8,0.000058147827076,0.0000117176314234,0.0000210076796066,0.00000481999722979,0.00000519723425896,0.0000056008179854,0.00000423381516157,0.0000246192030318,0.0000541020090168,0.0000225996172958,0.00000343366309608,0.0000032785935673,0.00000179861876859,0.00000131416834392,0.00000125850908717,3.02388258433e-7,2.01635458552e-7,7.8026795336e-7,2.75436860875e-7,4.22417016921e-8,4.64556961788e-8,8.23082331181e-8,9.05869512735e-8,8.38823766003e-8,4.05625613098e-8,1.40583349406e-8]},"barkbands_crest":{"dmean":2.53240013123,"dmean2":4.10044002533,"dvar":5.29598665237,"dvar2":13.9935798645,"max":25.248714447,"mean":9.95260047913,"median":9.10204696655,"min":2.14430761337,"var":16.2789726257},"barkbands_flatness_db":{"dmean":0.025087306276,"dmean2":0.0342396572232,"dvar":0.000606214569416,"dvar2":0.00105228030588,"max":0.376453310251,"mean":0.127318382263,"median":0.121364012361,"min":0.0164377596229,"var":0.00289967795834},"barkbands_kurtosis":{"dmean":1.83964669704,"dmean2":2.88874793053,"dvar":11.410112381,"dvar2":25.8850212097,"max":101.164878845,"mean":2.46206855774,"median":0.721064686775,"min":-1.90773999691,"var":33.4369125366},"barkbands_skewness":{"dmean":0.431405335665,"dmean2":0.667966961861,"dvar":0.193093687296,"dvar2":0.452156990767,"max":9.03323936462,"mean":1.12173116207,"median":0.955295026302,"min":-2.10904169083,"var":1.05979609489},"barkbands_spread":{"dmean":6.33103322983,"dmean2":9.56157588959,"dvar":62.4284820557,"dvar2":137.394256592,"max":122.425720215,"mean":22.981136322,"median":21.0579910278,"min":1.02511739731,"var":164.513076782},"dissonance":{"dmean":0.0207626260817,"dmean2":0.035108871758,"dvar":0.000387482228689,"dvar2":0.00108818151057,"max":0.499892085791,"mean":0.460197627544,"median":0.466002851725,"min":0.305123895407,"var":0.000750676146708},"dynamic_complexity":4.74828529358,"erbbands":{"dmean":[0.102806851268,0.804422616959,1.47922205925,4.15595817566,4.89288806915,2.75668740273,2.53217101097,5.13913393021,6.74669694901,8.17176914215,13.8732261658,22.150800705,31.4376716614,43.6278915405,17.7385082245,20.9509468079,18.4170570374,17.9715232849,18.259513855,15.2074594498,13.9752025604,11.6270017624,8.66609287262,13.7371091843,8.5694026947,7.36568403244,3.61438560486,2.99448275566,2.87327623367,2.71149158478,2.558396101,2.11129593849,1.29546678066,0.868529379368,0.656873583794,0.306453943253,0.12053553015,0.0376861989498,0.00681278016418,0.00047139704111],"dmean2":[0.163187369704,1.3307877779,2.55198645592,6.60958957672,7.78148460388,4.54593372345,3.92995142937,8.11191368103,10.4539718628,12.6721715927,20.9795799255,32.2401351929,46.9257392883,66.3599243164,26.5761642456,31.348695755,28.2071800232,27.3744735718,28.5461273193,24.0122642517,22.2549991608,19.0137729645,13.688580513,24.0519714355,13.2225236893,11.3601999283,5.5304684639,4.57321214676,4.37267971039,4.18075466156,3.93663716316,3.21143102646,1.98535227776,1.35825943947,1.03416872025,0.479419410229,0.194704145193,0.0614285096526,0.0111253941432,0.0007730696816],"dvar":[0.0289197657257,1.49399149418,6.50623273849,38.0344657898,48.0290527344,16.4757900238,34.6830177307,169.112289429,441.157867432,554.552368164,1163.83044434,2499.66723633,6040.25927734,11527.3525391,1701.52392578,3025.17163086,2353.99902344,2150.66162109,1927.73803711,1184.92810059,1875.68029785,524.02722168,340.545471191,1365.28088379,350.051177979,326.244354248,63.5191078186,41.2362937927,42.6251296997,62.688747406,51.8308525085,35.36951828,17.9589767456,8.98156452179,5.47978448868,0.862259089947,0.160803228617,0.0145165482536,0.000456002308056,0.00000196566543309],"dvar2":[0.071972809732,4.52972507477,18.9915142059,98.5062332153,122.369537354,45.4241828918,76.2326660156,385.645935059,1017.75054932,1217.56774902,2728.98120117,5205.07128906,14267.0957031,27163.5839844,3844.13452148,6950.18554688,5372.26220703,5012.88134766,4645.77001953,2661.35058594,4869.12841797,1377.26928711,814.943908691,4746.94384766,803.553161621,782.640075684,147.073074341,98.1489868164,99.9931716919,155.883468628,127.646102905,81.6297683716,40.3072013855,21.7360610962,13.9580163956,2.11395311356,0.416121393442,0.0377916395664,0.00118229119107,0.00000511151165483],"max":[2.48161172867,14.960524559,34.6433143616,91.4050140381,127.964050293,79.0413589478,268.440704346,455.014862061,586.925048828,768.99005127,1109.27954102,1520.99841309,1854.26452637,2629.22070312,1458.81079102,1966.06311035,1811.45727539,1578.1739502,1591.87878418,1003.03894043,1484.23986816,812.87713623,768.312866211,907.70526123,593.505554199,673.200317383,170.945297241,158.28213501,214.054550171,232.982711792,195.555831909,155.206619263,192.69039917,94.2527160645,93.2983932495,25.399848938,9.97188854218,2.32628464699,0.391749560833,0.0290466211736],"mean":[0.195377916098,1.45644378662,2.64044237137,8.74758815765,9.37069511414,5.21818113327,5.55837583542,10.2102556229,12.8368396759,15.0692663193,28.7287445068,48.1734046936,75.33228302,103.109016418,39.717918396,41.8162994385,35.3607330322,34.3822021484,32.7296600342,26.8512611389,25.5279045105,21.8857040405,17.4136886597,22.4285984039,17.4868297577,13.712644577,6.1741271019,4.69557571411,4.19575405121,3.39461898804,3.07672047615,2.57968997955,1.48415505886,0.931172847748,0.671209275723,0.32240575552,0.113353714347,0.0336661934853,0.00594393489882,0.000430197484093],"median":[0.0943903476,0.955706000328,1.89073419571,5.35372018814,6.55808782578,3.24589824677,2.56700563431,3.73974609375,3.84738564491,5.28122711182,11.591709137,17.1214027405,22.3677577972,27.3248500824,18.183506012,22.2923641205,14.4548749924,13.1302070618,12.153169632,11.2711925507,8.84996986389,10.8802366257,9.80914115906,7.45637989044,7.40241146088,5.74241781235,2.62521982193,1.92662370205,1.54291319847,0.937435209751,0.742557227612,0.502092123032,0.250923097134,0.153494656086,0.0920430719852,0.047395683825,0.0126871652901,0.0026940361131,0.000389699358493,0.0000684329570504],"min":[1.42373931719e-22,8.80373919911e-22,3.18809443491e-21,5.01454779957e-21,1.10258385437e-20,1.41661626924e-20,5.06589123947e-20,1.27506518079e-19,1.06246199191e-19,1.83396204012e-19,3.22288229913e-19,5.3561516306e-19,7.89500622796e-19,5.15329954404e-19,8.7229897227e-19,8.98071852205e-19,1.7789199429e-18,2.34899420951e-18,2.49711516705e-18,2.7621998768e-18,4.12422740842e-18,4.76936624766e-18,5.03277074679e-18,7.77376812334e-18,7.47129381593e-18,6.44796510549e-18,9.29393501049e-18,1.15256228082e-17,1.2745183989e-17,1.14596063507e-17,1.0590271787e-17,1.04404644149e-17,9.98512795752e-18,7.90576381522e-18,6.10204603154e-18,4.19248676616e-18,2.48285891599e-18,9.78870957837e-19,2.47442032957e-19,2.80829013496e-20],"var":[0.0773265808821,2.55736446381,8.48227596283,98.0447998047,98.5701751709,39.4255065918,118.579544067,432.109161377,897.165405273,1350.74353027,3386.51220703,9087.37988281,23698.8710938,57612.0703125,7413.13574219,5200.69873047,4784.65087891,4872.28955078,3969.62402344,2966.72607422,4223.55517578,1086.27929688,697.292907715,2106.18603516,1052.41577148,663.872314453,113.203346252,63.5792579651,60.6994132996,70.56590271,58.9261817932,47.1296691895,21.7620735168,9.02897071838,5.11716413498,0.875472605228,0.135469406843,0.0121712787077,0.000381955353078,0.0000016308421209]},"erbbands_crest":{"dmean":2.65896487236,"dmean2":4.17578744888,"dvar":6.04260444641,"dvar2":14.3871679306,"max":32.3521537781,"mean":10.2268409729,"median":8.92745876312,"min":2.08140087128,"var":26.6002197266},"erbbands_flatness_db":{"dmean":0.0241006240249,"dmean2":0.0328973084688,"dvar":0.000569052645005,"dvar2":0.0010048400145,"max":0.380931794643,"mean":0.153760477901,"median":0.151729911566,"min":0.0233680233359,"var":0.00277302856557},"erbbands_kurtosis":{"dmean":1.01078355312,"dmean2":1.59698820114,"dvar":2.54951405525,"dvar2":6.35543441772,"max":30.3809547424,"mean":1.02373373508,"median":0.197403669357,"min":-1.70683550835,"var":8.28604221344},"erbbands_skewness":{"dmean":0.357332348824,"dmean2":0.546887695789,"dvar":0.106177791953,"dvar2":0.248563453555,"max":4.56354188919,"mean":0.306931555271,"median":0.21349671483,"min":-2.2974088192,"var":0.590852797031},"erbbands_spread":{"dmean":7.15249872208,"dmean2":10.7489328384,"dvar":63.764415741,"dvar2":134.282043457,"max":142.765792847,"mean":31.0769023895,"median":28.5651016235,"min":2.49893903732,"var":238.441665649},"gfcc":{"cov":[[24268.8476562,149.076828003,-581.34375,450.970825195,-622.842407227,292.878570557,-270.875915527,158.342346191,-247.295120239,98.0101242065,-321.751159668,-61.8731918335,-309.896118164],[149.076828003,1798.02575684,-405.851623535,142.222640991,129.559738159,-15.9059867859,119.499534607,-26.5709095001,48.7144622803,-97.7954483032,65.8146972656,-88.5376205444,21.8862342834],[-581.34375,-405.851623535,727.213012695,69.1745223999,5.07712268829,91.6687850952,-14.9785909653,-30.758190155,37.5082740784,60.6383705139,3.04592418671,38.0143852234,-3.64904308319],[450.970825195,142.222640991,69.1745223999,218.355865479,54.9586181641,27.520029068,-1.67526757717,-8.99102783203,9.89608764648,-4.59144687653,11.9645204544,-5.05651378632,-0.852512001991],[-622.842407227,129.559738159,5.07712268829,54.9586181641,168.10987854,11.9892053604,26.2590885162,0.311625063419,19.1096153259,-3.3898499012,16.1924114227,-8.2264289856,9.68002986908],[292.878570557,-15.9059867859,91.6687850952,27.520029068,11.9892053604,150.48614502,47.7435035706,2.66588759422,-3.65832972527,6.69210863113,-22.2470684052,8.67096710205,12.4714717865],[-270.875915527,119.499534607,-14.9785909653,-1.67526757717,26.2590885162,47.7435035706,160.911453247,39.1493492126,-7.88835048676,-20.0729007721,3.98280477524,-5.52324104309,10.77156353],[158.342346191,-26.5709095001,-30.758190155,-8.99102783203,0.311625063419,2.66588759422,39.1493492126,103.357788086,20.9162654877,11.5998859406,-8.15245246887,-5.38721561432,-3.82565331459],[-247.295120239,48.7144622803,37.5082740784,9.89608764648,19.1096153259,-3.65832972527,-7.88835048676,20.9162654877,119.505599976,34.1592178345,1.76765060425,-3.9863960743,14.1756858826],[98.0101242065,-97.7954483032,60.6383705139,-4.59144687653,-3.3898499012,6.69210863113,-20.0729007721,11.5998859406,34.1592178345,96.8063354492,24.3280925751,12.5747318268,-11.2050294876],[-321.751159668,65.8146972656,3.04592418671,11.9645204544,16.1924114227,-22.2470684052,3.98280477524,-8.15245246887,1.76765060425,24.3280925751,100.017051697,27.1595420837,-6.52054548264],[-61.8731918335,-88.5376205444,38.0143852234,-5.05651378632,-8.2264289856,8.67096710205,-5.52324104309,-5.38721561432,-3.9863960743,12.5747318268,27.1595420837,88.0383605957,31.277551651],[-309.896118164,21.8862342834,-3.64904308319,-0.852512001991,9.68002986908,12.4714717865,10.77156353,-3.82565331459,14.1756858826,-11.2050294876,-6.52054548264,31.277551651,81.7665100098]],"icov":[[0.0000678094438626,-0.0000325886030623,0.0000887384885573,-0.000222986200242,0.000271981145488,-0.000180432165507,0.000146527294419,-0.00014385052782,0.000137082955916,-0.000162130425451,0.000252406753134,-0.000134307803819,0.000262165820459],[-0.0000325886030623,0.000938874145504,0.000493995845318,-0.000456899782876,-0.000326038134517,-0.0000620499413344,-0.000660373654682,0.000680898956489,-0.000815286533907,0.000800979672931,-0.00102940422948,0.000962331250776,-0.000389716326026],[0.0000887384885573,0.000493995845318,0.00212810258381,-0.00106443220284,0.000336637254804,-0.0012433337979,-0.0000996157759801,0.000835209502839,-0.000771327177063,-0.000606255664025,0.000096256400866,-0.000457027170341,0.000723097997252],[-0.000222986200242,-0.000456899782876,-0.00106443220284,0.0064501799643,-0.00238362769596,-0.000389015011024,0.000622927444056,0.0000889687944436,-0.000298372440739,0.00110711797606,-0.00130650750361,0.000493299157824,-0.00052889395738],[0.000271981145488,-0.000326038134517,0.000336637254804,-0.00238362769596,0.00815836247057,-0.000918174977414,-0.000337142788339,-0.000337334728101,-0.000367700937204,-0.000482070026919,-0.000165601959452,0.000451627129223,0.00012281324598],[-0.000180432165507,-0.0000620499413344,-0.0012433337979,-0.000389015011024,-0.000918174977414,0.00962779484689,-0.00352878775448,0.00110611715354,0.00063260900788,-0.00159283308312,0.00261007528752,-0.000938733865041,-0.00133066007402],[0.000146527294419,-0.000660373654682,-0.0000996157759801,0.000622927444056,-0.000337142788339,-0.00352878775448,0.00950091704726,-0.00445989985019,0.00152701057959,0.00165950879455,-0.00125029135961,0.000550779222976,-0.000495696032885],[-0.00014385052782,0.000680898956489,0.000835209502839,0.0000889687944436,-0.000337334728101,0.00110611715354,-0.00445989985019,0.0128608020023,-0.00302057294175,-0.001343891141,0.000989340129308,0.0000743921264075,0.000761175702792],[0.000137082955916,-0.000815286533907,-0.000771327177063,-0.000298372440739,-0.000367700937204,0.00063260900788,0.00152701057959,-0.00302057294175,0.0116698490456,-0.00480435881764,0.00140395620838,0.0011489224853,-0.00270428718068],[-0.000162130425451,0.000800979672931,-0.000606255664025,0.00110711797606,-0.000482070026919,-0.00159283308312,0.00165950879455,-0.001343891141,-0.00480435881764,0.0155772287399,-0.00508926482871,-0.000391743815271,0.00188571843319],[0.000252406753134,-0.00102940422948,0.000096256400866,-0.00130650750361,-0.000165601959452,0.00261007528752,-0.00125029135961,0.000989340129308,0.00140395620838,-0.00508926482871,0.0156684089452,-0.0067036873661,0.00392832234502],[-0.000134307803819,0.000962331250776,-0.000457027170341,0.000493299157824,0.000451627129223,-0.000938733865041,0.000550779222976,0.0000743921264075,0.0011489224853,-0.000391743815271,-0.0067036873661,0.017773129046,-0.00834731571376],[0.000262165820459,-0.000389716326026,0.000723097997252,-0.00052889395738,0.00012281324598,-0.00133066007402,-0.000495696032885,0.000761175702792,-0.00270428718068,0.00188571843319,0.00392832234502,-0.00834731571376,0.0178775172681]],"mean":[-14.9418373108,90.7569732666,-111.138214111,19.3703117371,-39.6317329407,16.739862442,-19.3043727875,11.5658750534,-23.2012023926,-4.82751226425,-17.3496017456,-3.04406309128,-12.2111911774]},"hfc":{"dmean":7.67003297806,"dmean2":11.6852045059,"dvar":202.555511475,"dvar2":484.371490479,"max":358.951019287,"mean":23.9889678955,"median":19.4936161041,"min":1.08691519255e-16,"var":507.21963501},"melbands":{"dmean":[0.000988472020254,0.00078941747779,0.000711359258275,0.000256815372268,0.0000877006241353,0.000113090674859,0.000106312290882,0.0000876718258951,0.00013921019854,0.000148088351125,0.000168955040863,0.000188174570212,0.0000855784746818,0.0000694701593602,0.0000581024869462,0.0000358296165359,0.0000334954529535,0.0000341299200954,0.0000266486476903,0.0000127377152239,0.0000193561172637,0.0000119173755593,0.00000961800742516,0.00000804278170108,0.0000127571711346,0.0000082163260231,0.00000601133478995,0.00000508531866217,0.00000249369531957,0.00000186398472124,0.00000178706523002,0.00000174660362973,0.00000147633181768,0.0000015957486994,0.00000147119885696,0.00000157217698415,0.00000123205018099,9.46252612266e-7,8.30019587283e-7,7.00450300428e-7],"dmean2":[0.00160434935242,0.00133468466811,0.00112416478805,0.000419123651227,0.000137922645081,0.000176754198037,0.000163617325597,0.000136619069963,0.00020771510026,0.000216852640733,0.000251582998317,0.000286785478238,0.000129361927975,0.000105140461528,0.00008928115858,0.0000549796313862,0.0000510515892529,0.0000533354977961,0.0000424228273914,0.0000197363224288,0.0000310760151478,0.0000193719370145,0.0000154522385856,0.000012665606846,0.0000226967295021,0.0000130237103804,0.00000935292609938,0.00000794930383563,0.00000389936440115,0.00000289014769805,0.00000276818900602,0.00000269380120699,0.00000228079511544,0.00000250572452387,0.0000023061131742,0.00000242204805545,0.00000189704576314,0.00000146258639688,0.00000130890418859,0.00000109627183065],"dvar":[0.00000243566114477,0.00000147595699218,9.97093593469e-7,1.43505346273e-7,3.07657899157e-8,7.48621999946e-8,9.75881420118e-8,5.76769743077e-8,1.05230640202e-7,1.10177666102e-7,1.66894750464e-7,2.21932367594e-7,5.2105715298e-8,3.29371658836e-8,2.19725393436e-8,9.87576154188e-9,8.54422577135e-9,7.64617702487e-9,3.76527742318e-9,1.30237953755e-9,3.80644626929e-9,5.39121802756e-10,3.40254630027e-10,3.40734523929e-10,1.36589417554e-9,5.47977718757e-10,1.63206850812e-10,2.05571559775e-10,3.41993482145e-11,1.78120868749e-11,1.47626199459e-11,1.67270190754e-11,1.20834453554e-11,2.96533700372e-11,2.08385374928e-11,1.76280483266e-11,1.59036707414e-11,1.00689239932e-11,1.04222949715e-11,5.43295616828e-12],"dvar2":[0.00000678708875057,0.00000435254423792,0.00000258523527918,3.90744645529e-7,6.9315781559e-8,1.68396837807e-7,2.23156931156e-7,1.30238433371e-7,2.44133190108e-7,2.38732155822e-7,3.91642174691e-7,5.22673929026e-7,1.21733265246e-7,7.46566470866e-8,4.84589719463e-8,2.22596909794e-8,1.98711109789e-8,1.85108373074e-8,8.614618352e-9,2.95711566345e-9,9.92728566018e-9,1.37254674293e-9,8.61547000408e-10,8.42733716144e-10,4.79446482515e-9,1.30188093639e-9,3.70719926979e-10,5.00252395064e-10,7.98705546146e-11,4.33547607537e-11,3.52992253483e-11,3.97211534497e-11,2.90461526359e-11,7.64998064895e-11,5.32120875141e-11,4.19620241332e-11,3.74052663843e-11,2.29989326195e-11,2.5044608748e-11,1.32119922641e-11],"max":[0.0191061422229,0.017682408914,0.0144510790706,0.00669121136889,0.00747944833711,0.00967556703836,0.00808889791369,0.00672284886241,0.00807517580688,0.00816354900599,0.00908303633332,0.0108519839123,0.00871292129159,0.00823336280882,0.0054821469821,0.00278347171843,0.00305990013294,0.00273282499984,0.00199409131892,0.00141633930616,0.00222721579485,0.000704350532033,0.000628563866485,0.000949254957959,0.000868704169989,0.000876066216733,0.000400625052862,0.000575480051339,0.000173597683897,0.000127923369291,0.0000704646008671,0.000141159645864,0.000103291546111,0.000202486349735,0.000144784629811,0.000104316321085,0.000140576608828,0.000159602888743,0.000120361110021,0.0000595380442974],"mean":[0.00181889662053,0.00161275686696,0.00156346755102,0.000499405839946,0.000194316031411,0.000232024482102,0.000204563039006,0.000160206662258,0.000283851375571,0.000322997657349,0.000393791124225,0.000441967393272,0.000169165738043,0.000125637074234,0.000102720252471,0.0000659951401758,0.0000596485297137,0.0000550378172193,0.0000438137103629,0.0000227380041906,0.0000322146879626,0.0000213019829971,0.0000174558936124,0.0000145836220327,0.00001901995347,0.000015228580196,0.0000110943201435,0.00000851754521136,0.00000400230373998,0.00000280792573903,0.00000265814151135,0.00000248218975685,0.00000198574298338,0.00000184909401924,0.00000170116948084,0.00000189111256077,0.00000145301623888,0.00000105556705421,9.01634052752e-7,7.31662169073e-7],"median":[0.00106324371882,0.00121732265688,0.00106046313886,0.000352265662514,0.0000997370952973,0.000086987609393,0.0000620614446234,0.0000582702050451,0.0000910604430828,0.00011001524399,0.000107385945739,0.000108439082396,0.0000461925992568,0.0000521703950653,0.0000340457336279,0.0000256288039964,0.0000182998792297,0.0000141447399074,0.0000169014601852,0.00000893693140824,0.00000958731561695,0.00000999379699351,0.00000877543425304,0.00000689852186042,0.00000511225880473,0.00000462803018308,0.00000449349454357,0.00000301623413179,0.00000152015036292,0.0000011181773516,0.00000104472974272,8.81589983237e-7,6.26372525403e-7,4.49864273833e-7,4.11250397292e-7,3.78666413781e-7,2.5382774993e-7,1.6814564674e-7,1.4018799277e-7,1.14531800932e-7],"min":[1.47017157146e-24,1.99509509919e-24,1.35730874871e-24,1.09383956017e-24,1.72342619457e-24,2.99591109673e-24,1.35841976069e-24,2.40862604368e-24,1.99718755274e-24,3.20348544723e-24,3.4009126799e-24,1.28156843826e-24,2.62358156846e-24,1.45732714099e-24,2.51419712926e-24,3.14772935009e-24,3.81995835377e-24,2.43554947195e-24,2.85599281012e-24,3.16294233543e-24,3.96799993555e-24,4.512402707e-24,4.78049748007e-24,4.40721007744e-24,6.06178508385e-24,3.3130146424e-24,3.78376383771e-24,4.03716686528e-24,5.18056947144e-24,6.13516453083e-24,6.60303951143e-24,6.41610077614e-24,7.03105256164e-24,5.63709353249e-24,5.89769412696e-24,5.86887861581e-24,5.20907496025e-24,6.63669705082e-24,7.63959564115e-24,5.68468235546e-24],"var":[0.00000513674194735,0.00000251375195148,0.00000263677270596,2.83009029545e-7,1.06303886582e-7,2.07845261002e-7,2.04133570492e-7,1.38491884627e-7,3.23306437622e-7,3.94079251009e-7,6.74641341902e-7,0.00000113080568553,2.38301808508e-7,6.31397938378e-8,4.62594726969e-8,2.23599236904e-8,1.82787509573e-8,1.4954247618e-8,9.25868892665e-9,3.39542327588e-9,7.4326247379e-9,1.08049080794e-9,7.31086857719e-10,6.03141592226e-10,1.95316207652e-9,1.50506596075e-9,3.9700895349e-10,3.67579328087e-10,5.67539765184e-11,2.52440793963e-11,2.20876303358e-11,2.28403997105e-11,1.63847789503e-11,2.85555502855e-11,2.09679443947e-11,2.26406306897e-11,1.91209530848e-11,1.1893651862e-11,1.01552629153e-11,5.46226215301e-12]},"melbands_crest":{"dmean":2.85290884972,"dmean2":4.63806676865,"dvar":6.45100593567,"dvar2":16.3264369965,"max":36.5457572937,"mean":13.1814460754,"median":12.5502376556,"min":1.56432139874,"var":22.11693573},"melbands_flatness_db":{"dmean":0.0293551161885,"dmean2":0.0408010073006,"dvar":0.00085140648298,"dvar2":0.00154653878417,"max":0.515038192272,"mean":0.202984139323,"median":0.196367800236,"min":0.00387956737541,"var":0.00450184009969},"melbands_kurtosis":{"dmean":4.02196550369,"dmean2":6.33483171463,"dvar":61.0614585876,"dvar2":150.760757446,"max":279.587432861,"mean":7.72446632385,"median":3.55203819275,"min":-1.61331057549,"var":171.390838623},"melbands_skewness":{"dmean":0.563358843327,"dmean2":0.874428987503,"dvar":0.342159360647,"dvar2":0.816126644611,"max":13.1108598709,"mean":1.96014976501,"median":1.72712135315,"min":-1.9868298769,"var":2.07573628426},"melbands_spread":{"dmean":6.48111343384,"dmean2":10.0720157623,"dvar":56.287021637,"dvar2":132.969497681,"max":150.818344116,"mean":25.5683479309,"median":23.8032016754,"min":0.946002364159,"var":237.213226318},"mfcc":{"cov":[[14699.2236328,635.385314941,-38.2697601318,343.687591553,-82.5282211304,120.534851074,4.23340988159,59.8977432251,18.1886024475,134.238128662,-6.50938367844,6.13368654251,-21.0266246796],[635.385314941,1506.42504883,-227.029891968,188.113708496,10.6760435104,65.5359191895,67.5796356201,94.2583770752,8.22770500183,28.0831508636,26.8811836243,18.0634479523,-7.17477703094],[-38.2697601318,-227.029891968,467.534667969,1.00390851498,51.6818122864,74.9825744629,-6.34481239319,-21.0973987579,12.5171480179,-6.20140028,-5.64400577545,43.8083953857,37.0849647522],[343.687591553,188.113708496,1.00390851498,192.845352173,54.08618927,29.2441368103,15.8802423477,18.8462371826,-5.87858581543,6.8907327652,7.16981935501,8.04050064087,16.3648662567],[-82.5282211304,10.6760435104,51.6818122864,54.08618927,150.098770142,37.0321350098,-23.4719982147,-14.5713205338,0.463694661856,4.67280673981,-2.54074406624,16.4381713867,8.43796062469],[120.534851074,65.5359191895,74.9825744629,29.2441368103,37.0321350098,143.296463013,32.7290000916,14.3712320328,20.3304634094,-6.12623882294,-4.32144641876,5.67778921127,5.79215621948],[4.23340988159,67.5796356201,-6.34481239319,15.8802423477,-23.4719982147,32.7290000916,139.228118896,47.0523605347,-2.88553667068,-1.19302773476,5.48374080658,-5.38119506836,-0.746600806713],[59.8977432251,94.2583770752,-21.0973987579,18.8462371826,-14.5713205338,14.3712320328,47.0523605347,100.076126099,30.9609031677,2.8523876667,1.68239712715,-15.3044757843,-6.89460134506],[18.1886024475,8.22770500183,12.5171480179,-5.87858581543,0.463694661856,20.3304634094,-2.88553667068,30.9609031677,116.511192322,30.9722976685,-1.89469659328,-13.2939968109,-17.091545105],[134.238128662,28.0831508636,-6.20140028,6.8907327652,4.67280673981,-6.12623882294,-1.19302773476,2.8523876667,30.9722976685,93.2027664185,30.7599067688,-3.06794881821,-14.9647397995],[-6.50938367844,26.8811836243,-5.64400577545,7.16981935501,-2.54074406624,-4.32144641876,5.48374080658,1.68239712715,-1.89469659328,30.7599067688,97.1057662964,17.870595932,-4.15337276459],[6.13368654251,18.0634479523,43.8083953857,8.04050064087,16.4381713867,5.67778921127,-5.38119506836,-15.3044757843,-13.2939968109,-3.06794881821,17.870595932,95.4198684692,32.6123504639],[-21.0266246796,-7.17477703094,37.0849647522,16.3648662567,8.43796062469,5.79215621948,-0.746600806713,-6.89460134506,-17.091545105,-14.9647397995,-4.15337276459,32.6123504639,85.8853912354]],"icov":[[0.0000747106969357,-0.0000106520501504,-0.00000214123770093,-0.000148785416968,0.000131229055114,-0.0000830646386021,0.0000636435433989,-0.0000179804246727,0.0000410831162299,-0.000134506495669,0.0000658374483464,-0.0000300900082948,0.0000378433142032],[-0.0000106520501504,0.000907019188162,0.00050670246128,-0.000753153173719,0.000143133875099,-0.00050705258036,-0.00000251860842582,-0.000595656922087,0.000115699491289,-0.000219543158892,-0.0000124170119307,-0.000463519449113,0.000130351923872],[-0.00000214123770093,0.00050670246128,0.00284239533357,-0.0000843357775011,-0.000427898252383,-0.00150929216761,0.0000686416387907,0.000149437008076,-0.000301993946778,-0.000127885607071,0.000142080607475,-0.00103772105649,-0.000694507092703],[-0.000148785416968,-0.000753153173719,-0.0000843357775011,0.00724145164713,-0.00273509114049,-0.000116064169561,-0.000548793701455,-0.000898547063116,0.000612827250734,-0.000209887133678,-0.000446560647106,0.000515968655236,-0.00137523259036],[0.000131229055114,0.000143133875099,-0.000427898252383,-0.00273509114049,0.00891589187086,-0.00225094077177,0.00194424053188,0.000711770378985,0.000296443758998,-0.000936118536629,0.000670366629492,-0.00104663404636,0.000425618811278],[-0.0000830646386021,-0.00050705258036,-0.00150929216761,-0.000116064169561,-0.00225094077177,0.00956481695175,-0.00257061817683,0.000359932892025,-0.00199911021627,0.00155498471577,-0.0000344371073879,0.000334487122018,-0.0000617999612587],[0.0000636435433989,-0.00000251860842582,0.0000686416387907,-0.000548793701455,0.00194424053188,-0.00257061817683,0.00971976295114,-0.00443056970835,0.00198215059936,-0.000619307335,-0.000234382547205,-0.0000682702157064,0.000102607511508],[-0.0000179804246727,-0.000595656922087,0.000149437008076,-0.000898547063116,0.000711770378985,0.000359932892025,-0.00443056970835,0.01442348212,-0.00424108654261,0.00139252655208,-0.000563895271625,0.00166228681337,-0.000182155534276],[0.0000410831162299,0.000115699491289,-0.000301993946778,0.000612827250734,0.000296443758998,-0.00199911021627,0.00198215059936,-0.00424108654261,0.0115245496854,-0.00419982755557,0.00133869843557,0.00033192767296,0.00131617044099],[-0.000134506495669,-0.000219543158892,-0.000127885607071,-0.000209887133678,-0.000936118536629,0.00155498471577,-0.000619307335,0.00139252655208,-0.00419982755557,0.0142193939537,-0.00453576119617,0.000657487544231,0.00131025596056],[0.0000658374483464,-0.0000124170119307,0.000142080607475,-0.000446560647106,0.000670366629492,-0.0000344371073879,-0.000234382547205,-0.000563895271625,0.00133869843557,-0.00453576119617,0.0124329589307,-0.00291445245966,0.00111199368257],[-0.0000300900082948,-0.000463519449113,-0.00103772105649,0.000515968655236,-0.00104663404636,0.000334487122018,-0.0000682702157064,0.00166228681337,0.00033192767296,0.000657487544231,-0.00291445245966,0.0136158848181,-0.00461374036968],[0.0000378433142032,0.000130351923872,-0.000694507092703,-0.00137523259036,0.000425618811278,-0.0000617999612587,0.000102607511508,-0.000182155534276,0.00131617044099,0.00131025596056,0.00111199368257,-0.00461374036968,0.0144700510427]],"mean":[-658.836547852,129.986450195,-7.12914514542,16.8447151184,2.4951980114,7.91843271255,11.2459936142,14.886302948,3.89176177979,6.07820463181,-1.29858624935,-2.65907168388,-3.43350076675]},"pitch_salience":{"dmean":0.0579717829823,"dmean2":0.0931945815682,"dvar":0.00264161196537,"dvar2":0.00669580185786,"max":0.898015260696,"mean":0.502651154995,"median":0.501854896545,"min":0.131613776088,"var":0.00784857664257},"silence_rate_20dB":{"dmean":0,"dmean2":0,"dvar":0,"dvar2":0,"max":1,"mean":1,"median":1,"min":1,"var":0},"silence_rate_30dB":{"dmean":0,"dmean2":0,"dvar":0,"dvar2":0,"max":1,"mean":1,"median":1,"min":1,"var":0},"silence_rate_60dB":{"dmean":0.0021887824405,"dmean2":0.00437796441838,"dvar":0.00218451488763,"dvar2":0.00490595540032,"max":1,"mean":0.111891299486,"median":0,"min":0,"var":0.099365375936},"spectral_centroid":{"dmean":248.727493286,"dmean2":377.055053711,"dvar":82368.8671875,"dvar2":168200.015625,"max":11765.3847656,"mean":1392.7557373,"median":1284.01074219,"min":162.758789062,"var":797742.3125},"spectral_complexity":{"dmean":3.03803014755,"dmean2":4.65377616882,"dvar":13.3916492462,"dvar2":27.7024154663,"max":56,"mean":18.2596206665,"median":18,"min":0,"var":97.9012985229},"spectral_contrast_coeffs":{"dmean":[0.0464518256485,0.0421071760356,0.0367930270731,0.0308419745415,0.0238762218505,0.0175797902048],"dmean2":[0.0768536254764,0.0685920491815,0.0587325543165,0.0489618480206,0.0371415950358,0.0271413996816],"dvar":[0.00145983544644,0.00122902088333,0.000941374048125,0.000620489357971,0.000416422815761,0.000271748867817],"dvar2":[0.00393715780228,0.00316665042192,0.00226956279948,0.00147736421786,0.000921094382647,0.000603048305493],"max":[-0.357053339481,-0.425067722797,-0.442286789417,-0.518470883369,-0.502129018307,-0.583836138248],"mean":[-0.669906139374,-0.740541815758,-0.71562486887,-0.762694239616,-0.772520542145,-0.77420604229],"median":[-0.666525542736,-0.745125055313,-0.719939649105,-0.765487074852,-0.775180459023,-0.774238824844],"min":[-0.985240399837,-0.980755925179,-0.977631986141,-0.971142888069,-0.968833267689,-0.964795947075],"var":[0.00646317005157,0.00629122601822,0.00656097661704,0.00393655104563,0.00319059146568,0.00170132145286]},"spectral_contrast_valleys":{"dmean":[0.348219066858,0.317213237286,0.27346599102,0.263080954552,0.307675689459,0.508470118046],"dmean2":[0.585910499096,0.522028923035,0.437355399132,0.395303010941,0.405482649803,0.614528715611],"dvar":[0.103070564568,0.0874472036958,0.0723862871528,0.0705384612083,0.113209456205,0.289732545614],"dvar2":[0.235894203186,0.199420496821,0.147007599473,0.127541482449,0.179731056094,0.503868162632],"max":[-5.38753843307,-4.92911958694,-5.12173128128,-5.98081922531,-5.76651859283,-7.29067516327],"mean":[-7.31758260727,-7.11677694321,-7.47847890854,-7.98923254013,-7.98562097549,-10.5980796814],"median":[-6.85043382645,-6.70890569687,-7.0858259201,-7.59717941284,-7.60452651978,-10.3393936157],"min":[-27.8484191895,-28.2330188751,-27.8129177094,-27.6512870789,-27.5274467468,-27.3571338654],"var":[3.96843147278,3.75225615501,3.61818265915,3.50054740906,3.60962367058,3.51404166222]},"spectral_decrease":{"dmean":1.70291958312e-9,"dmean2":2.77892464595e-9,"dvar":4.06532511777e-18,"dvar2":1.1023517559e-17,"max":2.2927233023e-28,"mean":-7.43966221961e-9,"median":-7.39885930301e-9,"min":-2.88712751484e-8,"var":2.0511293247e-17},"spectral_energy":{"dmean":0.0067682848312,"dmean2":0.0110046118498,"dvar":0.0000626192631898,"dvar2":0.000168473285157,"max":0.111606046557,"mean":0.0302548836917,"median":0.0299912132323,"min":9.9092957742e-21,"var":0.000337928388035},"spectral_energyband_high":{"dmean":0.000548554526176,"dmean2":0.000823366979603,"dvar":0.00000191188428289,"dvar2":0.00000449241179012,"max":0.0343555957079,"mean":0.000767966441344,"median":0.000246322451858,"min":7.12558582812e-21,"var":0.00000258604518422},"spectral_energyband_low":{"dmean":0.00454903347418,"dmean2":0.00746092107147,"dvar":0.000044369870011,"dvar2":0.000122772427858,"max":0.100441485643,"mean":0.0112325875089,"median":0.00837781000882,"min":1.62715861897e-23,"var":0.000113691094157},"spectral_energyband_middle_high":{"dmean":0.00254046916962,"dmean2":0.00388388265856,"dvar":0.0000166388617799,"dvar2":0.0000410460379499,"max":0.0833134353161,"mean":0.00882912240922,"median":0.00586388725787,"min":1.20666183547e-21,"var":0.000104862236185},"spectral_energyband_middle_low":{"dmean":0.00353562831879,"dmean2":0.00551733886823,"dvar":0.0000189934307855,"dvar2":0.0000476972454635,"max":0.0744696110487,"mean":0.0116154337302,"median":0.00988793559372,"min":1.62012769105e-22,"var":0.0000849288189784},"spectral_entropy":{"dmean":0.22896912694,"dmean2":0.304020106792,"dvar":0.0555806681514,"dvar2":0.0977022349834,"max":9.82009792328,"mean":7.47935819626,"median":7.4757976532,"min":5.63280344009,"var":0.245445877314},"spectral_flux":{"dmean":0.0183951929212,"dmean2":0.0285869818181,"dvar":0.000367063330486,"dvar2":0.000846795213874,"max":0.254823416471,"mean":0.0745865926147,"median":0.0738589689136,"min":6.29605534375e-11,"var":0.00167668960057},"spectral_kurtosis":{"dmean":1.89556181431,"dmean2":2.99007892609,"dvar":5.38503742218,"dvar2":13.2225179672,"max":57.0744476318,"mean":5.91188097,"median":5.14329195023,"min":-1.27285480499,"var":12.0731782913},"spectral_rms":{"dmean":0.000574128585868,"dmean2":0.000921932456549,"dvar":3.62292581713e-7,"dvar2":9.38791686167e-7,"max":0.0104347467422,"mean":0.00501125631854,"median":0.00540922535583,"min":3.1092773755e-12,"var":0.00000440434405391},"spectral_rolloff":{"dmean":526.280639648,"dmean2":890.489990234,"dvar":1154483.375,"dvar2":2875905.25,"max":19315.2832031,"mean":1520.20874023,"median":1141.25976562,"min":21.533203125,"var":3124130.25},"spectral_skewness":{"dmean":0.227432832122,"dmean2":0.353583723307,"dvar":0.0574089884758,"dvar2":0.128975600004,"max":5.81183099747,"mean":1.76250398159,"median":1.70355081558,"min":-0.0657336637378,"var":0.191499382257},"spectral_spread":{"dmean":804977.5625,"dmean2":1085808.125,"dvar":1012697464830,"dvar2":1869378224130,"max":42627112,"mean":4612309.5,"median":4083769.5,"min":1406364.375,"var":9326822424580},"spectral_strongpeak":{"dmean":0.692866325378,"dmean2":1.19958949089,"dvar":1.49327027798,"dvar2":3.77340269089,"max":15.5273313522,"mean":1.30202639103,"median":0.448466897011,"min":0,"var":3.36245942116},"zerocrossingrate":{"dmean":0.0129751889035,"dmean2":0.0153141012415,"dvar":0.000226480347919,"dvar2":0.000303086912027,"max":0.521484375,"mean":0.0618216767907,"median":0.05322265625,"min":0.0029296875,"var":0.0020968306344}},"metadata":{"audio_properties":{"analysis_sample_rate":44100,"bit_rate":0,"codec":"flac","downmix":"mix","equal_loudness":0,"length":254.586669922,"lossless":true,"md5_encoded":"895178408494f7361677a3f851ccdce7","replay_gain":-11.8277797699},"tags":{"album":["War"],"albumartist":["U2"],"albumartistsort":["U2"],"albumsort":["War (2008-07-18, U2, 8a278f76-f452-42a4-aede-fdd1990c09ca)"],"artist":["U2"],"artists":["U2"],"artistsort":["U2"],"asin":["B0013LPS8E"],"barcode":["602517646476"],"catalognumber":["1764647"],"date":["2008-07-18"],"discnumber":["1"],"disctotal":["1"],"engineer":["Paul Thomas"],"file_name":"05 - U2 - Drowning Man.flac","genre":["Rock"],"isrc":["GBUM70713128"],"label":["Universal Island Records"],"media":["CD"],"musicbrainz_albumartistid":["a3cb23fc-acd3-4ce0-8f36-1e5aa6a18432"],"musicbrainz_albumid":["8a278f76-f452-42a4-aede-fdd1990c09ca"],"musicbrainz_artistid":["a3cb23fc-acd3-4ce0-8f36-1e5aa6a18432"],"musicbrainz_recordingid":["f7563f63-92ab-4a5d-b601-4240a8993527"],"musicbrainz_releasegroupid":["c6b36664-7e60-3b3e-a24d-d096c67a11e9"],"musicbrainz_releasetrackid":["aa876c77-d319-341e-876d-1ae1d7a99da6"],"musicbrainz_workid":["0911367e-7c57-3898-afd8-0a9797ed3c2a"],"originaldate":["1983-02-28"],"performer":["Steve Wickham (electric violin)"],"producer":["Steve Lillywhite"],"releasecountry":["XE"],"releasestatus":["official"],"releasetype":["album"],"replaygain_album_gain":["-7.11 dB"],"replaygain_album_peak":["1.00000000"],"replaygain_track_gain":["-6.52 dB"],"replaygain_track_peak":["1.00000000"],"script":["Latn"],"title":["Drowning Man"],"totaldiscs":["1"],"totaltracks":["10"],"tracknumber":["5"],"tracktotal":["10"],"work":["Drowning Man"],"writer":["U2"]},"version":{"essentia":"2.1-beta1","essentia_build_sha":"5a55991247aa8bc5301991e5ebe36927b56abb96","essentia_git_sha":"v2.1_beta1-6-g5578087","extractor":"music 1.0"}},"rhythm":{"be