{"lowlevel":{"average_loudness":0.891833007336,"barkbands":{"dmean":[0.000174517452251,0.00304136937484,0.00122338871006,0.00142728153151,0.00185194902588,0.00075440783985,0.000732459477149,0.00119628850371,0.0011744487565,0.000715455040336,0.000805588555522,0.000580231309868,0.00108271895442,0.00060986034805,0.000603159482125,0.000267190654995,0.000244588853093,0.000188435427845,0.000116093091492,0.000120467375382,0.0000402018813475,0.0000419513635279,0.0000326859117195,0.0000271750996035,0.0000416556285927,0.0000121484681586,2.15123961311e-7],"dmean2":[0.000286307826173,0.00488006928936,0.00205685407855,0.002448201878,0.00315903290175,0.00120606087148,0.0011932477355,0.00170014589094,0.00177743681706,0.00109525758307,0.00121763686184,0.000911443843506,0.00172372674569,0.000965608051047,0.00100706052035,0.000451568776043,0.000405261671403,0.000319898623275,0.000186117424164,0.000202178867767,0.0000640772414044,0.0000660928708385,0.0000464986769657,0.000038534453779,0.0000575459562242,0.00001760615487,3.13500009952e-7],"dvar":[1.13344242436e-7,0.0000559048421565,0.00000667659332976,0.0000145643925862,0.0000275919665,0.0000028357494557,0.0000023572763439,0.00000538678295925,0.00000532856938662,0.00000220463311962,0.00000343810916092,0.00000231713647736,0.00000497071596328,0.00000187240482319,0.00000163892946148,4.40809287738e-7,2.33348004031e-7,1.14574504551e-7,3.40462804616e-8,6.73868569834e-8,5.7966214051e-9,5.73431746531e-9,5.49771073111e-9,4.18032009009e-9,2.52740655071e-8,3.37548922147e-9,5.33814366408e-13],"dvar2":[3.19727860187e-7,0.000144413206726,0.0000176424637175,0.0000388938606193,0.0000755840810598,0.00000760063448979,0.00000632750061413,0.0000108865406219,0.0000134046194944,0.00000494121877637,0.00000737493382985,0.00000519850891578,0.0000124473799588,0.00000491835317007,0.00000440254052592,0.00000121667108033,6.32771502751e-7,3.310832426e-7,8.6234578589e-8,1.95300216888e-7,1.49508867509e-8,1.32814994558e-8,9.70814184598e-9,8.32947311125e-9,5.14139557595e-8,7.5171815439e-9,1.18717286435e-12],"max":[0.00313522457145,0.135059282184,0.0364467091858,0.0888364687562,0.0837712138891,0.0281438995153,0.0289540048689,0.0414455905557,0.0440645031631,0.0362652465701,0.0583575293422,0.068838737905,0.0398427955806,0.052123516798,0.0384876430035,0.0141706084833,0.00977732334286,0.00570208579302,0.00358942127787,0.00580444047228,0.00162970775273,0.00216102274135,0.0039889854379,0.00177799863741,0.00667561870068,0.00178518448956,0.0000200666818273],"mean":[0.000181526789675,0.00472705019638,0.00195930572227,0.00166847812943,0.00224183662795,0.00133020011708,0.00120358774439,0.00211728154682,0.00231340317987,0.0011832464952,0.00133399944752,0.00102731073275,0.00170383893419,0.00108086992987,0.000966416089796,0.000418451149017,0.000459023285657,0.000350440706825,0.000254495476838,0.000229957673582,0.0000905303604668,0.000104076854768,0.0000815793173388,0.0000641709702904,0.0000797776883701,0.0000187934238056,3.65959351711e-7],"median":[0.0000430503059761,0.00135837390553,0.000840429740492,0.000556300627068,0.000805658521131,0.000640067271888,0.000510719080921,0.000708979263436,0.000843743619043,0.000380283978302,0.000497103377711,0.000310230709147,0.000534303893801,0.000324208493112,0.000310262257699,0.000118017087516,0.000186951467185,0.000172428117367,0.000158849667059,0.0000964869468589,0.0000494104315294,0.0000580475170864,0.0000384604209103,0.0000299734765576,0.0000225597941608,0.00000290599609798,9.03430077415e-8],"min":[4.68801251743e-19,6.98310474309e-19,4.52953711978e-19,4.32779448922e-19,9.96582859306e-19,8.50305377155e-19,7.34502314446e-19,7.05413060639e-19,1.22167286945e-18,1.96614255518e-18,3.2436020361e-18,6.68931614231e-18,1.08594024439e-17,1.47428251683e-17,1.70688636682e-17,1.30895649206e-17,4.63285497681e-18,4.20312679038e-18,2.17763534973e-17,1.92053934355e-17,1.47407505993e-17,3.55068072032e-17,6.87904308525e-17,7.14119184149e-17,1.74406360241e-16,1.11896620459e-15,2.91794820457e-14],"var":[1.13187731188e-7,0.0000721099422663,0.00000928615554585,0.0000135534801302,0.0000236132200371,0.00000403156127504,0.0000041233374759,0.000013467250028,0.0000139217390824,0.00000485323289467,0.00000787714725448,0.00000804743103799,0.00000975616148935,0.00000386435203836,0.00000321845413964,7.67556116443e-7,5.78265030526e-7,2.41013736968e-7,8.79712729329e-8,1.35844686611e-7,1.55952424308e-8,1.87044211231e-8,2.10116830601e-8,1.48287258028e-8,5.54728813995e-8,5.93580207209e-9,9.94161350465e-13]},"barkbands_crest":{"dmean":2.41649127007,"dmean2":3.9187335968,"dvar":5.61768531799,"dvar2":13.7592983246,"max":26.9367218018,"mean":9.39141082764,"median":8.1966047287,"min":2.22166204453,"var":21.857170105},"barkbands_flatness_db":{"dmean":0.017437512055,"dmean2":0.0266485828906,"dvar":0.000306510104565,"dvar2":0.000696691917256,"max":0.500032544136,"mean":0.135405600071,"median":0.121878691018,"min":0.0156912915409,"var":0.00439205113798},"barkbands_kurtosis":{"dmean":8.08093166351,"dmean2":12.9466400146,"dvar":3054.61816406,"dvar2":7755.78027344,"max":2725.69799805,"mean":29.0858020782,"median":0.563905358315,"min":-1.90077412128,"var":37470.5703125},"barkbands_skewness":{"dmean":0.549155771732,"dmean2":0.84725934267,"dvar":0.759650707245,"dvar2":1.7259272337,"max":7.35862970352,"mean":0.182199418545,"median":0.787707328796,"min":-49.3529624939,"var":27.2895240784},"barkbands_spread":{"dmean":4.41272878647,"dmean2":6.72811985016,"dvar":26.5239772797,"dvar2":60.5745735168,"max":152.561798096,"mean":21.0891113281,"median":19.8639316559,"min":0.134452536702,"var":140.781402588},"dissonance":{"dmean":0.0191565975547,"dmean2":0.0321563854814,"dvar":0.000348073313944,"dvar2":0.000958356133197,"max":0.500000178814,"mean":0.460799247026,"median":0.467091411352,"min":0.289711952209,"var":0.000782280403655},"dynamic_complexity":5.36218833923,"erbbands":{"dmean":[0.0578406564891,0.797051846981,1.51258635521,3.03049898148,7.14310216904,5.28822517395,3.6516187191,7.48355293274,8.53661251068,20.961812973,19.7000274658,32.9842376709,21.8528118134,18.841796875,35.7445526123,29.1150054932,48.002532959,34.6338195801,27.7442474365,20.8635349274,11.4334545135,11.6190748215,12.1174564362,6.38144493103,7.29830265045,3.91408920288,1.99012756348,1.37717366219,1.63373887539,1.33216941357,0.902230024338,0.596168279648,0.471038639545,0.532973706722,0.27284181118,0.0880627259612,0.0152776027098,0.000900079787243,0.0000494464402436,0.0000120076811072],"dmean2":[0.0829290524125,1.30345726013,2.52488565445,5.09219121933,12.3647384644,8.940782547,5.86317110062,11.9069385529,13.8221826553,30.8839931488,28.4514484406,49.5904655457,33.244304657,29.4838752747,53.7988891602,45.0524711609,76.5915679932,54.4005088806,45.767780304,34.7960891724,19.0441017151,19.266500473,20.4569015503,10.3848800659,12.034318924,6.46398973465,3.22154593468,2.14762377739,2.62827825546,1.96284413338,1.28965377808,0.879537522793,0.659814357758,0.7463991642,0.38348081708,0.126787722111,0.0221178531647,0.00125706731342,0.0000690664746799,0.000017628652131],"dvar":[0.0187385771424,3.95706915855,11.3241300583,58.3668403625,412.864624023,192.313858032,80.7181015015,270.092651367,362.205047607,1768.9128418,2090.46826172,4575.70556641,2098.9128418,1955.27722168,7700.27294922,5569.16357422,9901.18945312,4672.30664062,3688.34594727,1777.2064209,688.06439209,467.978210449,466.77331543,160.48600769,193.549163818,45.1811103821,14.2993774414,5.2501206398,9.20133686066,8.06590652466,3.89338326454,2.08950710297,1.45995354652,3.45189404488,1.43609368801,0.166866034269,0.00577168632299,0.0000144827545228,2.87590431469e-8,3.26975557741e-10],"dvar2":[0.0371174812317,10.5884637833,29.9276638031,153.982788086,1134.96166992,526.543762207,195.887039185,724.58026123,946.086547852,3923.69506836,4294.44921875,11623.4990234,4723.98632812,4665.72265625,16242.5058594,12302.0712891,24809.8476562,12066.0205078,9626.48242188,4910.70361328,1856.3927002,1310.70825195,1359.55688477,438.315612793,544.322692871,123.899848938,37.6409378052,12.3260097504,23.1682415009,14.7969837189,7.51728105545,4.59167957306,2.69940137863,7.13037729263,3.04195547104,0.371335536242,0.0127100488171,0.0000303434007947,5.96490394855e-8,7.16551262769e-10],"max":[2.84233951569,33.0263175964,43.7970237732,201.025390625,339.403198242,177.628494263,318.260681152,321.966156006,467.471160889,990.79864502,1080.18127441,1276.23925781,1340.44116211,1365.44555664,2838.44775391,3503.99243164,1810.42980957,2014.06713867,2465.08325195,762.078552246,774.542663574,575.774841309,359.058044434,223.234283447,285.945007324,102.12915802,78.5603561401,37.5103111267,60.6186981201,143.521011353,94.6450653076,55.6363487244,41.0542030334,82.6093063354,46.6075401306,13.171626091,2.29082250595,0.106855161488,0.00444829557091,0.000366090942407],"mean":[0.0849715322256,1.21188855171,2.53781890869,4.02364730835,7.87963008881,6.71737146378,5.96554231644,13.6292085648,14.4491844177,37.640827179,36.7240028381,65.8086090088,40.6999435425,32.5256156921,62.0366134644,56.5026931763,78.7507705688,65.1937942505,51.2234344482,35.2127838135,21.1485843658,23.8580856323,23.4614238739,13.2194662094,15.5899686813,8.39617156982,4.3884601593,3.28700137138,3.83857631683,3.22068309784,2.24367666245,1.40826690197,1.07809591293,1.04343390465,0.471284121275,0.141092330217,0.023532724008,0.00148806953803,0.0000960324905463,0.0000372166286979],"median":[0.0189869068563,0.371067196131,1.12967824936,1.69277071953,2.22246694565,2.39810776711,2.8460650444,6.20330953598,7.06184101105,15.211979866,13.5868749619,24.8312034607,15.7846212387,12.7564544678,23.3287220001,21.3968143463,28.3864955902,27.0449028015,22.3155517578,12.4651088715,8.00679302216,10.9563360214,12.1067800522,7.55559587479,8.2600479126,4.46228504181,2.26119971275,2.14520192146,1.96845126152,1.68270087242,1.09105300903,0.686599850655,0.444370478392,0.307793468237,0.121553592384,0.0267637949437,0.00304888142273,0.000252930854913,0.0000350588925357,0.0000321427833114],"min":[2.57046424982e-17,1.40327127808e-16,4.6652261276e-16,1.09287600162e-15,2.12068039114e-15,3.54557890853e-15,5.3360221176e-15,7.40875747931e-15,9.73198758858e-15,1.26255232872e-14,1.73627507093e-14,2.69353953069e-14,4.75313114334e-14,8.96053318892e-14,1.67790030459e-13,2.97366216937e-13,4.82824067186e-13,6.98102545823e-13,8.66075874212e-13,8.66641936166e-13,6.2119574892e-13,2.57614161123e-13,1.82328354888e-13,7.03375834139e-13,1.28881443278e-12,9.04715430176e-13,2.4459235093e-13,1.12137534501e-12,1.47489431692e-12,8.41344572136e-13,2.2768169728e-12,8.95191473033e-13,1.69500156098e-12,1.29416258526e-12,1.85772404404e-12,1.77047482577e-12,2.42578439974e-12,5.78034321796e-12,4.57612680388e-12,4.22179381298e-13],"var":[0.0307755954564,4.70876598358,15.0870513916,59.7938346863,341.681121826,179.885940552,117.811958313,430.638549805,550.526611328,4155.44384766,4995.34960938,11654.2226562,4665.74755859,4391.39306641,17663.9648438,20235.1992188,19529.265625,10245.0322266,7728.88085938,3583.04492188,1398.58752441,1376.80786133,1005.13513184,332.37890625,470.411804199,116.233070374,37.7810630798,14.3740205765,27.0484523773,28.1951274872,14.3040618896,6.22653627396,5.34185695648,8.23451137543,2.53263163567,0.297961384058,0.0103717632592,0.0000295232257486,6.11484125557e-8,9.41234978846e-10]},"erbbands_crest":{"dmean":2.87155818939,"dmean2":4.62227153778,"dvar":7.21200227737,"dvar2":17.3571205139,"max":34.3473968506,"mean":10.6630601883,"median":9.4598236084,"min":2.52771449089,"var":25.5225391388},"erbbands_flatness_db":{"dmean":0.0165796373039,"dmean2":0.0239556282759,"dvar":0.000233205762925,"dvar2":0.000452824606327,"max":0.425025552511,"mean":0.176908046007,"median":0.172473058105,"min":0.0303947217762,"var":0.00206441548653},"erbbands_kurtosis":{"dmean":1.16628527641,"dmean2":1.80357062817,"dvar":4.22291946411,"dvar2":8.27313995361,"max":105.049468994,"mean":1.57831728458,"median":0.652018547058,"min":-1.76971888542,"var":20.5015983582},"erbbands_skewness":{"dmean":0.337473034859,"dmean2":0.52378898859,"dvar":0.0924677327275,"dvar2":0.213498517871,"max":6.10684108734,"mean":0.24152725935,"median":0.264076352119,"min":-2.9749789238,"var":0.586864829063},"erbbands_spread":{"dmean":5.81650686264,"dmean2":8.98810482025,"dvar":35.3927001953,"dvar2":79.8504486084,"max":115.738777161,"mean":27.8779659271,"median":25.5157794952,"min":1.1983550787,"var":204.217422485},"gfcc":{"cov":[[33547.0742188,4069.43432617,-3721.75341797,1753.72937012,-2246.16333008,415.075622559,-1095.25256348,741.528564453,-985.451904297,480.53036499,-590.455505371,-36.4940719604,-544.362487793],[4069.43432617,1651.97351074,-251.002502441,435.061828613,-28.2865753174,53.4024963379,47.8809127808,125.691802979,-8.0827331543,-17.1296958923,-1.83317291737,-103.090148926,-43.7626113892],[-3721.75341797,-251.002502441,1218.7956543,97.7042160034,416.446533203,35.065372467,212.561126709,59.1392326355,168.772354126,-26.4635620117,50.2409973145,53.463596344,11.8583230972],[1753.72937012,435.061828613,97.7042160034,594.312988281,32.9508628845,51.5932731628,48.2908287048,84.5814743042,72.2624588013,42.1618766785,-12.380449295,-12.0181903839,-40.044631958],[-2246.16333008,-28.2865753174,416.446533203,32.9508628845,414.47164917,40.6775398254,161.698699951,8.89769172668,144.934570312,-13.8169364929,55.066192627,-5.38317298889,36.183681488],[415.075622559,53.4024963379,35.065372467,51.5932731628,40.6775398254,255.655105591,107.868057251,11.255689621,-31.181344986,50.9425163269,36.0312423706,7.23447179794,-7.1095457077],[-1095.25256348,47.8809127808,212.561126709,48.2908287048,161.698699951,107.868057251,265.786682129,25.3633003235,74.6135787964,-8.80154514313,71.3224716187,-6.7105846405,2.16793251038],[741.528564453,125.691802979,59.1392326355,84.5814743042,8.89769172668,11.255689621,25.3633003235,156.664276123,33.2039146423,13.9388256073,-23.9961585999,13.5236730576,-16.2236938477],[-985.451904297,-8.0827331543,168.772354126,72.2624588013,144.934570312,-31.181344986,74.6135787964,33.2039146423,204.175262451,13.9902296066,20.5092468262,-16.1063842773,8.88345718384],[480.53036499,-17.1296958923,-26.4635620117,42.1618766785,-13.8169364929,50.9425163269,-8.80154514313,13.9388256073,13.9902296066,111.882522583,22.0334377289,2.54554963112,-14.8595075607],[-590.455505371,-1.83317291737,50.2409973145,-12.380449295,55.066192627,36.0312423706,71.3224716187,-23.9961585999,20.5092468262,22.0334377289,108.880691528,20.7347145081,11.5009498596],[-36.4940719604,-103.090148926,53.463596344,-12.0181903839,-5.38317298889,7.23447179794,-6.7105846405,13.5236730576,-16.1063842773,2.54554963112,20.7347145081,87.2684020996,15.7061157227],[-544.362487793,-43.7626113892,11.8583230972,-40.044631958,36.183681488,-7.1095457077,2.16793251038,-16.2236938477,8.88345718384,-14.8595075607,11.5009498596,15.7061157227,95.3799438477]],"icov":[[0.000339071149938,-0.000557935214601,0.000595494580921,-0.000550450873561,0.000677690433804,-0.000563111680094,0.000568922492675,-0.000920362072065,0.000550647149794,-0.000820485409349,0.000915313779842,-0.000912901363336,0.000766349607147],[-0.000557935214601,0.00191439001355,-0.000697727547958,0.000173439097125,-0.00127916387282,0.000829177093692,-0.000818320608232,0.000607883615885,-0.000496616354212,0.00206976081245,-0.00233322288841,0.00280919251963,-0.00128984055482],[0.000595494580921,-0.000697727547958,0.00253341114148,-0.0012703895336,-0.000138115690788,-0.000832275254652,0.000545291579328,-0.00197703507729,0.000921458646189,-0.00110676977783,0.00178106839303,-0.00243827607483,0.00180037610698],[-0.000550450873561,0.000173439097125,-0.0012703895336,0.00342374574393,-0.000837353814859,0.000594188633841,-0.0010598464869,0.00141161505599,-0.00185311923269,0.00040885026101,-0.000576942868065,0.000724139099475,-0.000653865747154],[0.000677690433804,-0.00127916387282,-0.000138115690788,-0.000837353814859,0.00660443259403,-0.00174613983836,0.000085487983597,-0.00130884686951,-0.00126428692602,-0.0010821192991,0.00115347572137,-0.000983150443062,0.0000582540451433],[-0.000563111680094,0.000829177093692,-0.000832275254652,0.000594188633841,-0.00174613983836,0.00743530970067,-0.00438127014786,0.00173152261414,0.00185908121057,-0.00232286192477,-0.000806583091617,0.000870023272,-0.00145075470209],[0.000568922492675,-0.000818320608232,0.000545291579328,-0.0010598464869,0.000085487983597,-0.00438127014786,0.00918934587389,-0.00320329912938,-0.000787871249486,0.00205949647352,-0.00320049468428,0.000569882395212,0.0019323527813],[-0.000920362072065,0.000607883615885,-0.00197703507729,0.00141161505599,-0.00130884686951,0.00173152261414,-0.00320329912938,0.011578916572,-0.00304990611039,0.000327617279254,0.00170584069565,-0.00130163668655,-0.00112374476157],[0.000550647149794,-0.000496616354212,0.000921458646189,-0.00185311923269,-0.00126428692602,0.00185908121057,-0.000787871249486,-0.00304990611039,0.00956321880221,-0.00354363326915,0.00096857646713,0.000554107362404,0.000488798483275],[-0.000820485409349,0.00206976081245,-0.00110676977783,0.00040885026101,-0.0010821192991,-0.00232286192477,0.00205949647352,0.000327617279254,-0.00354363326915,0.0150852510706,-0.00687132542953,0.00365699036047,-0.000270990043646],[0.000915313779842,-0.00233322288841,0.00178106839303,-0.000576942868065,0.00115347572137,-0.000806583091617,-0.00320049468428,0.00170584069565,0.00096857646713,-0.00687132542953,0.0179603546858,-0.00808539614081,0.00156000151765],[-0.000912901363336,0.00280919251963,-0.00243827607483,0.000724139099475,-0.000983150443062,0.000870023272,0.000569882395212,-0.00130163668655,0.000554107362404,0.00365699036047,-0.00808539614081,0.018868887797,-0.00472470140085],[0.000766349607147,-0.00128984055482,0.00180037610698,-0.000653865747154,0.0000582540451433,-0.00145075470209,0.0019323527813,-0.00112374476157,0.000488798483275,-0.000270990043646,0.00156000151765,-0.00472470140085,0.0139048686251]],"mean":[-32.8508682251,91.6051025391,-132.328079224,20.9210414886,-60.185508728,22.9089813232,-38.354549408,10.6352148056,-22.285068512,1.9595798254,-10.8528862,-7.59715414047,-12.9748783112]},"hfc":{"dmean":5.85370635986,"dmean2":8.67993736267,"dvar":58.9593391418,"dvar2":127.683242798,"max":120.384376526,"mean":22.4957542419,"median":19.4544639587,"min":6.83460177342e-10,"var":314.50567627},"melbands":{"dmean":[0.000704313919414,0.000881612009834,0.000639409234282,0.000479221402202,0.000132318658871,0.000159969684319,0.000135920417961,0.00024371832842,0.00015144374629,0.00021023163572,0.00010563385149,0.0000760019465815,0.000105970997538,0.000081170546764,0.0000879573926795,0.000104950733657,0.0000681287128828,0.0000428462917625,0.0000470315062557,0.0000239224609686,0.000012465967302,0.0000127482744574,0.0000147072069012,0.00000751236257202,0.00000566978860661,0.00000466262235932,0.00000604295019002,0.00000236925734498,0.00000132273191866,0.00000128647263864,7.58870953632e-7,0.00000116208184409,8.10824872133e-7,7.66210007441e-7,5.98814722252e-7,4.44075396899e-7,3.76462310214e-7,3.30045537567e-7,4.32281694884e-7,4.7130299663e-7],"dmean2":[0.00109659100417,0.00144922768231,0.00108454108704,0.000828573305625,0.000211115038837,0.000255304272287,0.000220340443775,0.000354500865797,0.00022143505339,0.000316292134812,0.000161591466167,0.000119343094411,0.000160463692737,0.000124541606056,0.000138918403536,0.000167511971085,0.000107643070805,0.0000703276018612,0.0000788709076005,0.0000402667028538,0.000020743756977,0.0000211597380257,0.000024734352337,0.0000126677241497,0.00000929686575546,0.0000076080573308,0.0000101609875856,0.00000391180037695,0.00000214462556869,0.00000210738198803,0.00000119147273381,0.00000192553284251,0.00000122987205486,0.00000114354384095,8.77572290392e-7,6.80234165884e-7,5.64590607155e-7,4.79915058804e-7,6.20460752998e-7,6.72992655382e-7],"dvar":[0.00000289771423923,0.00000416810598836,0.00000248083256338,0.00000194450035451,8.8826553224e-8,1.25099646198e-7,8.57332977944e-8,2.328403923e-7,1.26388385979e-7,1.79951896939e-7,5.13687297143e-8,3.53829285871e-8,6.40972146471e-8,3.39838770458e-8,3.77958855324e-8,5.77994470063e-8,2.20448743704e-8,1.03094990322e-8,1.1240453901e-8,3.49252649023e-9,9.06304586934e-10,6.15089368328e-10,7.53352658034e-10,1.68441260939e-10,1.3976704516e-10,5.75587910667e-11,2.24203419719e-10,2.24639543078e-11,6.07327469565e-12,7.12761750662e-12,1.77005838372e-12,5.21304570691e-12,2.54211777496e-12,3.0845523618e-12,1.63421728407e-12,1.16382413689e-12,7.93139425664e-13,7.13200657386e-13,1.73634674347e-12,2.71110282661e-12],"dvar2":[0.00000697747282175,0.0000109660522867,0.00000664756680635,0.00000537970072401,2.19838597104e-7,3.36592137273e-7,2.23203912242e-7,4.95461108585e-7,2.62394252104e-7,4.5257499437e-7,1.15341826756e-7,8.37157472233e-8,1.37235915076e-7,7.39475396472e-8,9.15890083775e-8,1.44955890846e-7,5.75473073638e-8,2.6798964825e-8,3.10085930266e-8,9.69018376651e-9,2.42370590264e-9,1.72857084202e-9,2.12936668298e-9,4.73202421691e-10,3.7992375912e-10,1.52710039059e-10,6.49784337448e-10,6.12562847668e-11,1.56553849745e-11,1.96053277779e-11,4.15759137187e-12,1.42322213043e-11,5.44122039092e-12,5.61172506033e-12,3.21442091694e-12,2.70531101861e-12,1.78066556725e-12,1.48270209045e-12,3.5529233635e-12,5.7248056122e-12],"max":[0.0334832891822,0.0279417783022,0.0324599444866,0.0218844264746,0.00901872478426,0.00641358690336,0.00630690110847,0.0114043438807,0.00827209372073,0.00730968220159,0.00657544471323,0.00604095775634,0.00793903693557,0.00793829932809,0.00548264803365,0.00543785048649,0.00483522564173,0.00438086828217,0.00209999433719,0.0013775662519,0.000810900412034,0.000653217663057,0.000657744589262,0.000221447611693,0.000199492336833,0.000189750135178,0.00034295298974,0.0000847344635986,0.00004025774615,0.0000645912296022,0.0000260744145635,0.0000478428701172,0.0000587126960454,0.0000896413403098,0.0000585400484852,0.0000429284591519,0.000026745514333,0.0000269965785265,0.000041252518713,0.0000713629051461],"mean":[0.00107340235263,0.00151539244689,0.000842219393235,0.000546712079085,0.000226472053328,0.00028712884523,0.00022976724722,0.000439923343947,0.000274020567304,0.00041663882439,0.000186778561329,0.000121644654428,0.000177487076144,0.000151865227963,0.000149829735165,0.000164479293744,0.000119577394798,0.0000766967641539,0.0000715625137673,0.0000358770703315,0.0000218464520003,0.0000240898643824,0.0000274093508779,0.0000141470654853,0.000010283220945,0.00000999440453597,0.0000112879279186,0.00000450026345789,0.00000264591153609,0.00000259547050518,0.00000162480660038,0.00000239125438384,0.00000184284465377,0.00000169627105606,0.00000137713334425,9.77903937383e-7,8.13225597085e-7,7.25865959339e-7,8.37469087855e-7,8.81834353095e-7],"median":[0.000305580819258,0.000656698830426,0.000363100029062,0.000186132674571,0.000111401262984,0.000133653840749,0.000103893165942,0.000177198438905,0.0000888596259756,0.000152204142069,0.0000663495156914,0.000035808152461,0.0000656221018289,0.0000544213689864,0.0000508511984663,0.0000533561396878,0.0000374869232473,0.0000292061395157,0.0000192517236428,0.000010366477909,0.00000713632607585,0.00000987482417258,0.0000123089175759,0.00000717765760783,0.00000512068118041,0.00000575228295929,0.00000404056663683,0.00000208637266041,0.00000130358341721,0.00000118817933981,0.00000103789523109,0.00000107187474896,9.12502912342e-7,8.34711272546e-7,6.55597773402e-7,4.27653418456e-7,3.85839115324e-7,3.01006934933e-7,2.96793018606e-7,2.41354456421e-7],"min":[2.33432410965e-19,2.28180796352e-19,2.17447843561e-19,2.03557451898e-19,1.8542463182e-19,1.66857464372e-19,1.50212160605e-19,1.40840449834e-19,1.46498507395e-19,1.75714953146e-19,2.38576931537e-19,3.43059975865e-19,4.9529812151e-19,6.92343089973e-19,9.16473932498e-19,1.13935495682e-18,1.31162648632e-18,1.37768099413e-18,1.28731492433e-18,1.03038828337e-18,6.56871000367e-19,2.94646154438e-19,1.0952393468e-19,2.20166320945e-19,5.77341203385e-19,9.23455853855e-19,9.28107710825e-19,5.22162414565e-19,1.11474788456e-19,2.42389406981e-19,8.145153917e-19,9.68507832328e-19,4.53884600359e-19,4.73798870209e-19,1.35326448361e-18,1.14803911248e-18,2.69706322927e-19,1.14013498813e-18,1.07557157677e-18,1.11838665207e-18],"var":[0.00000399148302677,0.00000560032503927,0.00000238542475017,0.0000015682699086,1.35335312734e-7,1.87674132235e-7,1.42955727256e-7,5.67547544961e-7,2.92724962492e-7,4.80387086554e-7,1.10349972715e-7,7.9043651624e-8,1.45185751421e-7,1.20406937754e-7,8.3777159432e-8,1.10179264823e-7,4.56215296651e-8,2.14990087954e-8,2.07781543082e-8,5.73681901983e-9,1.80145709461e-9,1.59145308043e-9,1.72807823606e-9,3.7535746733e-10,2.56682175515e-10,1.49544363004e-10,4.55447790593e-10,4.96653655702e-11,1.41133554496e-11,1.78097033648e-11,4.04471681842e-12,1.25480719565e-11,8.09918625222e-12,9.65179238616e-12,5.45166776306e-12,3.29279507306e-12,2.20742001067e-12,2.33156831515e-12,4.49468457245e-12,6.24973120131e-12]},"melbands_crest":{"dmean":2.96666383743,"dmean2":4.74279403687,"dvar":7.36358308792,"dvar2":18.1737136841,"max":35.3238334656,"mean":12.4617538452,"median":11.6023445129,"min":2.28829455376,"var":23.825378418},"melbands_flatness_db":{"dmean":0.021534839645,"dmean2":0.032723877579,"dvar":0.00049811572535,"dvar2":0.00115484721027,"max":0.49236240983,"mean":0.180959433317,"median":0.172936752439,"min":0.0157981161028,"var":0.00389041332528},"melbands_kurtosis":{"dmean":3.89954805374,"dmean2":6.24467945099,"dvar":68.8445053101,"dvar2":173.5909729,"max":206.907791138,"mean":5.91832494736,"median":2.55598545074,"min":-1.81839704514,"var":133.803146362},"melbands_skewness":{"dmean":0.59502696991,"dmean2":0.91563552618,"dvar":0.432771921158,"dvar2":1.0081038475,"max":12.2883996964,"mean":1.65374648571,"median":1.39483904839,"min":-2.07798051834,"var":1.77753090858},"melbands_spread":{"dmean":6.60121440887,"dmean2":10.3009290695,"dvar":57.692691803,"dvar2":134.88659668,"max":210.404159546,"mean":29.2792510986,"median":25.4680175781,"min":0.931738674641,"var":539.497070312},"mfcc":{"cov":[[14759.0595703,1659.62487793,-468.499298096,180.427749634,-211.996841431,-122.761077881,-160.966430664,111.646766663,-75.3211212158,80.7897338867,198.568237305,6.47772121429,-77.7642669678],[1659.62487793,1327.8996582,52.7125816345,183.173309326,135.459182739,27.5139484406,92.7694549561,127.57233429,45.6320381165,105.824989319,51.4387741089,15.3935861588,12.2636461258],[-468.499298096,52.7125816345,560.585876465,224.265808105,117.618659973,81.3470306396,72.9105987549,101.22467804,52.3138618469,60.4184913635,-6.97881555557,58.8757324219,65.5367507935],[180.427749634,183.173309326,224.265808105,473.978912354,159.127044678,45.8616142273,-17.8983249664,113.73109436,79.7579040527,108.376983643,-2.34660220146,64.3368759155,64.0662536621],[-211.996841431,135.459182739,117.618659973,159.127044678,224.813751221,42.9070014954,1.03216230869,41.0881652832,69.4546661377,46.7857055664,-3.13608288765,23.118013382,48.9645767212],[-122.761077881,27.5139484406,81.3470306396,45.8616142273,42.9070014954,233.507583618,110.423614502,41.4127578735,9.24563884735,66.281211853,29.2155132294,34.0790367126,7.47817659378],[-160.966430664,92.7694549561,72.9105987549,-17.8983249664,1.03216230869,110.423614502,219.01361084,59.7215576172,8.6872177124,7.66497135162,25.8189334869,30.4979019165,3.95322155952],[111.646766663,127.57233429,101.22467804,113.73109436,41.0881652832,41.4127578735,59.7215576172,166.639266968,48.8215522766,48.8984718323,23.4685516357,42.7327651978,16.1344337463],[-75.3211212158,45.6320381165,52.3138618469,79.7579040527,69.4546661377,9.24563884735,8.6872177124,48.8215522766,125.023147583,47.6424484253,-4.02096796036,7.93132352829,13.9788970947],[80.7897338867,105.824989319,60.4184913635,108.376983643,46.7857055664,66.281211853,7.66497135162,48.8984718323,47.6424484253,166.274505615,53.6566047668,11.423828125,11.9748868942],[198.568237305,51.4387741089,-6.97881555557,-2.34660220146,-3.13608288765,29.2155132294,25.8189334869,23.4685516357,-4.02096796036,53.6566047668,116.435592651,22.6065044403,-21.824836731],[6.47772121429,15.3935861588,58.8757324219,64.3368759155,23.118013382,34.0790367126,30.4979019165,42.7327651978,7.93132352829,11.423828125,22.6065044403,108.707641602,41.5062103271],[-77.7642669678,12.2636461258,65.5367507935,64.0662536621,48.9645767212,7.47817659378,3.95322155952,16.1344337463,13.9788970947,11.9748868942,-21.824836731,41.5062103271,111.10181427]],"icov":[[0.0000909653681447,-0.000130990272737,0.000067160166509,-0.0000757572342991,0.000187387078768,-0.0000447894926765,0.000139732059324,-0.0000349291076418,-0.00000803559760243,0.0000864129469846,-0.000151208529132,0.00000784986332292,-0.0000382108592021],[-0.000130990272737,0.00112331320997,0.0000971912159002,-0.000103382662928,-0.000843835296109,0.000485032214783,-0.000780211819801,-0.000420620694058,0.000384371553082,-0.00059221329866,0.000122419383842,0.000210631391383,0.000175524080987],[0.000067160166509,0.0000971912159002,0.00259330030531,-0.000895089528058,-0.000460908311652,-0.000145618192619,-0.000679603137542,-0.000654565636069,0.000193341940758,-0.00014014338376,0.000286334863631,-0.000153333210619,-0.000540827400982],[-0.0000757572342991,-0.000103382662928,-0.000895089528058,0.00416743243113,-0.00168531958479,0.0000553016579943,0.0011145141907,-0.0014419836225,-0.0000721683973097,-0.00175156700425,0.00126705621369,-0.00143131625373,-0.0000264742375293],[0.000187387078768,-0.000843835296109,-0.000460908311652,-0.00168531958479,0.00787597708404,-0.00159488781355,0.00122789759189,0.000728612125386,-0.0032420984935,0.0012461830629,-0.00106812582817,0.000739240378607,-0.0022576097399],[-0.0000447894926765,0.000485032214783,-0.000145618192619,0.0000553016579943,-0.00159488781355,0.00719777680933,-0.00376306427643,0.000298218190437,0.00157061358914,-0.00330942636356,0.000831513898447,-0.00136196031235,0.00110936560668],[0.000139732059324,-0.000780211819801,-0.000679603137542,0.0011145141907,0.00122789759189,-0.00376306427643,0.00795128475875,-0.00206678383984,-0.000970880617388,0.00211646803655,-0.00132826715708,-0.000348673842382,-0.000565143825952],[-0.0000349291076418,-0.000420620694058,-0.000654565636069,-0.0014419836225,0.000728612125386,0.000298218190437,-0.00206678383984,0.00967257004231,-0.00246793753468,-0.000583696935792,-0.000684730068315,-0.00203358964063,0.000565937079955],[-0.00000803559760243,0.000384371553082,0.000193341940758,-0.0000721683973097,-0.0032420984935,0.00157061358914,-0.000970880617388,-0.00246793753468,0.0117853237316,-0.00336299696937,0.00220923242159,0.0000124107355077,0.000904576736502],[0.0000864129469846,-0.00059221329866,-0.00014014338376,-0.00175156700425,0.0012461830629,-0.00330942636356,0.00211646803655,-0.000583696935792,-0.00336299696937,0.0113257970661,-0.00561935035512,0.00257175415754,-0.00196068361402],[-0.000151208529132,0.000122419383842,0.000286334863631,0.00126705621369,-0.00106812582817,0.000831513898447,-0.00132826715708,-0.000684730068315,0.00220923242159,-0.00561935035512,0.0132627319545,-0.00417441036552,0.00403512082994],[0.00000784986332292,0.000210631391383,-0.000153333210619,-0.00143131625373,0.000739240378607,-0.00136196031235,-0.000348673842382,-0.00203358964063,0.0000124107355077,0.00257175415754,-0.00417441036552,0.0138929942623,-0.00531736016273],[-0.0000382108592021,0.000175524080987,-0.000540827400982,-0.0000264742375293,-0.0022576097399,0.00110936560668,-0.000565143825952,0.000565937079955,0.000904576736502,-0.00196068361402,0.00403512082994,-0.00531736016273,0.0130238141865]],"mean":[-656.286865234,119.313064575,-10.10414505,4.74483442307,1.95195770264,4.13105249405,1.97203707695,2.57951378822,-3.86105442047,3.49468421936,6.32059860229,-1.08963465691,-0.893467843533]},"pitch_salience":{"dmean":0.0666684657335,"dmean2":0.108086273074,"dvar":0.00408719433472,"dvar2":0.0106378914788,"max":0.990795612335,"mean":0.539385437965,"median":0.541374921799,"min":0.134360849857,"var":0.012786924839},"silence_rate_20dB":{"dmean":0,"dmean2":0,"dvar":0,"dvar2":0,"max":1,"mean":1,"median":1,"min":1,"var":0},"silence_rate_30dB":{"dmean":0.00122498976998,"dmean2":0.00245022960007,"dvar":0.00122348917648,"dvar2":0.00366934086196,"max":1,"mean":0.999387562275,"median":1,"min":0,"var":0.000612057279795},"silence_rate_60dB":{"dmean":0.0151082072407,"dmean2":0.0302194990218,"dvar":0.0148799493909,"dvar2":0.0335941836238,"max":1,"mean":0.0913544967771,"median":0,"min":0,"var":0.0830088555813},"spectral_centroid":{"dmean":210.714019775,"dmean2":327.216247559,"dvar":51583.6210938,"dvar2":114713.679688,"max":11207.5146484,"mean":1444.33862305,"median":1370.25830078,"min":211.913406372,"var":470540.625},"spectral_complexity":{"dmean":2.72703146935,"dmean2":4.12189912796,"dvar":8.96509647369,"dvar2":17.2972393036,"max":57,"mean":18.8451576233,"median":19,"min":0,"var":90.0494155884},"spectral_contrast_coeffs":{"dmean":[0.0509707666934,0.0447546243668,0.0384139940143,0.0338851846755,0.0223409142345,0.0151732489467],"dmean2":[0.0819453075528,0.0715031772852,0.0602535828948,0.0545637458563,0.03597785905,0.0237837545574],"dvar":[0.00207042112015,0.00139363890048,0.00106441404205,0.000809827062767,0.000338522659149,0.000175135137397],"dvar2":[0.00523388572037,0.00357839628123,0.00248702615499,0.0019948896952,0.00084002019139,0.000399725657189],"max":[-0.321672856808,-0.354406625032,-0.409112721682,-0.502571165562,-0.596904039383,-0.659477829933],"mean":[-0.647636115551,-0.72672188282,-0.71832048893,-0.723353683949,-0.761195540428,-0.781100988388],"median":[-0.650080323219,-0.728717565536,-0.716079413891,-0.721062839031,-0.756903290749,-0.776409387589],"min":[-0.99904614687,-0.999142825603,-0.996030509472,-0.973377525806,-0.967757880688,-0.967738449574],"var":[0.00824257452041,0.00728863384575,0.00762849021703,0.00596009660512,0.00323827192187,0.00225100712851]},"spectral_contrast_valleys":{"dmean":[0.425647616386,0.364229798317,0.333034783602,0.28556150198,0.221690699458,0.230580180883],"dmean2":[0.661253869534,0.571876227856,0.517487347126,0.432828515768,0.319687962532,0.300714343786],"dvar":[0.156396150589,0.118369199336,0.114994034171,0.0973318293691,0.0701833069324,0.0798469036818],"dvar2":[0.330177217722,0.251430541277,0.229250311852,0.175488516688,0.118327617645,0.128063470125],"max":[-5.3425245285,-4.3833861351,-4.83943986893,-5.24693489075,-5.78691196442,-7.91724967957],"mean":[-7.94809865952,-7.11612129211,-7.58228302002,-7.99795627594,-8.15129756927,-10.3852729797],"median":[-7.38310289383,-6.70867967606,-7.19940185547,-7.63709449768,-7.74416780472,-10.0261478424],"min":[-27.9028396606,-27.1759567261,-27.2428779602,-27.2390060425,-27.2827682495,-27.2441005707],"var":[4.44648742676,3.69212865829,3.36350488663,3.1628305912,3.26108932495,2.57071256638]},"spectral_decrease":{"dmean":2.30461028039e-9,"dmean2":3.50152595807e-9,"dvar":1.19452473971e-17,"dvar2":2.8729329324e-17,"max":3.63396065558e-15,"mean":-6.66351374079e-9,"median":-5.85134873887e-9,"min":-4.23488017987e-8,"var":2.70853591418e-17},"spectral_energy":{"dmean":0.00912667438388,"dmean2":0.0138222649693,"dvar":0.000179867172847,"dvar2":0.000430467829574,"max":0.161813110113,"mean":0.0271900780499,"median":0.0241371784359,"min":3.69263979474e-14,"var":0.000433002307545},"spectral_energyband_high":{"dmean":0.000179511815077,"dmean2":0.000248124677455,"dvar":1.19348698036e-7,"dvar2":2.23657210086e-7,"max":0.0080479150638,"mean":0.000513352628332,"median":0.00031676251092,"min":2.68809937688e-14,"var":4.54625023849e-7},"spectral_energyband_low":{"dmean":0.00419288128614,"dmean2":0.00654508871958,"dvar":0.000079892372014,"dvar2":0.000197811517864,"max":0.14621604979,"mean":0.0074994424358,"median":0.00349509902298,"min":1.60099763244e-18,"var":0.000124919853988},"spectral_energyband_middle_high":{"dmean":0.00292594521306,"dmean2":0.00445671193302,"dvar":0.0000165547135111,"dvar2":0.0000393980444642,"max":0.0706371590495,"mean":0.00860909838229,"median":0.00665714824572,"min":1.11151554396e-16,"var":0.0000647479828331},"spectral_energyband_middle_low":{"dmean":0.00520930392668,"dmean2":0.00826621893793,"dvar":0.000099922537629,"dvar2":0.000262852379819,"max":0.147880926728,"mean":0.0114493798465,"median":0.00837079714984,"min":5.4036471006e-18,"var":0.000149886327563},"spectral_entropy":{"dmean":0.129399299622,"dmean2":0.194122239947,"dvar":0.017281755805,"dvar2":0.0361608937383,"max":9.79250907898,"mean":7.53246164322,"median":7.52460384369,"min":5.81311607361,"var":0.200956970453},"spectral_flux":{"dmean":0.0233104787767,"dmean2":0.0361534394324,"dvar":0.000872662174515,"dvar2":0.00181175861508,"max":0.33949008584,"mean":0.0783543139696,"median":0.0709475651383,"min":0.0000594571611146,"var":0.00240488606505},"spectral_kurtosis":{"dmean":1.33320915699,"dmean2":2.21491336823,"dvar":2.39826512337,"dvar2":6.53609275818,"max":61.4983100891,"mean":4.9377746582,"median":4.48296976089,"min":-1.21789836884,"var":9.74981880188},"spectral_rms":{"dmean":0.000790290650912,"dmean2":0.00115889741573,"dvar":9.43845293477e-7,"dvar2":0.00000208403798752,"max":0.0125644914806,"mean":0.00468555605039,"median":0.00485267629847,"min":6.00214589142e-9,"var":0.0000045724696065},"spectral_rolloff":{"dmean":350.635559082,"dmean2":585.478881836,"dvar":475886.5,"dvar2":1053276.625,"max":22006.9335938,"mean":2054.79321289,"median":1464.2578125,"min":86.1328125,"var":11445007},"spectral_skewness":{"dmean":0.176742121577,"dmean2":0.282951414585,"dvar":0.0280722137541,"dvar2":0.0688573420048,"max":5.85611104965,"mean":1.72592735291,"median":1.71143782139,"min":-0.00697902683169,"var":0.200204774737},"spectral_spread":{"dmean":459018.28125,"dmean2":667866.375,"dvar":341536505856,"dvar2":655396896768,"max":45919380,"mean":5198640,"median":4159476,"min":1093379.5,"var":30478750974000},"spectral_strongpeak":{"dmean":0.765224695206,"dmean2":1.31558191776,"dvar":1.38982379436,"dvar2":3.48490786552,"max":13.4228954315,"mean":1.33077418804,"median":0.548844337463,"min":0,"var":2.5673956871},"zerocrossingrate":{"dmean":0.00817397609353,"dmean2":0.00961981341243,"dvar":0.000137262642966,"dvar2":0.000171365521965,"max":0.90478515625,"mean":0.0827063322067,"median":0.05908203125,"min":0.00439453125,"var":0.016848159954}},"metadata":{"audio_properties":{"analysis_sample_rate":44100,"bit_rate":0,"codec":"flac","downmix":"mix","equal_loudness":0,"length":227.440002441,"lossless":true,"md5_encoded":"08c27a9372579124c652ac75b06e2783","replay_gain":-10.9269638062},"tags":{"acoustid_id":["ef794b43-6736-4d92-9387-9631619d378e"],"album":["Songs From the Wood"],"albumartist":["Jethro Tull"],"albumartistsort":["Jethro Tull"],"artist":["Jethro Tull"],"artists":["Jethro Tull"],"artistsort":["Jethro Tull"],"barcode":["094632113221"],"catalognumber":["CDP 32 1132 2"],"composer":["Ian Anderson"],"composersort":["Anderson, Ian"],"date":["2003-04-14"],"discnumber":["1"],"disctotal":["1"],"file_name":"05 Ring Out Solstice Bells.flac","genre":["Progressive Rock"],"grouping":["Classic Rock"],"label":["Chrysalis"],"language":["eng"],"lyricist":["Ian Anderson"],"media":["CD"],"mood":["Cynical; Trippy"],"musicbrainz_albumartistid":["ece57992-dc2e-4f67-a269-fa43626c1a3d"],"musicbrainz_albumid":["a24277aa-b61b-3934-9a2f-e04f66fe9e58"],"musicbrainz_artistid":["ece57992-dc2e-4f67-a269-fa43626c1a3d"],"musicbrainz_recordingid":["f75b9e5c-cec8-475c-95fa-3f83d057537a"],"musicbrainz_releasegroupid":["58986b39-0bf0-38b6-820a-c26fae194540"],"musicbrainz_releasetrackid":["5d76ba7d-6940-3ca7-a447-4a7e0d45a3eb"],"musicbrainz_workid":["2a54d9d5-bcd1-4904-b048-2482e9f8e355"],"originaldate":["1977-02-11"],"originalyear":["1986"],"releasecountry":["GB"],"releasestatus":["official"],"releasetype":["album"],"replaygain_album_gain":["-6.39 dB"],"replaygain_album_peak":["0.992279"],"replaygain_track_gain":["-6.51 dB"],"replaygain_track_peak":["0.991852"],"script":["Latn"],"title":["Ring Out Solstice Bells"],"totaldiscs":["1"],"totaltracks":["11"],"tracknumber":["5"],"tracktotal":["11"],"work":["Ring Out, Solstice Bells"]},"version":{"essentia":"2.1-beta1","essentia_build_sha":"ed039d7e5a6e3dec64cf0be7c36ef885fb432306","essentia_git_sha":"v2.1_beta1-7-ge0e83e8","extrac