{"lowlevel":{"average_loudness":0.895182490349,"barkbands":{"dmean":[0.00101502228063,0.00434275297448,0.00141229887959,0.000812758284155,0.0018267420819,0.001162683242,0.00110172980931,0.000803146569524,0.00144482776523,0.00217983708717,0.00116829306353,0.000984446029179,0.000769269245211,0.000559110136237,0.000293937075185,0.000128005733131,0.000105904466182,0.000113427784527,0.000117816809507,0.0000648625573376,0.000032760148315,0.0000125046235553,0.00000335327217726,0.00000198499674298,0.00000188407750557,0.00000614469036009,0.000302707398077],"dmean2":[0.00171928410418,0.00706340651959,0.00233442033641,0.0013914948795,0.00298330606893,0.00187024893239,0.00175760872662,0.00132952746935,0.00230586784892,0.00349457282573,0.00188620260451,0.00158656155691,0.00115459586959,0.000879787025042,0.000459591887193,0.00020970623882,0.000171536696143,0.000180795832421,0.000183267969987,0.0000999680414679,0.0000502332404722,0.0000191281906154,0.00000529459066456,0.00000327436487169,0.00000310390737468,0.0000092182044682,0.000439730007201],"dvar":[0.00000284404131889,0.0000872768141562,0.00000967747655523,0.00000239960695581,0.0000158029106387,0.00000962040940067,0.00000669250994179,0.00000334756100528,0.00000686771682012,0.0000208005512832,0.00000530419538336,0.0000030871447052,0.00000199661417355,0.00000188589501704,4.00125912847e-7,6.76321292303e-8,3.25020934611e-8,3.87082295106e-8,5.65863160773e-8,1.62679274496e-8,3.84043019608e-9,6.14756245909e-10,3.27527380217e-11,1.12719764078e-11,1.01812941758e-11,2.35366393042e-10,2.81662067891e-7],"dvar2":[0.00000718913179298,0.000214798434172,0.0000241018678935,0.00000636356935502,0.0000410076354456,0.0000224177729251,0.0000161833977472,0.000009000659702,0.0000167815542227,0.0000504258023284,0.0000134317169795,0.00000749821811041,0.00000406458957514,0.00000419601929025,8.44347823659e-7,1.76035143795e-7,8.09025451076e-8,9.47275893282e-8,1.16852199028e-7,3.34259624424e-8,8.4258191535e-9,1.21895760152e-9,7.67578153815e-11,2.80104377193e-11,2.52952138402e-11,5.18536880101e-10,5.03574767663e-7],"max":[0.0277227312326,0.132395535707,0.0483302511275,0.0348574146628,0.163305982947,0.0841892212629,0.0912781581283,0.059022448957,0.0686519220471,0.125534057617,0.0646715909243,0.0563538633287,0.0321842320263,0.0652271211147,0.0195534303784,0.00727213919163,0.00335538526997,0.0051897848025,0.00859174784273,0.00455239182338,0.00256097665988,0.00130352552515,0.000150306193973,0.0000596186691837,0.0000572564422328,0.000402336008847,0.019538089633],"mean":[0.00111281930003,0.00500442273915,0.00167237280402,0.00105977407657,0.00294699100778,0.00176349177491,0.00182493508328,0.00119318871293,0.00254342867993,0.00362360291183,0.00197607954033,0.00170659110881,0.00141678703949,0.00103010330349,0.000518212618772,0.000230936871958,0.00019790630904,0.000211651538848,0.000214422179852,0.000125682650832,0.0000721272081137,0.0000284763991658,0.00000532021385879,0.00000206777758649,0.0000019200758743,0.00000957134125201,0.000929052825086],"median":[0.000544121838175,0.00238689105026,0.000703682773747,0.000459680217318,0.00136568397284,0.000645699561574,0.00076391879702,0.000524266448338,0.00120235094801,0.00142365426291,0.000810806755908,0.000945535837673,0.000587544287555,0.000412881490774,0.000237849686528,0.000118101976113,0.000106204010081,0.000111886765808,0.000103959297121,0.0000663839018671,0.000038979404053,0.0000156025271281,0.00000302102466776,8.68922256814e-7,7.71805844124e-7,0.00000452831955045,0.000666118517984],"min":[9.25797987859e-25,2.00048010039e-23,6.04832475023e-24,1.0584284816e-24,8.0929612609e-23,5.50236792279e-23,1.18467864862e-23,1.13402123562e-23,5.66929467687e-23,4.27735087178e-23,4.66006673995e-23,7.30454337996e-23,7.47817229629e-23,1.10220415606e-22,1.42836242074e-22,1.09156248555e-22,8.55560798697e-23,2.37711659621e-22,2.64275698635e-22,2.12493581395e-22,3.76872403101e-22,4.37506145542e-22,4.36935186952e-22,8.76175917717e-22,1.2364638645e-21,1.45417543893e-21,2.85829130468e-21],"var":[0.00000283302506432,0.0000818751723273,0.0000102505982795,0.00000351598737325,0.0000280008207483,0.0000170087205333,0.0000117110303108,0.00000474205580758,0.0000151271433424,0.000046805042075,0.0000112536681627,0.0000058297778196,0.00000566628523302,0.00000485844793729,9.06053458039e-7,1.25563175857e-7,7.39699430596e-8,8.51146779723e-8,1.47581744159e-7,4.57299442758e-8,1.31204744847e-8,2.18541518215e-9,5.59766746844e-11,1.22028663216e-11,1.09267803139e-11,3.76874531582e-10,0.0000011113685332]},"barkbands_crest":{"dmean":2.64451432228,"dmean2":4.37163734436,"dvar":5.96622753143,"dvar2":15.1272954941,"max":25.5255584717,"mean":8.44901371002,"median":7.49415016174,"min":2.42765665054,"var":14.1108875275},"barkbands_flatness_db":{"dmean":0.0207886490971,"dmean2":0.0327115952969,"dvar":0.000326246314216,"dvar2":0.000797940883785,"max":0.299733608961,"mean":0.130153477192,"median":0.12661498785,"min":0.0418802425265,"var":0.00119704124518},"barkbands_kurtosis":{"dmean":2.15051078796,"dmean2":3.53669261932,"dvar":12.9750385284,"dvar2":36.8833312988,"max":108.538131714,"mean":3.74847722054,"median":2.85815143585,"min":-1.73335170746,"var":18.5730438232},"barkbands_skewness":{"dmean":0.437287926674,"dmean2":0.693883121014,"dvar":0.207471489906,"dvar2":0.516993641853,"max":10.1102380753,"mean":1.31893527508,"median":1.2925491333,"min":-3.09056425095,"var":0.659638285637},"barkbands_spread":{"dmean":6.75754308701,"dmean2":10.5313882828,"dvar":47.3751296997,"dvar2":111.198104858,"max":105.378349304,"mean":28.1184024811,"median":25.421245575,"min":1.57976150513,"var":178.905792236},"dissonance":{"dmean":0.0255537535995,"dmean2":0.0436141714454,"dvar":0.000657237542327,"dvar2":0.00179748842493,"max":0.500000059605,"mean":0.459956049919,"median":0.467858374119,"min":0.187728583813,"var":0.00100003019907},"dynamic_complexity":2.45927476883,"erbbands":{"dmean":[0.144662082195,0.923721253872,1.86779665947,1.96444773674,5.32977819443,6.02148103714,7.4273276329,10.1083526611,11.9737672806,22.340379715,18.2293758392,33.4409866333,37.6513175964,76.4755020142,44.6969108582,39.6886978149,34.936920166,31.026506424,18.063085556,8.57999038696,6.73158788681,5.20788478851,5.80091905594,6.70093107224,4.76538467407,3.01851344109,1.66584670544,1.12514221668,0.520701408386,0.183613076806,0.0848880782723,0.0467182993889,0.0311347581446,0.0211443901062,0.0133838271722,0.00779185444117,0.00971786491573,0.0293479301035,0.0321591049433,0.00690188864246],"dmean2":[0.239184886217,1.5192360878,3.06574106216,3.26221895218,8.910572052,10.0685749054,11.9310617447,16.3039798737,19.1568031311,36.5235595703,29.4532318115,52.9946212769,61.6875915527,122.11000824,71.4004821777,64.0300521851,51.875869751,48.5334129333,27.8692359924,13.4667196274,10.906416893,8.41421890259,9.26560115814,10.5608463287,7.33994293213,4.6526222229,2.55106449127,1.75519216061,0.796800017357,0.282239496708,0.134801343083,0.0765290185809,0.0514820702374,0.0348878763616,0.0220051594079,0.0127169145271,0.0145099693909,0.0415057390928,0.046134583652,0.0101465191692],"dvar":[0.0725931823254,5.32465791702,20.8222904205,13.2027053833,87.5515136719,295.338256836,621.786804199,591.439147949,864.39263916,2504.83544922,1441.37219238,4133.16992188,4017.2878418,27737.4472656,6375.31542969,4538.75732422,3855.19238281,5859.65380859,1418.47973633,327.814727783,167.691802979,73.341178894,96.833114624,161.596435547,103.607292175,34.6529312134,10.0257587433,5.54817438126,1.10043311119,0.0955164730549,0.0224266722798,0.00601722672582,0.00282407505438,0.00129750068299,0.000507594726514,0.000161216739798,0.000494321866427,0.0053593297489,0.00568357901648,0.000109395092295],"dvar2":[0.18567186594,13.063293457,50.2554321289,33.9620666504,227.650863647,795.631103516,1432.81652832,1432.87536621,2155.32397461,6324.84912109,3868.48413086,9853.98730469,10499.265625,68378.6875,16259.2001953,11058.0039062,7507.54394531,13255.5273438,2923.26147461,786.881652832,431.519744873,182.304489136,235.82043457,346.948577881,208.323013306,72.0875701904,21.1345767975,12.9285669327,2.26489281654,0.207633808255,0.0529895313084,0.0148667357862,0.00701636821032,0.003224035725,0.00126097747125,0.000399771379307,0.00106311391573,0.00947783514857,0.00957882683724,0.000208129131352],"max":[3.26072978973,34.2973480225,69.8734207153,78.6790237427,213.138839722,820.11529541,708.173095703,730.764282227,855.290283203,1255.41015625,1557.9708252,1477.30151367,1229.71057129,4434.53222656,1468.29138184,2896.00463867,1455.80126953,3496.50439453,1222.45507812,496.826019287,383.004058838,197.842803955,210.959579468,522.522888184,403.646728516,186.871017456,122.440567017,105.125701904,52.9144287109,9.69364833832,4.6965007782,1.30355763435,0.955518722534,0.647792041302,0.403182387352,0.223608344793,0.515769720078,2.65604567528,3.37193036079,0.351255714893],"mean":[0.161246225238,1.0279045105,2.18961167336,2.82881569862,7.89925765991,8.8181142807,10.4998140335,15.1851949692,19.9161739349,34.1530952454,31.3806877136,59.4686279297,65.3689804077,135.531356812,83.8840332031,72.23412323,68.7343063354,59.7395896912,35.6145706177,16.93957901,13.5026893616,10.4883623123,11.1593065262,12.5480098724,9.11538600922,5.89963912964,3.47933697701,2.48281240463,1.19286978245,0.39507201314,0.128898307681,0.0534340329468,0.0314695239067,0.0214110650122,0.0138214370236,0.00864920113236,0.016896603629,0.0738645866513,0.0840542390943,0.0257485751063],"median":[0.0711497962475,0.455747246742,0.911491215229,1.32826769352,3.33517932892,3.94776678085,3.38702869415,5.51258182526,9.52716827393,11.5881347656,17.3159637451,28.1821289062,36.5122375488,55.8974075317,43.5072479248,45.9339370728,32.5536651611,24.2309608459,18.0688858032,8.79144287109,7.24130439758,6.07048845291,6.02410697937,6.57475948334,4.32150363922,3.1588704586,1.89316630363,1.23836898804,0.63574552536,0.234658822417,0.073213249445,0.0256944224238,0.0124976197258,0.00847864337265,0.0056694378145,0.00403168331832,0.00903749652207,0.0431585013866,0.0515259206295,0.0209089778364],"min":[1.48759110725e-22,6.1695173091e-21,1.20420056925e-20,5.19200469815e-21,5.51712214102e-20,2.80619368447e-19,5.52844559737e-19,3.17738607297e-19,1.28426911607e-19,3.23364107547e-19,3.45514013948e-19,1.13405934653e-18,2.16476516387e-18,1.82409248295e-18,2.622785202e-18,2.96388036542e-18,3.40981798314e-18,4.98477896842e-18,5.86395201838e-18,4.55698142154e-18,7.33261202315e-18,5.58847357744e-18,8.08639855431e-18,1.8520097459e-17,1.18308044778e-17,1.07264257158e-17,1.80551260018e-17,9.86564502676e-18,1.39626846628e-17,1.44820730238e-17,1.25629991134e-17,1.72764347168e-17,1.56794037256e-17,1.52875550345e-17,7.50343309145e-18,5.13270615891e-18,2.8923859043e-18,1.26978334824e-18,3.73031521193e-19,4.17988289884e-20],"var":[0.0682482123375,4.82480287552,20.990447998,20.3985958099,173.896316528,419.471984863,1029.88427734,1048.07189941,1471.2869873,4018.41772461,2338.984375,9203.88671875,7425.41210938,65187.3164062,13941.1123047,7941.72363281,11736.6933594,14885.2197266,3611.31005859,714.670043945,378.398040771,168.835891724,221.050506592,395.652130127,289.791564941,96.3503799438,30.6519107819,18.5441875458,3.85243725777,0.276381671429,0.0343231521547,0.00707798777148,0.00299656856805,0.00138346815947,0.000549007439986,0.000181841183803,0.000926488952246,0.0165098477155,0.0199321657419,0.000487304874696]},"erbbands_crest":{"dmean":3.02192902565,"dmean2":4.91421413422,"dvar":7.70390605927,"dvar2":18.8066997528,"max":32.4590530396,"mean":10.9538373947,"median":9.43677330017,"min":2.69431424141,"var":30.0864315033},"erbbands_flatness_db":{"dmean":0.0230483040214,"dmean2":0.035427916795,"dvar":0.000394224392949,"dvar2":0.000878445513081,"max":0.412421286106,"mean":0.184943601489,"median":0.178717583418,"min":0.038764629513,"var":0.0023026606068},"erbbands_kurtosis":{"dmean":1.55485916138,"dmean2":2.4606294632,"dvar":6.8497633934,"dvar2":15.5223426819,"max":73.1154098511,"mean":2.23423242569,"median":1.11873245239,"min":-1.58476865292,"var":17.8931713104},"erbbands_skewness":{"dmean":0.403634905815,"dmean2":0.628508150578,"dvar":0.150542810559,"dvar2":0.349458098412,"max":4.68230724335,"mean":0.250199645758,"median":0.259298682213,"min":-6.73250436783,"var":0.592232942581},"erbbands_spread":{"dmean":4.58735990524,"dmean2":7.09458637238,"dvar":21.717508316,"dvar2":49.305355072,"max":83.4038619995,"mean":19.3531589508,"median":17.1784286499,"min":0.738345086575,"var":125.067390442},"gfcc":{"cov":[[2600.29956055,-227.679595947,-106.739654541,128.735671997,-37.2378921509,-166.086288452,-25.6899909973,49.8931388855,52.4864463806,9.46342372894,-56.205406189,48.4372406006,-9.96630191803],[-227.679595947,510.523986816,-4.92947387695,-172.243972778,70.7985992432,6.89671611786,-1.55959177017,-52.7072410583,32.2063331604,-12.1674528122,18.4673156738,-48.5273399353,17.9189586639],[-106.739654541,-4.92947387695,237.122756958,130.510772705,-46.8856086731,28.7849578857,-49.9241600037,48.3843231201,-28.7881240845,16.6686515808,4.436606884,-0.789941430092,-19.916179657],[128.735671997,-172.243972778,130.510772705,339.177825928,55.70470047,-132.618240356,101.305877686,2.83561515808,12.8257102966,12.2835988998,-26.4284191132,57.8894729614,-55.6738624573],[-37.2378921509,70.7985992432,-46.8856086731,55.70470047,190.890762329,1.48470163345,66.0700378418,-33.2639274597,23.5960502625,-15.05260849,-2.24879384041,-6.36754417419,4.86613559723],[-166.086288452,6.89671611786,28.7849578857,-132.618240356,1.48470163345,353.094543457,-84.8598098755,96.7712402344,-60.5669631958,-0.212182834744,55.6445198059,-45.0877685547,67.7812805176],[-25.6899909973,-1.55959177017,-49.9241600037,101.305877686,66.0700378418,-84.8598098755,267.04486084,-6.59912109375,32.6322631836,-8.12181091309,-11.2686891556,72.1768264771,-29.8219203949],[49.8931388855,-52.7072410583,48.3843231201,2.83561515808,-33.2639274597,96.7712402344,-6.59912109375,157.34046936,9.67985248566,-2.87360167503,21.2290344238,-14.9088525772,31.4166355133],[52.4864463806,32.2063331604,-28.7881240845,12.8257102966,23.5960502625,-60.5669631958,32.6322631836,9.67985248566,92.0837097168,31.8770141602,-8.74998855591,6.00026273727,-16.0519218445],[9.46342372894,-12.1674528122,16.6686515808,12.2835988998,-15.05260849,-0.212182834744,-8.12181091309,-2.87360167503,31.8770141602,72.7441177368,31.0125808716,4.46460342407,-13.6504383087],[-56.205406189,18.4673156738,4.436606884,-26.4284191132,-2.24879384041,55.6445198059,-11.2686891556,21.2290344238,-8.74998855591,31.0125808716,77.2143325806,21.6125297546,14.3679933548],[48.4372406006,-48.5273399353,-0.789941430092,57.8894729614,-6.36754417419,-45.0877685547,72.1768264771,-14.9088525772,6.00026273727,4.46460342407,21.6125297546,97.6673812866,7.19688510895],[-9.96630191803,17.9189586639,-19.916179657,-55.6738624573,4.86613559723,67.7812805176,-29.8219203949,31.4166355133,-16.0519218445,-13.6504383087,14.3679933548,7.19688510895,82.4830551147]],"icov":[[0.000487881887238,-0.000206003052881,0.000910870730877,-0.000514543324243,0.0000410638058383,0.000136558926897,0.000620810431428,-0.000844026217237,0.000522708753124,-0.000678994867485,0.000892830546945,-0.000775295600761,0.00030910447822],[-0.000206003052881,0.00552828423679,-0.00623904680833,0.00571416411549,-0.0024914087262,0.00156049325597,-0.00297429179773,0.00402467278764,-0.00488543882966,0.00424960907549,-0.00487250136212,0.00414136890322,-0.00237916270271],[0.000910870730877,-0.00623904680833,0.0166173744947,-0.0115805314854,0.00485860416666,-0.00296463887207,0.00628085387871,-0.00706300558522,0.0078616514802,-0.00667776865885,0.00658825878054,-0.00529290223494,0.00451094843447],[-0.000514543324243,0.00571416411549,-0.0115805314854,0.015852028504,-0.00887012388557,0.00521110463887,-0.00362733262591,-0.000615368597209,0.000543355068658,-0.00143760326318,0.000943170976825,-0.00228024087846,0.001666373224],[0.0000410638058383,-0.0024914087262,0.00485860416666,-0.00887012388557,0.0133294407278,-0.00440426170826,-0.00177800247911,0.00607664743438,-0.00687101297081,0.00703385798261,-0.00579353468493,0.00680433399975,-0.00414982670918],[0.000136558926897,0.00156049325597,-0.00296463887207,0.00521110463887,-0.00440426170826,0.00746405962855,-0.000109717031592,-0.00423132954165,0.00505970278755,-0.00322485389188,-0.000646095548291,0.000262732181,-0.00128224492073],[0.000620810431428,-0.00297429179773,0.00628085387871,-0.00362733262591,-0.00177800247911,-0.000109717031592,0.00942008849233,-0.00623212289065,0.00446931738406,-0.00400595366955,0.00641876459122,-0.00959543325007,0.00568993482739],[-0.000844026217237,0.00402467278764,-0.00706300558522,-0.000615368597209,0.00607664743438,-0.00423132954165,-0.00623212289065,0.0200017075986,-0.0160330869257,0.0143121145666,-0.0140247642994,0.0129462294281,-0.00928824581206],[0.000522708753124,-0.00488543882966,0.0078616514802,0.000543355068658,-0.00687101297081,0.00505970278755,0.00446931738406,-0.0160330869257,0.0317789651453,-0.0235339496285,0.0175199452788,-0.0121251903474,0.00765550555661],[-0.000678994867485,0.00424960907549,-0.00667776865885,-0.00143760326318,0.00703385798261,-0.00322485389188,-0.00400595366955,0.0143121145666,-0.0235339496285,0.036964468658,-0.0239991042763,0.0126964850351,-0.00364238512702],[0.000892830546945,-0.00487250136212,0.00658825878054,0.000943170976825,-0.00579353468493,-0.000646095548291,0.00641876459122,-0.0140247642994,0.0175199452788,-0.0239991042763,0.0355450250208,-0.0192801319063,0.00685745803639],[-0.000775295600761,0.00414136890322,-0.00529290223494,-0.00228024087846,0.00680433399975,0.000262732181,-0.00959543325007,0.0129462294281,-0.0121251903474,0.0126964850351,-0.0192801319063,0.0289559811354,-0.0122545957565],[0.00030910447822,-0.00237916270271,0.00451094843447,0.001666373224,-0.00414982670918,-0.00128224492073,0.00568993482739,-0.00928824581206,0.00765550555661,-0.00364238512702,0.00685745803639,-0.0122545957565,0.0225471220911]],"mean":[7.16680955887,106.058265686,-107.968757629,-24.9728603363,-7.88596868515,-25.0982074738,18.6235408783,-20.4781284332,-6.41431713104,-9.27885055542,-4.04456377029,-4.19924259186,-6.67401838303]},"hfc":{"dmean":27.4215373993,"dmean2":41.5321273804,"dvar":1547.83520508,"dvar2":3871.28857422,"max":1190.22912598,"mean":115.347816467,"median":98.7261352539,"min":1.23678959928e-16,"var":6809.47998047},"melbands":{"dmean":[0.00123386329506,0.00106786598917,0.000403459416702,0.000426472659456,0.000250512181083,0.000229223704082,0.000188616177184,0.000224506264203,0.000168929458596,0.000207826087717,0.000196427587071,0.000328711263137,0.000163263452123,0.000120775664982,0.000093166687293,0.0000610447241343,0.0000636312106508,0.0000309021852445,0.0000176390785782,0.00000932386683417,0.00000838298728922,0.00000571150758333,0.00000611406630924,0.00000558911187909,0.00000589736509937,0.00000427804297942,0.00000291661740448,0.00000197374606614,0.00000123625318338,8.73865815265e-7,6.12633755281e-7,3.64968911981e-7,1.64235004263e-7,8.68445226843e-8,5.31218233846e-8,3.55606744051e-8,2.61412207436e-8,2.21441478487e-8,1.94391240882e-8,1.72770402429e-8],"dmean2":[0.00201478600502,0.00173243775498,0.000675028073601,0.000703874509782,0.000403793907026,0.000368307461031,0.00029952818295,0.00036858182284,0.000271018070634,0.000331384537276,0.000320351362461,0.000523892173078,0.000263176101726,0.000194318869035,0.000142184449942,0.000093315175036,0.000100187746284,0.0000479453628941,0.0000278316874756,0.0000150503756231,0.0000136792905323,0.00000928425379243,0.00000987162729871,0.00000902847386897,0.00000940245354286,0.00000672792930345,0.00000452433096143,0.00000313274972541,0.00000194161975742,0.00000137986376103,9.65277081377e-7,5.64897050026e-7,2.5802526693e-7,1.35719361083e-7,8.49630836797e-8,5.79750647489e-8,4.3097628577e-8,3.66408201558e-8,3.21166453432e-8,2.84968795228e-8],"dvar":[0.0000055999844335,0.00000728690929463,4.49049935014e-7,0.00000100665261016,5.43979183476e-7,2.89659652708e-7,2.04335435683e-7,2.50792965062e-7,1.10889544658e-7,1.50672320842e-7,1.06942756872e-7,5.39582345027e-7,9.65344852943e-8,4.75140389256e-8,2.45227447238e-8,1.22919594503e-8,2.73651412641e-8,4.22956292212e-9,1.50555379275e-9,4.14772660662e-10,2.90847984585e-10,8.92572335487e-11,1.27690122365e-10,1.05441440301e-10,1.27431828978e-10,9.20526779802e-11,3.9199914148e-11,1.5043846377e-11,6.06776564757e-12,3.06618749488e-12,1.68612281255e-12,5.9114751939e-13,9.3987717728e-14,2.17928939597e-14,9.24575001927e-15,4.07168441284e-15,1.93228332301e-15,1.43092441565e-15,1.1044392719e-15,8.64031839715e-16],"dvar2":[0.0000139499925353,0.0000173588468897,0.00000120086781408,0.00000269686438514,0.00000124929010781,6.94603784268e-7,5.02157945448e-7,6.40363225557e-7,2.88783894575e-7,3.65429627891e-7,2.76312135838e-7,0.00000132382785978,2.45638261731e-7,1.16828445584e-7,5.12900584226e-8,2.77708895879e-8,6.12470856254e-8,8.89850326757e-9,3.42278028143e-9,1.05577480092e-9,7.45517036993e-10,2.21928600497e-10,3.2663366456e-10,2.62820321062e-10,2.78129685949e-10,1.98879482327e-10,8.1164047705e-11,3.45558998083e-11,1.36820017121e-11,7.21237826407e-12,3.82406346172e-12,1.26843804557e-12,2.13013797139e-13,5.03794495542e-14,2.18757134531e-14,1.01098184932e-14,4.79569387131e-15,3.55696832529e-15,2.74479946591e-15,2.14689987251e-15],"max":[0.0335357822478,0.0399410389364,0.0125098787248,0.0446797497571,0.0194486305118,0.0158300194889,0.015227785334,0.0128732789308,0.0116265555844,0.00833612494171,0.00601099710912,0.0198789257556,0.00714886793867,0.00528829963878,0.00488072726876,0.00267010019161,0.00803239922971,0.00184956379235,0.00125809712335,0.00064870051574,0.000545554154087,0.000194907610421,0.000265082431724,0.000247136485996,0.000486370641738,0.000433695560787,0.000193019222934,0.000120430639072,0.0000879321087268,0.0000827440671856,0.0000724685014575,0.0000431806474808,0.0000112092948257,0.00000375620447812,0.00000255709323937,0.00000193065352505,7.76016179316e-7,6.80363257288e-7,5.97908297095e-7,5.28457860582e-7],"mean":[0.00145003560465,0.00126888137311,0.000630086346064,0.000645740481559,0.000368643086404,0.000350342539605,0.000323229876813,0.000343709252775,0.000287239294266,0.000366426218534,0.000326679146383,0.000565338181332,0.000285827176413,0.000212506434764,0.000171856430825,0.000114357804705,0.000115456547064,0.0000575584199396,0.0000310117757181,0.0000167761190824,0.0000156757359946,0.0000106485513243,0.0000104886503323,0.0000100927618405,0.0000103300908449,0.0000074100389611,0.00000532624653715,0.0000035543280319,0.00000228597923524,0.00000177300364612,0.00000128274530198,7.62166393997e-7,3.47781735854e-7,1.61198315141e-7,7.66514887118e-8,4.36286882177e-8,2.73848357324e-8,2.20712372823e-8,1.94878833071e-8,1.747713263e-8],"median":[0.000710337073542,0.000567698152736,0.000313132535666,0.000294542755,0.000129938154714,0.000133284396725,0.000154411085532,0.000123331992654,0.000154802168254,0.000170619008713,0.000172501779161,0.000212532060686,0.000135228619911,0.000116418072139,0.0000894070253707,0.0000552609053557,0.0000407844527217,0.0000281579614239,0.0000141835271279,0.00000841976907395,0.00000776305296313,0.0000059287476688,0.00000507892855239,0.00000506846208737,0.00000533865750185,0.00000319626542478,0.0000026473185244,0.00000186160411886,0.00000119103629004,9.17412535273e-7,6.26530322734e-7,3.94162242401e-7,1.93425975681e-7,9.265463774e-8,4.17292440602e-8,2.22906137992e-8,1.16453540144e-8,8.58075210886e-9,7.6084347711e-9,6.92955648418e-9],"min":[3.31072536805e-24,8.08436883015e-24,1.50826793255e-24,1.56348239779e-23,1.67085204679e-23,8.18637564494e-24,1.8856136301e-24,3.03716793043e-24,2.78294290979e-24,7.92110775492e-24,1.10184383595e-23,6.67605568796e-24,7.13788168315e-24,8.95422050678e-24,6.8036010857e-24,7.01511047161e-24,1.04612966677e-23,9.20785269845e-24,8.52392528198e-24,4.46696944646e-24,7.92992012009e-24,5.87757107413e-24,4.9257070512e-24,9.79860223137e-24,1.60310277898e-23,7.9311791421e-24,8.10583373538e-24,6.23967124583e-24,8.35167671446e-24,9.99040744959e-24,4.69275327044e-24,5.89251643841e-24,8.60516060028e-24,8.16482633159e-24,6.74773632297e-24,8.95630309957e-24,9.15142074473e-24,1.0145954254e-23,1.16208322683e-23,1.3600171843e-23],"var":[0.0000053551630117,0.00000718849651093,7.91229069819e-7,0.00000159249918852,9.69459279077e-7,5.26156838987e-7,3.64606989933e-7,3.98269406787e-7,1.93899609258e-7,3.33960997523e-7,1.97022700377e-7,0.00000125546114305,2.01526574983e-7,9.03970303057e-8,6.30869720908e-8,3.03273282043e-8,6.98806772448e-8,1.01457242607e-8,2.94447888294e-9,7.44162953481e-10,6.29268193109e-10,1.96844582301e-10,2.65126087751e-10,2.20359050451e-10,2.90002383219e-10,2.16418619137e-10,1.02485096798e-10,3.46586440103e-11,1.46346008228e-11,9.24881872477e-12,5.46560496514e-12,1.85170780619e-12,2.55271877855e-13,4.83714664731e-14,1.33892556263e-14,4.9029760998e-15,2.13245097273e-15,1.51298507346e-15,1.1715396338e-15,9.22380868956e-16]},"melbands_crest":{"dmean":3.72000288963,"dmean2":6.13482475281,"dvar":11.1042747498,"dvar2":28.6716823578,"max":37.6691055298,"mean":11.8547554016,"median":10.7343406677,"min":2.01817917824,"var":24.40832901},"melbands_flatness_db":{"dmean":0.0275379214436,"dmean2":0.04336123541,"dvar":0.000535212864634,"dvar2":0.00131285027601,"max":0.40747359395,"mean":0.232468917966,"median":0.230765461922,"min":0.00731004029512,"var":0.00171889073681},"melbands_kurtosis":{"dmean":2.58394026756,"dmean2":4.24804067612,"dvar":31.7979183197,"dvar2":84.5796203613,"max":160.233428955,"mean":2.75579190254,"median":1.04231977463,"min":-1.8864825964,"var":41.999294281},"melbands_skewness":{"dmean":0.582184195518,"dmean2":0.905099153519,"dvar":0.377249360085,"dvar2":0.892475545406,"max":11.3112077713,"mean":1.05083346367,"median":0.94732683897,"min":-3.67437577248,"var":1.37565171719},"melbands_spread":{"dmean":5.51738834381,"dmean2":8.76808643341,"dvar":28.4849834442,"dvar2":65.6411819458,"max":132.555374146,"mean":23.6246204376,"median":22.7403087616,"min":1.79753577709,"var":90.2821960449},"mfcc":{"cov":[[2328.17626953,-227.464538574,-159.899017334,188.786407471,-81.1559677124,-72.698059082,-142.780456543,18.9421443939,22.6101818085,6.58303451538,-18.7527122498,-17.93217659,20.0504741669],[-227.464538574,584.090087891,-82.0948104858,-179.356643677,32.7249450684,13.4704971313,-14.7883625031,-46.8307533264,-2.28221702576,12.719373703,3.13919663429,-18.9183597565,-11.7578287125],[-159.899017334,-82.0948104858,325.294372559,-38.6592712402,56.4827880859,-43.5273323059,23.383190155,-5.72207021713,-24.0627250671,7.95014667511,3.14955663681,17.5387535095,1.67871963978],[188.786407471,-179.356643677,-38.6592712402,595.068969727,-134.283599854,15.0865697861,-49.2689361572,39.2876853943,11.0669765472,-25.7277011871,31.5509338379,-12.0314741135,42.161315918],[-81.1559677124,32.7249450684,56.4827880859,-134.283599854,232.654296875,10.6050481796,24.6832008362,-25.6927337646,-1.24803984165,30.0388031006,-18.37758255,2.44877099991,-22.6763267517],[-72.698059082,13.4704971313,-43.5273323059,15.0865697861,10.6050481796,127.783157349,38.95885849,8.2347536087,-8.51624488831,-5.64037275314,4.75324058533,-3.73957777023,2.70151042938],[-142.780456543,-14.7883625031,23.383190155,-49.2689361572,24.6832008362,38.95885849,149.001174927,62.3934669495,14.8952140808,-2.33831167221,-5.35873365402,25.1600589752,-4.45096302032],[18.9421443939,-46.8307533264,-5.72207021713,39.2876853943,-25.6927337646,8.2347536087,62.3934669495,116.611846924,40.8056793213,1.21481657028,-2.00777578354,8.83457756042,6.66531085968],[22.6101818085,-2.28221702576,-24.0627250671,11.0669765472,-1.24803984165,-8.51624488831,14.8952140808,40.8056793213,86.8255310059,26.8789863586,-3.02631378174,-1.51257753372,-7.21144151688],[6.58303451538,12.719373703,7.95014667511,-25.7277011871,30.0388031006,-5.64037275314,-2.33831167221,1.21481657028,26.8789863586,73.0205078125,28.6708869934,-0.743175685406,-7.8639330864],[-18.7527122498,3.13919663429,3.14955663681,31.5509338379,-18.37758255,4.75324058533,-5.35873365402,-2.00777578354,-3.02631378174,28.6708869934,69.7219772339,24.7739181519,7.5983877182],[-17.93217659,-18.9183597565,17.5387535095,-12.0314741135,2.44877099991,-3.73957777023,25.1600589752,8.83457756042,-1.51257753372,-0.743175685406,24.7739181519,66.8558349609,25.0994110107],[20.0504741669,-11.7578287125,1.67871963978,42.161315918,-22.6763267517,2.70151042938,-4.45096302032,6.66531085968,-7.21144151688,-7.8639330864,7.5983877182,25.0994110107,55.3982963562]],"icov":[[0.000519684865139,0.00021337265207,0.000308199902065,-0.000053966356063,0.00000988321335171,0.00021827693854,0.000533319020178,-0.000283098372165,0.000120470889669,-0.000287747592665,0.000344229541952,-0.000153991015395,-0.0000433699715359],[0.00021337265207,0.00218398333527,0.000693232170306,0.000701561046299,-0.000100691016996,0.0000398846859753,0.00010707131878,0.000612144067418,-0.000314411998261,0.000168079932337,-0.000770726299379,0.0010306868935,-0.00065517105395],[0.000308199902065,0.000693232170306,0.0039974655956,0.0000458206850453,-0.00091737578623,0.0018495026743,-0.000744110730011,-0.00000592382730247,0.00147358153481,-0.000590394774918,-0.000192638573935,-0.0000648550631013,-0.000481376424432],[-0.000053966356063,0.000701561046299,0.0000458206850453,0.00251667574048,0.000671426241752,-0.000476195535157,0.000796339125372,-0.00061072682729,-0.000767779536545,0.00136819342151,-0.00195490941405,0.0017276116414,-0.0017330966657],[0.00000988321335171,-0.000100691016996,-0.00091737578623,0.000671426241752,0.00612444290891,-0.00116611993872,-0.000527199241333,0.00139290012885,0.000421621836722,-0.00362733239308,0.00343307852745,-0.00191098754294,0.00178062205669],[0.00021827693854,0.0000398846859753,0.0018495026743,-0.000476195535157,-0.00116611993872,0.0101702800021,-0.00371607788838,0.00058953644475,0.00138066115323,0.000962238176726,-0.00228556944057,0.0030113204848,-0.00184149271809],[0.000533319020178,0.00010707131878,-0.000744110730011,0.000796339125372,-0.000527199241333,-0.00371607788838,0.0126370619982,-0.00687223626301,0.000539911794476,-0.0000992690183921,0.00241136737168,-0.00566243287176,0.00334470509551],[-0.000283098372165,0.000612144067418,-0.00000592382730247,-0.00061072682729,0.00139290012885,0.00058953644475,-0.00687223626301,0.0151901682839,-0.00620381440967,0.000948655244429,-0.000528545235284,0.00152989965864,-0.00243457080796],[0.000120470889669,-0.000314411998261,0.00147358153481,-0.000767779536545,0.000421621836722,0.00138066115323,0.000539911794476,-0.00620381440967,0.0180231090635,-0.00871646869928,0.00518219266087,-0.0026016025804,0.00290114083327],[-0.000287747592665,0.000168079932337,-0.000590394774918,0.00136819342151,-0.00362733239308,0.000962238176726,-0.0000992690183921,0.000948655244429,-0.00871646869928,0.024535857141,-0.0142422271892,0.00621865270659,-0.00105316448025],[0.000344229541952,-0.000770726299379,-0.000192638573935,-0.00195490941405,0.00343307852745,-0.00228556944057,0.00241136737168,-0.000528545235284,0.00518219266087,-0.0142422271892,0.0268594287336,-0.0129437185824,0.00381281296723],[-0.000153991015395,0.0010306868935,-0.0000648550631013,0.0017276116414,-0.00191098754294,0.0030113204848,-0.00566243287176,0.00152989965864,-0.0026016025804,0.00621865270659,-0.0129437185824,0.0272530708462,-0.0126346116886],[-0.0000433699715359,-0.00065517105395,-0.000481376424432,-0.0017330966657,0.00178062205669,-0.00184149271809,0.00334470509551,-0.00243457080796,0.00290114083327,-0.00105316448025,0.00381281296723,-0.0126346116886,0.0260712075979]],"mean":[-659.860229492,181.444671631,-40.885181427,22.943819046,-18.1012268066,13.0370807648,11.850438118,5.92388010025,2.50693774223,-0.209888502955,4.91764354706,-1.89725148678,-0.276411890984]},"pitch_salience":{"dmean":0.0681439265609,"dmean2":0.112040244043,"dvar":0.00358891743235,"dvar2":0.00953683629632,"max":0.817929327488,"mean":0.589014530182,"median":0.603534579277,"min":0.0704043805599,"var":0.00987503305078},"silence_rate_20dB":{"dmean":0,"dmean2":0,"dvar":0,"dvar2":0,"max":1,"mean":1,"median":1,"min":1,"var":0},"silence_rate_30dB":{"dmean":0.0119650252163,"dmean2":0.0239322539419,"dvar":0.0118227489293,"dvar2":0.0312790982425,"max":1,"mean":0.9912571311,"median":1,"min":0,"var":0.0086663113907},"silence_rate_60dB":{"dmean":0.00202485034242,"dmean2":0.00405007367954,"dvar":0.00202051433735,"dvar2":0.00513816252351,"max":1,"mean":0.00588993169367,"median":0,"min":0,"var":0.0058548822999},"spectral_centroid":{"dmean":183.369857788,"dmean2":282.37210083,"dvar":50074.8828125,"dvar2":100882.5,"max":11521.3388672,"mean":1148.49597168,"median":1079.18847656,"min":296.853942871,"var":162861.21875},"spectral_complexity":{"dmean":3.35591340065,"dmean2":5.22293806076,"dvar":10.5398006439,"dvar2":21.4063606262,"max":54,"mean":20.7543716431,"median":20,"min":0,"var":62.400302887},"spectral_contrast_coeffs":{"dmean":[0.0547391697764,0.0486356876791,0.0409079343081,0.0311386901885,0.0198062676936,0.0462321192026],"dmean2":[0.0914873033762,0.081056445837,0.0673212632537,0.0508061610162,0.0328368544579,0.0736008957028],"dvar":[0.00183167122304,0.00141019537114,0.00103044393472,0.000596496334765,0.000250913115451,0.00154084956739],"dvar2":[0.00517548900098,0.0039253141731,0.0027884519659,0.00154845206998,0.000674160895869,0.00381268630736],"max":[-0.328888833523,-0.476416647434,-0.510329067707,-0.574784517288,-0.665398836136,-0.441252112389],"mean":[-0.681720674038,-0.761394381523,-0.756044685841,-0.773447036743,-0.810221910477,-0.728440880775],"median":[-0.687714517117,-0.765453636646,-0.761531352997,-0.780505895615,-0.811627268791,-0.731076180935],"min":[-0.982611238956,-0.963322341442,-0.967053890228,-0.97736042738,-0.97701048851,-0.96274626255],"var":[0.00561833567917,0.00337912142277,0.00343751301989,0.00263381702825,0.000781591807026,0.00544818211347]},"spectral_contrast_valleys":{"dmean":[0.420508265495,0.341358602047,0.294702380896,0.257041066885,0.262721031904,0.668330132961],"dmean2":[0.681263685226,0.558864593506,0.469631671906,0.400591790676,0.380950301886,1.07498252392],"dvar":[0.154722064734,0.110845550895,0.0928843989968,0.0822211131454,0.0983462110162,0.331612229347],"dvar2":[0.318030625582,0.214669361711,0.159813985229,0.129493504763,0.149375960231,0.810756027699],"max":[-5.03191137314,-4.43978881836,-4.72245597839,-5.66089868546,-5.73903465271,-9.00218486786],"mean":[-7.01503896713,-6.33656358719,-6.40555667877,-7.25485754013,-7.51743984222,-11.2976064682],"median":[-6.96921062469,-6.32814264297,-6.36081790924,-7.19606494904,-7.46002101898,-11.2630710602],"min":[-27.4153423309,-27.4065761566,-27.2000751495,-27.270822525,-27.3773193359,-27.1661968231],"var":[0.432277321815,0.447841405869,0.418435782194,0.414200365543,0.500009357929,0.696229994297]},"spectral_decrease":{"dmean":2.57709720231e-9,"dmean2":3.90878884815e-9,"dvar":1.22266873287e-17,"dvar2":2.8151497344e-17,"max":6.1855622846e-9,"mean":-6.51259357554e-9,"median":-5.15404074974e-9,"min":-4.47382397795e-8,"var":2.60150023184e-17},"spectral_energy":{"dmean":0.010599469766,"dmean2":0.0157323088497,"dvar":0.000191528408322,"dvar2":0.00042625804781,"max":0.234095484018,"mean":0.0350424088538,"median":0.0297140218318,"min":1.11450947236e-20,"var":0.000559178472031},"spectral_energyband_high":{"dmean":0.000290708383545,"dmean2":0.000418223935412,"dvar":3.11553378651e-7,"dvar2":5.28505836428e-7,"max":0.0203961767256,"mean":0.00084191566566,"median":0.000551316770725,"min":8.12609632192e-21,"var":0.00000127228418023},"spectral_energyband_low":{"dmean":0.00594593305141,"dmean2":0.00947049167007,"dvar":0.000141881173477,"dvar2":0.000335747696226,"max":0.158615991473,"mean":0.00796863622963,"median":0.00441156700253,"min":4.31227658395e-23,"var":0.00015112030087},"spectral_energyband_middle_high":{"dmean":0.00373692740686,"dmean2":0.00570844253525,"dvar":0.0000289158451778,"dvar2":0.000069020439696,"max":0.132248461246,"mean":0.0108506903052,"median":0.00826942361891,"min":1.56614279648e-21,"var":0.0000993733847281},"spectral_energyband_middle_low":{"dmean":0.00443001510575,"dmean2":0.00697077764198,"dvar":0.0000441037664132,"dvar2":0.000109999404231,"max":0.16757786274,"mean":0.0119416983798,"median":0.00798508524895,"min":2.8910575827e-22,"var":0.000151394720888},"spectral_entropy":{"dmean":0.149811804295,"dmean2":0.226146012545,"dvar":0.0198611672968,"dvar2":0.0429657846689,"max":9.81236171722,"mean":7.38334798813,"median":7.42646694183,"min":5.92265939713,"var":0.093178704381},"spectral_flux":{"dmean":0.0223274193704,"dmean2":0.0351473167539,"dvar":0.00059213017812,"dvar2":0.00136028614361,"max":0.352282226086,"mean":0.101513251662,"median":0.0935551375151,"min":1.05746474077e-10,"var":0.00191054632887},"spectral_kurtosis":{"dmean":5.10918712616,"dmean2":7.98097085953,"dvar":34.9191474915,"dvar2":85.3557815552,"max":89.8541488647,"mean":24.5194988251,"median":21.3849105835,"min":-1.2862932682,"var":107.152687073},"spectral_rms":{"dmean":0.000829881348182,"dmean2":0.0012020310387,"dvar":7.55404585107e-7,"dvar2":0.00000153593589403,"max":0.0151124401018,"mean":0.00553246447816,"median":0.00538417045027,"min":3.29746321394e-12,"var":0.00000357953808816},"spectral_rolloff":{"dmean":5212.79199219,"dmean2":9880.11328125,"dvar":55274172,"dvar2":127521248,"max":22050,"mean":8839.23925781,"median":2777.78320312,"min":21.533203125,"var":78385808},"spectral_skewness":{"dmean":0.357393503189,"dmean2":0.542232096195,"dvar":0.144457295537,"dvar2":0.329201281071,"max":7.1107583046,"mean":3.36966753006,"median":3.18036293983,"min":-0.0296952594072,"var":0.683604598045},"spectral_spread":{"dmean":371533.1875,"dmean2":579279.8125,"dvar":276188299264,"dvar2":379134738432,"max":48441864,"mean":3449063.5,"median":3464752.5,"min":1466995.125,"var":739431022592},"spectral_strongpeak":{"dmean":1.83029997349,"dmean2":3.28081536293,"dvar":65.0681762695,"dvar2":181.049560547,"max":176.72883606,"mean":2.08512401581,"median":0.74845790863,"min":0,"var":53.8467597961},"zerocrossingrate":{"dmean":0.0281930398196,"dmean2":0.0360357314348,"dvar":0.000592039374169,"dvar2":0.000943253166042,"max":0.60546875,"mean":0.231707960367,"median":0.22900390625,"min":0.05810546875,"var":0.00319995870814}},"metadata":{"audio_properties":{"analysis_sample_rate":44100,"bit_rate":192000,"codec":"mp3","downmix":"mix","equal_loudness":0,"length":252.26449585,"lossless":false,"md5_encoded":"d21d9fc40f3367d8362e4132ec7ca254","replay_gain":-3.87920379639},"tags":{"album":["Agents of Fortune"],"albumartist":["Blue Öyster Cult"],"albumartistsort":["Blue Öyster Cult"],"artist":["Blue Öyster Cult"],"artistsort":["Blue Öyster Cult"],"asin":["B00000256X"],"barcode":["5099746801922"],"catalognumber":["COL 468019 2"],"date":["1995"],"discnumber":["1/1"],"file_name":"08 Morning Final.mp3","genre":["Rock"],"label":["Columbia Records"],"language":["eng"],"media":["CD"],"mp3gain_album_minmax":["096,210"],"mp3gain_minmax":["133,182"],"musicbrainz album release country":["GB"],"musicbrainz album status":["official"],"musicbrainz album type":["album"],"musicbrainz_albumartistid":["c7423e0c-ab3e-4ab4-be10-cdff5a9d3062"],"musicbrainz_albumid":["4e498ca7-a8f3-342a-b782-8194eefb6da1"],"musicbrainz_artistid":["c7423e0c-ab3e-4ab4-be10-cdff5a9d3062"],"musicbrainz_recordingid":["f771348e-bb7e-4482-aa42-3124b7af9cff"],"originaldate":["1976"],"replaygain_album_gain":["-3.11 dB"],"replaygain_album_peak":["0.865404"],"replaygain_track_gain":["-3.31 dB"],"replaygain_track_peak":["0.793941"],"script":["Latn"],"title":["Morning Final"],"tracknumber":["8/10"]},"version":{"essentia":"2.1-beta1","essentia_build_sha":"bda5e90839f2e183d44a111976edb2fa785c9dca","essentia_git_sha":"v2.1_beta1-13-g0c62dac-dirty","extractor":"music 1.0"}},"rhythm":{"beats_count":423,"beats_loudness":{"dmean":0.0218699872494,"dmean2":0.0375296249986,"dvar":0.000396449089749,"dvar2":0.00118898868095,"max":0.172849968076,"mean":0.05000320822,"median":0.0465580485761,"min":0.00392207829282,"var":0.00068371987436},"beats_loudness_band_ratio":{"dmean":[0.187630802393,0.0767244622111,0.106547266245,0.137170806527,0.0259933248162,0.056499671191],"dmean2":[0.314237117767,0.132328569889,0.18167