{"lowlevel":{"average_loudness":0.96534794569,"barkbands":{"dmean":[0.0000197536755877,0.00180761585943,0.00224051554687,0.00149553490337,0.00609850278124,0.00124175893143,0.000734109373298,0.000396283809096,0.00054316787282,0.00014126811584,0.000127321851323,0.000186667704838,0.000166760684806,0.000171355772181,0.000263589201495,0.000317717989674,0.000342279148754,0.000281329615973,0.000250827753916,0.000138832867378,0.0000929698435357,0.0000766405355535,0.0000573495199205,0.0000548305833945,0.0000310492578137,0.0000170548155438,0.00000198054999601],"dmean2":[0.0000338785612257,0.00301037332974,0.00390566862188,0.00255769700743,0.00980210024863,0.00199795444496,0.00113418593537,0.000649733061437,0.000869669194799,0.000240289533394,0.000212082333746,0.000305861089146,0.000272955279797,0.000284524459857,0.000425099016866,0.000532811041921,0.000573146506213,0.000449090177426,0.000424669793574,0.000231018391787,0.000144324018038,0.000110158944153,0.0000800735724624,0.0000749125538277,0.0000400767421525,0.0000222092785407,0.00000268852181762],"dvar":[1.09337661147e-9,0.00000950312096393,0.0000149334418893,0.00000489833564643,0.000178329428309,0.00000310963559969,0.0000021296932573,0.00000105110405002,0.00000332887884724,6.17570066197e-8,9.65020561239e-8,1.66148410585e-7,1.48815132661e-7,9.11096549316e-8,2.55352574641e-7,1.90336947981e-7,1.68131734313e-7,2.12464613014e-7,7.43746539911e-8,2.68970055117e-8,1.08815321198e-8,1.33830697635e-8,7.76164466032e-9,6.58371313023e-9,2.63691357638e-9,7.88535459151e-10,1.18491457965e-11],"dvar2":[3.0997777678e-9,0.0000254245114775,0.000041704846808,0.0000130761991386,0.000427823484642,0.00000731408317733,0.00000494731330036,0.00000279189362118,0.00000853480014484,1.62382804092e-7,2.35813217841e-7,4.01374393277e-7,3.94801645598e-7,2.38129160834e-7,5.9727756252e-7,4.69854654739e-7,4.14293140238e-7,4.79337188608e-7,2.03224431061e-7,7.00034874512e-8,2.51624232561e-8,2.83891203878e-8,1.54265471508e-8,1.1707149028e-8,4.60384708134e-9,1.53627754962e-9,2.32163108183e-11],"max":[0.000486474455101,0.0614564716816,0.0494773536921,0.036340277642,0.111299678683,0.0267121195793,0.0344558544457,0.0346407592297,0.0428996048868,0.00491306278855,0.00683509418741,0.00764596648514,0.0151343178004,0.00582512933761,0.0111492210999,0.00919964443892,0.00758214341477,0.0106966337189,0.00414299452677,0.00347630376928,0.00169132172596,0.00148713844828,0.00233240309171,0.00199184939265,0.001693719998,0.00063805951504,0.000112877169158],"mean":[0.000039466060116,0.0024434060324,0.00267760665156,0.00192102382425,0.00638416130096,0.00201842840761,0.00125532259699,0.000535323924851,0.000862357090227,0.000208395416848,0.000184890188393,0.000300266576232,0.000292893877486,0.000296982063446,0.000453820714029,0.000692525238264,0.000786841439549,0.00065858947346,0.000655560055748,0.000378914672183,0.000285852700472,0.000175514389412,0.000139873402077,0.00014155334793,0.0000741450858186,0.0000390385866922,0.00000409495805798],"median":[0.0000294387391477,0.00105802575126,0.00124975759536,0.001117706066,0.00223584193736,0.00111507403199,0.000484017073177,0.000209048506804,0.000219970417675,0.000123147823615,0.0000975802613539,0.000131666602101,0.000148008402903,0.000201710616238,0.00025649467716,0.000554768485017,0.000656599062495,0.000436053436715,0.000584333320148,0.000312619144097,0.000244118651608,0.00011567324691,0.0000927754881559,0.0000948491506279,0.0000479542795802,0.0000202816081583,0.00000130665557663],"min":[1.09916279356e-24,3.00556734586e-24,1.16806328552e-24,1.78907184645e-24,1.26452328403e-23,1.19137749765e-23,1.05324842647e-23,1.37207760536e-23,1.13443096997e-23,1.51945338854e-23,1.37647092952e-23,2.16864047515e-23,3.59696938508e-23,2.92285082288e-23,5.12363990427e-23,6.25226730345e-23,7.36704830047e-23,1.02175182954e-22,1.66922071399e-22,2.09959482488e-22,2.76822323073e-22,2.88158292146e-22,4.40927252272e-22,5.84855719602e-22,8.30301926896e-22,1.36722231795e-21,1.85925018737e-21],"var":[1.15269815915e-9,0.000012140927538,0.000015290113879,0.00000605417744737,0.000169569932041,0.00000747751164454,0.00000500071018905,0.00000132031584599,0.0000064629384724,9.05198405121e-8,1.38837378927e-7,3.05227757735e-7,3.31848184487e-7,1.32606231773e-7,4.76920320125e-7,4.53163210068e-7,3.6189965158e-7,6.10576194049e-7,1.77761904752e-7,8.15191185666e-8,3.85186353924e-8,3.34375549471e-8,2.26668852576e-8,2.3439765684e-8,8.36623481604e-9,2.76561085144e-9,4.6262511183e-11]},"barkbands_crest":{"dmean":3.14153766632,"dmean2":5.08717155457,"dvar":10.0544519424,"dvar2":23.4721069336,"max":23.9860706329,"mean":8.93112754822,"median":7.95068740845,"min":2.58327627182,"var":16.4621734619},"barkbands_flatness_db":{"dmean":0.0209439732134,"dmean2":0.0329349413514,"dvar":0.000405382335884,"dvar2":0.000995621783659,"max":0.418791741133,"mean":0.100827947259,"median":0.090839445591,"min":0.0209043528885,"var":0.00206297379918},"barkbands_kurtosis":{"dmean":2.28080224991,"dmean2":3.78439164162,"dvar":17.6634063721,"dvar2":48.0234985352,"max":109.96710968,"mean":1.82875943184,"median":-0.0625579357147,"min":-1.8176753521,"var":35.5703353882},"barkbands_skewness":{"dmean":0.605875194073,"dmean2":0.954100549221,"dvar":0.380048036575,"dvar2":0.93358117342,"max":6.6180729866,"mean":1.24278998375,"median":1.08885991573,"min":-2.09302425385,"var":1.00808918476},"barkbands_spread":{"dmean":7.30283021927,"dmean2":11.3593616486,"dvar":48.0455627441,"dvar2":109.218017578,"max":85.9201202393,"mean":32.7350082397,"median":33.5279388428,"min":0.565627872944,"var":173.156845093},"dissonance":{"dmean":0.0085550704971,"dmean2":0.0144421719015,"dvar":0.000144545861986,"dvar2":0.000420008116635,"max":0.500000059605,"mean":0.482792496681,"median":0.486228108406,"min":0,"var":0.000195238200831},"dynamic_complexity":2.65496826172,"erbbands":{"dmean":[0.0318340547383,0.488089710474,1.97176539898,4.48897743225,16.5606536865,19.5495243073,6.93500804901,10.4739360809,12.6341543198,9.39352893829,8.07061100006,14.5307912827,5.27852392197,3.63051462173,5.58479499817,7.7190747261,7.95149612427,7.23069095612,11.7989168167,12.1866855621,18.2487678528,17.2423114777,16.5078411102,13.8193855286,9.45466899872,5.57119607925,4.1092748642,4.13574838638,2.6808142662,2.23043131828,1.5947586298,1.37987947464,0.799362897873,0.428299069405,0.206579953432,0.0961344465613,0.0273468960077,0.00442004017532,0.000320781080518,0.0000186752149602],"dmean2":[0.0518023446202,0.814444839954,3.40306472778,7.6271276474,26.9986171722,31.8258419037,11.8589010239,16.8773059845,18.7452697754,15.1353988647,13.0143918991,23.3855209351,8.88847732544,6.13376426697,9.03210353851,12.6339254379,12.9314975739,12.0151596069,19.1476135254,19.1802444458,30.7169380188,28.6954116821,26.669883728,22.9000015259,15.98067379,9.23315143585,6.55729913712,6.36548662186,3.87425112724,3.25570559502,2.17376279831,1.98497068882,1.06981825829,0.564997732639,0.270623683929,0.127026170492,0.0368236489594,0.00589265627787,0.000426521117333,0.0000263323436229],"dvar":[0.00268481532112,0.698482275009,11.4974603653,48.5991363525,1199.33251953,1947.58886719,134.525726318,262.077331543,821.968078613,381.029388428,412.353057861,2785.3190918,87.3102722168,56.2648620605,245.632843018,273.485046387,382.32522583,209.63684082,428.489562988,525.450805664,458.898986816,391.855682373,639.854919434,281.137481689,100.396011353,38.9473495483,21.257686615,27.2774333954,15.3235931396,10.4668245316,6.4053606987,4.73773002625,1.33361697197,0.449024051428,0.133796170354,0.0262566898018,0.00207596179098,0.0000517645785294,3.03083567132e-7,6.41836195303e-10],"dvar2":[0.00727755064145,1.84423267841,31.5295162201,128.503677368,2921.40722656,4826.55078125,357.137817383,604.892822266,1711.87341309,963.782714844,1082.68688965,7160.77734375,226.671829224,140.367660522,548.63269043,697.114562988,1036.78967285,554.265625,1045.94775391,1180.39575195,1174.57873535,947.655456543,1480.05944824,688.573730469,272.715423584,103.163963318,53.0947608948,61.9312553406,30.281452179,22.9189815521,12.7087202072,9.20401763916,2.53966379166,0.844909906387,0.24947746098,0.0518109425902,0.00433881534263,0.0000974185459199,5.62216314393e-7,1.24239274424e-9],"max":[0.94413793087,16.3253498077,40.0379829407,123.053314209,296.463439941,390.9949646,191.953796387,266.816009521,460.534881592,455.997558594,580.569946289,1339.33154297,260.519500732,190.05305481,545.749938965,292.169342041,819.361877441,375.536743164,487.028717041,445.660980225,493.760040283,338.746887207,463.682922363,407.664001465,135.629043579,134.251495361,68.6782989502,92.2693481445,42.4260673523,54.2633132935,70.868522644,59.937122345,25.7841930389,20.6263504028,13.3912582397,3.29179406166,1.15355181694,0.208320230246,0.0170403085649,0.000561699038371],"mean":[0.0456455536187,0.655787587166,2.57633137703,5.88762664795,17.8483734131,19.7184906006,9.49345684052,17.2345981598,23.2350254059,12.9881334305,12.7594747543,22.5432415009,8.62747859955,5.77131175995,9.15558338165,13.2327718735,14.7708330154,13.1045598984,21.4469413757,25.9028244019,42.0223655701,43.6281166077,41.2378387451,35.1086082458,26.8555831909,16.3980541229,12.3589315414,11.0868015289,6.64419412613,4.95443868637,3.77597332001,3.29885339737,1.99382913113,1.00415599346,0.476073235273,0.20750887692,0.0633203238249,0.0101456372067,0.000712467241101,0.0000523418057128],"median":[0.0177021287382,0.291926026344,1.23287820816,3.49604439735,7.11214923859,6.89490127563,6.18285655975,8.78973388672,6.80867958069,6.10486125946,5.50522899628,5.27303218842,4.67730951309,3.58615207672,4.81095218658,5.76293182373,7.81385993958,8.93866920471,13.6527900696,16.1949653625,35.8023223877,37.6310577393,29.3255882263,29.7670879364,23.9815788269,14.1046495438,10.6229696274,8.55962467194,4.60681152344,3.16250801086,2.46408128738,2.11397004128,1.38585758209,0.650020718575,0.292043060064,0.111380785704,0.0315357446671,0.00449575576931,0.000250439043157,0.0000368161126971],"min":[1.38960978655e-22,6.59285515938e-22,2.10159270032e-21,6.86121114953e-21,1.31747116035e-20,3.08894056146e-20,7.78035615163e-20,1.1699406062e-19,1.56770888606e-19,3.71389696924e-19,4.02234977623e-19,4.08402255324e-19,6.02717812109e-19,1.04735727326e-18,1.45537868946e-18,1.2532091303e-18,2.21481786273e-18,1.85533281994e-18,3.29906015348e-18,3.43294657345e-18,3.78189333524e-18,4.21021117873e-18,5.85368753416e-18,6.18513797843e-18,8.91256421625e-18,1.02836136e-17,1.05181143406e-17,1.07709189338e-17,1.00245588301e-17,1.09219257177e-17,1.08507096028e-17,1.17211079208e-17,8.9682409161e-18,8.10378506361e-18,6.92182585915e-18,3.91452306107e-18,2.34893030981e-18,1.09795342978e-18,2.46169725778e-19,2.56027634572e-20],"var":[0.00422275764868,0.865658342838,12.4480495453,57.2498207092,1147.83935547,1722.86230469,147.771118164,628.626464844,2452.93676758,489.848876953,681.582519531,5086.2421875,177.176940918,79.4243392944,417.465240479,518.180297852,836.943908691,272.078887939,762.376586914,1224.52636719,1029.26428223,948.758483887,1847.26196289,742.805847168,277.873443604,118.860412598,71.2003097534,80.9167709351,42.6134109497,27.4770908356,17.9291381836,14.1588954926,4.63101434708,1.37112104893,0.388169646263,0.0775617808104,0.00760382786393,0.000228809964028,0.00000131660328861,2.12821871237e-9]},"erbbands_crest":{"dmean":1.94766831398,"dmean2":3.17214369774,"dvar":3.52482056618,"dvar2":8.91634368896,"max":29.7621326447,"mean":7.13622236252,"median":6.28661489487,"min":2.46739602089,"var":9.85727882385},"erbbands_flatness_db":{"dmean":0.0127976480871,"dmean2":0.0183883104473,"dvar":0.00014896709763,"dvar2":0.000287216505967,"max":0.265009403229,"mean":0.13480424881,"median":0.128696456552,"min":0.0494623221457,"var":0.000952849863097},"erbbands_kurtosis":{"dmean":0.752168178558,"dmean2":1.20795702934,"dvar":0.833243370056,"dvar2":1.87615835667,"max":19.6604919434,"mean":0.067431487143,"median":-0.428892850876,"min":-1.69533073902,"var":3.0862660408},"erbbands_skewness":{"dmean":0.334344774485,"dmean2":0.509086191654,"dvar":0.100382119417,"dvar2":0.223653435707,"max":4.10387229919,"mean":-0.398554772139,"median":-0.546511948109,"min":-3.09414553642,"var":0.671349585056},"erbbands_spread":{"dmean":9.09821891785,"dmean2":14.0320806503,"dvar":65.0548629761,"dvar2":141.383468628,"max":98.6537094116,"mean":46.7009811401,"median":45.9028549194,"min":8.05224514008,"var":229.769485474},"gfcc":{"cov":[[19009.0292969,-1029.67199707,-1359.70043945,690.69708252,-1053.5723877,551.332336426,-642.832641602,308.234527588,-219.948730469,87.662940979,-311.377807617,-91.9903259277,-543.020446777],[-1029.67199707,1063.68017578,-210.831176758,101.892166138,233.426971436,-126.307701111,216.153411865,-40.214214325,80.2203369141,-74.059928894,84.8500976562,-70.9329910278,140.482650757],[-1359.70043945,-210.831176758,481.848602295,-94.7178268433,74.1903762817,-5.00650882721,-6.10091400146,-34.3432502747,-18.6840801239,41.8084106445,-9.27869510651,51.1572914124,-9.15423297882],[690.69708252,101.892166138,-94.7178268433,350.909545898,30.1796855927,84.340927124,8.60146999359,26.8192710876,37.5051879883,-23.6854171753,-1.56071662903,-51.8809242249,29.9516792297],[-1053.5723877,233.426971436,74.1903762817,30.1796855927,286.737976074,-22.1332263947,119.718345642,35.4568634033,39.2616271973,9.5699262619,28.7791042328,11.5230646133,51.8673858643],[551.332336426,-126.307701111,-5.00650882721,84.340927124,-22.1332263947,146.315505981,28.0728282928,49.796257019,6.80834197998,-1.06838393211,-14.8815498352,-16.2556171417,-26.2281169891],[-642.832641602,216.153411865,-6.10091400146,8.60146999359,119.718345642,28.0728282928,173.144744873,45.5324249268,38.0292930603,-16.7572631836,20.0800285339,-20.9718418121,25.892873764],[308.234527588,-40.214214325,-34.3432502747,26.8192710876,35.4568634033,49.796257019,45.5324249268,107.760704041,32.1507415771,16.9126396179,0.689244747162,3.08599305153,-14.7234926224],[-219.948730469,80.2203369141,-18.6840801239,37.5051879883,39.2616271973,6.80834197998,38.0292930603,32.1507415771,71.744934082,13.0903329849,18.5828018188,-16.7883911133,13.2005386353],[87.662940979,-74.059928894,41.8084106445,-23.6854171753,9.5699262619,-1.06838393211,-16.7572631836,16.9126396179,13.0903329849,61.6556282043,20.9613666534,25.3098888397,-13.6640386581],[-311.377807617,84.8500976562,-9.27869510651,-1.56071662903,28.7791042328,-14.8815498352,20.0800285339,0.689244747162,18.5828018188,20.9613666534,73.8200912476,31.7111110687,24.2769432068],[-91.9903259277,-70.9329910278,51.1572914124,-51.8809242249,11.5230646133,-16.2556171417,-20.9718418121,3.08599305153,-16.7883911133,25.3098888397,31.7111110687,69.8639755249,11.2320775986],[-543.020446777,140.482650757,-9.15423297882,29.9516792297,51.8673858643,-26.2281169891,25.892873764,-14.7234926224,13.2005386353,-13.6640386581,24.2769432068,11.2320775986,68.244758606]],"icov":[[0.000210330821574,-0.000371188187273,0.000510233337991,-0.0004591003526,0.000411971122958,-0.000525764306076,0.0005168915377,-0.000359600759111,0.000447423924925,-0.000745902478229,0.00108262372669,-0.00118742277846,0.00149317190517],[-0.000371188187273,0.00383083173074,0.000113170674013,0.00033584740595,-0.00179402041249,0.00353865302168,-0.00367598887533,0.00207430892624,-0.00103292486165,0.00251483940519,-0.00463812984526,0.00522721698508,-0.00491290306672],[0.000510233337991,0.000113170674013,0.00456574605778,-0.000805095536634,-0.00052068248624,-0.00149711756967,0.0000264160771621,0.00214210967533,0.000217677807086,-0.00319866999052,0.004138156306,-0.00476472545415,0.00369478133507],[-0.0004591003526,0.00033584740595,-0.000805095536634,0.00621252506971,-0.00217678025365,-0.00302044814453,0.00244236947037,-0.000285011570668,-0.00150990951806,0.00226740445942,-0.00374318147078,0.00693946657702,-0.00673807645217],[0.000411971122958,-0.00179402041249,-0.00052068248624,-0.00217678025365,0.00805899687111,0.00080856581917,-0.00292857037857,-0.00265711499378,0.000853806966916,-0.0039498610422,0.00421438412741,-0.00484206900001,0.000921928556636],[-0.000525764306076,0.00353865302168,-0.00149711756967,-0.00302044814453,0.00080856581917,0.0156403686851,-0.00747828185558,-0.0020278939046,0.000263284891844,0.00277451658621,-0.003820883343,0.00411540875211,-0.00136027252302],[0.0005168915377,-0.00367598887533,0.0000264160771621,0.00244236947037,-0.00292857037857,-0.00747828185558,0.0173433031887,-0.00662276800722,0.000470852974104,0.00249695708044,-0.00118490564637,0.00234517059289,0.00239856704138],[-0.000359600759111,0.00207430892624,0.00214210967533,-0.000285011570668,-0.00265711499378,-0.0020278939046,-0.00662276800722,0.0199453793466,-0.00922170933336,-0.00118776469026,0.00323108979501,-0.00676012923941,0.00284622656181],[0.000447423924925,-0.00103292486165,0.000217677807086,-0.00150990951806,0.000853806966916,0.000263284891844,0.000470852974104,-0.00922170933336,0.0272336099297,-0.00971286837012,-0.00519510172307,0.0117340162396,-0.00363328889944],[-0.000745902478229,0.00251483940519,-0.00319866999052,0.00226740445942,-0.0039498610422,0.00277451658621,0.00249695708044,-0.00118776469026,-0.00971286837012,0.0325374491513,-0.0122393257916,-0.00140147760976,0.00330655951984],[0.00108262372669,-0.00463812984526,0.004138156306,-0.00374318147078,0.00421438412741,-0.003820883343,-0.00118490564637,0.00323108979501,-0.00519510172307,-0.0122393257916,0.0349603407085,-0.0249948911369,0.00706667592749],[-0.00118742277846,0.00522721698508,-0.00476472545415,0.00693946657702,-0.00484206900001,0.00411540875211,0.00234517059289,-0.00676012923941,0.0117340162396,-0.00140147760976,-0.0249948911369,0.0477476082742,-0.0224971957505],[0.00149317190517,-0.00491290306672,0.00369478133507,-0.00673807645217,0.000921928556636,-0.00136027252302,0.00239856704138,0.00284622656181,-0.00363328889944,0.00330655951984,0.00706667592749,-0.0224971957505,0.041134595871]],"mean":[8.7648859024,72.5832061768,-117.480133057,51.5827217102,-49.4995536804,0.233787760139,-48.168800354,7.62779474258,-27.0969657898,-0.782292544842,-18.8168773651,-1.27388799191,-12.9824333191]},"hfc":{"dmean":4.32028579712,"dmean2":6.14502573013,"dvar":21.940694809,"dvar2":38.743850708,"max":64.5800704956,"mean":21.7680282593,"median":20.8031635284,"min":1.08803506275e-16,"var":116.491424561},"melbands":{"dmean":[0.000409838976339,0.000878383347299,0.000903410546016,0.00161750556435,0.000291506876238,0.000249489559792,0.00017695077986,0.0000986372324405,0.0000749027458369,0.000084108687588,0.0000250675584539,0.0000146316315295,0.0000184445016203,0.0000205868182093,0.0000197174795176,0.0000153961009346,0.000014974264559,0.0000188897483895,0.0000196773289645,0.0000187518671737,0.0000246870276897,0.0000182083222171,0.0000222899616347,0.0000132522418426,0.0000127932635223,0.00000919685226108,0.00000704921512806,0.0000037943643747,0.00000305184039462,0.00000234687718148,0.00000265288826995,0.00000178190873612,0.00000127137229811,0.00000131004969717,0.00000101879368231,9.0998446467e-7,8.35046080283e-7,5.82701773055e-7,5.02289140059e-7,3.66740806612e-7],"dmean2":[0.000675506249536,0.00147968402598,0.00151019683108,0.00261597102508,0.000502591370605,0.00039535673568,0.00026426569093,0.000158797047334,0.000120202435937,0.000135134687298,0.000042738065531,0.000024773478799,0.0000302762582578,0.0000336282464559,0.0000320739418385,0.0000249847380474,0.0000251421588473,0.0000310087089019,0.0000314065619023,0.0000303327396978,0.0000417119335907,0.0000302723765344,0.000036757424823,0.0000212447193917,0.0000214330993913,0.0000156139340106,0.0000118764019135,0.00000636493814454,0.00000499635643791,0.0000037678589706,0.00000405205673815,0.00000267403743237,0.00000188884371255,0.00000194194922187,0.0000014109014046,0.00000133783612455,0.00000121903076433,8.11161442016e-7,7.040717378e-7,5.14014743658e-7],"dvar":[4.75295934166e-7,0.00000213414818973,0.00000140364954859,0.0000130617945615,3.16625033747e-7,1.53209597897e-7,1.49808400352e-7,4.8125208707e-8,3.77533986295e-8,9.23964194044e-8,1.99300198567e-9,9.1359170229e-10,2.28440444339e-9,2.40691311326e-9,1.23495158544e-9,1.44519551881e-9,9.02397989666e-10,1.00050312479e-9,1.88935422862e-9,1.19333021242e-9,8.06896993666e-10,4.13763051599e-10,1.02316455308e-9,5.14277120889e-10,2.28493599042e-10,9.53864140452e-11,7.46177286626e-11,1.95217193105e-11,1.2567660454e-11,6.67650223302e-12,1.13650044237e-11,6.87233646726e-12,3.38434814028e-12,3.59733640445e-12,2.31926196997e-12,2.49372094155e-12,1.61733332889e-12,7.22605731761e-13,5.60368917067e-13,3.50362859385e-13],"dvar2":[0.00000128261308419,0.00000566132666791,0.00000358468764716,0.0000315436627716,8.57096551954e-7,3.38465895311e-7,3.1965657854e-7,1.2237062208e-7,9.87553292475e-8,2.36757117023e-7,5.26956878133e-9,2.27445062784e-9,5.36967004194e-9,5.48291012592e-9,3.12587444817e-9,3.78258135925e-9,2.42361219982e-9,2.47679543541e-9,4.36672831228e-9,2.76226219675e-9,2.09346739943e-9,1.01313635259e-9,2.48585552143e-9,1.18698473273e-9,5.79824965818e-10,2.65107602537e-10,1.94987595514e-10,5.30596781789e-11,3.21777778034e-11,1.66368203935e-11,2.59490484655e-11,1.4051940167e-11,7.67363082799e-12,7.96058444857e-12,4.5968003709e-12,5.52101593609e-12,3.18678568777e-12,1.47716062472e-12,1.13170681593e-12,7.20490399113e-13],"max":[0.0135796125978,0.0192743781954,0.0170022174716,0.030410926789,0.00654463749379,0.00625585764647,0.00720946025103,0.00564638478681,0.00418813992292,0.0077595342882,0.00120612443425,0.000708207313437,0.00128431373741,0.00113872939255,0.000763354182709,0.00155896088108,0.000685442937538,0.000826954317745,0.00112523359712,0.000891135423444,0.000563314184546,0.000411818065913,0.000516604457516,0.000498935405631,0.000331923423801,0.000130986765726,0.000141698357766,0.0000876207850524,0.0000699488882674,0.0000373588081857,0.0000535352046427,0.0000280500753433,0.0000232724069065,0.00003374186781,0.0000327857705997,0.0000558322972211,0.0000332918425556,0.0000195849679585,0.0000230742316489,0.0000132534787554],"mean":[0.00056298263371,0.00123158341739,0.00124178652186,0.0016390302917,0.000375408941181,0.000421069416916,0.0003237882338,0.000131403212436,0.000115704417112,0.000131287975819,0.000037777954276,0.0000219720077439,0.0000283451918222,0.0000331928604282,0.000034632445022,0.0000270572272711,0.0000243896392931,0.0000330264592776,0.0000344110485457,0.0000385167295462,0.0000514840066899,0.000042126273911,0.0000480041817355,0.000029236301998,0.0000288218197966,0.0000226956126426,0.0000162180422194,0.0000095438435892,0.00000808621189208,0.00000639807694824,0.00000639034806227,0.00000396166569772,0.00000275498996416,0.00000276860623671,0.00000222599396693,0.00000201410307454,0.00000193972755369,0.00000138523034821,0.00000115732677841,7.62863294312e-7],"median":[0.000231508282013,0.000606010551564,0.000818410073407,0.000559324747883,0.000226060888963,0.000203985633561,0.000105690938653,0.000053926538385,0.0000460068768007,0.0000299087987514,0.0000212544800888,0.0000131684664666,0.000014881390598,0.0000147793252836,0.0000184179480129,0.0000137863762575,0.0000161797943292,0.0000215559048229,0.0000181924806384,0.0000265499838861,0.0000435972178821,0.0000361232523574,0.0000351348644472,0.0000188125559362,0.0000241869711317,0.0000199413880182,0.0000128862866404,0.00000810484380054,0.00000677468506183,0.00000548456682736,0.00000464480854134,0.00000266521033154,0.00000168605060935,0.00000175893569576,0.00000140179565733,0.00000126976294723,0.00000125130463857,9.64499236034e-7,7.39370648262e-7,4.83651263039e-7],"min":[2.02412971645e-24,9.70511215613e-25,1.9012042826e-24,2.48116338164e-24,2.06507554174e-24,2.73685390862e-24,2.18523838469e-24,4.56873092551e-24,3.24860967151e-24,2.01466673825e-24,2.61824176899e-24,3.76321677215e-24,3.35678892846e-24,3.56076390386e-24,2.48331480254e-24,3.36828381514e-24,2.81012488722e-24,4.25100457415e-24,4.32172871532e-24,4.5248667093e-24,3.70958054148e-24,3.02515417049e-24,4.61188201145e-24,3.63578220936e-24,4.45738123658e-24,5.87942055852e-24,5.14427122018e-24,6.00384127821e-24,5.11835437843e-24,5.66907908118e-24,6.20489904599e-24,5.23233846835e-24,6.26666409385e-24,5.48609175016e-24,6.15306102375e-24,5.84425116721e-24,6.19251629636e-24,6.32772468893e-24,6.04860637357e-24,6.02267493789e-24],"var":[6.40521875539e-7,0.00000259271041614,0.00000176098865268,0.0000120950790006,2.97962174045e-7,4.16416042981e-7,4.30278731756e-7,6.0747638031e-8,6.40197939106e-8,1.73897504396e-7,3.30112492897e-9,1.28498134355e-9,3.60776142294e-9,4.43671188677e-9,2.90084245513e-9,2.9349771502e-9,1.07515651937e-9,1.72955483269e-9,3.50643025726e-9,2.77869793841e-9,1.53728330066e-9,9.21564491385e-10,2.21685736435e-9,1.34456346057e-9,5.28592503102e-10,2.19168919124e-10,1.74919995155e-10,4.72774423776e-11,3.63960146743e-11,1.84662875269e-11,3.2137091599e-11,1.65781294942e-11,8.83737354129e-12,9.0077580811e-12,6.43631155317e-12,5.85409238446e-12,4.93214453653e-12,2.30621533155e-12,1.70691336499e-12,8.74590981234e-13]},"melbands_crest":{"dmean":4.05952596664,"dmean2":6.65172338486,"dvar":14.2613706589,"dvar2":34.6990585327,"max":29.7736358643,"mean":13.5345659256,"median":12.8057727814,"min":1.60563266277,"var":24.3362083435},"melbands_flatness_db":{"dmean":0.0287695545703,"dmean2":0.0450451672077,"dvar":0.000703809491824,"dvar2":0.00166028901003,"max":0.534677624702,"mean":0.160206004977,"median":0.1502622962,"min":0.00216139596887,"var":0.0037722743582},"melbands_kurtosis":{"dmean":7.41454219818,"dmean2":12.1855077744,"dvar":111.729690552,"dvar2":293.89352417,"max":130.629318237,"mean":11.641210556,"median":7.07411813736,"min":-1.76309132576,"var":196.547302246},"melbands_skewness":{"dmean":0.876208245754,"dmean2":1.39363443851,"dvar":0.821548104286,"dvar2":2.00832152367,"max":8.43803977966,"mean":2.8240134716,"median":2.60864639282,"min":-0.315897703171,"var":1.82629144192},"melbands_spread":{"dmean":11.2147846222,"dmean2":17.644903183,"dvar":114.698173523,"dvar2":260.502807617,"max":148.287948608,"mean":33.2068634033,"median":30.4422702789,"min":0.570085346699,"var":404.075592041},"mfcc":{"cov":[[9121.33984375,22.0359706879,-411.542144775,70.3669815063,-80.1458740234,-112.384971619,-147.518630981,9.48136138916,-46.0772171021,90.0926818848,117.575202942,96.1501693726,-37.2189826965],[22.0359706879,792.951477051,-203.375244141,155.946151733,14.4726734161,6.3990983963,83.9953613281,44.1933364868,63.0433197021,14.2601413727,8.10765361786,40.4351882935,13.9091291428],[-411.542144775,-203.375244141,332.655456543,-43.1087417603,3.62338089943,39.0258598328,-37.636013031,-36.0266647339,-40.4594039917,-25.1881847382,-23.1626110077,-37.1831626892,4.29975652695],[70.3669815063,155.946151733,-43.1087417603,226.210174561,89.8296813965,41.364402771,37.3932113647,23.9546775818,48.4190750122,36.1739196777,-6.67544031143,8.23836612701,6.76979160309],[-80.1458740234,14.4726734161,3.62338089943,89.8296813965,125.581771851,28.8578472137,17.5260276794,10.6463937759,23.3906326294,15.0085220337,-2.17628931999,-0.407968491316,13.167424202],[-112.384971619,6.3990983963,39.0258598328,41.364402771,28.8578472137,83.3322372437,35.6500930786,14.2532052994,18.2929000854,15.8671512604,-1.74818587303,-7.86221027374,-3.86569499969],[-147.518630981,83.9953613281,-37.636013031,37.3932113647,17.5260276794,35.6500930786,103.710487366,56.8028945923,37.8267326355,15.9592494965,13.2936344147,19.1960697174,5.79591703415],[9.48136138916,44.1933364868,-36.0266647339,23.9546775818,10.6463937759,14.2532052994,56.8028945923,83.491897583,47.8119354248,25.018157959,17.2963142395,13.1392908096,-6.58840322495],[-46.0772171021,63.0433197021,-40.4594039917,48.4190750122,23.3906326294,18.2929000854,37.8267326355,47.8119354248,80.2123031616,46.9940910339,16.3992424011,4.37532901764,-7.88496923447],[90.0926818848,14.2601413727,-25.1881847382,36.1739196777,15.0085220337,15.8671512604,15.9592494965,25.018157959,46.9940910339,67.1143569946,30.6620483398,4.11180067062,-11.7227754593],[117.575202942,8.10765361786,-23.1626110077,-6.67544031143,-2.17628931999,-1.74818587303,13.2936344147,17.2963142395,16.3992424011,30.6620483398,54.1591415405,23.7958011627,-1.10414993763],[96.1501693726,40.4351882935,-37.1831626892,8.23836612701,-0.407968491316,-7.86221027374,19.1960697174,13.1392908096,4.37532901764,4.11180067062,23.7958011627,59.4559822083,29.997587204],[-37.2189826965,13.9091291428,4.29975652695,6.76979160309,13.167424202,-3.86569499969,5.79591703415,-6.58840322495,-7.88496923447,-11.7227754593,-1.10414993763,29.997587204,56.1257514954]],"icov":[[0.000132889050292,0.0000273666610155,0.000178498929017,-0.000137362469104,0.000101082288893,-0.000038396789023,0.000356237287633,-0.000234701496083,0.000343636784237,-0.000194826439838,-0.000165916528204,-0.000157066824613,0.000081805526861],[0.0000273666610155,0.00188396370504,0.000866741873324,-0.00141875701956,0.000891661911737,0.000103167287307,-0.000867032969836,0.000564427522477,-0.00111471139826,0.00139448675327,-0.000465698103653,-0.000145599769894,-0.000186986260815],[0.000178498929017,0.000866741873324,0.00470716040581,0.0000533263155376,0.000214716143091,-0.00308550265618,0.00169193313923,-0.000416504830355,0.00127525185235,0.000710088177584,-0.000690251996275,0.00226164446212,-0.00184486608487],[-0.000137362469104,-0.00141875701956,0.0000533263155376,0.0089221438393,-0.00522433593869,-0.00174215482548,-0.000366990832845,0.000649835157674,-0.000982291647233,-0.00417846115306,0.00492391688749,-0.00226942822337,0.000699167081621],[0.000101082288893,0.000891661911737,0.000214716143091,-0.00522433593869,0.0125845605507,-0.00178538064938,0.000372079521185,-0.000297110556858,-0.00157280580606,0.00134447100572,-0.00207876414061,0.00285608530976,-0.00419645477086],[-0.000038396789023,0.000103167287307,-0.00308550265618,-0.00174215482548,-0.00178538064938,0.0189576968551,-0.00813197717071,0.00226832856424,0.0000263250676653,-0.00386437983252,0.00182505848352,0.00166633434128,0.00156795745715],[0.000356237287633,-0.000867032969836,0.00169193313923,-0.000366990832845,0.000372079521185,-0.00813197717071,0.0214599631727,-0.0117881288752,-0.0007447450771,0.00293543608859,-0.00206720153801,-0.00256361230277,-0.00204350613058],[-0.000234701496083,0.000564427522477,-0.000416504830355,0.000649835157674,-0.000297110556858,0.00226832856424,-0.0117881288752,0.0265094097704,-0.0123610673472,0.00239922502078,-0.00130023050588,-0.00319666950963,0.00466060172766],[0.000343636784237,-0.00111471139826,0.00127525185235,-0.000982291647233,-0.00157280580606,0.0000263250676653,-0.0007447450771,-0.0123610673472,0.0334300622344,-0.0196085423231,0.00413145404309,0.00169849093072,-0.000703971774783],[-0.000194826439838,0.00139448675327,0.000710088177584,-0.00417846115306,0.00134447100572,-0.00386437983252,0.00293543608859,0.00239922502078,-0.0196085423231,0.0391839034855,-0.0193488188088,0.00363766634837,0.00247630896047],[-0.000165916528204,-0.000465698103653,-0.000690251996275,0.00492391688749,-0.00207876414061,0.00182505848352,-0.00206720153801,-0.00130023050588,0.00413145404309,-0.0193488188088,0.0370490252972,-0.016201313585,0.0060656783171],[-0.000157066824613,-0.000145599769894,0.00226164446212,-0.00226942822337,0.00285608530976,0.00166633434128,-0.00256361230277,-0.00319666950963,0.00169849093072,0.00363766634837,-0.016201313585,0.0366395972669,-0.0195365231484],[0.000081805526861,-0.000186986260815,-0.00184486608487,0.000699167081621,-0.00419645477086,0.00156795745715,-0.00204350613058,0.00466060172766,-0.000703971774783,0.00247630896047,0.0060656783171,-0.0195365231484,0.0308046974242]],"mean":[-622.979492188,94.4953155518,-5.23905515671,42.8500518799,15.2772016525,-0.873122513294,-4.7121014595,-0.622808516026,-3.80822873116,-3.02846074104,-5.19751882553,0.358603656292,-4.66647577286]},"pitch_salience":{"dmean":0.08480489254,"dmean2":0.14096853137,"dvar":0.006861560978,"dvar2":0.0187169462442,"max":0.916955649853,"mean":0.609502017498,"median":0.623465120792,"min":0.210553333163,"var":0.0110486736521},"silence_rate_20dB":{"dmean":0,"dmean2":0,"dvar":0,"dvar2":0,"max":1,"mean":1,"median":1,"min":1,"var":0},"silence_rate_30dB":{"dmean":0,"dmean2":0,"dvar":0,"dvar2":0,"max":1,"mean":1,"median":1,"min":1,"var":0},"silence_rate_60dB":{"dmean":0.000320153660141,"dmean2":0.00064040988218,"dvar":0.000320067862049,"dvar2":0.000639952661004,"max":1,"mean":0.0462548024952,"median":0,"min":0,"var":0.0441155768931},"spectral_centroid":{"dmean":331.642303467,"dmean2":519.083007812,"dvar":125565.234375,"dvar2":278000.65625,"max":11584.1953125,"mean":1862.96240234,"median":1894.59399414,"min":147.479873657,"var":889583.5},"spectral_complexity":{"dmean":3.92508411407,"dmean2":6.25520324707,"dvar":11.7106437683,"dvar2":27.6563034058,"max":52,"mean":27.6848583221,"median":29,"min":0,"var":83.890045166},"spectral_contrast_coeffs":{"dmean":[0.0627404376864,0.0497294738889,0.033686324954,0.028539583087,0.0196913219988,0.0149130318314],"dmean2":[0.10117495805,0.0813767835498,0.0555659048259,0.0474986471236,0.0327044837177,0.0243486668915],"dvar":[0.00302725285292,0.00154973682947,0.000731267849915,0.000500889203977,0.00024328949803,0.000165550576639],"dvar2":[0.00703123398125,0.00412095198408,0.00195835041814,0.00137883517891,0.000641140795778,0.000410005130107],"max":[-0.308077424765,-0.474716216326,-0.536091148853,-0.610480010509,-0.656431913376,-0.643891751766],"mean":[-0.60946893692,-0.741586983204,-0.814755618572,-0.799408257008,-0.795665442944,-0.751497685909],"median":[-0.619605541229,-0.750470161438,-0.82320189476,-0.80277466774,-0.796752154827,-0.749866008759],"min":[-0.99425214529,-0.98056268692,-0.972629904747,-0.968367218971,-0.965102374554,-0.964381337166],"var":[0.00846575200558,0.00508391950279,0.00266274437308,0.00184071459807,0.00118217244744,0.00119624636136]},"spectral_contrast_valleys":{"dmean":[0.402730077505,0.371123403311,0.31342446804,0.233519524336,0.159133136272,0.224518686533],"dmean2":[0.663209080696,0.606430053711,0.520197927952,0.376370638609,0.265341937542,0.282772153616],"dvar":[0.145194396377,0.132529944181,0.108783423901,0.074884340167,0.0611517801881,0.0848428010941],"dvar2":[0.317022889853,0.279515445232,0.221212357283,0.128721490502,0.0909918546677,0.11858587712],"max":[-5.6284828186,-4.85762548447,-5.61590576172,-5.74500179291,-5.79050350189,-8.02868938446],"mean":[-7.40593862534,-6.85948562622,-7.54710865021,-7.48922157288,-6.93350172043,-9.89490222931],"median":[-7.15340232849,-6.59624958038,-7.29462242126,-7.20601272583,-6.58380889893,-9.48109531403],"min":[-28.0039100647,-27.991060257,-27.649559021,-27.6120357513,-27.5893325806,-27.4121856689],"var":[3.36708974838,3.62257504463,3.39952635765,3.44239258766,3.73443293571,3.59004044533]},"spectral_decrease":{"dmean":2.66586441811e-9,"dmean2":4.169129042e-9,"dvar":1.32482090631e-17,"dvar2":3.09449325947e-17,"max":2.49418833376e-28,"mean":-5.81110182196e-9,"median":-4.73348382712e-9,"min":-3.49368640684e-8,"var":1.80740436224e-17},"spectral_energy":{"dmean":0.0103106005117,"dmean2":0.0160393491387,"dvar":0.00019534798048,"dvar2":0.000453419721453,"max":0.135786443949,"mean":0.0239068251103,"median":0.0198723766953,"min":1.00795592711e-20,"var":0.000276203150861},"spectral_energyband_high":{"dmean":0.000292756827548,"dmean2":0.000372217968106,"dvar":1.29807474991e-7,"dvar2":2.16021916799e-7,"max":0.00583572220057,"mean":0.00102387589868,"median":0.000817127758637,"min":6.86299152656e-21,"var":6.38961296318e-7},"spectral_energyband_low":{"dmean":0.00401221076027,"dmean2":0.00665982859209,"dvar":0.0000400313074351,"dvar2":0.000101254794572,"max":0.0892085283995,"mean":0.00624237768352,"median":0.00343284662813,"min":1.80878232502e-23,"var":0.0000577794380661},"spectral_energyband_middle_high":{"dmean":0.001124667353,"dmean2":0.00178755726665,"dvar":0.0000018449328536,"dvar2":0.00000412024701291,"max":0.0226017571986,"mean":0.00470590544865,"median":0.00422385428101,"min":1.29421999383e-21,"var":0.0000079978372014},"spectral_energyband_middle_low":{"dmean":0.00801225099713,"dmean2":0.0124985948205,"dvar":0.000189731930732,"dvar2":0.000441667070845,"max":0.126875922084,"mean":0.0130737246946,"median":0.00823315791786,"min":1.57481779257e-22,"var":0.000225913434406},"spectral_entropy":{"dmean":0.107077091932,"dmean2":0.159653052688,"dvar":0.0123245548457,"dvar2":0.0264481753111,"max":9.81950283051,"mean":7.83240699768,"median":7.86372089386,"min":5.87333202362,"var":0.119727283716},"spectral_flux":{"dmean":0.0265449360013,"dmean2":0.0443126671016,"dvar":0.00108382746112,"dvar2":0.0026691230014,"max":0.320074141026,"mean":0.0887093767524,"median":0.080743342638,"min":6.39347602638e-11,"var":0.00183441163972},"spectral_kurtosis":{"dmean":1.01657617092,"dmean2":1.67617022991,"dvar":1.53210687637,"dvar2":4.30310344696,"max":22.3580360413,"mean":3.79969906807,"median":3.30498552322,"min":-1.25387644768,"var":4.82733535767},"spectral_rms":{"dmean":0.00093308306532,"dmean2":0.00142173108179,"dvar":0.00000109520181013,"dvar2":0.00000243485510509,"max":0.0115097602829,"mean":0.00454358477145,"median":0.00440314505249,"min":3.13587567372e-12,"var":0.0000026795848953},"spectral_rolloff":{"dmean":702.095581055,"dmean2":1147.18933105,"dvar":702579.5,"dvar2":1498281.25,"max":19487.5488281,"mean":2252.65893555,"median":2347.11914062,"min":86.1328125,"var":3226270},"spectral_skewness":{"dmean":0.142177969217,"dmean2":0.226772591472,"dvar":0.0212493017316,"dvar2":0.0532688982785,"max":3.50758457184,"mean":1.26267945766,"median":1.19544529915,"min":-0.0895689874887,"var":0.120754659176},"spectral_spread":{"dmean":406424.96875,"dmean2":548221.25,"dvar":413136158720,"dvar2":631899226112,"max":42926148,"mean":4572075.5,"median":4322057,"min":2066024.625,"var":9283866460160},"spectral_strongpeak":{"dmean":0.432143837214,"dmean2":0.721565186977,"dvar":0.406239241362,"dvar2":1.06788933277,"max":7.21361732483,"mean":0.680946290493,"median":0.38562130928,"min":0,"var":0.56573176384},"zerocrossingrate":{"dmean":0.0118653830141,"dmean2":0.0145508749411,"dvar":0.000177575377165,"dvar2":0.000285595684545,"max":0.53662109375,"mean":0.0797202736139,"median":0.0751953125,"min":0.00341796875,"var":0.00202553858981}},"metadata":{"audio_properties":{"analysis_sample_rate":44100,"bit_rate":0,"codec":"flac","downmix":"mix","equal_loudness":0,"length":145.039993286,"lossless":true,"md5_encoded":"697f7972eed1097f90f6e00f85594b5e","replay_gain":-8.8967666626,"sample_rate":44100},"tags":{"album":["Brain Drain"],"albumartist":["Ramones"],"albumartistsort":["Ramones"],"artist":["Ramones"],"artistsort":["Ramones"],"date":["1989"],"discnumber":["1"],"disctotal":["1"],"file_name":"02 Zero Zero UFO.flac","genre":["Punk Rock"],"language":["eng"],"media":["CD"],"musicbrainz_albumartistid":["d6ed7887-a401-47a8-893c-34b967444d26"],"musicbrainz_albumid":["35fedd5a-af25-4934-913e-2be9164cb15b"],"musicbrainz_artistid":["d6ed7887-a401-47a8-893c-34b967444d26"],"musicbrainz_recordingid":["f784d3c0-7bf5-4032-a18c-87c89588e8f1"],"releasetype":["compilation"],"script":["Latn"],"title":["Zero Zero UFO"],"totaldiscs":["1"],"totaltracks":["12"],"tracknumber":["2"],"tracktotal":["12"]},"version":{"essentia":"2.1-beta2","essentia_build_sha":"70f2e5ece6736b2c40cc944ad0e695b16b925413","essentia_git_sha":"v2.1_beta2","extractor":"music 1.0"}},"rhythm":{"beats_count":289,"beats_loudness":{"dmean":0.0129286283627,"dmean2":0.0226150732487,"dvar":0.000104057318822,"dvar2":0.000298472703435,"max":0.0969990864396,"mean":0.0447267480195,"median":0.0462271086872,"min":0,"var":0.000299054081552},"beats_loudness_band_ratio":{"dmean":[0.0885528698564,0.137722790241,0.0546068251133,0.0155079364777,0.0339134000242,0.036332026124],"dmean2":[0.149231761694,0.238566353917,0.0935296565294,0.0266712605953,0.0610809065402,0.0659473463893],"dvar":[0.0052786571905,0.0152326393872,0.00450132740662,0.000268885662081,0.0012699709041,0.0017289161915],"dvar2":[0.0139171984047,0.0396644435823,0.0112467305735,0.000723787583411,0.00360572081991,0.00504461023957],"max":[0.650467514992,0.815668642521,0.47832301259,0.106192737818,0.207132071257,0.397799611092],"mean":[0.39155548811,0.596198141575,0.102544479072,0.0285181067884,0.0714145675302,0.0805725231767],"median":[0.395412504673,0.636150598