{"lowlevel":{"average_loudness":0.943571031094,"barkbands":{"dmean":[0.000173402717337,0.00477423844859,0.00467304699123,0.00349324615672,0.00252825138159,0.00153803301509,0.00170456618071,0.00116689514834,0.000749521190301,0.000441768788733,0.000441983778728,0.000266840972472,0.000297223596135,0.000413282978116,0.00035241158912,0.000397328840336,0.00024240797211,0.000155733054271,0.000152879205416,0.000105334329419,0.0000427375125582,0.0000253161706496,0.0000184415148397,0.0000086074196588,0.00000639073596176,0.00000448442142442,0.00000161532886978],"dmean2":[0.000302516651573,0.00785554386675,0.00821872707456,0.0059866332449,0.00436449376866,0.00252137309872,0.00265700789168,0.00182253075764,0.00118656328414,0.000700956850778,0.000700088741723,0.000428282248322,0.000479750306113,0.000665714498609,0.000562197936233,0.000630013993941,0.00039223532076,0.000252320402069,0.000238827604335,0.000165995268617,0.0000657801574562,0.0000382853177143,0.0000269178344752,0.0000124512489492,0.00000924294272409,0.00000630367094345,0.00000245425667345],"dvar":[1.07488332901e-7,0.0000695703565725,0.0000726444413885,0.0000351313501596,0.0000321454754157,0.00000876912054082,0.00000882705353433,0.00000620833270659,0.00000184473196896,8.29935345337e-7,7.17344335044e-7,2.76213057759e-7,4.24347120997e-7,7.86887881077e-7,4.03376844815e-7,6.1714115418e-7,2.13132693716e-7,8.58814388494e-8,7.11739929216e-8,4.44870345007e-8,4.75750727702e-9,3.14785641997e-9,4.29568514093e-9,6.16048767554e-10,5.59998269978e-10,1.77040243576e-10,3.7397796665e-11],"dvar2":[3.14018848258e-7,0.000171134612174,0.000212971805013,0.0000924418854993,0.0000910096568987,0.0000234658837144,0.0000214953670366,0.000014227288375,0.00000469740643894,0.00000219607159124,0.00000179747189577,6.65842947001e-7,0.00000109582606456,0.00000208101096177,0.00000102685112324,0.00000153958285409,5.35453239081e-7,2.11731844502e-7,1.68021202285e-7,1.06462778149e-7,1.06422310964e-8,6.44652109472e-9,7.77077246994e-9,1.13172626826e-9,1.21169718703e-9,3.31680072296e-10,7.57130955154e-11],"max":[0.0158309843391,0.101138010621,0.112848363817,0.0708650127053,0.0781581252813,0.0540326759219,0.0470278970897,0.059279024601,0.0236400105059,0.0192153584212,0.0162840597332,0.0142070231959,0.0168254114687,0.0235894694924,0.0156311709434,0.0189261510968,0.0152270151302,0.0125495679677,0.0100181484595,0.00573843764141,0.00145006948151,0.00216316082515,0.00368178240024,0.00100605259649,0.00116644462105,0.000323060958181,0.000174429602339],"mean":[0.000180725415703,0.00656091654673,0.00564315775409,0.00389683409594,0.00338750821538,0.00247053802013,0.00288552581333,0.00198666774668,0.00142581225373,0.000854548357893,0.000784292351454,0.000505239644554,0.000589015951846,0.000813037215266,0.000723262550309,0.000777955166996,0.000467993319035,0.000322605250403,0.000367046828615,0.000237532134634,0.000110532280814,0.0000652096787235,0.0000443951685156,0.0000232766833506,0.0000156204241648,0.00000860569616634,0.00000261888089881],"median":[0.0000793986982899,0.00392518052831,0.00283337943256,0.00170736154541,0.00183528964408,0.00077535485616,0.000985570950434,0.000575810379814,0.000689459266141,0.000336357479682,0.00031993095763,0.000257365580183,0.000254308717558,0.000275751110166,0.000353763374733,0.000330796348862,0.000264489091933,0.000191859260667,0.000195072498173,0.000109496024379,0.0000600051316724,0.00002676096301,0.0000164935263456,0.00000715606529411,0.00000372684053218,0.00000101380908291,3.66133647844e-8],"min":[4.51325704336e-24,1.08801052889e-23,6.56532801586e-24,1.49569664516e-24,1.81295634585e-23,1.46071512108e-23,2.63442576322e-23,3.99730430379e-23,2.88665441356e-23,3.12909945318e-23,3.0927247613e-23,4.1754817921e-23,7.06694794164e-23,1.25096035115e-22,9.36542166892e-23,1.10594146348e-22,1.30665897977e-22,1.56909470136e-22,1.90742881324e-22,3.20817588006e-22,3.33438428479e-22,3.89208193418e-22,5.32189396572e-22,8.32151269293e-22,1.08983913371e-21,1.47429798058e-21,2.23791190371e-21],"var":[1.03800445572e-7,0.0000813844817458,0.0000692406101734,0.0000367738684872,0.0000280713011307,0.0000172911786649,0.0000200479735213,0.0000158801867656,0.00000415959493694,0.00000229088436754,0.00000170506325503,6.66735729737e-7,0.00000108914412067,0.00000226026418204,0.00000107069979549,0.00000169094084868,4.6782642471e-7,1.92229563822e-7,2.42702640207e-7,1.19559814493e-7,1.9032492915e-8,1.20595480269e-8,1.33305917416e-8,3.07471026417e-9,2.10576978077e-9,6.48385178881e-10,1.33898725441e-10]},"barkbands_crest":{"dmean":2.67673373222,"dmean2":4.41546058655,"dvar":5.20080900192,"dvar2":14.0996799469,"max":24.3305301666,"mean":9.30249786377,"median":8.60128688812,"min":2.36435031891,"var":12.5798454285},"barkbands_flatness_db":{"dmean":0.0211620442569,"dmean2":0.0331950038671,"dvar":0.000409109052271,"dvar2":0.000934812589549,"max":0.442837059498,"mean":0.154683038592,"median":0.147210896015,"min":0.0310855340213,"var":0.00303762848489},"barkbands_kurtosis":{"dmean":2.74824380875,"dmean2":4.48454713821,"dvar":22.7934799194,"dvar2":57.6369552612,"max":116.775909424,"mean":3.67650032043,"median":1.34765815735,"min":-1.8974121809,"var":54.9945602417},"barkbands_skewness":{"dmean":0.546145319939,"dmean2":0.867215096951,"dvar":0.329482793808,"dvar2":0.775327205658,"max":9.3217458725,"mean":1.47391068935,"median":1.30797302723,"min":-3.13481020927,"var":1.2447810173},"barkbands_spread":{"dmean":4.88552808762,"dmean2":7.6292181015,"dvar":40.1838645935,"dvar2":84.8287200928,"max":118.777946472,"mean":19.8977203369,"median":18.5687980652,"min":0.473910301924,"var":130.658050537},"dissonance":{"dmean":0.0185508541763,"dmean2":0.0312394350767,"dvar":0.000312869640766,"dvar2":0.000868148286827,"max":0.500000238419,"mean":0.462231606245,"median":0.468569219112,"min":0.168794900179,"var":0.000784660223871},"dynamic_complexity":3.48039197922,"erbbands":{"dmean":[0.0885725170374,1.24938809872,4.48203992844,9.22146892548,10.0227985382,7.92274332047,8.32256984711,14.0234537125,22.1732025146,27.6581287384,18.9890174866,15.5427856445,16.2148532867,15.9915266037,13.9490909576,10.8675289154,12.524477005,21.1523723602,18.8483409882,13.0277528763,23.6683597565,12.0732755661,7.89737033844,8.77955341339,6.50259017944,5.25269174576,2.16299891472,1.45989096165,0.991112530231,0.700686335564,0.496540606022,0.226413801312,0.136097878218,0.0766021311283,0.0446124896407,0.0204895175993,0.00816426612437,0.00215498334728,0.000269629526883,0.000024993898478],"dmean2":[0.144998863339,2.05602192879,7.81929111481,16.0035934448,17.2914333344,13.5924091339,13.8787193298,22.8610973358,34.6682319641,44.0283699036,29.9092025757,24.9093875885,25.5676040649,24.7267875671,22.4875583649,17.4466991425,20.1177654266,33.7524375916,30.2405872345,20.5762691498,37.6882820129,19.4316177368,12.7439184189,13.8583555222,10.3100385666,8.25743293762,3.30667662621,2.26704216003,1.51714777946,1.03202402592,0.732248663902,0.326503485441,0.199327901006,0.109771445394,0.0669146329165,0.0293420720845,0.0114754857495,0.00326372496784,0.000417202129029,0.0000384606282751],"dvar":[0.0343361049891,4.37266874313,63.9690322876,234.590499878,553.367248535,237.015014648,371.509155273,811.446716309,1881.80957031,2882.98583984,1633.71228027,1060.7277832,903.325622559,1017.69042969,720.098022461,488.545959473,749.672424316,2260.15356445,1334.14648438,553.250793457,2491.86669922,434.384399414,223.569274902,281.069458008,114.049499512,136.032348633,14.9978475571,5.52636814117,5.01617479324,5.12250614166,3.20395255089,0.425000280142,0.1654856354,0.0847834125161,0.0238070078194,0.00409338949248,0.000613892800175,0.0000493133593409,0.00000101704597455,3.71616981631e-9],"dvar2":[0.08255340904,10.8951015472,184.110580444,649.345947266,1553.98791504,656.407287598,980.034484863,2182.39501953,4540.04931641,7329.57763672,4064.59301758,2842.15258789,2324.55615234,2497.14550781,1874.38110352,1180.19726562,1881.65087891,5888.48095703,3429.19238281,1276.43383789,6280.41210938,1079.92822266,543.100585938,677.482299805,274.9034729,327.256378174,34.0471115112,12.210392952,10.9403467178,10.0135917664,5.89495420456,0.755107343197,0.328070878983,0.179894715548,0.0517618507147,0.0079186828807,0.00118281622417,0.000105149934825,0.0000021276159714,7.40402050781e-9],"max":[2.21162867546,26.4506855011,104.477836609,192.481491089,315.519500732,202.92250061,502.167663574,436.510070801,828.526794434,737.742797852,1531.33959961,740.628173828,528.578674316,859.128601074,553.773864746,677.206604004,750.815795898,1247.33129883,959.701049805,711.998352051,1293.80554199,775.462402344,585.015258789,616.039306641,298.383544922,379.090759277,84.9647369385,56.6468811035,78.5619354248,123.881248474,109.06199646,31.8039207458,17.8355617523,16.5192012787,5.68885231018,1.73417818546,0.635267853737,0.144776985049,0.027674883604,0.00182174518704],"mean":[0.115903317928,1.76329147816,5.94680786133,11.0913267136,11.9055452347,10.913318634,12.3531484604,22.8010501862,37.342880249,50.5075836182,34.9385108948,29.5223426819,33.2083854675,32.6011199951,27.1759872437,22.3358860016,28.2030601501,44.2442359924,41.2360458374,30.2111568451,47.615776062,25.5598201752,17.9185600281,20.6336097717,16.0166988373,11.7898168564,5.30815267563,3.84594154358,2.4897441864,1.72542250156,1.17847526073,0.583688676357,0.351965516806,0.196533754468,0.100089929998,0.0424864292145,0.0150740668178,0.00331077142619,0.000453924265457,0.0000645015825285],"median":[0.0601345300674,1.09617304802,3.32289838791,6.20108795166,5.78296089172,5.62845945358,4.66036462784,6.83153009415,12.5990581512,16.0525016785,12.6086111069,14.1601915359,17.6071853638,15.1527795792,13.9343929291,12.3073368073,14.0351676941,16.8582286835,18.4908752441,17.6824169159,20.4761753082,16.1117534637,11.1821937561,11.4873323441,9.45157527924,5.43745470047,2.69411301613,2.04542255402,1.00180029869,0.683350324631,0.42478504777,0.199464529753,0.0969656631351,0.050977755338,0.0208981651813,0.00684834597632,0.0014011724852,0.000170142069692,0.0000289688377961,0.0000427545855928],"min":[4.78769856529e-22,2.97197492063e-21,7.73073872425e-21,8.56457717138e-21,5.09723233739e-20,3.88010456692e-20,1.36872529059e-19,1.60619566126e-19,4.33409993193e-19,4.67410554338e-19,8.56560258453e-19,8.18695445528e-19,1.47055662652e-18,1.32310702944e-18,1.51012398394e-18,1.68736562815e-18,3.93698721855e-18,6.32746846489e-18,4.93628260988e-18,5.25238306352e-18,5.8818410399e-18,5.80182827283e-18,7.8765941181e-18,9.54153581042e-18,1.3085998945e-17,1.50146813853e-17,1.31596271185e-17,1.36638664937e-17,1.19475800464e-17,1.6138262318e-17,1.52337866403e-17,1.58155179497e-17,1.40705953368e-17,8.48498297709e-18,9.22614011466e-18,6.09988129987e-18,2.52674250185e-18,1.10115772068e-18,2.84278763779e-19,2.97999150438e-20],"var":[0.0371701046824,5.23658037186,66.6159973145,227.942077637,445.640533447,263.105041504,558.012878418,1618.03112793,4037.13110352,7413.50146484,4209.90771484,2195.66064453,2134.76513672,2817.24414062,1592.15649414,1208.37304688,2147.02148438,6523.92138672,3851.76757812,1729.29711914,6826.68505859,1016.99267578,540.732727051,838.898742676,393.017547607,325.646636963,48.4161300659,25.369972229,17.8563709259,14.1282482147,9.98906421661,1.6969203949,0.833649933338,0.331380873919,0.0843625217676,0.014474705793,0.00215500988998,0.000140486154123,0.00000358460715688,1.52276928844e-8]},"erbbands_crest":{"dmean":2.61807894707,"dmean2":4.29125499725,"dvar":5.84214448929,"dvar2":15.0929012299,"max":31.3295841217,"mean":9.01902961731,"median":8.10104846954,"min":2.07621765137,"var":16.3231124878},"erbbands_flatness_db":{"dmean":0.0155498916283,"dmean2":0.0228084716946,"dvar":0.000238993306994,"dvar2":0.00046757448581,"max":0.404319494963,"mean":0.179746314883,"median":0.181296631694,"min":0.0374427288771,"var":0.00198502000421},"erbbands_kurtosis":{"dmean":0.775374948978,"dmean2":1.24218332767,"dvar":1.41139912605,"dvar2":3.48885893822,"max":39.1516113281,"mean":0.181733086705,"median":-0.330998420715,"min":-1.79955756664,"var":3.79049277306},"erbbands_skewness":{"dmean":0.337497055531,"dmean2":0.524656772614,"dvar":0.0950946733356,"dvar2":0.222249135375,"max":5.7080206871,"mean":0.0730136185884,"median":0.0331013910472,"min":-4.01044273376,"var":0.597090065479},"erbbands_spread":{"dmean":6.62997531891,"dmean2":10.4141597748,"dvar":46.7518730164,"dvar2":110.458534241,"max":125.817321777,"mean":34.2459754944,"median":31.6125030518,"min":2.31445503235,"var":209.749359131},"gfcc":{"cov":[[14320.9814453,66.9777984619,-919.811767578,277.089630127,-562.649963379,227.871963501,-440.249145508,239.666870117,-132.408401489,244.500762939,-130.503433228,-74.0216064453,-172.973220825],[66.9777984619,1644.48120117,-291.493377686,-86.2176513672,323.795074463,-141.005722046,212.506088257,-107.352020264,154.412109375,-141.346710205,112.477859497,-136.500152588,144.060073853],[-919.811767578,-291.493377686,936.061889648,-27.3682365417,47.1444740295,106.712890625,-78.1686706543,19.7265491486,-67.6996917725,21.3107299805,-43.1111335754,89.8955307007,-47.1815795898],[277.089630127,-86.2176513672,-27.3682365417,384.389343262,16.6833534241,41.3119773865,-6.08998584747,-38.8794631958,15.9040441513,-29.4458446503,12.3694553375,-36.846031189,14.6985759735],[-562.649963379,323.795074463,47.1444740295,16.6833534241,394.843933105,31.3370075226,118.836105347,-13.7316436768,31.6214733124,-17.9902458191,-23.1410236359,-40.6272163391,40.2080535889],[227.871963501,-141.005722046,106.712890625,41.3119773865,31.3370075226,191.661865234,12.747803688,56.6652145386,-7.05724287033,14.7574129105,-21.7228527069,-1.10664510727,-34.1963386536],[-440.249145508,212.506088257,-78.1686706543,-6.08998584747,118.836105347,12.747803688,201.245483398,17.9779109955,40.0703315735,-40.2052230835,5.69904279709,-27.7983131409,33.2374420166],[239.666870117,-107.352020264,19.7265491486,-38.8794631958,-13.7316436768,56.6652145386,17.9779109955,130.274185181,19.4389247894,41.7783241272,-15.6514120102,16.0263195038,-20.8828125],[-132.408401489,154.412109375,-67.6996917725,15.9040441513,31.6214733124,-7.05724287033,40.0703315735,19.4389247894,125.237716675,19.2612991333,44.8296508789,-27.0170993805,7.7060136795],[244.500762939,-141.346710205,21.3107299805,-29.4458446503,-17.9902458191,14.7574129105,-40.2052230835,41.7783241272,19.2612991333,127.24874115,21.8346195221,10.9363307953,-29.1311683655],[-130.503433228,112.477859497,-43.1111335754,12.3694553375,-23.1410236359,-21.7228527069,5.69904279709,-15.6514120102,44.8296508789,21.8346195221,107.614715576,7.91353559494,5.40510225296],[-74.0216064453,-136.500152588,89.8955307007,-36.846031189,-40.6272163391,-1.10664510727,-27.7983131409,16.0263195038,-27.0170993805,10.9363307953,7.91353559494,93.5157623291,14.2906513214],[-172.973220825,144.060073853,-47.1815795898,14.6985759735,40.2080535889,-34.1963386536,33.2374420166,-20.8828125,7.7060136795,-29.1311683655,5.40510225296,14.2906513214,107.861335754]],"icov":[[0.000122514902614,-0.000211795937503,0.000161266289069,-0.000205694537726,0.000216202563024,-0.000218992499867,0.000258590240264,-0.000218869783566,0.000255581748206,-0.000382011552574,0.000390145083657,-0.000185986951692,0.000189494880033],[-0.000211795937503,0.001859772834,-0.000223719558562,0.00114168634173,-0.00130787224043,0.000833121303003,-0.000476773711853,0.000497579574585,-0.0012008275371,0.00223139906302,-0.00247740838677,0.00226821633987,-0.0015700077638],[0.000161266289069,-0.000223719558562,0.00162886409089,-0.00019712591893,-0.000221137262997,-0.000958446762525,0.000838207895868,1.62125004977e-7,0.000430682732258,-0.000386572035495,0.000801827467512,-0.00173201004509,0.000871217984241],[-0.000205694537726,0.00114168634173,-0.00019712591893,0.00381373008713,-0.00080441380851,-0.000635935692117,0.000121621655126,0.00135283276904,-0.00123227038421,0.00206938409247,-0.0020740062464,0.00248282565735,-0.00171603553463],[0.000216202563024,-0.00130787224043,-0.000221137262997,-0.00080441380851,0.0046149068512,-0.00127562193666,-0.0016194517957,0.000727726495825,0.000251308985753,-0.00253733131103,0.00300230993889,-0.000314183329465,-0.000190475708223],[-0.000218992499867,0.000833121303003,-0.000958446762525,-0.000635935692117,-0.00127562193666,0.00790926907212,-0.00103394535836,-0.00288834655657,0.000226865362492,0.00116287975106,-0.000971310946625,0.00128071405925,0.00112282857299],[0.000258590240264,-0.000476773711853,0.000838207895868,0.000121621655126,-0.0016194517957,-0.00103394535836,0.00847132038325,-0.00278686545789,-0.00056555744959,0.00224184431136,-0.000508814584464,0.000786748772953,-0.000905407126993],[-0.000218869783566,0.000497579574585,1.62125004977e-7,0.00135283276904,0.000727726495825,-0.00288834655657,-0.00278686545789,0.0129162725061,-0.00372266490012,-0.00295786652714,0.0029792978894,-0.00275593483821,0.00065555924084],[0.000255581748206,-0.0012008275371,0.000430682732258,-0.00123227038421,0.000251308985753,0.000226865362492,-0.00056555744959,-0.00372266490012,0.0130975125358,-0.00271386117674,-0.00362378684804,0.00254305824637,-0.0000222348699026],[-0.000382011552574,0.00223139906302,-0.000386572035495,0.00206938409247,-0.00253733131103,0.00116287975106,0.00224184431136,-0.00295786652714,-0.00271386117674,0.0140267843381,-0.0059321494773,0.00230687204748,-0.0000190698920051],[0.000390145083657,-0.00247740838677,0.000801827467512,-0.0020740062464,0.00300230993889,-0.000971310946625,-0.000508814584464,0.0029792978894,-0.00362378684804,-0.0059321494773,0.0168831627816,-0.00643393071368,0.00253748521209],[-0.000185986951692,0.00226821633987,-0.00173201004509,0.00248282565735,-0.000314183329465,0.00128071405925,0.000786748772953,-0.00275593483821,0.00254305824637,0.00230687204748,-0.00643393071368,0.0190785918385,-0.00644049420953],[0.000189494880033,-0.0015700077638,0.000871217984241,-0.00171603553463,-0.000190475708223,0.00112282857299,-0.000905407126993,0.00065555924084,-0.0000222348699026,-0.0000190698920051,0.00253748521209,-0.00644049420953,0.0138423992321]],"mean":[-20.6106872559,127.273788452,-131.689178467,37.1266212463,-43.5172157288,4.66367721558,-28.2459850311,5.81092500687,-16.4027290344,-1.82363426685,-13.756857872,-7.469394207,-10.4046726227]},"hfc":{"dmean":4.1056265831,"dmean2":6.32907581329,"dvar":21.8113079071,"dvar2":50.3012275696,"max":94.8712463379,"mean":20.0103473663,"median":18.6032829285,"min":1.16531735624e-16,"var":180.736663818},"melbands":{"dmean":[0.00109257153235,0.00199052132666,0.00156000431161,0.000615332624875,0.000289594376227,0.000316229416057,0.000332999567036,0.000296103040455,0.000139015697641,0.000107576939627,0.0000812956204754,0.0000654497271171,0.0000575854392082,0.000029468221328,0.0000274205722235,0.0000347540808434,0.0000423775309173,0.0000311722433253,0.0000212350405491,0.00002082667379,0.0000301532581943,0.0000146633601616,0.00000843952693685,0.00000831269335322,0.00000779603760748,0.00000571745613343,0.00000461572608401,0.0000034750114537,0.00000153990254148,0.0000012358807453,8.22516369681e-7,6.28897510069e-7,4.92396225127e-7,4.1152853214e-7,3.43283062421e-7,2.03367179097e-7,1.33110532374e-7,1.03257846717e-7,8.97573997349e-8,6.34570227476e-8],"dmean2":[0.00179999356624,0.00337599846534,0.00268977880478,0.00106365629472,0.000484404328745,0.00051633088151,0.000520633300766,0.000469774851808,0.000220087327762,0.00017094121722,0.000127785053337,0.000101466226624,0.0000920816892176,0.0000472661085951,0.0000439395262219,0.000055915039411,0.0000676852068864,0.0000502624898218,0.0000340033948305,0.0000329516260535,0.0000482978102809,0.0000238337524934,0.000013633421986,0.0000135347663672,0.0000124015687106,0.00000908438505576,0.00000740507493902,0.00000550964614376,0.0000024146575015,0.00000194439530787,0.00000129636839574,9.83982204161e-7,7.51927814235e-7,6.1826676756e-7,5.17659202615e-7,3.11760317118e-7,1.89879855839e-7,1.55467915874e-7,1.34988098921e-7,9.31146999505e-8],"dvar":[0.00000430232830695,0.0000107031683001,0.00000680396487951,0.0000019710143988,3.6762529021e-7,3.77251808459e-7,3.65807579783e-7,3.28588356524e-7,8.3182449373e-8,4.63322678002e-8,2.29832775034e-8,1.78549086627e-8,1.33885187381e-8,3.01609803799e-9,3.69764707742e-9,5.73982239516e-9,9.82272396755e-9,3.62696672696e-9,1.38620226409e-9,1.44564871185e-9,4.17789713936e-9,8.04229516316e-10,2.49140458264e-10,2.87361967555e-10,2.40312242328e-10,9.87607912117e-11,6.67725805203e-11,6.72252392642e-11,8.1096483695e-12,4.19527043313e-12,2.03874981133e-12,1.86780061903e-12,1.5494054607e-12,1.95410918349e-12,1.64740725402e-12,4.31286164551e-13,1.37826422909e-13,9.05637598334e-14,8.7397408375e-14,5.83861707896e-14],"dvar2":[0.000010526292499,0.0000293319480988,0.0000183958873095,0.00000557748217034,9.86518330137e-7,0.00000101933892438,8.9805234893e-7,8.20234276944e-7,2.082296362e-7,1.23380871742e-7,5.92344306938e-8,4.43486740664e-8,3.4355771561e-8,7.73693997758e-9,8.64456950467e-9,1.4894148137e-8,2.58338310744e-8,9.40230115987e-9,3.48323103694e-9,3.42382855401e-9,1.05600923561e-8,1.99628180653e-9,6.25395568665e-10,7.38390237842e-10,5.91345417078e-10,2.4291157974e-10,1.66261698853e-10,1.63029936773e-10,1.91296579272e-11,1.03681585886e-11,4.71203848509e-12,4.36625778935e-12,3.15205023541e-12,4.01755321719e-12,3.33608618161e-12,8.44970252621e-13,2.58560127519e-13,1.90525939752e-13,1.82169993608e-13,1.31215242664e-13],"max":[0.0243587605655,0.0413998290896,0.0288453511894,0.0192806683481,0.0133070796728,0.00862939283252,0.011113342829,0.00966366939247,0.0105151422322,0.00454111257568,0.00259878276847,0.00362833216786,0.00231158849783,0.00135071657132,0.00236751325428,0.00181696307845,0.0027164039202,0.00142705242615,0.000778526184149,0.000910520670004,0.0017712591216,0.0011649223743,0.000575427722652,0.000776807020884,0.000479354464915,0.000363606028259,0.000184334669029,0.000284102919977,0.0000621236031293,0.0000440609219368,0.0000376648640668,0.0000373888178729,0.0000552287274331,0.0000818204498501,0.0000757249072194,0.0000357994285878,0.0000120378617794,0.0000114094036689,0.0000140081156133,0.0000129743802972],"mean":[0.00149343069643,0.00295332702808,0.00197776360437,0.000806854281109,0.000439797207946,0.000520207860973,0.000578609935474,0.000540720589925,0.000247327552643,0.00019936793251,0.000162593292771,0.00012814666843,0.00010516698967,0.0000566365670238,0.0000552087622054,0.0000679302174831,0.0000830153148854,0.0000638685087324,0.0000454248038295,0.0000422798439104,0.0000570390257053,0.0000271466597042,0.0000169801678567,0.0000165020101122,0.0000168710630533,0.000012529644664,0.000010252068023,0.00000705054026184,0.00000323712902173,0.00000282661858364,0.00000197304484573,0.00000141888972394,0.00000113845715077,9.02705039607e-7,7.39550273465e-7,4.63188371214e-7,3.12727649998e-7,2.42841480258e-7,2.18125705942e-7,1.48482641293e-7],"median":[0.000855693069752,0.00186416320503,0.00115400156938,0.000441183889052,0.000190939332242,0.000151472471771,0.000203333635,0.000163263001014,0.0000859822175698,0.0000922721737879,0.0000806800089777,0.000054811276641,0.0000450767292932,0.0000308076705551,0.0000269962347375,0.0000309241513605,0.0000266690949502,0.0000263221354544,0.0000229146407946,0.0000207266803045,0.0000220813781198,0.0000151674057633,0.00000942487167777,0.00000945458941715,0.00000840241227706,0.00000666552296025,0.00000541807230547,0.00000287649913844,0.00000152133191023,0.00000151001586346,9.98326981971e-7,5.50857066628e-7,4.44956896217e-7,3.36127499168e-7,2.52972853332e-7,1.64045687256e-7,9.45300584476e-8,6.36575876456e-8,5.78872025869e-8,3.60488137119e-8],"min":[3.5739355144e-24,4.13984066197e-24,4.42624884096e-24,4.51359388697e-24,3.84495104497e-24,3.27956536229e-24,6.44132539245e-24,4.64014098123e-24,6.41382491243e-24,4.53017692649e-24,7.34372389231e-24,5.34552107559e-24,3.77524137892e-24,3.78135781195e-24,6.74428111221e-24,7.22036576826e-24,1.21771716885e-23,6.90289343012e-24,7.42402204385e-24,8.16123307017e-24,5.66471746924e-24,7.21223655663e-24,4.15032777885e-24,8.90072863766e-24,6.93355566464e-24,7.16668772796e-24,1.10240518937e-23,8.9352728567e-24,8.90484333614e-24,6.63511380698e-24,8.63521698963e-24,6.48206532504e-24,7.5423559128e-24,9.45343219799e-24,8.34605529165e-24,6.40168552639e-24,9.68175930954e-24,9.54319194723e-24,8.74011892394e-24,6.55712149586e-24],"var":[0.00000477994899484,0.0000127266685013,0.00000688389036441,0.00000164063237662,5.68859888972e-7,7.91855029547e-7,8.37041511659e-7,8.98474979749e-7,2.08212696862e-7,9.58645998139e-8,5.42907123702e-8,4.89755045407e-8,3.0440009624e-8,6.99493973855e-9,9.83799530729e-9,1.37612055084e-8,2.72139359936e-8,1.02029664717e-8,3.97559629661e-9,4.04681665955e-9,1.11149702775e-8,1.62337032705e-9,6.1653027128e-10,5.9264598784e-10,6.64883037516e-10,2.82217832437e-10,1.89983653809e-10,1.42343262177e-10,2.09984894056e-11,1.36657993949e-11,7.79414987412e-12,5.85078816992e-12,4.75062133728e-12,4.85876876927e-12,4.52381101329e-12,1.21082375897e-12,5.68036557461e-13,3.97417450511e-13,3.84727812759e-13,1.96856054136e-13]},"melbands_crest":{"dmean":3.40455341339,"dmean2":5.70093488693,"dvar":8.36489486694,"dvar2":22.7884883881,"max":30.8046474457,"mean":13.6263875961,"median":13.1045227051,"min":2.09598660469,"var":22.6547241211},"melbands_flatness_db":{"dmean":0.0266848001629,"dmean2":0.0418361499906,"dvar":0.000672555877827,"dvar2":0.00150556652807,"max":0.589697957039,"mean":0.226593852043,"median":0.218705803156,"min":0.00488272029907,"var":0.00516210822389},"melbands_kurtosis":{"dmean":6.46620130539,"dmean2":10.5921163559,"dvar":112.655082703,"dvar2":283.570739746,"max":274.392547607,"mean":11.3524980545,"median":5.87221431732,"min":-1.823985219,"var":273.337860107},"melbands_skewness":{"dmean":0.728323757648,"dmean2":1.17112529278,"dvar":0.589066624641,"dvar2":1.44075012207,"max":13.4397935867,"mean":2.50455617905,"median":2.17758989334,"min":-1.81042790413,"var":2.21741008759},"melbands_spread":{"dmean":6.46253633499,"dmean2":10.2299413681,"dvar":82.5038452148,"dvar2":172.731811523,"max":179.665710449,"mean":21.6888904572,"median":18.3953437805,"min":0.523199558258,"var":250.528900146},"mfcc":{"cov":[[9919.08496094,277.089447021,-753.358459473,116.194007874,-249.368530273,-105.469581604,-268.526550293,-95.018157959,-119.663230896,174.306900024,55.6013298035,57.7221260071,1.19286644459],[277.089447021,1609.16040039,-299.795410156,60.3219490051,88.609046936,-6.29029226303,75.9636764526,12.5388727188,91.242515564,-2.02005982399,21.7756900787,-4.86787033081,9.06045627594],[-753.358459473,-299.795410156,704.550476074,-28.3338680267,69.5641860962,34.2669258118,-23.1833763123,27.3750133514,-55.2963027954,-46.5063438416,-0.246769279242,-18.6259841919,15.6132507324],[116.194007874,60.3219490051,-28.3338680267,267.724822998,66.0880661011,57.3495750427,15.6909866333,-5.03732156754,14.4425964355,0.0485512055457,-24.3338184357,-11.3203239441,-9.42164325714],[-249.368530273,88.609046936,69.5641860962,66.0880661011,224.009384155,89.1701202393,36.9259300232,8.09559440613,30.398771286,20.2644176483,12.6226081848,-11.3526611328,-3.91189527512],[-105.469581604,-6.29029226303,34.2669258118,57.3495750427,89.1701202393,143.014419556,56.9294700623,23.2237529755,26.6815738678,18.564239502,5.90640735626,-1.61925768852,-12.3397521973],[-268.526550293,75.9636764526,-23.1833763123,15.6909866333,36.9259300232,56.9294700623,141.751144409,45.3964424133,57.523765564,6.74407482147,-6.82502412796,7.31293678284,-15.9695148468],[-95.018157959,12.5388727188,27.3750133514,-5.03732156754,8.09559440613,23.2237529755,45.3964424133,121.090950012,39.7713165283,6.23489379883,0.672432243824,1.52208769321,2.20782661438],[-119.663230896,91.242515564,-55.2963027954,14.4425964355,30.398771286,26.6815738678,57.523765564,39.7713165283,138.763305664,32.5276527405,-23.1344223022,5.41350078583,-3.37837505341],[174.306900024,-2.02005982399,-46.5063438416,0.0485512055457,20.2644176483,18.564239502,6.74407482147,6.23489379883,32.5276527405,108.233604431,50.4807548523,15.2792320251,3.08498191833],[55.6013298035,21.7756900787,-0.246769279242,-24.3338184357,12.6226081848,5.90640735626,-6.82502412796,0.672432243824,-23.1344223022,50.4807548523,111.233345032,35.2904930115,7.08068418503],[57.7221260071,-4.86787033081,-18.6259841919,-11.3203239441,-11.3526611328,-1.61925768852,7.31293678284,1.52208769321,5.41350078583,15.2792320251,35.2904930115,74.8372879028,26.7215995789],[1.19286644459,9.06045627594,15.6132507324,-9.42164325714,-3.91189527512,-12.3397521973,-15.9695148468,2.20782661438,-3.37837505341,3.08498191833,7.08068418503,26.7215995789,70.2712173462]],"icov":[[0.000126705228467,-0.0000296031957987,0.000113776040962,-0.0000652146190987,0.000111192341137,-0.0000711388056516,0.000268309493549,-0.0000631521324976,0.000171954394318,-0.000275226251688,0.000136708156788,-0.000141797048855,0.00008479465032],[-0.0000296031957987,0.000780726666562,0.000327685702359,-0.000112374160381,-0.000442561664386,0.000417344708694,-0.000401083059842,0.0000634738680674,-0.000534785038326,0.000666333537083,-0.000704540580045,0.000497733126394,-0.000405769387726],[0.000113776040962,0.000327685702359,0.00193937483709,0.000234865801758,-0.000719855248462,-0.000341923499946,0.000500579655636,-0.000675112882163,0.000594815588556,0.000749184924643,-0.000243504691753,0.000413720757933,-0.000545818649698],[-0.0000652146190987,-0.000112374160381,0.000234865801758,0.00448216497898,-0.000976217037532,-0.00151918875054,0.000272568198852,0.000272214354482,0.00021207476675,-0.0000658747594571,0.00135075266007,-0.000155673507834,0.00023281344329],[0.000111192341137,-0.000442561664386,-0.000719855248462,-0.000976217037532,0.00699839927256,-0.00361099792644,0.0000343024912581,0.000833434227388,-0.00102708966006,-0.00057251448743,-0.00117828964721,0.00150275044143,-0.000655627052765],[-0.0000711388056516,0.000417344708694,-0.000341923499946,-0.00151918875054,-0.00361099792644,0.0116776460782,-0.00368053326383,-0.00072181149153,0.000165202334756,-0.00097313412698,-0.000347797584254,-0.000160845462233,0.00100240798201],[0.000268309493549,-0.000401083059842,0.000500579655636,0.000272568198852,0.0000343024912581,-0.00368053326383,0.0116484966129,-0.00274591427296,-0.00248266197741,0.000472947751405,0.00082078849664,-0.0025278578978,0.00279996893369],[-0.0000631521324976,0.0000634738680674,-0.000675112882163,0.000272214354482,0.000833434227388,-0.00072181149153,-0.00274591427296,0.0103644346818,-0.00275897257961,0.000706099381205,-0.00143457541708,0.00131537718698,-0.00136990903411],[0.000171954394318,-0.000534785038326,0.000594815588556,0.00021207476675,-0.00102708966006,0.000165202334756,-0.00248266197741,-0.00275897257961,0.0124028678983,-0.00573318218812,0.00601840764284,-0.00265876599588,0.000709206680767],[-0.000275226251688,0.000666333537083,0.000749184924643,-0.0000658747594571,-0.00057251448743,-0.00097313412698,0.000472947751405,0.000706099381205,-0.00573318218812,0.0157916881144,-0.0087922392413,0.00204055919312,-0.0012329191668],[0.000136708156788,-0.000704540580045,-0.000243504691753,0.00135075266007,-0.00117828964721,-0.000347797584254,0.00082078849664,-0.00143457541708,0.00601840764284,-0.0087922392413,0.0171337686479,-0.00780184427276,0.00234431261197],[-0.000141797048855,0.000497733126394,0.000413720757933,-0.000155673507834,0.00150275044143,-0.000160845462233,-0.0025278578978,0.00131537718698,-0.00265876599588,0.00204055919312,-0.00780184427276,0.0202984455973,-0.00788498762995],[0.00008479465032,-0.000405769387726,-0.000545818649698,0.00023281344329,-0.000655627052765,0.00100240798201,0.00279996893369,-0.00136990903411,0.000709206680767,-0.0012329191668,0.00234431261197,-0.00788498762995,0.0181031990796]],"mean":[-654.046325684,148.802932739,-18.3680477142,34.4292755127,4.81029224396,6.3070898056,0.340966552496,4.60721206665,1.81742525101,5.59212350845,0.71115219593,-1.24943888187,0.473262816668]},"pitch_salience":{"dmean":0.073863171041,"dmean2":0.12355619669,"dvar":0.0040916367434,"dvar2":0.0112703377381,"max":0.955702841282,"mean":0.536079645157,"median":0.535608708858,"min":0.172732323408,"var":0.00985604338348},"silence_rate_20dB":{"dmean":0,"dmean2":0,"dvar":0,"dvar2":0,"max":1,"mean":1,"median":1,"min":1,"var":0},"silence_rate_30dB":{"dmean":0.010607521981,"dmean2":0.0212167482823,"dvar":0.0104938168079,"dvar2":0.0305748898536,"max":1,"mean":0.994294881821,"median":1,"min":0,"var":0.00567231280729},"silence_rate_60dB":{"dmean":0.00835744105279,"dmean2":0.0167162250727,"dvar":0.00828646868467,"dvar2":0.0167605020106,"max":1,"mean":0.071353957057,"median":0,"min":0,"var":0.0662663653493},"spectral_centroid":{"dmean":231.946517944,"dmean2":358.38293457,"dvar":79895.8046875,"dvar2":152369.453125,"max":11611.0400391,"mean":1233.69042969,"median":1148.14245605,"min":129.511489868,"var":390717.84375},"spectral_complexity":{"dmean":3.04243016243,"dmean2":4.71445798874,"dvar":9.66037368774,"dvar2":20.0156078339,"max":53,"mean":20.188911438,"median":20,"min":0,"var":102.794433594},"spectral_contrast_coeffs":{"dmean":[0.0579839423299,0.0488189831376,0.039367672056,0.0292876176536,0.0215677563101,0.0169155504555],"dmean2":[0.0971908196807,0.0797536000609,0.0626691356301,0.0479439869523,0.0349964648485,0.0266259070486],"dvar":[0.00239822245203,0.00147442892194,0.000989324646071,0.00054173450917,0.000316621648381,0.00024842392304],"dvar2":[0.00648785848171,0.0038666180335,0.00249321223237,0.0014020584058,0.000787914381362,0.000571183685679],"max":[-0.251262038946,-0.396536558867,-0.477694451809,-0.477703303099,-0.587809979916,-0.574517548084],"mean":[-0.637809157372,-0.713183164597,-0.745478212833,-0.767415702343,-0.77290803194,-0.734244346619],"median":[-0.643787026405,-0.717857241631,-0.747151255608,-0.766053378582,-0.771874845028,-0.732849478722],"min":[-0.987369596958,-0.987635135651,-0.982671618462,-0.970477461815,-0.962656378746,-0.964658558369],"var":[0.00657424237579,0.00729002943262,0.0050494838506,0.00318980962038,0.00220798468217,0.00220325239934]},"spectral_contrast_valleys":{"dmean":[0.424727082253,0.371323436499,0.325245708227,0.278305143118,0.245437130332,0.262313812971],"dmean2":[0.687388777733,0.589208960533,0.510891675949,0.43194308877,0.357327580452,0.348415404558],"dvar":[0.153835117817,0.166486129165,0.119131982327,0.11087525636,0.117422804236,0.149361684918],"dvar2":[0.335379213095,0.330706626177,0.226806655526,0.201286420226,0.193602442741,0.241094097495],"max":[-5.03322839737,-4.79045915604,-5.56284713745,-5.65329551697,-5.78808355331,-8.00736045837],"mean":[-7.09089422226,-6.77163314819,-7.40183448792,-7.63791036606,-7.64586162567,-11.0157766342],"median":[-6.78414964676,-6.55965518951,-7.1793422699,-7.38343811035,-7.40358018875,-10.7472629547],"min":[-27.2855033875,-27.6618022919,-27.4780750275,-27.444486618,-27.300661087,-27.3159370422],"var":[1.88615739346,1.6092761755,1.52981650829,1.56123077869,1.58367180824,1.81937777996]},"spectral_decrease":{"dmean":3.17592885324e-9,"dmean2":5.17990628168e-9,"dvar":1.94996463948e-17,"dvar2":4.87413628231e-17,"max":3.98348114085e-20,"mean":-8.8324165759e-9,"median":-8.31861513007e-9,"min":-4.79502304529e-8,"var":3.5308333487e-17},"spectral_energy":{"dmean":0.0122501347214,"dmean2":0.0199548974633,"dvar":0.000286251481157,"dvar2":0.000715630885679,"max":0.183698385954,"mean":0.0351504050195,"median":0.0334449671209,"min":1.04531282529e-20,"var":0.000536113802809},"spectral_energyband_high":{"dmean":0.000117305811727,"dmean2":0.00016494661395,"dvar":5.58131851847e-8,"dvar2":1.01933444796e-7,"max":0.00780201796442,"mean":0.00036519614514,"median":0.000170365077793,"min":7.4381429696e-21,"var":2.76121511433e-7},"spectral_energyband_low":{"dmean":0.00874037109315,"dmean2":0.01441459544,"dvar":0.000192011633771,"dvar2":0.000484262447571,"max":0.162131011486,"mean":0.0145289823413,"median":0.0100616151467,"min":4.73435945119e-23,"var":0.000258932035649},"spectral_energyband_middle_high":{"dmean":0.0015040775761,"dmean2":0.00232448219322,"dvar":0.00000358224679076,"dvar2":0.0000088414790298,"max":0.0386956110597,"mean":0.00620591174811,"median":0.00509725650772,"min":1.31596024307e-21,"var":0.000026673416869},"spectral_energyband_middle_low":{"dmean":0.00709087960422,"dmean2":0.0117835141718,"dvar":0.000110014676466,"dvar2":0.000295403558994,"max":0.131417900324,"mean":0.0163223203272,"median":0.0134776886553,"min":2.2469492457e-22,"var":0.000186825971468},"spectral_entropy":{"dmean":0.138203561306,"dmean2":0.212181478739,"dvar":0.0223559979349,"dvar2":0.0474243275821,"max":9.82154560089,"mean":7.38021755219,"median":7.42061090469,"min":5.00433397293,"var":0.16318012774},"spectral_flux":{"dmean":0.0269049294293,"dmean2":0.042923156172,"dvar":0.00105564261321,"dvar2":0.00215476681478,"max":0.377890408039,"mean":0.0991513431072,"median":0.0968019515276,"min":6.63566146475e-11,"var":0.00273777963594},"spectral_kurtosis":{"dmean":2.39952087402,"dmean2":4.14229154587,"dvar":8.726603508,"dvar2":24.6971435547,"max":95.8397827148,"mean":6.11012458801,"median":5.01452636719,"min":-1.25421571732,"var":20.7897853851},"spectral_rms":{"dmean":0.000947405642364,"dmean2":0.00151142245159,"dvar":0.00000121323944313,"dvar2":0.00000292721142614,"max":0.0133872302249,"mean":0.0054500438273,"median":0.00571220042184,"min":3.19345786794e-12,"var":0.00000459008469988},"spectral_rolloff":{"dmean":431.386383057,"dmean2":724.034301758,"dvar":1207912.625,"dvar2":2268570.75,"max":20758.0078125,"mean":1262.63696289,"median":947.4609375,"min":21.533203125,"var":2090704.875},"spectral_skewness":{"dmean":0.254423201084,"dmean2":0.420438617468,"dvar":0.0693780258298,"dvar2":0.186161726713,"max":8.11228942871,"mean":1.58284759521,"median":1.50303637981,"min":-0.0588553249836,"var":0.337274551392},"spectral_spread":{"dmean":330460.875,"dmean2":484939.78125,"dvar":452621697024,"dvar2":783552610304,"max":42091736,"mean":3407354,"median":3137447,"min":852321.8125,"var":1884881027070},"spectral_strongpeak":{"dmean":0.535167694092,"dmean2":0.93481606245,"dvar":0.778474986553,"dvar2":2.01259446144,"max":11.0969696045,"mean":0.846589207649,"median":0.449620038271,"min":0,"var":1.09120941162},"zerocrossingrate":{"dmean":0.00759872980416,"dmean2":0.00913799740374,"dvar":0.000172885644133,"dvar2":0.000217991590034,"max":0.51953125,"mean":0.0487844571471,"median":0.04248046875,"min":0.0029296875,"var":0.00160031183623}},"metadata":{"audio_properties":{"analysis_sample_rate":44100,"bit_rate":320000,"codec":"mp3","downmix":"mix","equal_loudness":0,"length":288.94039917,"lossless":false,"md5_encoded":"c982bd34d898ae3db5947f140a41e64b","replay_gain":-13.330286026,"sample_rate":44100},"tags":{"acoustid_id":["2211a781-6a4f-4c78-8b57-a2a27758e3bc"],"album":["Post Pop Depression"],"albumartist":["Iggy Pop"],"albumartistsort":["Pop, Iggy"],"artist":["Iggy Pop"],"artistsort":["Pop, Iggy"],"date":["2016"],"discnumber":["1/1"],"file_name":"07 German Days.mp3","label":["Concord Music Group/Loma Vista Recordings"],"media":["CD"],"musicbrainz album release country":["US"],"musicbrainz album status":["official"],"musicbrainz album type":["album"],"musicbrainz_albumartistid":["f37b3f31-b1f8-4b88-8cb5-b34f709b17d7"],"musicbrainz_albumid":["cb26816f-ef44-4f63-9c1c-d3744356a8b9"],"musicbrainz_artistid":["f37b3f31-b1f8-4b88-8cb5-b34f709b17d7"],"musicbrainz_recordingid":["f79463b9-2216-4b82-afe8-646f1cc23933"],"musicbrainz_releasegroupid":["4277f167-a71e-46bb-a69e-439dcd5a37e2"],"originaldate":["2016"],"originalyear":["2016"],"script":["Latn"],"title":["German Days"],"tracknumber":["7/9"]},"version":{"essentia":"2.1-beta2","essentia_build_sha":"70f2e5ece6736b2c40cc944ad0e695b16b925413","essentia_git_sha":"v2.1_beta2","extractor":"music 1.0"}},"rhythm":{"beats_count":687,"beats_loudness":{"dmean":0.0230385474861,"dmean2":0.0396938025951,"dvar":0.000371232104953,"dvar2":0.000986246857792,"max":0.127830594778,"mean":0.0494943484664,"median":0.0482111684978,"min":3.57685365701e-12,"var":0.000617307203356},"beats_loudness_band_ratio":{"dmean":[0.196247890592,0.0853522643447,0.100492596626,0.0522591434419,0.0518024750054,0.0346329621971],"dmean2":[0.32699650526,0.146255105734,0.169480890036,0.0868677645922,0.0867100954056,0.0627732351422],"dvar":[0.026021