{"lowlevel":{"average_loudness":0.3231100142,"barkbands":{"dmean":[0.0000567434690311,0.00345564773306,0.000478837057017,0.000199933143449,0.00022407497454,0.000102617741504,0.000127330626128,0.000281081302091,0.000578513019718,0.00056405417854,0.000279391999356,0.000425914331572,0.000477741647046,0.000590692274272,0.00073165865615,0.000426913698902,0.000378687283956,0.000258279003901,0.000258350744843,0.000206440818147,0.000180400078534,0.000147400671267,0.0000842199078761,0.0000594227058173,0.000054415937484,0.0000397474759666,0.000033416232327],"dmean2":[0.0000917061843211,0.0061177527532,0.000804433890153,0.000333913165377,0.00036986003397,0.000164375902386,0.000201838469366,0.000418662239099,0.000864718109369,0.000840425956994,0.000424954807386,0.000669951550663,0.000759630056564,0.000946841784753,0.0011643479811,0.000683035992552,0.000616076227743,0.000423041405156,0.000446161109721,0.000357486802386,0.000298937258776,0.000241159141297,0.000132080735057,0.0000891895178938,0.0000742724369047,0.0000560627959203,0.0000512298174726],"dvar":[4.30400746154e-8,0.00021604639187,0.00000338272798217,4.31723691463e-7,3.97593879597e-7,5.2748742263e-8,2.27207067383e-7,0.00000118698687857,0.00000426339101978,0.00000443913813797,7.53809217713e-7,0.00000161788580044,0.00000216698867916,0.00000268083726951,0.00000403749845646,0.00000161248499353,8.90685669219e-7,3.69535229083e-7,5.20515527569e-7,3.68740359136e-7,2.66459494469e-7,1.95025521066e-7,6.30984686723e-8,2.62460382316e-8,1.47311363108e-8,6.98527324872e-9,6.57989396302e-9],"dvar2":[1.02498148635e-7,0.000602443877142,0.00000908528454602,0.00000112843088118,0.0000010493689615,1.37598803462e-7,5.74246882934e-7,0.00000249179765888,0.00000928426561586,0.00000968356289377,0.00000166703705418,0.00000381708150599,0.00000489191961606,0.00000665395236865,0.00000987411294773,0.00000362178684554,0.00000211992573895,9.27391567984e-7,0.00000144053808526,0.00000102535886981,7.02186753188e-7,4.99696682255e-7,1.49619694412e-7,5.87982000866e-8,2.61651926792e-8,1.31891555455e-8,1.49103964731e-8],"max":[0.0020081596449,0.15591044724,0.0209723692387,0.0118360668421,0.0193855017424,0.00568315340206,0.017378019169,0.0449942871928,0.0721552297473,0.0569638758898,0.0373476706445,0.0425728745759,0.0580618828535,0.0356144048274,0.0558907799423,0.0590662658215,0.0315435193479,0.0173817947507,0.0137727670372,0.00697128660977,0.00661610532552,0.00752920471132,0.00378675642423,0.00255352677777,0.00347826466896,0.00186799513176,0.00156210211571],"mean":[0.000051425453421,0.00256343255751,0.000454617344076,0.000225525553105,0.000305494497297,0.00017350690905,0.000190269434825,0.000429421343142,0.000921458355151,0.000986557453871,0.000423509889515,0.000591764575802,0.000636722659692,0.000812111073174,0.00106918846723,0.000657783879433,0.000547999283299,0.000404858437832,0.000302619038848,0.000219302834012,0.00020866637351,0.000172984800884,0.000102606580185,0.0000882015010575,0.000108879212348,0.0000679307631799,0.0000336885132128],"median":[0.00000556812256036,0.000101794954389,0.0000325276341755,0.0000395106544602,0.00013903240324,0.0000711280008545,0.0000364393199561,0.0000609804410487,0.000108649437607,0.0000742339470889,0.0000745577344787,0.000108143009129,0.000124960934045,0.000183367112186,0.000199114263523,0.000164496290381,0.000113794885692,0.000113995600259,0.0000624395179329,0.0000406529834436,0.000024516850317,0.0000242025034822,0.0000162602682394,0.0000173109219759,0.0000191503277165,0.0000112376865218,0.00000270890404863],"min":[1.25059971059e-11,1.78239454446e-12,1.50808196226e-12,6.621789163e-13,8.53897161313e-12,7.06442456616e-12,1.3805107231e-12,1.00270150256e-12,1.44343749193e-12,5.41574597668e-13,2.8812046607e-13,3.41421118807e-13,1.11015081676e-12,9.05898077906e-13,3.4721146314e-13,6.22551597947e-13,6.08135829021e-13,5.65095550648e-13,3.44088635622e-13,3.46515893236e-13,1.48451441569e-13,2.11119330026e-13,2.33341991562e-13,2.34636203696e-13,1.45631147115e-13,3.45967368252e-13,4.94985834005e-13],"var":[3.75753081983e-8,0.000142614546348,0.0000024742239475,3.4274185623e-7,3.77782242822e-7,8.92837874744e-8,3.14679766689e-7,0.00000267122322839,0.00000979301057669,0.0000144610839925,0.00000156827729825,0.00000290237971967,0.00000365694359061,0.00000408373489336,0.00000832923706184,0.00000387332465834,0.00000152840357259,8.21238643312e-7,5.2149783869e-7,2.89316886892e-7,2.70777746891e-7,2.01363945962e-7,7.17616401857e-8,3.97850321576e-8,5.78067691492e-8,2.3142199268e-8,7.80948017365e-9]},"barkbands_crest":{"dmean":2.89503574371,"dmean2":4.6842455864,"dvar":9.01332569122,"dvar2":23.6355743408,"max":25.5757865906,"mean":8.76560878754,"median":7.60515832901,"min":1.91430091858,"var":19.8736381531},"barkbands_flatness_db":{"dmean":0.0223905667663,"dmean2":0.0340275727212,"dvar":0.000526948831975,"dvar2":0.00130438106135,"max":0.33852493763,"mean":0.0999757647514,"median":0.0934312194586,"min":0.0110618798062,"var":0.00197612936608},"barkbands_kurtosis":{"dmean":1.76507365704,"dmean2":2.92024588585,"dvar":19.0481147766,"dvar2":49.0048408508,"max":211.874099731,"mean":1.20559942722,"median":0.0862950235605,"min":-1.89115786552,"var":26.0706806183},"barkbands_skewness":{"dmean":0.521381378174,"dmean2":0.807541847229,"dvar":0.436533153057,"dvar2":1.1268620491,"max":12.8538331985,"mean":0.396093249321,"median":0.262427717447,"min":-4.80092954636,"var":1.11441636086},"barkbands_spread":{"dmean":7.9144115448,"dmean2":12.4257144928,"dvar":95.8972396851,"dvar2":242.819274902,"max":119.609817505,"mean":26.7125377655,"median":23.8197822571,"min":1.60360658169,"var":227.556213379},"dissonance":{"dmean":0.014709232375,"dmean2":0.0248606074601,"dvar":0.000275224389043,"dvar2":0.000748144637328,"max":0.500000119209,"mean":0.476225674152,"median":0.483290433884,"min":0.271109193563,"var":0.00052055035485},"dynamic_complexity":5.92620754242,"erbbands":{"dmean":[0.0793831199408,0.821610331535,0.876859605312,0.490804851055,0.836333453655,0.768871724606,0.667640089989,0.944426476955,1.35690152645,3.06140565872,7.1877117157,11.4731092453,18.0596580505,14.9037971497,11.8905229568,17.891834259,21.7296257019,28.83335495,35.811252594,29.9007015228,21.479259491,18.1636886597,14.312166214,9.09082508087,17.0456218719,8.88056850433,8.03733253479,6.23676776886,5.50835561752,3.17295360565,2.43363642693,1.37834501266,1.0256870985,0.666037261486,0.369241535664,0.16948582232,0.0723596587777,0.031483925879,0.00591598218307,0.000264602829702],"dmean2":[0.139252319932,1.46877920628,1.46236860752,0.819440901279,1.3778989315,1.29030168056,1.09066867828,1.51052689552,2.18997812271,4.73530101776,10.680685997,17.0133857727,27.1986751556,21.5995464325,18.2114257813,28.1665687561,34.145980835,46.4710769653,57.0548973083,46.9421844482,34.2055130005,29.2177524567,23.3285694122,14.772892952,30.3075199127,15.2405986786,13.4943151474,10.2536506653,9.07230758667,4.93387079239,3.87529087067,2.10333371162,1.53912210464,0.925041437149,0.514910817146,0.23734125495,0.103032074869,0.0473344027996,0.00912845321,0.000404905993491],"dvar":[0.10975073278,12.4364833832,11.653591156,2.22064137459,8.9850692749,3.56182193756,1.91882801056,5.63589286804,25.9903793335,111.283187866,813.77331543,2248.39233398,4540.87402344,4271.34521484,1159.70153809,2795.67211914,4510.58154297,6890.13037109,7585.63574219,8139.97753906,4190.81787109,2010.22814941,1072.58483887,543.71105957,2923.86206055,623.616943359,509.664031982,357.353973389,282.544677734,84.9058532715,54.4753837585,15.0396213531,7.27371311188,2.26175427437,0.693524479866,0.132391527295,0.0236652065068,0.00523582892492,0.00021958637808,4.07360090549e-7],"dvar2":[0.303582876921,34.8954658508,30.216299057,5.9859380722,23.0103969574,9.40047836304,5.09488773346,14.6409854889,65.2177124023,253.73727417,1773.04699707,4834.03955078,9800.11914063,9041.484375,2612.70458984,6520.63378906,9708.57421875,17117.4902344,18708.2460938,19234.8007813,9744.5703125,4683.65527344,2705.72705078,1335.24658203,8368.05859375,1711.57946777,1369.7121582,921.726867676,726.281066895,197.883468628,133.568984985,34.779838562,16.2836894989,4.19088220596,1.29340064526,0.246720790863,0.0447648093104,0.0112776542082,0.000509335193783,9.23788036289e-7],"max":[3.39110350609,37.4016227722,33.6203346252,29.8247451782,62.5895004272,60.4227790833,28.0748901367,63.0240478516,307.540161133,411.987731934,1197.1418457,2276.72094727,1755.11730957,2470.45874023,1278.75402832,1903.57348633,3019.18457031,2099.83447266,1976.51525879,3070.60913086,3796.34375,1624.12145996,1019.74572754,1125.95239258,761.488891602,333.096557617,287.474395752,271.668243408,311.174621582,159.290252686,108.845436096,69.7123413086,45.2839546204,35.4095573425,29.7911987305,9.51191139221,3.96343493462,1.7266048193,0.297593086958,0.0110243940726],"mean":[0.0623441785574,0.59532147646,0.76903873682,0.569839417934,0.932193875313,1.10420310497,1.07229626179,1.5565956831,2.06610631943,4.84373140335,11.4498376846,18.354473114,30.1821479797,28.7557430267,19.7296066284,25.8979797363,31.2293224335,41.1351013184,51.4334068298,47.4123573303,36.0912246704,28.8005714417,23.4194946289,14.2280025482,17.8413085938,10.2583246231,9.45218276978,7.04010391235,6.26446199417,4.18134975433,2.85624694824,1.8883742094,1.5424861908,1.24253118038,0.724923729897,0.321026414633,0.118888691068,0.0372531525791,0.00591155514121,0.000269825599389],"median":[0.00235516228713,0.021216833964,0.0483605824411,0.102159060538,0.224836796522,0.540340423584,0.551962852478,0.554899930954,0.515555083752,0.812918782234,2.12797260284,2.74780344963,2.79714107513,3.74866294861,5.00669002533,5.81913471222,7.40050363541,10.8719387054,11.0200853348,10.7112884521,8.73711490631,7.24206829071,6.96423530579,4.17633771896,3.22476124763,2.09385967255,1.20165419579,0.87569385767,0.844130754471,0.703952670097,0.424269855022,0.337329804897,0.297365486622,0.211737990379,0.127229914069,0.0552857033908,0.0190765354782,0.00456944201142,0.000466775411041,0.0000324960747093],"min":[7.15921488759e-10,3.53184398394e-10,1.31389188418e-9,4.60317295392e-9,1.92018738687e-8,2.95316695542e-8,5.93188183018e-8,5.16429139452e-8,1.91134024163e-8,2.84711223486e-8,2.17367439603e-8,3.56678917512e-8,1.84162587402e-8,1.16723617438e-8,1.39545326405e-8,1.95587031016e-8,5.17103693198e-8,4.44103811503e-8,3.59961376262e-8,3.01511846601e-8,3.58585445781e-8,3.24158762055e-8,2.86537691352e-8,2.52880010265e-8,1.56482293789e-8,1.77446235483e-8,8.30676771812e-9,5.52110490659e-9,9.91315651788e-9,3.72004915761e-9,8.59687165899e-9,4.50334702862e-9,4.13192413617e-9,1.57774604492e-9,1.1041790815e-9,1.04229491704e-9,8.25955304151e-10,1.83051657165e-10,4.40674129132e-11,1.05013315752e-11],"var":[0.0758596509695,8.01554393768,8.86243057251,1.74915146828,7.25171041489,4.7529335022,2.72592067719,9.19583129883,34.4078025818,225.656555176,1728.44177246,4494.01171875,12477.1074219,16257.7851563,2346.08496094,5167.91552734,8470.27441406,10695.9736328,12109.6855469,19367.2617188,11147.0488281,4033.95263672,2392.7722168,1135.40344238,2193.70556641,550.458435059,530.46673584,349.489593506,281.257659912,106.01209259,57.8125724792,19.5993309021,12.1544065475,7.25978946686,2.70472049713,0.547297120094,0.0729172378778,0.00802133139223,0.000248431693763,4.66239640673e-7]},"erbbands_crest":{"dmean":3.11402702332,"dmean2":5.02477836609,"dvar":8.01940345764,"dvar2":20.0852375031,"max":31.702911377,"mean":10.2483921051,"median":9.06842803955,"min":2.22930836678,"var":24.2737083435},"erbbands_flatness_db":{"dmean":0.0240340828896,"dmean2":0.0332255475223,"dvar":0.000518423621543,"dvar2":0.000945986364968,"max":0.414893448353,"mean":0.167948052287,"median":0.163784429431,"min":0.0252641905099,"var":0.00298831402324},"erbbands_kurtosis":{"dmean":1.24672102928,"dmean2":2.00599145889,"dvar":2.98775529861,"dvar2":7.12815284729,"max":38.2491226196,"mean":1.4216145277,"median":0.826443254948,"min":-1.70756626129,"var":5.87371492386},"erbbands_skewness":{"dmean":0.399209111929,"dmean2":0.615955412388,"dvar":0.144047513604,"dvar2":0.335146635771,"max":4.58497571945,"mean":0.0615075416863,"median":0.0619457773864,"min":-3.84540104866,"var":0.587677359581},"erbbands_spread":{"dmean":6.36617469788,"dmean2":9.90781497955,"dvar":58.9421539307,"dvar2":142.836151123,"max":174.55531311,"mean":24.9118995667,"median":22.3363361359,"min":1.29548680782,"var":182.634170532},"gfcc":{"cov":[[12773.6884766,-933.411987305,-213.45854187,170.441848755,-163.141021729,398.015655518,293.475006104,218.770446777,-62.9944992065,-67.4845123291,-264.46194458,-90.6421585083,-218.233001709],[-933.411987305,2143.47827148,-13.3666238785,218.558807373,263.337127686,-30.4891777039,121.951797485,-27.2361392975,28.3518600464,-70.2911682129,79.8647766113,-74.7592315674,-24.2557258606],[-213.45854187,-13.3666238785,1117.39550781,206.713088989,275.675323486,83.5223464966,83.6917114258,26.1188526154,14.861448288,60.8702087402,0.470719963312,-10.9128932953,-55.7230987549],[170.441848755,218.558807373,206.713088989,631.373718262,220.378326416,126.355125427,110.404670715,-2.0817553997,41.582572937,-1.65981841087,3.42311167717,-30.9288883209,3.45585036278],[-163.141021729,263.337127686,275.675323486,220.378326416,467.797210693,104.84085083,180.095062256,24.0463867188,46.8839569092,14.9723625183,8.10531044006,-14.946182251,9.49643611908],[398.015655518,-30.4891777039,83.5223464966,126.355125427,104.84085083,247.220657349,129.607376099,45.4303016663,6.44399404526,0.752111911774,-21.3489227295,2.23410701752,7.80972862244],[293.475006104,121.951797485,83.6917114258,110.404670715,180.095062256,129.607376099,264.657897949,62.859752655,40.6854286194,-8.60236263275,-12.2202615738,-11.772028923,1.83460628986],[218.770446777,-27.2361392975,26.1188526154,-2.0817553997,24.0463867188,45.4303016663,62.859752655,170.624160767,54.8448562622,16.1158828735,-3.79549026489,3.42862033844,-9.83995819092],[-62.9944992065,28.3518600464,14.861448288,41.582572937,46.8839569092,6.44399404526,40.6854286194,54.8448562622,131.05569458,20.1726551056,8.77775764465,3.4969394207,-4.22697401047],[-67.4845123291,-70.2911682129,60.8702087402,-1.65981841087,14.9723625183,0.752111911774,-8.60236263275,16.1158828735,20.1726551056,106.972595215,39.1086425781,2.75860285759,2.58563303947],[-264.46194458,79.8647766113,0.470719963312,3.42311167717,8.10531044006,-21.3489227295,-12.2202615738,-3.79549026489,8.77775764465,39.1086425781,99.0898666382,33.0233383179,-3.62218880653],[-90.6421585083,-74.7592315674,-10.9128932953,-30.9288883209,-14.946182251,2.23410701752,-11.772028923,3.42862033844,3.4969394207,2.75860285759,33.0233383179,88.7212982178,27.5317783356],[-218.233001709,-24.2557258606,-55.7230987549,3.45585036278,9.49643611908,7.80972862244,1.83460628986,-9.83995819092,-4.22697401047,2.58563303947,-3.62218880653,27.5317783356,96.1638259888]],"icov":[[0.0000994116417132,0.0000340746191796,0.0000474767366541,-0.0000507429977006,0.0000556415543542,-0.0000885509434738,-0.000107462292362,-0.0000790304402472,0.000106323313958,-0.0000626336186542,0.00024782307446,-0.0000669072251185,0.000294040772133],[0.0000340746191796,0.000625977874734,0.000074518720794,-0.000109807057015,-0.00028565901448,0.000180481278221,-0.000181236173376,0.00000471125031254,-0.0000156157129823,0.000727271544747,-0.000909581314772,0.000764631840866,0.0000264228165179],[0.0000474767366541,0.000074518720794,0.00121123890858,-0.000254744139966,-0.000687751977239,-0.0000615684766672,0.0000783845462138,-0.00010373191617,0.00034863196197,-0.000795531901531,0.000601990555879,-0.000481486349599,0.00109560589772],[-0.0000507429977006,-0.000109807057015,-0.000254744139966,0.00219197827391,-0.000608333386481,-0.000918872130569,0.000158206064953,0.00051248667296,-0.000738157017622,0.000481445575133,-0.000689132779371,0.000944402127061,-0.000526851275936],[0.0000556415543542,-0.00028565901448,-0.000687751977239,-0.000608333386481,0.00390434032306,-0.000219926485443,-0.00202628248371,0.000397881260142,-0.000523421680555,-0.000400517456001,-0.0000747724989196,0.000168616708834,-0.000674106355291],[-0.0000885509434738,0.000180481278221,-0.0000615684766672,-0.000918872130569,-0.000219926485443,0.00638498272747,-0.00254817469977,-0.0008707655943,0.00117676577065,-0.000638695026282,0.00122723146342,-0.00117633095942,-0.000243489310378],[-0.000107462292362,-0.000181236173376,0.0000783845462138,0.000158206064953,-0.00202628248371,-0.00254817469977,0.00705894408748,-0.00136442645453,-0.00103145290632,0.00116045644972,-0.00035574415233,0.00078546651639,-0.000431912019849],[-0.0000790304402472,0.00000471125031254,-0.00010373191617,0.00051248667296,0.000397881260142,-0.0008707655943,-0.00136442645453,0.00776884658262,-0.00297037325799,-0.000942432787269,0.000523320690263,-0.000559637206607,0.000670425186399],[0.000106323313958,-0.0000156157129823,0.00034863196197,-0.000738157017622,-0.000523421680555,0.00117676577065,-0.00103145290632,-0.00297037325799,0.00986964441836,-0.00180728652049,0.00062433257699,-0.00112363568041,0.000965389306657],[-0.0000626336186542,0.000727271544747,-0.000795531901531,0.000481445575133,-0.000400517456001,-0.000638695026282,0.00116045644972,-0.000942432787269,-0.00180728652049,0.0135066015646,-0.00729484250769,0.00383137911558,-0.00227843411267],[0.00024782307446,-0.000909581314772,0.000601990555879,-0.000689132779371,-0.0000747724989196,0.00122723146342,-0.00035574415233,0.000523320690263,0.00062433257699,-0.00729484250769,0.0174956209958,-0.00832295697182,0.00394008681178],[-0.0000669072251185,0.000764631840866,-0.000481486349599,0.000944402127061,0.000168616708834,-0.00117633095942,0.00078546651639,-0.000559637206607,-0.00112363568041,0.00383137911558,-0.00832295697182,0.0170673951507,-0.00561759807169],[0.000294040772133,0.0000264228165179,0.00109560589772,-0.000526851275936,-0.000674106355291,-0.000243489310378,-0.000431912019849,0.000670425186399,0.000965389306657,-0.00227843411267,0.00394008681178,-0.00561759807169,0.0137502867728]],"mean":[-55.6032485962,38.0398330688,-136.193939209,8.34919166565,-39.2724266052,13.7324571609,-36.6990280151,8.67773342133,-22.5497837067,3.93774700165,-18.5982036591,1.25464046001,-9.7214422226]},"hfc":{"dmean":9.50120735168,"dmean2":14.3900136948,"dvar":432.76348877,"dvar2":1014.77874756,"max":269.968383789,"mean":19.3968658447,"median":8.04567909241,"min":4.391083408e-8,"var":832.585754395},"melbands":{"dmean":[0.00086689949967,0.000709714484401,0.000103254060377,0.0000545107795915,0.0000250055563811,0.0000206846470974,0.0000221584650717,0.0000382338657801,0.0000613088268437,0.0000798605033197,0.0000905335036805,0.0000624149979558,0.0000409457752539,0.0000484943338961,0.0000439295836259,0.0000534390383109,0.000053385974752,0.0000566727940168,0.0000513836275786,0.0000319628852594,0.0000273233999906,0.0000205724281841,0.0000192263833014,0.0000115369002742,0.00000662448064759,0.0000124868965941,0.0000113777587103,0.00000464575759906,0.00000530461602466,0.00000388651278627,0.00000380023539037,0.000003217684025,0.00000270988243756,0.00000152083305238,0.00000150911932906,0.00000104548325908,8.20859725081e-7,7.78575213189e-7,6.38127460206e-7,5.59937404887e-7],"dmean2":[0.00154250813648,0.00122338184156,0.000171204199432,0.0000898728176253,0.0000410378597735,0.0000329865506501,0.0000356353630195,0.0000584634326515,0.0000909450827749,0.000118457646749,0.000136375412694,0.0000910829912755,0.0000622513907729,0.0000758516398491,0.0000699020238244,0.0000851209479151,0.0000862055676407,0.000090563276899,0.0000807705073385,0.0000505474963575,0.0000438080751337,0.0000333716889145,0.0000313490527333,0.0000190054288396,0.000010632725207,0.0000219667763304,0.0000204625284823,0.00000776676097303,0.00000895698212844,0.00000644865394861,0.00000628600764685,0.00000532351532456,0.00000445317937192,0.00000232777006204,0.00000240728377321,0.00000166719848949,0.00000126191639538,0.00000120147126381,9.26798747969e-7,7.88109787209e-7],"dvar":[0.0000135914051498,0.00000839213771542,1.02718402673e-7,2.55192400545e-8,2.77487566258e-9,2.63554489344e-9,6.74841116322e-9,1.6685586246e-8,5.68048044158e-8,1.03263289475e-7,1.13653378264e-7,7.93012802092e-8,1.54085704196e-8,2.22219203039e-8,1.67769744763e-8,2.50071412466e-8,2.68040292184e-8,1.99282865765e-8,2.86080332756e-8,9.16002473872e-9,6.8799206332e-9,3.39164674124e-9,2.43019249169e-9,6.93658630535e-10,3.56794399581e-10,1.38373701386e-9,1.45813838781e-9,1.4525607106e-10,2.17354037546e-10,1.28055802073e-10,1.30915958629e-10,9.90977647164e-11,6.52411805135e-11,1.98706676113e-11,2.05171504786e-11,9.74419329947e-12,5.24788025535e-12,4.47749433016e-12,2.34851135934e-12,1.61047726804e-12],"dvar2":[0.0000380950696126,0.0000225144813157,2.70893394827e-7,6.66734152333e-8,7.35026306486e-9,6.81823664195e-9,1.71381575598e-8,3.59358942603e-8,1.25463785139e-7,2.21381014853e-7,2.45879249405e-7,1.69373365111e-7,3.45063106977e-8,5.05096764414e-8,3.94109562762e-8,6.13006747585e-8,6.63321060301e-8,4.91390501622e-8,6.80589948843e-8,2.01835579361e-8,1.67683040786e-8,7.84071296778e-9,6.14895911966e-9,1.81369741448e-9,8.54819992568e-10,3.91677579259e-9,4.17874668202e-9,3.80587228399e-10,5.84423509586e-10,3.34076349917e-10,3.38456013216e-10,2.53015691731e-10,1.70496838869e-10,4.41599985745e-11,5.0294379772e-11,2.3826248266e-11,1.22111548304e-11,1.04867668368e-11,4.81362432553e-12,3.03416059638e-12],"max":[0.038476895541,0.030500812456,0.00614575948566,0.00475402548909,0.00125712284353,0.00127080956008,0.00402202038094,0.00518172373995,0.00842353049666,0.0142797902226,0.00844856072217,0.0101667251438,0.00575946411118,0.00602440861985,0.00493736658245,0.00607966538519,0.00452492246404,0.00343137071468,0.00617241999134,0.00463783554733,0.00430224044248,0.00242876587436,0.00122327776626,0.000662260747049,0.00101844174787,0.00068910443224,0.000374156661564,0.000244908034801,0.000193629777641,0.000186625722563,0.0001816500735,0.000193260784727,0.000147364233271,0.0000780675909482,0.0000778886314947,0.0000466689598397,0.0000395084025513,0.0000440396652266,0.0000269192514679,0.0000368249384337],"mean":[0.00064982305048,0.000568371149711,0.000116719238576,0.0000714341222192,0.0000411631408497,0.0000345649496012,0.0000333547432092,0.000060155405663,0.0000960201214184,0.000126510160044,0.000148921346408,0.000117939853226,0.0000650407164358,0.000068912821007,0.0000631400689599,0.0000710370732122,0.0000735321300454,0.0000767267993069,0.0000776373126428,0.0000468469042971,0.0000429293213529,0.0000289278177661,0.0000287292368739,0.0000174981068994,0.0000100500683402,0.0000134495485327,0.000010804114936,0.00000561595015824,0.00000619983484285,0.00000427677332482,0.00000417224555349,0.00000355224392479,0.00000316616456075,0.00000201542002287,0.00000173939872639,0.00000122761593957,0.00000111879558062,0.00000108327583348,0.00000104342484519,0.00000104134107914],"median":[0.00002711047091,0.0000287213551928,0.0000231071571761,0.0000291426676995,0.0000229539346037,0.0000126251943584,0.00000796597032604,0.0000090894764071,0.0000161616189871,0.0000145459662235,0.0000115360307973,0.0000122657856991,0.000012998625607,0.0000124294992929,0.0000127897046696,0.0000171243646037,0.0000165464316524,0.0000142977314681,0.0000146184056575,0.0000106143579615,0.00000854296467878,0.00000615492854195,0.00000584240888202,0.00000498368763147,0.00000258067325376,0.00000251018354902,0.00000163197580605,0.0000010881134358,7.24602955415e-7,4.93890070175e-7,4.74168075471e-7,4.38813088977e-7,4.55694220136e-7,3.39127751658e-7,2.41234431542e-7,1.86244292877e-7,2.02944050898e-7,2.04059077191e-7,1.77933543455e-7,1.67015414831e-7],"min":[6.54378504508e-12,5.08257390168e-13,1.04624588073e-12,1.62083215773e-12,1.98385166801e-12,1.17099721846e-12,2.925668876e-13,2.97563080946e-13,1.89340893225e-13,2.14415277525e-13,8.93645915731e-14,5.07258758652e-14,4.51150550837e-14,3.34482401086e-14,9.41216166963e-14,1.02287895222e-13,7.71452061846e-14,7.2605489058e-14,2.61756152235e-14,4.43741214834e-14,4.26165077891e-14,3.63987709602e-14,2.46413708936e-14,2.58545711018e-14,2.05478232899e-14,1.09392102852e-14,1.138535355e-14,1.19470075448e-14,5.50888502499e-15,2.57709308334e-15,3.40977919829e-15,6.53720038713e-15,2.98029071887e-15,1.67934615595e-15,4.99366707043e-15,3.8987329905e-15,2.26010476712e-15,3.19372862202e-15,1.76710014572e-15,1.27245852727e-15],"var":[0.00000896392248251,0.00000595060510022,8.1487186776e-8,2.33119710202e-8,4.06643518858e-9,4.31604041395e-9,8.76414496531e-9,3.70803725502e-8,1.12691651566e-7,2.1505077541e-7,3.09393016096e-7,3.0051009503e-7,3.23271684977e-8,4.24148431932e-8,3.488156608e-8,3.39973702523e-8,4.0971766424e-8,3.00952578414e-8,6.39111661371e-8,1.92120861442e-8,1.72397260911e-8,5.58959989405e-9,5.05735586742e-9,1.30559540956e-9,7.85127352021e-10,1.17733922611e-9,9.74535896425e-10,1.63410535103e-10,2.43796233201e-10,1.267398686e-10,1.2918119352e-10,1.00473157572e-10,6.50843962058e-11,2.62580183291e-11,2.20630614473e-11,1.04245353669e-11,6.82091839607e-12,6.46134144452e-12,5.32562752578e-12,5.36637964968e-12]},"melbands_crest":{"dmean":3.26213717461,"dmean2":5.22491264343,"dvar":9.58688545227,"dvar2":23.225818634,"max":37.7057914734,"mean":11.4055786133,"median":10.2036867142,"min":2.67920398712,"var":28.0510692596},"melbands_flatness_db":{"dmean":0.0258297249675,"dmean2":0.0395035259426,"dvar":0.000905939086806,"dvar2":0.00232974765822,"max":0.39924877882,"mean":0.141470611095,"median":0.134544208646,"min":0.0205721817911,"var":0.003210546216},"melbands_kurtosis":{"dmean":4.19139289856,"dmean2":7.08479642868,"dvar":211.70262146,"dvar2":590.23828125,"max":326.837615967,"mean":4.08649158478,"median":0.952569067478,"min":-1.88893294334,"var":197.766098022},"melbands_skewness":{"dmean":0.661771476269,"dmean2":1.02200555801,"dvar":1.03051328659,"dvar2":2.61050963402,"max":15.0477256775,"mean":1.10647392273,"median":0.801637530327,"min":-4.95054292679,"var":2.26110506058},"melbands_spread":{"dmean":11.3848848343,"dmean2":17.8192939758,"dvar":205.532684326,"dvar2":509.194915771,"max":240.413131714,"mean":39.6626586914,"median":36.1465377808,"min":1.1643910408,"var":529.066467285},"mfcc":{"cov":[[10769.8251953,-735.613891602,-236.719619751,-11.6324234009,-304.424713135,201.148742676,142.059143066,269.722839355,132.253479004,125.461273193,67.7595367432,-176.247390747,-25.909154892],[-735.613891602,1649.82751465,-28.4371299744,153.862823486,125.072151184,-1.76281642914,98.604057312,44.8507080078,-38.4918174744,39.434841156,3.42404389381,18.8334941864,26.118303299],[-236.719619751,-28.4371299744,680.780395508,157.350143433,140.739959717,85.2853317261,67.5628814697,12.8447685242,17.825088501,40.9477233887,20.7666740417,23.8826198578,23.7170372009],[-11.6324234009,153.862823486,157.350143433,461.222961426,195.448776245,153.543533325,101.499694824,56.2242126465,60.8487854004,52.3471183777,3.47850990295,51.5268592834,36.1285705566],[-304.424713135,125.072151184,140.739959717,195.448776245,268.712615967,109.535041809,76.5308914185,39.6589660645,53.9898223877,35.5487747192,6.75918865204,39.6563453674,30.6466655731],[201.148742676,-1.76281642914,85.2853317261,153.543533325,109.535041809,277.128112793,138.731781006,61.4715042114,83.9480133057,10.0172920227,8.2820148468,34.1346435547,-8.98966312408],[142.059143066,98.604057312,67.5628814697,101.499694824,76.5308914185,138.731781006,225.809646606,71.598197937,76.5756225586,22.5990276337,23.8409385681,34.90782547,-5.38343811035],[269.722839355,44.8507080078,12.8447685242,56.2242126465,39.6589660645,61.4715042114,71.598197937,195.322174072,78.0632553101,34.0929679871,36.9991264343,1.3897857666,11.0951328278],[132.253479004,-38.4918174744,17.825088501,60.8487854004,53.9898223877,83.9480133057,76.5756225586,78.0632553101,169.964996338,51.4538116455,6.59962940216,20.4265995026,-6.84358787537],[125.461273193,39.434841156,40.9477233887,52.3471183777,35.5487747192,10.0172920227,22.5990276337,34.0929679871,51.4538116455,119.029579163,34.8895721436,9.83284187317,10.9904499054],[67.7595367432,3.42404389381,20.7666740417,3.47850990295,6.75918865204,8.2820148468,23.8409385681,36.9991264343,6.59962940216,34.8895721436,124.376617432,29.5084228516,-1.82944202423],[-176.247390747,18.8334941864,23.8826198578,51.5268592834,39.6563453674,34.1346435547,34.90782547,1.3897857666,20.4265995026,9.83284187317,29.5084228516,104.093818665,30.3288478851],[-25.909154892,26.118303299,23.7170372009,36.1285705566,30.6466655731,-8.98966312408,-5.38343811035,11.0951328278,-6.84358787537,10.9904499054,-1.82944202423,30.3288478851,102.576316833]],"icov":[[0.000113769347081,0.000051316106692,0.0000410416978411,-0.0000479173650092,0.000193150524865,-0.000118620104331,-0.0000723524499335,-0.000107688341814,0.0000284919224214,-0.000143611498061,-0.0000440094881924,0.000235423416598,-0.0000902993851923],[0.000051316106692,0.000721411255654,0.000160170180607,-0.000182701565791,-0.00023235072149,0.000239841087023,-0.000483953335788,-0.000227926997468,0.000539223197848,-0.00034085669904,0.000137517039548,0.0000727395236026,-2.75112000736e-7],[0.0000410416978411,0.000160170180607,0.00175896193832,-0.000287207920337,-0.00062858563615,-0.00016173577751,-0.000339653925039,0.000147471393575,0.000396683404688,-0.000467025063699,-0.000202378563699,0.000266014249064,-0.000201861228561],[-0.0000479173650092,-0.000182701565791,-0.000287207920337,0.00367064937018,-0.00177714182064,-0.00112143706065,-0.0000489708509122,-0.000255555059994,0.000302304921206,-0.000920637918171,0.000655966170598,-0.000784537463915,-0.000371801987058],[0.000193150524865,-0.00023235072149,-0.00062858563615,-0.00177714182064,0.00661097886041,-0.00123989151325,-0.000191065948457,-0.000102300422441,-0.000732195388991,-0.000511602440383,0.0000440675394202,-0.000137150404043,-0.00115626433399],[-0.000118620104331,0.000239841087023,-0.00016173577751,-0.00112143706065,-0.00123989151325,0.00673757307231,-0.00267739780247,-0.000252050522249,-0.00136133085471,0.00146862608381,0.000178586968104,-0.000749670725781,0.00116567173973],[-0.0000723524499335,-0.000483953335788,-0.000339653925039,-0.0000489708509122,-0.000191065948457,-0.00267739780247,0.00759495282546,-0.00107895885594,-0.00142951263115,0.000332958123181,-0.000520867994055,-0.00135016103741,0.000797344255261],[-0.000107688341814,-0.000227926997468,0.000147471393575,-0.000255555059994,-0.000102300422441,-0.000252050522249,-0.00107895885594,0.00758470594883,-0.00306371273473,0.000356663396815,-0.00243592215702,0.00208232062869,-0.00168354401831],[0.0000284919224214,0.000539223197848,0.000396683404688,0.000302304921206,-0.000732195388991,-0.00136133085471,-0.00142951263115,-0.00306371273473,0.0102276084945,-0.00409238738939,0.00227107573301,-0.00181094266009,0.00172429636586],[-0.000143611498061,-0.00034085669904,-0.000467025063699,-0.000920637918171,-0.000511602440383,0.00146862608381,0.000332958123181,0.000356663396815,-0.00409238738939,0.0118907243013,-0.00341156637296,0.000959851138759,-0.00114848476369],[-0.0000440094881924,0.000137517039548,-0.000202378563699,0.000655966170598,0.0000440675394202,0.000178586968104,-0.000520867994055,-0.00243592215702,0.00227107573301,-0.00341156637296,0.0106865977868,-0.00394727941602,0.00188299186993],[0.000235423416598,0.0000727395236026,0.000266014249064,-0.000784537463915,-0.000137150404043,-0.000749670725781,-0.00135016103741,0.00208232062869,-0.00181094266009,0.000959851138759,-0.00394727941602,0.0137120978907,-0.00441339006647],[-0.0000902993851923,-2.75112000736e-7,-0.000201861228561,-0.000371801987058,-0.00115626433399,0.00116567173973,0.000797344255261,-0.00168354401831,0.00172429636586,-0.00114848476369,0.00188299186993,-0.00441339006647,0.0121518755332]],"mean":[-700.178405762,88.2750091553,-33.3691291809,3.02271747589,9.5895614624,4.52880334854,0.172039821744,1.554448843,2.19912171364,1.39780426025,0.866622507572,-3.59012031555,-2.69101428986]},"pitch_salience":{"dmean":0.0756284147501,"dmean2":0.122534565628,"dvar":0.00627013435587,"dvar2":0.01677717641,"max":0.909568369389,"mean":0.597095072269,"median":0.610094666481,"min":0.0958026573062,"var":0.0153156863526},"silence_rate_20dB":{"dmean":0,"dmean2":0,"dvar":0,"dvar2":0,"max":1,"mean":1,"median":1,"min":1,"var":0},"silence_rate_30dB":{"dmean":0.0045726345852,"dmean2":0.00914607290179,"dvar":0.00455087376758,"dvar2":0.0129296313971,"max":1,"mean":0.99727421999,"median":1,"min":0,"var":0.00271846726537},"silence_rate_60dB":{"dmean":0.0916285589337,"dmean2":0.183273240924,"dvar":0.0832408443093,"dvar2":0.165676534176,"max":1,"mean":0.344588071108,"median":0,"min":0,"var":0.225832954049},"spectral_centroid":{"dmean":269.345062256,"dmean2":418.084991455,"dvar":102961.257813,"dvar2":248212.640625,"max":5778.40673828,"mean":1975.15112305,"median":1965.56994629,"min":369.470977783,"var":386681.375},"spectral_complexity":{"dmean":4.18958854675,"dmean2":6.14704084396,"dvar":42.7554588318,"dvar2":80.8679199219,"max":67,"mean":14.0256748199,"median":12,"min":0,"var":129.472671509},"spectral_contrast_coeffs":{"dmean":[0.0470570623875,0.0435250252485,0.0391769632697,0.0349005423486,0.0253883302212,0.0206602029502],"dmean2":[0.0749565958977,0.0689452812076,0.0610025785863,0.0550844892859,0.0390944555402,0.0311582647264],"dvar":[0.00184909533709,0.00141497142613,0.00112655467819,0.00090189720504,0.000510735902935,0.000442010146799],"dvar2":[0.00434658490121,0.00337539380416,0.00254418374971,0.00211235531606,0.00108998559881,0.00097279320471],"max":[-0.357973843813,-0.348310083151,-0.407347232103,-0.460516870022,-0.507982611656,-0.603908360004],"mean":[-0.693931996822,-0.761853218079,-0.75790053606,-0.760951161385,-0.767723441124,-0.782629609108],"median":[-0.707312345505,-0.770688474178,-0.770663142204,-0.770582675934,-0.776060700417,-0.782983958721],"min":[-0.950473129749,-0.948691308498,-0.954009413719,-0.955110430717,-0.957090318203,-0.919012725353],"var":[0.00762301823124,0.00557635724545,0.00730871129781,0.00474042026326,0.00355272344314,0.00213986262679]},"spectral_contrast_valleys":{"dmean":[0.519176781178,0.382556557655,0.354648858309,0.357334733009,0.360432296991,0.416532337666],"dmean2":[0.774146735668,0.596636295319,0.541632294655,0.531235396862,0.498530209064,0.509520113468],"dvar":[0.304815530777,0.155801057816,0.147909238935,0.18358322978,0.22236071527,0.24209728837],"dvar2":[0.579269111156,0.333851963282,0.27367991209,0.35246193409,0.443876177073,0.447388082743],"max":[-5.37915563583,-5.36813354492,-5.12768507004,-4.96674585342,-5.13136816025,-7.64456653595],"mean":[-8.75191402435,-7.90125370026,-7.9420633316,-7.86212778091,-8.04039669037,-10.4913921356],"median":[-8.56507778168,-7.75078725815,-7.77157878876,-7.70698881149,-7.94042301178,-10.3423757553],"min":[-17.4748954773,-16.7563457489,-17.720741272,-16.7723960876,-17.1933879852,-19.2363128662],"var":[2.08215737343,1.18212497234,1.28013825417,1.25470769405,1.36472904682,1.67604601383]},"spectral_decrease":{"dmean":1.79666137523e-9,"dmean2":2.87433921109e-9,"dvar":2.1527157066e-17,"dvar2":5.47601572618e-17,"max":2.48734778434e-12,"mean":-2.91216251114e-9,"median":-1.23702437183e-9,"min":-5.02102146527e-8,"var":2.40510323531e-17},"spectral_energy":{"dmean":0.0075104678981,"dmean2":0.011884986423,"dvar":0.000345837936038,"dvar2":0.000862014247105,"max":0.200361281633,"mean":0.0127505008131,"median":0.00549289444461,"min":7.66668881158e-11,"var":0.000421409698902},"spectral_energyband_high":{"dmean":0.000590412411839,"dmean2":0.000903855659999,"dvar":0.00000251051255873,"dvar2":0.00000604014439887,"max":0.0195573661476,"mean":0.000871049298439,"median":0.000179568625754,"min":1.97631884816e-12,"var":0.00000339345569955},"spectral_energyband_low":{"dmean":0.00390516640618,"dmean2":0.0067320857197,"dvar":0.000253179663559,"dvar2":0.000688105705194,"max":0.169284969568,"mean":0.00315937004052,"median":0.000215378648136,"min":4.05267208681e-11,"var":0.000178726637387},"spectral_energyband_middle_high":{"dmean":0.00292362459004,"dmean2":0.00451110582799,"dvar":0.0000333671705448,"dvar2":0.0000768918398535,"max":0.100468076766,"mean":0.00637193629518,"median":0.00247950106859,"min":5.95397993061e-12,"var":0.0000936879878282},"spectral_energyband_middle_low":{"dmean":0.00134526169859,"dmean2":0.00205420819111,"dvar":0.0000096088679129,"dvar2":0.0000217786255234,"max":0.0724508017302,"mean":0.00254340143874,"median":0.0011082085548,"min":2.57049746072e-11,"var":0.0000221709633479},"spectral_entropy":{"dmean":0.166155606508,"dmean2":0.231559410691,"dvar":0.0308371856809,"dvar2":0.0588637776673,"max":8.97860527039,"mean":7.71046495438,"median":7.72717237473,"min":5.4090461731,"var":0.170520782471},"spectral_flux":{"dmean":0.0222182553262,"dmean2":0.0338792391121,"dvar":0.00152058305684,"dvar2":0.00303209386766,"max":0.392557144165,"mean":0.059448800981,"median":0.0423739925027,"min":0.0000118244443001,"var":0.00322109041736},"spectral_kurtosis":{"dmean":1.46879470348,"dmean2":2.35856413841,"dvar":3.07521486282,"dvar2":8.02937602997,"max":38.0189094543,"mean":5.80817651749,"median":5.23427534103,"min":-1.32992303371,"var":9.53448963165},"spectral_rms":{"dmean":0.0007700031274,"dmean2":0.00110757269431,"dvar":0.00000181280074685,"dvar2":0.00000397502890337,"max":0.0139812165871,"mean":0.00281392107718,"median":0.00231493450701,"min":2.73490343261e-7,"var":0.00000452140830021},"spectral_rolloff":{"dmean":892.884277344,"dmean2":1495.7611084,"dvar":3087099.5,"dvar2":7196639,"max":17248.0957031,"mean":2834.76611328,"median":2282.51953125,"min":43.06640625,"var":5080505.5},"spectral_skewness":{"dmean":0.211841970682,"dmean2":0.334357202053,"dvar":0.0499891452491,"dvar2":0.120925068855,"max":4.22037553787,"mean":1.78939652443,"median":1.7713997364,"min":-0.162225276232,"var":0.175801545382},"spectral_spread":{"dmean":751391.125,"dmean2":1048945.75,"dvar":970394959872,"dvar2":1847584620540,"max":17977538,"mean":4787107.5,"median":4519177,"min":1407900.125,"var":3402571448320},"spectral_strongpeak":{"dmean":0.742727041245,"dmean2":1.20729219913,"dvar":1.24435055256,"dvar2":3.05424308777,"max":20.5488166809,"mean":1.4010848999,"median":0.667368531227,"min":0,"var":3.45842432976},"zerocrossingrate":{"dmean":0.0177177134901,"dmean2":0.0204090047628,"dvar":0.000565795402508,"dvar2":0.000703978294041,"max":0.4921875,"mean":0.102483719587,"median":0.09033203125,"min":0.00146484375,"var":0.00291732139885}},"metadata":{"audio_properties":{"analysis_sample_rate":44100,"bit_rate":0,"codec":"flac","downmix":"mix","equal_loudness":0,"length":264.040008545,"lossless":true,"md5_encoded":"669cabdb75eedb656f7d1dc5adf5c996","replay_gain":-8.46778297424,"sample_rate":44100},"tags":{"acoustid_id":["04f44e6e-2898-490b-931e-71b3b5dc8ba7"],"album":["The Columbia Masters"],"albumartist":["Earth, Wind & Fire"],"albumartistsort":["Earth, Wind & Fire"],"artist":["Earth, Wind & Fire"],"artistsort":["Earth, Wind & Fire"],"asin":["B005L12SH6"],"barcode":["886978946928"],"catalognumber":["88697894692"],"date":["2012"],"discnumber":["12"],"discsubtitle":["Powerlight"],"disctotal":["16"],"file_name":"1207. Earth, Wind & Fire ~ Something Special.flac","genre":["Soul"],"grouping":["R&B"],"label":["Legacy"],"media":["CD"],"mood":["Slow"],"musicbrainz_albumartistid":["535afeda-2538-435d-9dd1-5e10be586774"],"musicbrainz_albumid":["728bbd58-e625-4d6a-8544-28c829c363c2"],"musicbrainz_artistid":["535afeda-2538-435d-9dd1-5e10be586774"],"musicbrainz_recordingid":["f7dd9e85-7ea3-459d-ab24-1dd9e22b0245"],"musicbrainz_releasegroupid":["93ded9dc-3e27-40a1-83e5-92e36a48f808"],"musicbrainz_releasetrackid":["ffd8d32a-1f8d-4dee-9aa7-d3f9e7c15938"],"originaldate":["2012-06-12"],"originalyear":["2012"],"releasestatus":["official"],"releasetype":["album","compilation"],"script":["Latn"],"title":["Something Special"],"totaldiscs":["16"],"totaltracks":["9"],"tracknumber":["7"],"tracktotal":["9"],"website":["http://www.earthwindandfire.com/"]},"version":{"essentia":"2.1-beta2","essentia_build_sha":"2d9f1f26377add8aeb1075a9c2973f962c4f09fd","essentia_git_sha":"v2.1_beta2-1-ge3940c0","extractor":"music 1.0"}},"rhythm":{"beats_count":344,"beats_loudness":{"dmean":0.0368689596653,"dmean2":0.0701124668121,"dvar":0.00039631605614,"dvar2":0.00137910339981