{"lowlevel":{"average_loudness":0.950367987156,"barkbands":{"dmean":[0.000634383002762,0.019747203216,0.00883541442454,0.00317144556902,0.0035257821437,0.000853788922541,0.000396949413698,0.000252047000686,0.000257232226431,0.00017307260714,0.000159039627761,0.000203800984309,0.00016678821703,0.000185229815543,0.000242932364927,0.000401027005864,0.000489969097544,0.000334153010044,0.000210787882679,0.000153016473632,0.000118045063573,0.0000957355150604,0.0000669243527227,0.0000601929023105,0.000128437081003,0.0000780826812843,0.00000879683921085],"dmean2":[0.00103646144271,0.0341188088059,0.0151368137449,0.00526363635436,0.00550777791068,0.00140703993384,0.000677901669405,0.000420500378823,0.000427307066275,0.000281156797428,0.000260404282017,0.000327347253915,0.000276324630249,0.000308270595269,0.000404407357564,0.00065756944241,0.00082794809714,0.000558985047974,0.000353144161636,0.000262359972112,0.000198993482627,0.000150792315253,0.000100451317849,0.0000883956090547,0.000190797727555,0.000118062867841,0.0000132470331664],"dvar":[0.00000289648687612,0.00106243672781,0.000197049579583,0.0000194980439119,0.0000510298195877,0.00000323811195813,6.00131556894e-7,5.20556511674e-7,8.54868687838e-7,2.79211064935e-7,3.55412510089e-7,6.37437665318e-7,3.05604856976e-7,2.82752353087e-7,3.63109336377e-7,5.32978106094e-7,6.08513346378e-7,2.01896369845e-7,9.04040291516e-8,6.9381073331e-8,4.80994053476e-8,3.71587667303e-8,1.73728373909e-8,1.63017617183e-8,1.67098406223e-7,2.73914260163e-8,3.2741964695e-10],"dvar2":[0.00000724108758732,0.00285258004442,0.000532517384272,0.000050862745411,0.000113283960673,0.00000827406347526,0.00000154306746936,0.00000116609965062,0.00000197543022296,6.30378565347e-7,8.94666698059e-7,0.00000145548312958,7.77732907409e-7,6.87330953042e-7,9.3150953262e-7,0.0000012847507378,0.00000167799191786,5.3768116004e-7,2.42823745111e-7,1.95218348154e-7,1.31033971229e-7,8.57069153426e-8,3.69573633918e-8,3.19626671796e-8,3.87414331726e-7,5.94409286236e-8,7.24339865865e-10],"max":[0.0276775285602,0.206796020269,0.147990912199,0.0545549318194,0.0652175322175,0.0467669032514,0.0253274589777,0.0214860085398,0.029759529978,0.0236511919647,0.0180240422487,0.0200093779713,0.0199357792735,0.0135042164475,0.0154370237142,0.026389753446,0.0209094528109,0.0101376920938,0.00559128914028,0.00445426022634,0.00577094452456,0.0092801572755,0.00490775378421,0.00636846246198,0.0233074929565,0.00320350285619,0.000229296420002],"mean":[0.00062128045829,0.0212830994278,0.0106331128627,0.00477129407227,0.00458352407441,0.00133833743166,0.00053474958986,0.000321044557495,0.000349103211192,0.000243784437771,0.00020434948965,0.000279720843537,0.000242601454374,0.000270002114121,0.000402050645789,0.000763487070799,0.000993250869215,0.00072560517583,0.000426016224083,0.000298288272461,0.000207475895877,0.00018063839525,0.000131498614792,0.00013525687973,0.00027970856172,0.000152289881953,0.0000165897945408],"median":[0.0001373027917,0.0113985650241,0.0066293720156,0.00307892961428,0.0019978871569,0.000850888260175,0.000345287437085,0.000141507363878,0.000184556949534,0.000122025805467,0.0000861474109115,0.0000830906283227,0.000126583123347,0.000144321311382,0.000274587335298,0.000583628891036,0.000807976641227,0.000622648745775,0.000333585281624,0.000228593024076,0.000113617999887,0.0000932588882279,0.0000692949688528,0.0000790018748376,0.000132283719722,0.0000559822292416,0.00000685755185259],"min":[5.60717647569e-25,1.1056280806e-23,3.64262715544e-24,8.73221532653e-24,2.85288548702e-23,2.8093848568e-23,3.74308977501e-23,1.03393198391e-23,3.39352121099e-23,3.46485632493e-23,1.35486387155e-23,3.60437521126e-23,4.7867959822e-23,5.98147028734e-23,8.01334689399e-23,8.82863148409e-23,1.38757641868e-22,1.95518733597e-22,1.69391407981e-22,1.98792733546e-22,3.44576866781e-22,4.49453967755e-22,4.02213064001e-22,8.13723680495e-22,9.64929913479e-22,1.59984101584e-21,2.2872808134e-21],"var":[0.0000027870314625,0.000952965056058,0.000181906987564,0.0000296506132145,0.0000650502188364,0.00000428296652899,6.07155186572e-7,8.33839806091e-7,0.00000105008143692,4.50219573622e-7,4.02078143225e-7,9.79967126113e-7,4.12846418385e-7,3.80064562933e-7,4.63064793621e-7,0.00000103865340861,0.00000114493127512,4.05734823516e-7,1.72551480659e-7,9.11709889806e-8,7.3108267884e-8,6.79877771859e-8,3.63590757502e-8,3.66407206798e-8,2.38926247675e-7,5.43858398316e-8,6.18678552833e-10]},"barkbands_crest":{"dmean":3.69795441628,"dmean2":6.16385555267,"dvar":9.96977615356,"dvar2":26.6863384247,"max":26.0215873718,"mean":11.7383317947,"median":11.0046596527,"min":2.75297021866,"var":18.9272956848},"barkbands_flatness_db":{"dmean":0.0338487438858,"dmean2":0.0545585528016,"dvar":0.00103205477353,"dvar2":0.00256451172754,"max":0.695776164532,"mean":0.145262956619,"median":0.128318727016,"min":0.0305721070617,"var":0.00489558698609},"barkbands_kurtosis":{"dmean":8.80584716797,"dmean2":14.9046792984,"dvar":1015.79559326,"dvar2":2946.43286133,"max":1228.47802734,"mean":10.0257873535,"median":3.60342168808,"min":-1.90833127499,"var":1323.97143555},"barkbands_skewness":{"dmean":1.01295518875,"dmean2":1.63144350052,"dvar":1.3474625349,"dvar2":3.48753094673,"max":26.9425354004,"mean":2.37201070786,"median":2.05719065666,"min":-3.67955994606,"var":3.17516326904},"barkbands_spread":{"dmean":8.7479724884,"dmean2":13.8914089203,"dvar":71.7531280518,"dvar2":164.177124023,"max":106.646598816,"mean":25.2011623383,"median":24.4536018372,"min":0.128238797188,"var":232.780151367},"dissonance":{"dmean":0.0117993624881,"dmean2":0.0203349906951,"dvar":0.000568166782614,"dvar2":0.0016385614872,"max":0.500000059605,"mean":0.481134921312,"median":0.489150315523,"min":0.126145228744,"var":0.0010272867512},"dynamic_complexity":4.0150103569,"erbbands":{"dmean":[0.399154543877,5.10059690475,11.0747671127,10.0279302597,11.2286052704,11.2089862823,7.27756786346,6.43302774429,5.54088640213,5.48342514038,5.67717313766,5.91387081146,4.81276130676,6.25869131088,6.25979757309,8.44424629211,7.07428979874,9.13027095795,10.6444892883,12.7438383102,25.0762825012,25.86079216,16.8103713989,14.7290830612,8.01529502869,7.06941747665,5.73251771927,4.21588277817,3.63244199753,2.61608099937,1.88018250465,1.23013103008,1.08564949036,1.30205237865,1.06925547123,0.478279799223,0.109600320458,0.0147217530757,0.00154289836064,0.0000867393609951],"dmean2":[0.679892063141,8.93925571442,19.045085907,16.7359695435,17.8762722015,17.8359031677,11.9264879227,10.7594537735,9.43593597412,9.46427059174,9.17522716522,9.70486545563,8.05377101898,9.98094177246,10.1388187408,13.5141410828,11.6630210876,15.1684732437,17.5812149048,20.8079586029,41.1200523376,43.6593208313,27.9884243011,24.7207756042,13.5480747223,12.1136035919,9.81361293793,6.97573757172,5.75957584381,4.07304477692,2.84221148491,1.84614598751,1.58819127083,1.92592096329,1.61234462261,0.723598361015,0.165752068162,0.022229636088,0.00232921238057,0.000130234999233],"dvar":[0.437772423029,72.8415908813,320.021850586,208.717071533,403.873077393,479.053405762,150.648422241,273.746795654,135.470306396,136.750671387,447.714935303,368.544586182,172.850982666,607.186828613,428.140319824,1277.1439209,516.082092285,736.309631348,656.287780762,1001.60723877,2057.74169922,1952.8269043,611.776123047,299.561035156,219.085952759,153.029846191,113.013626099,59.6492729187,56.5544471741,29.6731300354,13.6292352676,7.62091827393,4.59077787399,20.1023616791,9.62926483154,1.04642534256,0.0537109263241,0.000905394437723,0.0000101241430457,2.05691428334e-8],"dvar2":[1.10149049759,200.130462646,866.043212891,562.145935059,915.126831055,1133.6270752,381.703277588,713.11151123,335.888031006,366.612945557,917.323608398,861.695495605,456.853820801,1384.46069336,1022.67651367,2903.43994141,1302.92700195,1770.00854492,1669.84436035,2562.38793945,5065.13769531,5457.49169922,1589.6036377,828.575744629,591.855041504,428.575958252,314.342559814,156.64024353,134.085586548,65.2781829834,29.3895339966,16.0333690643,8.92253112793,48.9816589355,21.4374828339,2.2974255085,0.117203138769,0.00196986249648,0.0000225488074648,4.45563763662e-8],"max":[5.4540977478,54.2021865845,148.143508911,158.185317993,204.088638306,262.216400146,291.701538086,470.056518555,515.732849121,183.528091431,718.261169434,762.259460449,540.960876465,755.364807129,675.127929688,1007.83319092,703.788146973,748.495300293,689.517700195,949.444458008,1831.30334473,1378.54455566,597.552368164,254.876327515,384.373504639,241.36807251,277.72467041,209.759963989,367.380096436,279.064575195,113.484092712,90.4894332886,108.319526672,263.934783936,163.688674927,18.7084236145,5.39726400375,0.480328112841,0.0408199168742,0.00215188344009],"mean":[0.436577409506,5.3518538475,13.1671943665,15.7315921783,14.8614320755,14.8420238495,11.4720678329,9.46110916138,7.84599971771,7.13024282455,7.60268545151,8.22157669067,7.21476078033,8.69332790375,9.28194141388,11.7615118027,10.9898004532,13.9215621948,18.0517101288,24.072517395,51.2359809875,55.2906303406,38.6538047791,33.9980659485,15.4480409622,13.8585062027,10.5836772919,7.46713161469,6.74340486526,4.77909803391,3.74621009827,2.58693933487,2.45139527321,2.8165242672,2.18665146828,0.941859602928,0.211330607533,0.028072014451,0.00292026647367,0.000192899620743],"median":[0.195987969637,2.95344161987,8.11889743805,11.02921772,7.5406961441,6.80174875259,6.96799278259,5.95770454407,5.21179056168,4.36008214951,2.97940278053,4.46838188171,4.46405363083,3.35978889465,4.02751779556,3.64817547798,5.5196146965,7.57654714584,11.9198970795,17.139787674,41.2842140198,45.4927406311,32.2574119568,30.3080425262,10.6275863647,10.6342926025,6.67003059387,4.2103600502,3.48462343216,2.50524902344,1.93527674675,1.44854605198,1.47083282471,1.42943263054,0.957963526249,0.362121134996,0.0780448392034,0.0111668678001,0.00123496446759,0.000126474449644],"min":[5.26260494714e-22,1.91571839083e-21,5.52673617694e-21,3.30722060041e-20,5.87581350402e-20,7.56189839809e-20,1.86970541912e-19,2.92576987985e-19,6.13916751928e-19,7.19679806555e-19,8.69013514274e-19,5.03736190939e-19,7.10396306842e-19,1.55376210395e-18,7.60655232174e-19,1.42691767932e-18,2.81960000746e-18,3.22840403991e-18,5.28449256054e-18,2.66191663524e-18,5.62296080513e-18,8.04992319802e-18,1.02741126035e-17,1.03988084265e-17,7.85607838455e-18,8.49221915309e-18,1.11036473721e-17,1.42866350605e-17,1.44123665136e-17,1.75138802203e-17,9.86020465987e-18,1.51225027238e-17,1.17812398155e-17,1.02680783209e-17,6.83736823706e-18,5.99515940714e-18,2.91121894569e-18,1.00395810504e-18,3.0317069009e-19,3.14145392877e-20],"var":[0.443804144859,60.5863876343,284.982574463,276.93951416,523.747436523,589.678894043,242.146270752,297.145721436,151.935836792,121.414001465,760.481994629,478.083557129,204.841659546,914.325317383,686.012084961,1809.35644531,775.203735352,978.733093262,840.478759766,1535.30541992,4044.43725586,3622.02661133,1318.65515137,691.116760254,320.120910645,196.071517944,167.119628906,91.3478927612,98.1879272461,51.6690254211,29.5846042633,16.0531826019,10.760518074,25.3715133667,14.8892116547,2.07197403908,0.104821048677,0.00176070421003,0.0000189319489436,4.50150388076e-8]},"erbbands_crest":{"dmean":1.9223664999,"dmean2":3.25085449219,"dvar":3.50508189201,"dvar2":9.62940406799,"max":25.7859153748,"mean":7.06948661804,"median":6.30639076233,"min":2.29824542999,"var":8.8984079361},"erbbands_flatness_db":{"dmean":0.0153779359534,"dmean2":0.0236728806049,"dvar":0.000321758008795,"dvar2":0.00075836799806,"max":0.440945088863,"mean":0.12630726397,"median":0.107676245272,"min":0.0298051945865,"var":0.0039519793354},"erbbands_kurtosis":{"dmean":1.35302197933,"dmean2":2.23657107353,"dvar":32.8343734741,"dvar2":86.9100952148,"max":315.48425293,"mean":0.820839643478,"median":-0.407073497772,"min":-1.76621222496,"var":60.2578392029},"erbbands_skewness":{"dmean":0.369680225849,"dmean2":0.59223896265,"dvar":0.181266829371,"dvar2":0.489439606667,"max":15.2169036865,"mean":-0.362897962332,"median":-0.493974596262,"min":-2.88046813011,"var":0.914444088936},"erbbands_spread":{"dmean":12.4300603867,"dmean2":19.2650775909,"dvar":133.457595825,"dvar2":317.526519775,"max":156.19392395,"mean":55.1765327454,"median":56.2346992493,"min":0.96333450079,"var":659.66229248},"gfcc":{"cov":[[23948.7910156,-3290.73803711,-1470.93518066,3399.7746582,1496.65527344,342.566711426,-482.532196045,1037.03466797,-392.518554688,22.325799942,-589.085388184,52.9916229248,-317.00189209],[-3290.73803711,1541.68762207,-283.210510254,-493.389190674,-249.414871216,-177.520629883,199.277893066,-266.860076904,154.473495483,-108.367416382,175.929916382,-102.919830322,114.635093689],[-1470.93518066,-283.210510254,1050.49841309,-195.695068359,-93.1413803101,14.5759792328,-82.2393951416,20.798658371,-90.5923538208,56.9928741455,-64.0688476562,38.8936157227,-42.4974441528],[3399.7746582,-493.389190674,-195.695068359,1222.54931641,378.873291016,-21.7725505829,16.2086448669,137.292388916,3.52415895462,-73.1951446533,-65.7784729004,-63.5946617126,-26.679517746],[1496.65527344,-249.414871216,-93.1413803101,378.873291016,387.27331543,65.0157546997,17.6925373077,142.383911133,5.68501424789,20.4567432404,-25.4353237152,8.12038707733,-14.1616706848],[342.566711426,-177.520629883,14.5759792328,-21.7725505829,65.0157546997,130.210220337,12.3838911057,40.5839309692,-17.8211326599,32.380443573,-3.76469349861,27.745923996,-12.5946750641],[-482.532196045,199.277893066,-82.2393951416,16.2086448669,17.6925373077,12.3838911057,122.064277649,-1.9704887867,40.2228851318,-10.8086271286,43.1159706116,-14.0765047073,21.9264297485],[1037.03466797,-266.860076904,20.798658371,137.292388916,142.383911133,40.5839309692,-1.9704887867,160.273925781,2.68569159508,40.014251709,-32.8014450073,22.4915771484,-16.2202072144],[-392.518554688,154.473495483,-90.5923538208,3.52415895462,5.68501424789,-17.8211326599,40.2228851318,2.68569159508,92.7172470093,13.1332416534,36.367275238,-14.8469333649,24.4731006622],[22.325799942,-108.367416382,56.9928741455,-73.1951446533,20.4567432404,32.380443573,-10.8086271286,40.014251709,13.1332416534,77.7824020386,11.9158697128,29.7765541077,-5.68010473251],[-589.085388184,175.929916382,-64.0688476562,-65.7784729004,-25.4353237152,-3.76469349861,43.1159706116,-32.8014450073,36.367275238,11.9158697128,73.7530517578,9.31433582306,25.9353027344],[52.9916229248,-102.919830322,38.8936157227,-63.5946617126,8.12038707733,27.745923996,-14.0765047073,22.4915771484,-14.8469333649,29.7765541077,9.31433582306,55.1686630249,8.79076194763],[-317.00189209,114.635093689,-42.4974441528,-26.679517746,-14.1616706848,-12.5946750641,21.9264297485,-16.2202072144,24.4731006622,-5.68010473251,25.9353027344,8.79076194763,46.3558006287]],"icov":[[0.000223338589421,-0.000268277537543,0.00043989327969,-0.000648114015348,0.000230307443417,-0.000541803543456,0.000916167336982,-0.0010246837046,0.000921977625694,-0.000610069080722,0.000852639728691,-0.000514211773407,0.000411221844843],[-0.000268277537543,0.00347815686837,-0.000468232348794,0.00242718704976,-0.00141973630525,0.003363288939,-0.00376251433045,0.00323149142787,-0.00247221207246,0.00335613498464,-0.00428202003241,0.00481941364706,-0.00287953414954],[0.00043989327969,-0.000468232348794,0.00207406911068,-0.00117121415678,0.000745654222555,-0.000745128490962,0.00165676604956,-0.00200950074941,0.00273665599525,-0.00235419487581,0.00258061732166,-0.0011860759696,0.000979867181741],[-0.000648114015348,0.00242718704976,-0.00117121415678,0.00423600431532,-0.00265093054622,0.00356558756903,-0.00390852987766,0.00335588445887,-0.00335753592663,0.00456668715924,-0.00407838542014,0.00475778244436,-0.00217655603774],[0.000230307443417,-0.00141973630525,0.000745654222555,-0.00265093054622,0.00618285825476,-0.00343559961766,0.00175335572567,-0.00506414659321,0.00160706683528,-0.00213876320049,0.00166369578801,-0.00196358072571,0.000928901368752],[-0.000541803543456,0.003363288939,-0.000745128490962,0.00356558756903,-0.00343559961766,0.0149795282632,-0.00797237455845,0.00448048952967,-0.00106673839036,0.000461981951958,-0.00320773245767,0.000543941860087,0.0000170287567016],[0.000916167336982,-0.00376251433045,0.00165676604956,-0.00390852987766,0.00175335572567,-0.00797237455845,0.0198990553617,-0.0088414568454,0.00286476803012,-0.000300450832583,-0.00273479521275,0.000151192958583,0.000654747418594],[-0.0010246837046,0.00323149142787,-0.00200950074941,0.00335588445887,-0.00506414659321,0.00448048952967,-0.0088414568454,0.0199647769332,-0.00823026709259,-0.00114108889829,0.00270013068803,-0.00148585881107,-0.0010948915733],[0.000921977625694,-0.00247221207246,0.00273665599525,-0.00335753592663,0.00160706683528,-0.00106673839036,0.00286476803012,-0.00823026709259,0.0254634767771,-0.0116309160367,-0.00154178962111,0.00751038035378,-0.00646872911602],[-0.000610069080722,0.00335613498464,-0.00235419487581,0.00456668715924,-0.00213876320049,0.000461981951958,-0.000300450832583,-0.00114108889829,-0.0116309160367,0.0303218159825,-0.0121944155544,-0.00393421435729,0.00463806651533],[0.000852639728691,-0.00428202003241,0.00258061732166,-0.00407838542014,0.00166369578801,-0.00320773245767,-0.00273479521275,0.00270013068803,-0.00154178962111,-0.0121944155544,0.0371877402067,-0.0158430393785,-0.00016818412405],[-0.000514211773407,0.00481941364706,-0.0011860759696,0.00475778244436,-0.00196358072571,0.000543941860087,0.000151192958583,-0.00148585881107,0.00751038035378,-0.00393421435729,-0.0158430393785,0.0444117151201,-0.0188323911279],[0.000411221844843,-0.00287953414954,0.000979867181741,-0.00217655603774,0.000928901368752,0.0000170287567016,0.000654747418594,-0.0010948915733,-0.00646872911602,0.00463806651533,-0.00016818412405,-0.0188323911279,0.0383953526616]],"mean":[-2.44548726082,77.4753570557,-86.4987869263,48.1695404053,-31.4922714233,10.4577035904,-41.8838348389,15.605597496,-22.8835353851,1.17902946472,-19.2875556946,2.62852168083,-9.60951328278]},"hfc":{"dmean":7.59677696228,"dmean2":11.7003307343,"dvar":106.816635132,"dvar2":234.877029419,"max":338.336181641,"mean":26.159116745,"median":24.2154998779,"min":1.10491834844e-16,"var":327.430633545},"melbands":{"dmean":[0.00457267742604,0.00613564252853,0.0016161253443,0.000938990619034,0.000251069461228,0.000144332720083,0.0000833731392049,0.0000566142771277,0.0000473918844364,0.0000371166934201,0.0000242084406636,0.0000256747098319,0.0000209755453398,0.0000228808257816,0.0000187050027307,0.0000171145657077,0.0000178730679181,0.0000172173840838,0.0000194371004909,0.0000205737742363,0.0000339623293257,0.0000308120324917,0.0000213411494769,0.0000161130301422,0.0000128655419758,0.00000664351136948,0.00000592040942138,0.00000486440148961,0.00000414242094848,0.00000288968522,0.00000249840104516,0.00000227858413382,0.00000172344937255,0.00000142493502153,0.00000116190915378,9.44907753819e-7,7.60717398407e-7,7.23946072867e-7,9.6925316484e-7,0.00000127660143789],"dmean2":[0.00784590747207,0.0105386516079,0.00269046030007,0.00147144217044,0.000416223541833,0.000240439403569,0.000141555632581,0.0000976240262389,0.0000756854133215,0.0000613478405285,0.000040723814891,0.0000409470776503,0.0000342243838531,0.0000371178794012,0.0000303861670545,0.0000283099925582,0.0000297675142065,0.0000285962669295,0.0000325728397002,0.0000337964302162,0.0000562289860682,0.000052255931223,0.0000361781167157,0.000027140500606,0.000021700601792,0.0000111657054731,0.0000101831574284,0.00000829515010992,0.00000711697703082,0.00000493447305416,0.0000041203516048,0.00000365860273632,0.00000271007002084,0.00000223775714403,0.00000179837036285,0.00000142963654071,0.0000011747267763,0.00000108432470824,0.00000143065710745,0.00000193895084522],"dvar":[0.0000555153965252,0.0000974442227744,0.00000513880513608,0.00000366746007785,1.63089879379e-7,1.20371083767e-7,2.81778120836e-8,1.50040424529e-8,3.84090093064e-8,1.49737182653e-8,4.61120119866e-9,1.00449177864e-8,4.92070917346e-9,8.08086397797e-9,7.00001079323e-9,3.18731130378e-9,3.05797986933e-9,1.8006899305e-9,2.48722575868e-9,1.83638804163e-9,3.55758134063e-9,2.5592066244e-9,1.20667587034e-9,4.63907134929e-10,2.33976726882e-10,1.26094107378e-10,1.30139246601e-10,6.62817925545e-11,5.42875154552e-11,3.02883308712e-11,2.0435857867e-11,2.17991614343e-11,1.41344731058e-11,8.17785075768e-12,5.16744936771e-12,4.19424477788e-12,3.00788669146e-12,1.78877789317e-12,4.73395801726e-12,2.39880823538e-11],"dvar2":[0.000145714584505,0.00026581028942,0.0000139189696711,0.0000081821663116,4.25884365995e-7,3.10277926019e-7,7.06911222892e-8,4.01237087999e-8,7.71045520764e-8,3.61035397134e-8,1.21829248911e-8,2.26331415831e-8,1.19908687424e-8,1.90455349269e-8,1.74833445499e-8,7.87135778779e-9,7.34910798883e-9,4.62710758597e-9,6.40873487612e-9,4.50665194052e-9,8.9413134674e-9,7.24408311115e-9,3.15562953546e-9,1.26052845939e-9,6.49365339278e-10,3.39601041732e-10,3.62989388547e-10,1.85202103653e-10,1.50814596922e-10,8.30391935769e-11,5.26358852337e-11,5.32949830101e-11,3.31788173324e-11,1.78801903838e-11,1.15419731064e-11,9.35204344521e-12,6.49515640924e-12,3.66911102195e-12,1.02273120528e-11,6.07257230612e-11],"max":[0.0457747802138,0.0707533955574,0.0251212324947,0.0176076926291,0.00811021402478,0.00975402351469,0.00674522528425,0.00227784342133,0.00670736422762,0.00429128156975,0.00267968210392,0.00343481381424,0.00204719626345,0.00228962977417,0.0031899206806,0.00258962181397,0.00166694377549,0.0011607989436,0.00141895597335,0.00107267522253,0.00244050007313,0.00146825681441,0.000688078056555,0.000582488253713,0.000229761149967,0.000186622346519,0.000252651050687,0.000154168199515,0.000180066330358,0.000130619882839,0.00013880134793,0.000216982356505,0.00018883406301,0.000129661493702,0.0000743721902836,0.0000741444018786,0.000070479036367,0.0000542986090295,0.000104805258161,0.000294635363389],"mean":[0.00505849299952,0.00725507410243,0.0026103425771,0.00119762960821,0.000400518736569,0.000219478708459,0.000118590673083,0.0000737654481782,0.0000620427308604,0.0000511077450938,0.0000350433620042,0.0000345100997947,0.0000289184099529,0.0000325005603372,0.0000254102615145,0.0000251628425758,0.0000253601792792,0.0000267310624622,0.0000313415948767,0.0000376005446014,0.0000652449889458,0.0000604823835602,0.0000410871471104,0.0000333198295266,0.0000278406187135,0.0000122440887935,0.00000955023097049,0.00000922746494325,0.00000750524168325,0.00000449442768513,0.00000425212010668,0.00000407409243053,0.00000292235426969,0.00000248842138717,0.00000218501486415,0.0000018161524622,0.00000150708319779,0.00000152694678945,0.00000204514321922,0.00000255415648098],"median":[0.00261924508959,0.00458280881867,0.00195228727534,0.000501268077642,0.000265128968749,0.000142191987834,0.0000788847464719,0.0000447801612609,0.0000224235955102,0.0000281532120425,0.0000213671846723,0.000012890990547,0.0000128367591969,0.0000102369895103,0.00000950141111389,0.0000135434229378,0.0000130160178742,0.0000169066770468,0.0000210716825677,0.0000266387796728,0.000052451796364,0.0000493177321914,0.0000305019839288,0.000028182144888,0.0000244891780312,0.00000850422929943,0.00000604948263572,0.00000732546095605,0.00000505301250087,0.00000229030729315,0.0000023571183192,0.00000210461985262,0.00000135106506605,0.00000129170155105,0.0000011022855233,9.30274438815e-7,8.56185977227e-7,9.14616464343e-7,0.00000111812903469,0.00000119993296721],"min":[4.66571309076e-24,4.89419639677e-24,6.52600645518e-24,6.2625639893e-24,5.70073094171e-24,7.06138268572e-24,9.31953094794e-24,1.06686479678e-23,6.33088447128e-24,4.09829766898e-24,2.98402434339e-24,5.93491731763e-24,1.7069693728e-24,4.76483622452e-24,4.09127444034e-24,5.44340727544e-24,5.78265414672e-24,8.23396762335e-24,4.15191575585e-24,5.00893660986e-24,6.30498380118e-24,7.69528606561e-24,8.16260016612e-24,9.08743465899e-24,7.57285406426e-24,6.43664705285e-24,4.06148823585e-24,5.12400341137e-24,5.9179390588e-24,9.2050569754e-24,7.98717170029e-24,7.66037975942e-24,8.17771710764e-24,1.01142759667e-23,5.2010309456e-24,6.89239290261e-24,8.57969380367e-24,8.58611118714e-24,7.60858867441e-24,8.35355814772e-24],"var":[0.0000532393642061,0.0000856793631101,0.00000673084286973,0.00000461833542431,2.37281398086e-7,1.40140087979e-7,3.15183186217e-8,1.38799904903e-8,6.28779943668e-8,1.91741715838e-8,5.36027355835e-9,1.55044208583e-8,6.5730629828e-9,1.30181811997e-8,7.80332420902e-9,4.25572777019e-9,3.84322218494e-9,2.222007911e-9,3.0691778008e-9,3.25888360742e-9,6.50266951396e-9,4.36947811266e-9,2.32431451863e-9,8.68455196645e-10,4.92503038352e-10,2.02920180659e-10,1.53514312373e-10,8.48867434677e-11,8.15427586565e-11,3.87717531691e-11,3.1370253617e-11,3.59850413356e-11,2.22443643366e-11,1.42150917773e-11,1.03927153342e-11,8.48073521131e-12,5.78867422746e-12,4.12765698357e-12,8.84019506903e-12,2.60655629025e-11]},"melbands_crest":{"dmean":3.68004012108,"dmean2":6.18025922775,"dvar":9.12751197815,"dvar2":24.3169193268,"max":37.7017669678,"mean":16.8350143433,"median":16.703338623,"min":1.84552764893,"var":22.4645557404},"melbands_flatness_db":{"dmean":0.04153034091,"dmean2":0.0666269659996,"dvar":0.00144685804844,"dvar2":0.00357272895053,"max":0.845367133617,"mean":0.238237828016,"median":0.222553312778,"min":0.00398076279089,"var":0.00698194140568},"melbands_kurtosis":{"dmean":25.95403862,"dmean2":43.1675109863,"dvar":3100.35205078,"dvar2":8438.27929688,"max":2511.35961914,"mean":37.3253097534,"median":21.8097686768,"min":-1.7053694725,"var":4570.68945312},"melbands_skewness":{"dmean":1.56687688828,"dmean2":2.51665019989,"dvar":2.82879662514,"dvar2":7.12664651871,"max":39.9328918457,"mean":4.68392133713,"median":4.39004850388,"min":-2.41420960426,"var":7.34408807755},"melbands_spread":{"dmean":7.61035919189,"dmean2":12.2985305786,"dvar":67.3828201294,"dvar2":165.300338745,"max":160.895782471,"mean":17.1050376892,"median":13.540389061,"min":0.119701236486,"var":226.908309937},"mfcc":{"cov":[[18394.5859375,-1444.2869873,-1559.2878418,1813.56738281,1592.57653809,270.43258667,220.340026855,543.284301758,473.129547119,9.56739997864,110.029258728,52.9098701477,-23.8329353333],[-1444.2869873,866.080383301,-126.819610596,-180.139282227,-241.092956543,-70.3203201294,-27.6887683868,-49.8551750183,-44.8800811768,-2.82488155365,-6.13381528854,5.4796257019,8.14236545563],[-1559.2878418,-126.819610596,672.820617676,-157.646072388,-93.4328155518,-49.9900970459,-41.3677177429,-82.9612731934,-56.2283973694,-26.0433254242,-32.6952667236,-31.8012962341,-17.3924369812],[1813.56738281,-180.139282227,-157.646072388,670.274169922,319.957244873,88.1476974487,30.1574020386,109.206291199,89.6288833618,26.8367214203,4.29486513138,2.7833545208,-14.202796936],[1592.57653809,-241.092956543,-93.4328155518,319.957244873,391.693786621,68.7205429077,71.6612625122,86.4439315796,93.5513534546,14.6197576523,25.9301452637,11.3559808731,8.12840366364],[270.43258667,-70.3203201294,-49.9900970459,88.1476974487,68.7205429077,117.5651474,47.9026374817,28.8167819977,7.85390758514,6.09569072723,9.84094524384,10.5255422592,2.71041631699],[220.340026855,-27.6887683868,-41.3677177429,30.1574020386,71.6612625122,47.9026374817,99.1617050171,49.1536026001,27.9273223877,4.19783639908,19.3914585114,15.972817421,12.5373573303],[543.284301758,-49.8551750183,-82.9612731934,109.206291199,86.4439315796,28.8167819977,49.1536026001,82.8839950562,46.4238548279,11.4291629791,9.68705940247,8.00154304504,3.85777020454],[473.129547119,-44.8800811768,-56.2283973694,89.6288833618,93.5513534546,7.85390758514,27.9273223877,46.4238548279,78.1402664185,31.090555191,18.6982746124,9.09548854828,8.69838428497],[9.56739997864,-2.82488155365,-26.0433254242,26.8367214203,14.6197576523,6.09569072723,4.19783639908,11.4291629791,31.090555191,53.2274436951,23.1502876282,11.8960647583,6.42439365387],[110.029258728,-6.13381528854,-32.6952667236,4.29486513138,25.9301452637,9.84094524384,19.3914585114,9.68705940247,18.6982746124,23.1502876282,45.0177383423,23.4179439545,12.0195436478],[52.9098701477,5.4796257019,-31.8012962341,2.7833545208,11.3559808731,10.5255422592,15.972817421,8.00154304504,9.09548854828,11.8960647583,23.4179439545,41.3807487488,20.763999939],[-23.8329353333,8.14236545563,-17.3924369812,-14.202796936,8.12840366364,2.71041631699,12.5373573303,3.85777020454,8.69838428497,6.42439365387,12.0195436478,20.763999939,37.6475334167]],"icov":[[0.000127578648971,0.000152581778821,0.000258901884081,-0.000106118619442,-0.000252775353147,0.0001139149972,0.000151608124725,-0.000144358549733,-0.000195020227693,0.00041379922186,-0.000165391888004,-0.0000454326291219,0.000190324310097],[0.000152581778821,0.00176174938679,0.000816265819594,-0.000291191536235,0.000772838189732,0.00093648879556,-0.000647510285489,0.000642184866592,-0.000305061403196,0.00043545931112,-0.0000469472688565,-0.000127458275529,-0.0000201861748792],[0.000258901884081,0.000816265819594,0.00248015508987,-0.0000805106174084,-0.000362330843927,0.000907236826606,-0.000494942360092,0.00160088750999,-0.000146673773997,0.000633932068013,0.000481592142023,0.000489637779538,0.000618366058916],[-0.000106118619442,-0.000291191536235,-0.0000805106174084,0.00326664745808,-0.00212353514507,-0.00152742536739,0.00232730456628,-0.00257381191477,0.000146215141285,-0.00133898411877,0.00163431442343,-0.00078947696602,0.00135648390278],[-0.000252775353147,0.000772838189732,-0.000362330843927,-0.00212353514507,0.00717974361032,-0.000695736787748,-0.00264376378618,0.00138368934859,-0.00476909149438,0.00259094778448,-0.00210291682743,0.00124794594012,-0.00141426140908],[0.0001139149972,0.00093648879556,0.000907236826606,-0.00152742536739,-0.000695736787748,0.0131193017587,-0.00644911359996,0.000451789208455,0.00469468999654,-0.00249336729757,0.000665292143822,-0.00135449611116,0.000894981552847],[0.000151608124725,-0.000647510285489,-0.000494942360092,0.00232730456628,-0.00264376378618,-0.00644911359996,0.0210051909089,-0.011440272443,-0.00132750428747,0.00434177555144,-0.0052350400947,-0.00114946661051,-0.00203122384846],[-0.000144358549733,0.000642184866592,0.00160088750999,-0.00257381191477,0.00138368934859,0.000451789208455,-0.011440272443,0.029189074412,-0.0110463881865,0.00124080816749,0.00365045294166,-0.00112966389861,0.00182393856812],[-0.000195020227693,-0.000305061403196,-0.000146673773997,0.000146215141285,-0.00476909149438,0.00469468999654,-0.00132750428747,-0.0110463881865,0.0322901979089,-0.0155194373801,-0.000817797670607,0.00268107606098,-0.00383424432948],[0.00041379922186,0.00043545931112,0.000633932068013,-0.00133898411877,0.00259094778448,-0.00249336729757,0.00434177555144,0.00124080816749,-0.0155194373801,0.0340610332787,-0.014401178807,-0.000581389758736,0.000694373447914],[-0.000165391888004,-0.0000469472688565,0.000481592142023,0.00163431442343,-0.00210291682743,0.000665292143822,-0.0052350400947,0.00365045294166,-0.000817797670607,-0.014401178807,0.0420676991343,-0.0181672330946,0.00175553944428],[-0.0000454326291219,-0.000127458275529,0.000489637779538,-0.00078947696602,0.00124794594012,-0.00135449611116,-0.00114946661051,-0.00112966389861,0.00268107606098,-0.000581389758736,-0.0181672330946,0.0448207110167,-0.0191865544766],[0.000190324310097,-0.0000201861748792,0.000618366058916,0.00135648390278,-0.00141426140908,0.000894981552847,-0.00203122384846,0.00182393856812,-0.00383424432948,0.000694373447914,0.00175553944428,-0.0191865544766,0.0390038974583]],"mean":[-648.25793457,106.49306488,10.014623642,44.0328788757,29.0767154694,4.57065916061,3.023614645,7.35671520233,6.24004125595,-2.35932970047,0.54694467783,0.223012447357,0.168654114008]},"pitch_salience":{"dmean":0.113055616617,"dmean2":0.18804320693,"dvar":0.00941371638328,"dvar2":0.0247547104955,"max":0.959859073162,"mean":0.54026901722,"median":0.556772649288,"min":0.0417183153331,"var":0.0204276610166},"silence_rate_20dB":{"dmean":0,"dmean2":0,"dvar":0,"dvar2":0,"max":1,"mean":1,"median":1,"min":1,"var":0},"silence_rate_30dB":{"dmean":0.1177976951,"dmean2":0.235625565052,"dvar":0.103914178908,"dvar2":0.221864625812,"max":1,"mean":0.900524914265,"median":1,"min":0,"var":0.08957464993},"silence_rate_60dB":{"dmean":0.00153649167623,"dmean2":0.00307337683626,"dvar":0.00153410655912,"dvar2":0.00357624865137,"max":1,"mean":0.118934832513,"median":0,"min":0,"var":0.104790337384},"spectral_centroid":{"dmean":302.912384033,"dmean2":484.584991455,"dvar":86287.0625,"dvar2":214822.109375,"max":11170.7089844,"mean":1458.71447754,"median":1484.44726562,"min":58.6673698425,"var":391013.3125},"spectral_complexity":{"dmean":4.8837389946,"dmean2":7.67025232315,"dvar":24.2920436859,"dvar2":55.8822631836,"max":60,"mean":25.6631679535,"median":28,"min":0,"var":153.348831177},"spectral_contrast_coeffs":{"dmean":[0.0581967942417,0.0471361577511,0.0338838472962,0.0278377197683,0.0205272715539,0.0175086781383],"dmean2":[0.0956587120891,0.0793208405375,0.0575155690312,0.0472763366997,0.0346470065415,0.0287614334375],"dvar":[0.00220681610517,0.00141905038618,0.000698244257364,0.000498090288602,0.000277996936347,0.000316805089824],"dvar2":[0.00581391854212,0.00391385145485,0.00193276745267,0.00137081264984,0.000751845072955,0.000797961372882],"max":[-0.384131014347,-0.470966488123,-0.560289859772,-0.602972388268,-0.620796203613,-0.634536862373],"mean":[-0.652366220951,-0.769291937351,-0.829846858978,-0.813029289246,-0.799011647701,-0.787344038486],"median":[-0.653771996498,-0.769876718521,-0.834160149097,-0.814746320248,-0.793895304203,-0.789051055908],"min":[-0.965947151184,-0.978639960289,-0.967856347561,-0.96246778965,-0.963453352451,-0.965065360069],"var":[0.00520111434162,0.00348284211941,0.00184691941831,0.00155030016322,0.00183812354226,0.00251701893285]},"spectral_contrast_valleys":{"dmean":[0.394736349583,0.393097311258,0.325208932161,0.264379352331,0.218993961811,0.23944799602],"dmean2":[0.656739294529,0.654294371605,0.540424346924,0.431438535452,0.350622653961,0.32700663805],"dvar":[0.110504932702,0.126369744539,0.0799769312143,0.0615911260247,0.0571695119143,0.0889447033405],"dvar2":[0.287674516439,0.3281262815,0.204595893621,0.146092921495,0.122775450349,0.158666953444],"max":[-5.0335726738,-4.8296046257,-5.64185523987,-5.57651662827,-5.53107881546,-7.34601688385],"mean":[-6.77445888519,-6.95346784592,-7.55493211746,-7.6542801857,-7.3276925087,-9.9853143692],"median":[-6.30811834335,-6.71793746948,-7.25500154495,-7.17198991776,-6.69501590729,-9.38284873962],"min":[-27.5447654724,-27.2127399445,-27.3776550293,-27.2796115875,-27.4324169159,-27.2887763977],"var":[2.32494235039,1.28369987011,1.61241722107,2.51910185814,3.70905613899,2.82098960876]},"spectral_decrease":{"dmean":7.38133554279e-9,"dmean2":1.22713554873e-8,"dvar":1.08908300132e-16,"dvar2":2.86145331986e-16,"max":8.56313592258e-29,"mean":-1.27220554091e-8,"median":-1.02761053e-8,"min":-7.53785940333e-8,"var":1.24859935615e-16},"spectral_energy":{"dmean":0.0282284151763,"dmean2":0.0468642637134,"dvar":0.00157255365048,"dvar2":0.0041276011616,"max":0.288198024035,"mean":0.0503886565566,"median":0.0414337292314,"min":1.00590098105e-20,"var":0.0018374978099},"spectral_energyband_high":{"dmean":0.00050200917758,"dmean2":0.000753460510168,"dvar":8.1595158008e-7,"dvar2":0.00000172099873907,"max":0.0373196639121,"mean":0.00126889406238,"median":0.000907522859052,"min":7.32229163961e-21,"var":0.00000186939348623},"spectral_energyband_low":{"dmean":0.0261034239084,"dmean2":0.0439743250608,"dvar":0.00158893107437,"dvar2":0.00419955514371,"max":0.281881511211,"mean":0.0358043350279,"median":0.024520277977,"min":3.82586778969e-23,"var":0.00163514248561},"spectral_energyband_middle_high":{"dmean":0.00159910030197,"dmean2":0.00254244171083,"dvar":0.00000571041846342,"dvar2":0.0000133529520099,"max":0.0502871461213,"mean":0.00465187802911,"median":0.00381384557113,"min":1.24413568196e-21,"var":0.0000180251372512},"spectral_energyband_middle_low":{"dmean":0.00625281734392,"dmean2":0.00996661931276,"dvar":0.0000809949706309,"dvar2":0.000190100297914,"max":0.0830815806985,"mean":0.011970105581,"median":0.00872262567282,"min":2.72499112877e-22,"var":0.000135701688123},"spectral_entropy":{"dmean":0.136590883136,"dmean2":0.216338425875,"dvar":0.0221842247993,"dvar2":0.0523268468678,"max":9.81446456909,"mean":7.69155693054,"median":7.86021471024,"min":3.69480371475,"var":0.383762389421},"spectral_flux":{"dmean":0.0456516556442,"dmean2":0.0732186362147,"dvar":0.0028936828021,"dvar2":0.0059254495427,"max":0.43856754899,"mean":0.123466335237,"median":0.109905742109,"min":6.74665323608e-11,"var":0.00617156317458},"spectral_kurtosis":{"dmean":2.18301391602,"dmean2":3.63959717751,"dvar":32.0177497864,"dvar2":84.8630447388,"max":98.6974029541,"mean":7.05236673355,"median":3.64069032669,"min":-1.21412014961,"var":122.306297302},"spectral_rms":{"dmean":0.00169406295754,"dmean2":0.00273123872466,"dvar":0.00000381762629331,"dvar2":0.00000971268582362,"max":0.0167680885643,"mean":0.00629329215735,"median":0.00635792035609,"min":3.13267749415e-12,"var":0.00000955394443736},"spectral_rolloff":{"dmean":637.532897949,"dmean2":1113.68994141,"dvar":791796.8125,"dvar2":1825258.75,"max":18906.1523438,"mean":1082.58618164,"median":516.796875,"min":43.06640625,"var":1506813.75},"spectral_skewness":{"dmean":0.223617821932,"dmean2":0.367316693068,"dvar":0.14410802722,"dvar2":0.367085963488,"max":8.82345581055,"mean":1.79284262657,"median":1.48108232021,"min":-0.0494174174964,"var":1.42222476006},"spectral_spread":{"dmean":667064.25,"dmean2":969633.625,"dvar":631572004864,"dvar2":1170867355650,"max":41612720,"mean":5096142.5,"median":4960816,"min":852665.5625,"var":4497618763780},"spectral_strongpeak":{"dmean":0.291345596313,"dmean2":0.498783946037,"dvar":0.199126452208,"dvar2":0.547853767872,"max":8.66347980499,"mean":0.452487260103,"median":0.349174469709,"min":0,"var":0.195037916303},"zerocrossingrate":{"dmean":0.0123753352091,"dmean2":0.0150614976883,"dvar":0.000146202917676,"dvar2":0.000201656250283,"max":0.521484375,"mean":0.0602326281369,"median":0.05419921875,"min":0.00146484375,"var":0.00114061147906}},"metadata":{"audio_properties":{"analysis_sample_rate":44100,"bit_rate":0,"codec":"flac","downmix":"mix","equal_loudness":0,"length":181.333328247,"lossless":true,"md5_encoded":"7e6fb9d6bc038d9d423d227df23a541a","replay_gain":-10.569896698},"tags":{"album":["Houdini"],"albumartist":["Melvins"],"albumartistsort":["Melvins"],"artist":["Melvins"],"artistsort":["Melvins"],"asin":["B000002IWU"],"barcode":["075678253225"],"catalognumber":["7 82532-2"],"date":["1993-09-21"],"discnumber":["1"],"disctotal":["1"],"file_name":"05 Honey Bucket.flac","label":["Atlantic"],"media":["CD"],"musicbrainz_albumartistid":["9ccfbc94-a4f4-42f7-b6f5-d903ab77cccb"],"musicbrainz_albumid":["8aa3f597-a618-40f2-81c9-4a8102f309b7"],"musicbrainz_artistid":["9ccfbc94-a4f4-42f7-b6f5-d903ab77cccb"],"musicbrainz_recordingid":["f83f7e24-f6db-4458-a467-7a9e6fe81ea3"],"musicbrainz_releasegroupid":["76ce6e14-2938-3653-8fd9-e1f31a33deb2"],"musicbrainz_releasetrackid":["82356a0b-f73a-3c03-b565-0c70ef12c158"],"originaldate":["1993-09-21"],"releasecountry":["US"],"releasestatus":["official"],"releasetype":["album"],"script":["Latn"],"title":["Honey Bucket"],"totaldiscs":["1"],"totaltracks":["13"],"tracknumber":["5"],"tracktotal":["13"]},"version":{"essentia":"2.1-beta1","essentia_build_sha":"7598a69e7b456135ce4c070efb04a3d0ebb71fdd","essentia_git_sha":"v2.1_beta1-6-g5578087","extractor":"music 1.0"}},"rhythm":{"beats_count":316,"beats_loudness":{"dmean":0.0211769733578,"dmean2":0.0357975549996,"dvar":0.000440425734269,"dvar2":0.00131280277856,"max":0.149301409721,"mean":0.0541428141296,"median":0.0552329868078,"min":9.00235875179e-7,"var":0.000873786571901},"beats_loudness_band_ratio":{"dmean":[0.165759161115,0.172493472695,0.032170958817,0.022660760209,0.0412796363235,0.0369629189372],"dmean2":[0.291781842709,0.301169633865,0.0560712069273,0.039383687079,0.0702723264694,0.0624256134033],"dvar":[0.0212405771017,0.0180671345443,0.00451518036425,0.0018695120234,0.00297389389016,0.00242470041849],"dvar2":[0.0606830380857,0.055366370827,0.0135757103562,0.00524178240448,0.0076117417