{"lowlevel":{"average_loudness":0.946868658066,"barkbands":{"dmean":[0.000137981842272,0.00272452319041,0.000853377569001,0.00102134584449,0.00109733839054,0.000353032635758,0.000533156504389,0.000778241257649,0.000631122966297,0.000296095880913,0.00026783006615,0.00047605286818,0.000309420807753,0.000472741434351,0.000590414740145,0.000692945788614,0.000405655504437,0.00020279068849,0.000143419209053,0.0000945252177189,0.0000847842529765,0.0000335304248438,0.00000873873341334,0.00000840189932205,0.00002823019895,0.0000239080854953,0.00000213641692426],"dmean2":[0.000218376255361,0.00436138827354,0.00144307350274,0.00169459090102,0.0017779476475,0.000564271060284,0.000806816213299,0.00121795118321,0.000964715960436,0.000439301482402,0.000415332993725,0.000753377447836,0.000476207555039,0.000732752203476,0.000861369422637,0.00114154245239,0.000609296374023,0.000297570979455,0.000208483848837,0.000135603113449,0.000123145771795,0.0000468592006655,0.0000121891271192,0.0000116472865557,0.0000396801769966,0.0000346110464307,0.00000314566273119],"dvar":[4.08209572811e-8,0.0000105016652014,0.00000144983016526,0.00000267076347882,0.00000182867711374,3.89382989852e-7,9.45730675994e-7,0.0000042976075747,0.000002290118573,6.48850118523e-7,5.79450443183e-7,8.54126597005e-7,9.1592374929e-7,0.00000137579331749,0.00000163764877925,0.00000154546057729,8.21888761493e-7,1.41293611478e-7,6.71872655289e-8,2.42086777291e-8,1.81590991133e-8,3.89738596951e-9,4.88233786733e-10,2.98528674003e-10,3.07987724213e-9,2.43973174996e-9,2.01382660547e-11],"dvar2":[9.7885525463e-8,0.0000281577922578,0.00000393173104385,0.00000725536301616,0.00000490825959787,9.26427958348e-7,0.00000215625163946,0.0000101408431874,0.00000484817337565,0.0000013134853134,0.00000124503151255,0.00000185513567885,0.00000187185912637,0.00000311222356686,0.00000302586499856,0.00000337919618687,0.00000167182213318,3.12881269338e-7,1.40760036516e-7,4.97776859731e-8,3.92033321361e-8,7.30609528432e-9,9.16929476791e-10,5.73983471863e-10,5.93822946371e-9,5.19559106849e-9,4.32907217018e-11],"max":[0.00306680006906,0.0388451442122,0.0109227709472,0.015768205747,0.0173886548728,0.0141865294427,0.021108020097,0.0526509135962,0.0497490949929,0.0211836863309,0.0205905903131,0.0229152422398,0.0298123918474,0.031725294888,0.0323131009936,0.0480532832444,0.0336089804769,0.0133250365034,0.00525186304003,0.00266006030142,0.00260280654766,0.00109276361763,0.000460491806734,0.000297982071061,0.000636949262116,0.000779839057941,0.0000529680692125],"mean":[0.000190071863472,0.00452056108043,0.00125017820392,0.00134096085094,0.0020975205116,0.000666295178235,0.00109149189666,0.00125219323672,0.00124940043315,0.000550051801838,0.000392604648368,0.000746618025005,0.000502137758303,0.000833483180031,0.00144921243191,0.00126726378221,0.000888109323569,0.000378452852601,0.000247613003012,0.000153118788148,0.00012973662524,0.0000462161369796,0.0000122329502119,0.0000100156348708,0.0000303215983877,0.0000235930892813,0.00000214641318053],"median":[0.0000992869245238,0.00370313529857,0.000610212155152,0.00066288781818,0.00164225918707,0.000368827546481,0.000529556768015,0.000428343104431,0.000490798207466,0.000130816581077,0.0000785596785136,0.000347621826222,0.000162360869581,0.000287460570689,0.000474285625387,0.000784304866102,0.000342638668371,0.000181681039976,0.000100144978205,0.0000644737156108,0.0000512936603627,0.0000119695205285,0.00000214376291297,0.00000133777939482,0.0000024757985102,0.00000104173523141,8.91926816848e-8],"min":[1.0324591806e-24,1.23848410967e-24,9.1634516624e-25,6.20112267023e-25,9.81762876755e-24,9.58001676315e-24,7.59555432567e-24,7.0909562922e-24,1.36726066291e-23,2.18331360353e-23,1.05940540695e-23,2.9508396078e-23,2.20841263318e-23,2.84552225933e-23,6.23009084568e-23,5.25165593642e-23,9.72211743345e-23,8.38826913196e-23,1.32750560738e-22,1.66887033353e-22,2.36105513575e-22,3.14473278306e-22,3.86154758978e-22,5.87006116564e-22,9.28209940332e-22,1.34573208082e-21,1.92394233518e-21],"var":[6.59360352984e-8,0.0000179624930752,0.00000235598486142,0.00000338241738973,0.0000033867829643,0.00000107009157091,0.00000215296199713,0.0000085988540377,0.00000828565498523,0.00000166693621395,0.00000155053760409,0.00000175318473339,0.0000022978429115,0.0000040527688725,0.00000688948466632,0.00000438903225586,0.0000033762514704,3.06688093588e-7,1.69359893221e-7,5.15438642879e-8,3.79521480909e-8,7.6206543298e-9,9.20007625638e-10,4.81140960407e-10,4.55719817438e-9,3.0813869234e-9,2.49009875219e-11]},"barkbands_crest":{"dmean":2.58254623413,"dmean2":4.19495773315,"dvar":5.80388450623,"dvar2":15.0096349716,"max":26.8742923737,"mean":9.18193244934,"median":8.41907405853,"min":2.64403653145,"var":14.0106458664},"barkbands_flatness_db":{"dmean":0.027485942468,"dmean2":0.0359680019319,"dvar":0.000668718304951,"dvar2":0.00121568969917,"max":0.426005959511,"mean":0.148855060339,"median":0.145597755909,"min":0.0273550953716,"var":0.00316259684041},"barkbands_kurtosis":{"dmean":1.83365809917,"dmean2":2.89589977264,"dvar":87.3295669556,"dvar2":227.035308838,"max":696.111999512,"mean":2.6060988903,"median":-0.206776380539,"min":-1.87395095825,"var":716.509399414},"barkbands_skewness":{"dmean":0.471416413784,"dmean2":0.705172121525,"dvar":0.27470600605,"dvar2":0.628768742085,"max":25.2101097107,"mean":0.948596417904,"median":0.786030292511,"min":-3.07734751701,"var":2.40206575394},"barkbands_spread":{"dmean":5.3879237175,"dmean2":8.142993927,"dvar":26.3404788971,"dvar2":56.641658783,"max":131.217407227,"mean":24.2041339874,"median":23.5956916809,"min":0.681524753571,"var":95.1939620972},"dissonance":{"dmean":0.0147400368005,"dmean2":0.0246773585677,"dvar":0.000216138607357,"dvar2":0.000564565940294,"max":0.500000059605,"mean":0.4720030725,"median":0.476522386074,"min":0.279654532671,"var":0.000457311194623},"dynamic_complexity":2.47375774384,"erbbands":{"dmean":[0.0981072187424,0.57153236866,0.89081788063,2.36212182045,3.10461544991,4.48382282257,3.38873410225,2.71817827225,6.73826885223,11.8350667953,13.9872961044,15.5845336914,7.94745540619,9.70453548431,12.8321208954,18.4374065399,14.3852453232,20.6128826141,25.5245170593,29.5728034973,38.4988250732,20.8766403198,10.2417860031,10.9673290253,4.79926872253,4.23001861572,4.39145851135,2.46357560158,1.25005471706,0.659975230694,0.21976993978,0.137100860476,0.180494755507,0.22943431139,0.237462639809,0.149955391884,0.0339914895594,0.00483365030959,0.000361102051102,0.0000162588312378],"dmean2":[0.150213852525,0.954450786114,1.50619590282,3.87553453445,5.176425457,7.24477624893,5.47483205795,4.39907121658,10.0847396851,18.8635253906,21.4990139008,23.6303157806,11.9783792496,14.2729444504,19.5593566895,29.3699054718,21.7357501984,31.3146095276,36.79454422,44.172870636,63.9038124084,30.9635467529,15.1146535873,15.4447460175,6.86682844162,6.04792642593,6.4117269516,3.51843047142,1.74007415771,0.931073904037,0.311365634203,0.190952792764,0.251890420914,0.322299897671,0.340221166611,0.218185245991,0.0495360530913,0.00702125579119,0.000528747041244,0.000022698619432],"dvar":[0.0136601170525,0.483373910189,1.43446707726,12.5733299255,19.0231170654,35.1762886047,42.6586341858,17.8697376251,140.569442749,983.737121582,1297.51477051,1464.19140625,435.68572998,878.567504883,1008.28088379,1328.9128418,1581.14477539,2523.71264648,2536.78735352,4194.07519531,2812.41430664,2121.86962891,304.79876709,374.360687256,64.3703689575,51.0670394897,51.8302955627,18.2942905426,5.45233440399,1.95075213909,0.34333845973,0.101643554866,0.132709830999,0.202941268682,0.228770583868,0.0981121659279,0.00491443136707,0.0000974273207248,5.72462568016e-7,6.79325817821e-10],"dvar2":[0.0314025916159,1.37136685848,4.04297542572,33.1164855957,53.1358413696,93.5415725708,103.008544922,44.309009552,332.109680176,2505.77563477,2806.36230469,2960.23461914,945.113464355,1665.51879883,1996.66027832,2965.01538086,3169.16210938,5386.94384766,4879.96533203,8723.17285156,6504.63134766,4345.4140625,649.891174316,783.583251953,126.975357056,104.130180359,114.58000946,37.5310745239,10.1347055435,3.73166823387,0.659990012646,0.19980314374,0.251722842455,0.380574226379,0.459313184023,0.20981566608,0.0104506872594,0.000206397948205,0.00000122589233342,1.36609035195e-9],"max":[1.34320569038,8.03723049164,12.0955410004,39.7672348022,47.5801887512,78.8378067017,182.736114502,68.0076980591,338.119018555,794.87487793,941.181640625,1579.02661133,502.064178467,924.996032715,883.103820801,1169.86694336,1338.84924316,1523.94555664,1135.83129883,2052.99584961,1730.20385742,1262.95507812,382.142059326,546.462036133,205.90914917,118.44783783,157.367599487,53.9135055542,51.1802482605,23.1981506348,12.3454713821,6.24519586563,5.46997117996,6.83060884476,6.179210186,4.89184093475,1.01153850555,0.122987106442,0.0110337557271,0.000361290585715],"mean":[0.156830504537,0.906134188175,1.40374910831,3.44664812088,5.0182056427,8.03544807434,6.1637377739,5.37129068375,15.1616802216,19.8243694305,25.589723587,30.6388206482,15.3637208939,20.2253704071,23.3411865234,29.8125114441,25.6741580963,37.9046669006,65.0288772583,64.7595672607,74.3113174438,47.0196380615,22.4972343445,20.5961360931,8.55671977997,6.92826986313,7.15608739853,3.49022865295,1.74636209011,0.867207586765,0.305316448212,0.177584156394,0.206568405032,0.258024066687,0.247022688389,0.14702950418,0.0337347090244,0.00481121707708,0.000372662005248,0.0000376053649234],"median":[0.102374136448,0.736481428146,0.897728443146,1.86042368412,3.75457167625,5.93950080872,3.26936459541,3.18715286255,7.99362277985,10.1301984787,11.7139949799,12.9734477997,5.04730558395,4.74316501617,7.99836826324,14.3478183746,10.3160896301,14.3202972412,22.4026679993,29.6247177124,49.3062858582,20.2336292267,11.75593853,9.00533676147,3.98837590218,2.96848678589,3.0092318058,1.17428982258,0.445648193359,0.15654809773,0.0515997037292,0.0294361636043,0.0213109813631,0.0256299991161,0.0174834541976,0.00668209139258,0.00151145516429,0.000207582168514,0.0000265673097601,0.000025311293939],"min":[7.14219517458e-23,4.27767790196e-22,1.44354810677e-21,5.42001897271e-21,7.45992189196e-21,4.50566572127e-20,4.12790138281e-20,8.62258369651e-20,1.33679676518e-19,1.67081707866e-19,3.12037678516e-19,3.72972946466e-19,6.70302707455e-19,9.99373559897e-19,8.61827847992e-19,1.39428023428e-18,1.35833189544e-18,2.72026264692e-18,2.71617347957e-18,3.63485660468e-18,3.74705579656e-18,5.96743520814e-18,4.66509516837e-18,6.87021723355e-18,7.65763940996e-18,8.5736848629e-18,9.86210055783e-18,9.59100286542e-18,9.73523338574e-18,1.01082670266e-17,1.24830380451e-17,1.22477663722e-17,9.72622208015e-18,8.411320062e-18,6.48983946964e-18,4.47526300805e-18,2.57795904383e-18,9.41858451136e-19,2.4161676859e-19,2.63581732269e-20],"var":[0.0279643367976,0.708937525749,2.21467924118,18.9704799652,24.1731700897,60.5876045227,123.417579651,42.3589744568,345.616088867,1563.31542969,2949.26928711,5738.90722656,987.021240234,2810.30444336,3528.90405273,2625.55737305,4604.02929688,7592.45214844,9889.51757812,14552.8876953,9360.95507812,7899.79931641,978.409606934,938.298583984,152.239807129,106.06502533,112.616531372,32.8359184265,11.3262004852,3.47985172272,0.620459139347,0.171877667308,0.207201570272,0.317017883062,0.317352920771,0.122536301613,0.00621474534273,0.000123829187942,7.1358869036e-7,1.35381550415e-9]},"erbbands_crest":{"dmean":2.77239656448,"dmean2":4.59559631348,"dvar":6.78323173523,"dvar2":18.290019989,"max":26.1971797943,"mean":9.61522960663,"median":8.82082080841,"min":2.57533073425,"var":15.1646080017},"erbbands_flatness_db":{"dmean":0.0267584975809,"dmean2":0.0336865969002,"dvar":0.000685959879775,"dvar2":0.00118488585576,"max":0.362651646137,"mean":0.195941761136,"median":0.201715171337,"min":0.0384169146419,"var":0.00306824967265},"erbbands_kurtosis":{"dmean":0.756141662598,"dmean2":1.18721866608,"dvar":1.09130823612,"dvar2":2.51903796196,"max":28.2004814148,"mean":0.180443093181,"median":-0.352166414261,"min":-1.73333895206,"var":3.29697942734},"erbbands_skewness":{"dmean":0.32683801651,"dmean2":0.517114043236,"dvar":0.091142617166,"dvar2":0.211824044585,"max":2.92267155647,"mean":-0.44496718049,"median":-0.428666979074,"min":-4.37207651138,"var":0.380375385284},"erbbands_spread":{"dmean":5.64640712738,"dmean2":8.57851886749,"dvar":31.5157146454,"dvar2":72.6598205566,"max":94.9706954956,"mean":29.3891811371,"median":28.2658309937,"min":3.33363866806,"var":123.953712463},"gfcc":{"cov":[[23055.0859375,79.4860687256,-1681.85595703,284.962493896,-709.22467041,516.90447998,-668.176086426,520.661010742,-618.784057617,531.952392578,-567.568908691,215.486038208,-314.690460205],[79.4860687256,2451.78393555,-870.899169922,-21.2733478546,380.786407471,-502.732757568,174.987686157,-277.104156494,229.602203369,-284.133361816,172.856079102,-277.936828613,176.232376099],[-1681.85595703,-870.899169922,1202.22937012,24.3546066284,33.0240707397,278.064727783,-153.305389404,235.686950684,-131.79057312,128.784011841,-132.810684204,110.324440002,-87.9544754028],[284.962493896,-21.2733478546,24.3546066284,215.719284058,14.0182752609,10.2225522995,-23.2821464539,13.9031858444,44.4515914917,15.4875688553,0.605575978756,-0.270328551531,6.18649435043],[-709.22467041,380.786407471,33.0240707397,14.0182752609,226.973968506,-48.9343719482,31.0976009369,-20.4027957916,49.5941238403,-24.0755004883,27.8663768768,-49.4497947693,32.7818031311],[516.90447998,-502.732757568,278.064727783,10.2225522995,-48.9343719482,265.828552246,-34.7389793396,118.452720642,-76.2189178467,69.0177078247,-48.2204093933,80.9863433838,-55.4028549194],[-668.176086426,174.987686157,-153.305389404,-23.2821464539,31.0976009369,-34.7389793396,165.576248169,-54.8746948242,40.5721740723,-46.7742843628,68.0015716553,-24.9194736481,28.2992935181],[520.661010742,-277.104156494,235.686950684,13.9031858444,-20.4027957916,118.452720642,-54.8746948242,182.519485474,-24.6672554016,84.2651062012,-43.5663299561,55.1470489502,-29.9846611023],[-618.784057617,229.602203369,-131.79057312,44.4515914917,49.5941238403,-76.2189178467,40.5721740723,-24.6672554016,161.76914978,-36.1288490295,59.29139328,-37.4856147766,37.1172485352],[531.952392578,-284.133361816,128.784011841,15.4875688553,-24.0755004883,69.0177078247,-46.7742843628,84.2651062012,-36.1288490295,149.184555054,-26.2426738739,41.5825500488,-15.8266944885],[-567.568908691,172.856079102,-132.810684204,0.605575978756,27.8663768768,-48.2204093933,68.0015716553,-43.5663299561,59.29139328,-26.2426738739,100.477973938,-5.83911752701,28.2141952515],[215.486038208,-277.936828613,110.324440002,-0.270328551531,-49.4497947693,80.9863433838,-24.9194736481,55.1470489502,-37.4856147766,41.5825500488,-5.83911752701,88.0907974243,-2.75998830795],[-314.690460205,176.232376099,-87.9544754028,6.18649435043,32.7818031311,-55.4028549194,28.2992935181,-29.9846611023,37.1172485352,-15.8266944885,28.2141952515,-2.75998830795,74.5857925415]],"icov":[[0.000285412970698,-0.000516873202287,0.000914430187549,-0.000541838293429,0.000530656718183,-0.00073700962821,0.000606300367508,-0.000639933219645,0.000702452613041,-0.000906656961888,0.00149276445154,-0.00106688099913,0.00113464309834],[-0.000516873202287,0.00244335457683,-0.000997762545012,0.00104463787284,-0.00268850405701,0.00231030909345,-0.000617317156866,0.000143832701724,-0.000614649034105,0.00311787519604,-0.00370726990514,0.00423964671791,-0.00350067624822],[0.000914430187549,-0.000997762545012,0.0047116917558,-0.00176876387559,-0.0000275956772384,-0.00255323457532,0.00262045371346,-0.00334722362459,0.00283816736192,-0.00221082707867,0.00518099218607,-0.0034111647401,0.00372665910982],[-0.000541838293429,0.00104463787284,-0.00176876387559,0.00628825835884,-0.00121032621246,0.000721218297258,-0.000130010594148,0.00157538219355,-0.00341232353821,0.00115083705168,-0.00260623893701,0.00224087340757,-0.00260029244237],[0.000530656718183,-0.00268850405701,-0.0000275956772384,-0.00121032621246,0.00925000663847,-0.00267454795539,0.000392650079448,-0.000459698116174,0.00027227649116,-0.00328274839558,0.0020840857178,0.000124614380184,0.000657382770441],[-0.00073700962821,0.00231030909345,-0.00255323457532,0.000721218297258,-0.00267454795539,0.0107637355104,-0.00333360396326,-0.00129682233091,-0.000330475333612,0.00313715613447,-0.00302114221267,-0.00105135561898,0.000209358622669],[0.000606300367508,-0.000617317156866,0.00262045371346,-0.000130010594148,0.000392650079448,-0.00333360396326,0.0113022141159,-0.00124086497817,0.00209153699689,-0.000154342211317,-0.00309507339261,0.00129841966555,-0.000173056978383],[-0.000639933219645,0.000143832701724,-0.00334722362459,0.00157538219355,-0.000459698116174,-0.00129682233091,-0.00124086497817,0.0134638305753,-0.00510340882465,-0.00272320024669,0.0000854138925206,-0.00251498050056,-0.000158986673341],[0.000702452613041,-0.000614649034105,0.00283816736192,-0.00341232353821,0.00027227649116,-0.000330475333612,0.00209153699689,-0.00510340882465,0.0130449226126,-0.0000496223437949,-0.00245320354588,0.00241211801767,-0.000649404537398],[-0.000906656961888,0.00311787519604,-0.00221082707867,0.00115083705168,-0.00328274839558,0.00313715613447,-0.000154342211317,-0.00272320024669,-0.0000496223437949,0.0141908908263,-0.00654155341908,0.0044364631176,-0.00548331346363],[0.00149276445154,-0.00370726990514,0.00518099218607,-0.00260623893701,0.0020840857178,-0.00302114221267,-0.00309507339261,0.0000854138925206,-0.00245320354588,-0.00654155341908,0.0283743273467,-0.0146516347304,0.00798934977502],[-0.00106688099913,0.00423964671791,-0.0034111647401,0.00224087340757,0.000124614380184,-0.00105135561898,0.00129841966555,-0.00251498050056,0.00241211801767,0.0044364631176,-0.0146516347304,0.032099314034,-0.0145955123007],[0.00113464309834,-0.00350067624822,0.00372665910982,-0.00260029244237,0.000657382770441,0.000209358622669,-0.000173056978383,-0.000158986673341,-0.000649404537398,-0.00548331346363,0.00798934977502,-0.0145955123007,0.0265420638025]],"mean":[-41.3090820312,128.390548706,-139.679794312,27.2243022919,-23.0509052277,-5.3363699913,-31.425907135,10.1051692963,-15.0292596817,9.53647994995,-20.057472229,-2.18639731407,-4.36874675751]},"hfc":{"dmean":5.53909111023,"dmean2":7.42864942551,"dvar":47.7297897339,"dvar2":78.3943481445,"max":124.435432434,"mean":19.0047283173,"median":13.7089958191,"min":1.06383447118e-16,"var":296.470550537},"melbands":{"dmean":[0.000811727077235,0.000516853760928,0.000400275515858,0.000276994484011,0.00012477672135,0.000061749269662,0.000105917628389,0.000147252241732,0.000114526708785,0.0000917406505323,0.0000401448705816,0.0000405742466683,0.0000370721245417,0.0000570593474549,0.0000411354594689,0.0000272500365099,0.00004424816143,0.0000414074420405,0.0000497487453686,0.00003870114233,0.00004845933654,0.0000254704409599,0.000015034684111,0.00000912919222174,0.00000970160817815,0.00000423853725806,0.00000296216421702,0.00000306899869429,0.00000343948363479,0.00000189416266494,0.00000137412610002,7.80466052674e-7,5.09038045493e-7,2.95270297102e-7,1.32144222675e-7,8.34348625744e-8,8.7749377542e-8,1.10165053968e-7,1.70697276758e-7,2.02618849698e-7],"dmean2":[0.00127653044183,0.000867892522365,0.000655873969663,0.00044722497114,0.000203450443223,0.0000996687740553,0.000158633527462,0.000234215825913,0.000176809175173,0.000138707051519,0.000061156169977,0.0000596172649239,0.0000567252973269,0.0000903841864783,0.0000639046484139,0.0000413774614572,0.0000674458206049,0.0000610532879364,0.0000737806403777,0.0000601099454798,0.0000811026766314,0.0000376970165235,0.000022726786483,0.0000135685886562,0.0000138399973366,0.00000616948864263,0.00000438019560534,0.00000448680839327,0.00000511548296345,0.00000282403880192,0.00000200633439817,0.00000111119345547,7.24997619272e-7,4.20711359084e-7,1.89770389625e-7,1.20808593351e-7,1.24212050423e-7,1.55620824671e-7,2.40033898535e-7,2.89208259119e-7],"dvar":[9.14898180326e-7,3.96284633553e-7,3.50873335719e-7,1.12307269262e-7,4.54668942496e-8,9.42351263689e-9,3.36944196988e-8,1.58219449986e-7,9.06488324404e-8,5.14474649549e-8,1.20285461591e-8,1.52918655516e-8,8.3971700704e-9,1.24440502347e-8,1.34677700103e-8,5.28843857595e-9,1.27152235407e-8,8.33438296155e-9,1.46171856841e-8,9.99123184187e-9,4.2391534727e-9,3.73759512229e-9,9.82753656231e-10,3.00996144675e-10,3.14839099236e-10,7.18516357523e-11,2.41780918203e-11,2.99411051508e-11,3.67063636431e-11,9.79486804165e-12,6.969503967e-12,2.18516502636e-12,1.09520010248e-12,4.26303035841e-13,1.31609851598e-13,5.51904611693e-14,3.98418616349e-14,5.24267959503e-14,1.25109124449e-13,1.61285847416e-13],"dvar2":[0.00000233620357903,0.00000112862926471,9.33088642796e-7,2.94161338843e-7,1.15578068005e-7,2.33248727e-8,7.9126799335e-8,4.0022305825e-7,1.99707912429e-7,1.01988973711e-7,2.62979238386e-8,2.91971762323e-8,1.74073573334e-8,2.67577338064e-8,2.7048239204e-8,1.08038742397e-8,2.72112057331e-8,1.81127912668e-8,2.7871147168e-8,2.09169321863e-8,1.02858654927e-8,7.7562951617e-9,2.29347829617e-9,6.69532151942e-10,6.70258459845e-10,1.48659376475e-10,5.3298584296e-11,6.29908347705e-11,8.37058755643e-11,2.16775417061e-11,1.49602587263e-11,4.30402415097e-12,2.13004028478e-12,8.22306957769e-13,2.55236722599e-13,1.14083181378e-13,8.14343980703e-14,1.03841299437e-13,2.4419539741e-13,3.11178383408e-13],"max":[0.0110565694049,0.00705102086067,0.00582561129704,0.00397725449875,0.00507542910054,0.00161935063079,0.00499385502189,0.00921476259828,0.00933701265603,0.00924647878855,0.00257708202116,0.00367913022637,0.00227217352949,0.0027306007687,0.00403931271285,0.00255825323984,0.00350918225013,0.00177604111377,0.00349359586835,0.00446642795578,0.00197630864568,0.00171555217821,0.000764952390455,0.000617043056991,0.000446283927886,0.000289754214464,0.0000751789848437,0.000101199926576,0.000149617379066,0.0000426226506534,0.0000391732464777,0.0000277648196061,0.0000225384901569,0.0000106373227027,0.00000772592193243,0.00000492207027492,0.0000036493627249,0.00000330045145347,0.00000652543076285,0.00000572877070226],"mean":[0.0013325382024,0.000902606057934,0.000611884694081,0.000516273372341,0.000233757004025,0.000116395109217,0.000236830223002,0.000243422662606,0.000216233500396,0.000178508184035,0.0000710600361344,0.0000818750049802,0.0000630187423667,0.0000918062360142,0.0000671328889439,0.0000441936062998,0.0000758338355809,0.0000908108777367,0.000116764058475,0.0000725969293853,0.0000884468390723,0.0000512364349561,0.0000288377013931,0.0000171243682416,0.0000172109157575,0.00000702108582118,0.000004511959105,0.00000468214511784,0.00000540084420209,0.00000278659126707,0.00000175474724529,0.00000106089385099,6.67648123454e-7,3.8134808733e-7,1.7830390675e-7,1.12505453842e-7,1.0699085351e-7,1.25009705698e-7,1.89118338767e-7,2.25520309982e-7],"median":[0.00102532550227,0.000721536984202,0.000374015886337,0.000398873380618,0.00013834060519,0.0000659310171613,0.000122932411614,0.000108976237243,0.000102365644125,0.0000715070564183,0.0000190343271242,0.0000153693254106,0.0000179944090632,0.000040935978177,0.0000290841271635,0.0000151356443894,0.0000244384282269,0.0000292805798381,0.0000385539824492,0.0000345056760125,0.0000591117932345,0.0000183782321983,0.0000121839666463,0.00000828645534057,0.00000676916351949,0.00000278496690953,0.00000195151528715,0.00000183010695309,0.00000212991949411,0.00000106846562176,4.65283392259e-7,2.78741424609e-7,1.16168628495e-7,6.68217126076e-8,2.81188903273e-8,1.74358039118e-8,1.53747237164e-8,1.26027988046e-8,1.74837726519e-8,2.23923155573e-8],"min":[6.48148482202e-25,9.94247843036e-25,1.11793166804e-24,1.46922957293e-24,1.75634851559e-24,2.08307261443e-24,1.82064403203e-24,1.34502145125e-24,2.56143688128e-24,1.94157108399e-24,2.85705757513e-24,3.08369119953e-24,1.51876145892e-24,3.21929066989e-24,3.20761828951e-24,3.22079699979e-24,4.50484818054e-24,3.50146877949e-24,4.80051245896e-24,3.67856726385e-24,4.00950940195e-24,4.83920805851e-24,3.79878769365e-24,4.17292706606e-24,4.30637827097e-24,5.31095752945e-24,5.7562766102e-24,4.6808055776e-24,5.60076214907e-24,4.71899906719e-24,4.81927591002e-24,5.2161605089e-24,5.8866244363e-24,4.2403545575e-24,6.13994266133e-24,5.86198752137e-24,6.17219208399e-24,5.98298300702e-24,6.85408581705e-24,6.79848216729e-24],"var":[0.00000168314102211,6.50818719805e-7,5.15401040957e-7,2.09012796404e-7,1.18187784892e-7,2.28924967871e-8,8.65347260515e-8,2.74738823691e-7,2.21611585971e-7,1.94770194639e-7,2.56324472758e-8,4.86315130388e-8,2.87341048733e-8,2.67278821298e-8,3.17564960994e-8,1.3997530246e-8,3.66980508204e-8,2.39718449535e-8,6.11548429674e-8,3.06353662438e-8,1.30645370078e-8,1.23652288408e-8,2.85656986954e-9,6.46157793938e-10,7.50343898126e-10,1.47186207666e-10,4.40737411844e-11,5.81177189707e-11,7.30943153227e-11,1.85893470755e-11,1.0574980995e-11,4.14804432122e-12,2.12478038636e-12,7.35754393608e-13,2.32471268798e-13,9.2353825054e-14,6.12979719067e-14,7.81382405069e-14,1.87265364348e-13,2.42722291918e-13]},"melbands_crest":{"dmean":3.2520506382,"dmean2":5.21633768082,"dvar":8.11323642731,"dvar2":19.9430732727,"max":39.7374076843,"mean":12.9535703659,"median":12.3376312256,"min":1.57267141342,"var":25.36186409},"melbands_flatness_db":{"dmean":0.0322979539633,"dmean2":0.0431340150535,"dvar":0.000935044081416,"dvar2":0.00172110856511,"max":0.504779994488,"mean":0.221772432327,"median":0.214281857014,"min":0.00352995051071,"var":0.00484491046518},"melbands_kurtosis":{"dmean":3.95730662346,"dmean2":6.12671661377,"dvar":96.9782943726,"dvar2":244.173446655,"max":722.359985352,"mean":7.21663141251,"median":2.60431241989,"min":-1.81174170971,"var":874.5078125},"melbands_skewness":{"dmean":0.60174292326,"dmean2":0.900758862495,"dvar":0.400530725718,"dvar2":0.899188280106,"max":25.7842617035,"mean":1.96374869347,"median":1.7158395052,"min":-1.56593537331,"var":2.80714559555},"melbands_spread":{"dmean":7.76623868942,"dmean2":11.761797905,"dvar":60.3808250427,"dvar2":132.257034302,"max":159.768066406,"mean":31.2124404907,"median":28.6083984375,"min":1.081641078,"var":357.99029541},"mfcc":{"cov":[[8272.94726562,-255.40461731,-257.645233154,35.1775016785,-167.990615845,228.189666748,44.8741340637,41.277633667,139.833999634,-13.4441328049,181.275039673,-104.34677887,65.5628128052],[-255.40461731,1910.11022949,-503.091888428,255.024612427,192.371780396,-88.7366485596,-0.701709389687,-30.4444637299,15.7145223618,53.1188583374,-99.0099868774,123.43422699,-32.8592300415],[-257.645233154,-503.091888428,676.669616699,-66.0805511475,129.596511841,9.6913766861,42.0458946228,28.3161640167,53.9710464478,-72.9880752563,77.8422851562,-45.900718689,43.9714126587],[35.1775016785,255.024612427,-66.0805511475,239.314239502,69.0357589722,-6.99154472351,-35.3960418701,-24.6545181274,33.515586853,20.5043964386,4.02577447891,34.3140907288,14.1153173447],[-167.990615845,192.371780396,129.596511841,69.0357589722,224.673568726,-1.87262809277,-9.80802440643,-0.0474595315754,43.2696914673,-1.20591390133,23.6131629944,17.6376609802,13.7884263992],[228.189666748,-88.7366485596,9.6913766861,-6.99154472351,-1.87262809277,106.357620239,29.4898929596,18.9933624268,-0.0647204592824,1.4994443655,5.50464105606,-4.5313782692,1.93494665623],[44.8741340637,-0.701709389687,42.0458946228,-35.3960418701,-9.80802440643,29.4898929596,122.829376221,12.1472349167,5.16493940353,-12.772851944,8.202917099,-2.94642972946,1.68256509304],[41.277633667,-30.4444637299,28.3161640167,-24.6545181274,-0.0474595315754,18.9933624268,12.1472349167,116.882369995,-0.216238066554,5.06876039505,6.08675956726,-2.45422482491,10.3146457672],[139.833999634,15.7145223618,53.9710464478,33.515586853,43.2696914673,-0.0647204592824,5.16493940353,-0.216238066554,86.7523422241,12.1457710266,20.4174594879,2.21624493599,17.7254714966],[-13.4441328049,53.1188583374,-72.9880752563,20.5043964386,-1.20591390133,1.4994443655,-12.772851944,5.06876039505,12.1457710266,84.1230773926,9.55314064026,13.4611148834,-2.06430649757],[181.275039673,-99.0099868774,77.8422851562,4.02577447891,23.6131629944,5.50464105606,8.202917099,6.08675956726,20.4174594879,9.55314064026,82.8495330811,4.91019248962,16.3743190765],[-104.34677887,123.43422699,-45.900718689,34.3140907288,17.6376609802,-4.5313782692,-2.94642972946,-2.45422482491,2.21624493599,13.4611148834,4.91019248962,66.5657501221,18.109210968],[65.5628128052,-32.8592300415,43.9714126587,14.1153173447,13.7884263992,1.93494665623,1.68256509304,10.3146457672,17.7254714966,-2.06430649757,16.3743190765,18.109210968,61.8227157593]],"icov":[[0.000160948678968,-0.0000239938453888,0.000165646284586,-0.0000106685874925,0.000142076823977,-0.000349899346475,0.0000611172363278,-0.0000126401801026,-0.000313318654662,0.000234950479353,-0.000490683596581,0.000414301757701,-0.000212827100768],[-0.0000239938453888,0.00115523394197,0.000907836481929,-0.000583703280427,-0.00141715619247,0.00104775547516,-0.000888985581696,-0.000243147485889,-0.0000920845559449,0.000126230646856,0.00101128697861,-0.00110413017683,0.000561264168937],[0.000165646284586,0.000907836481929,0.0035034425091,0.000366315362044,-0.00244913017377,0.000551367120352,-0.000978301162831,-0.000465227087261,-0.00121144251898,0.00233552558348,-0.00161257490981,0.00144432880916,-0.00120603118557],[-0.0000106685874925,-0.000583703280427,0.000366315362044,0.00598229980096,-0.000972175272182,-0.000777024135459,0.00168181455228,0.00107205158565,-0.00165340327658,-0.000137426308356,-0.000544937443919,-0.00105569127481,-0.000985802500509],[0.000142076823977,-0.00141715619247,-0.00244913017377,-0.000972175272182,0.00808398425579,-0.00161288655363,0.00168707279954,0.00010375319107,-0.00187911477406,-0.0000497771870869,-0.00159872486256,-0.00040803840966,0.000324347085552],[-0.000349899346475,0.00104775547516,0.000551367120352,-0.000777024135459,-0.00161288655363,0.0120186656713,-0.00339128775522,-0.00160549778957,0.00102873740252,-0.000874295947142,0.00143075466622,-0.000797183136456,0.000587345915847],[0.0000611172363278,-0.000888985581696,-0.000978301162831,0.00168181455228,0.00168707279954,-0.00339128775522,0.0101835932583,-0.000165761754033,-0.00129103905056,0.00133649620693,-0.00145694951061,-0.000179761700565,0.000108208558231],[-0.0000126401801026,-0.000243147485889,-0.000465227087261,0.00107205158565,0.00010375319107,-0.00160549778957,-0.000165761754033,0.00934979319572,0.00048881478142,-0.00125738268252,-0.000109271008114,0.000510501035023,-0.00186075840611],[-0.000313318654662,-0.0000920845559449,-0.00121144251898,-0.00165340327658,-0.00187911477406,0.00102873740252,-0.00129103905056,0.00048881478142,0.0156393777579,-0.00336855673231,-0.000605692155659,0.0012284675613,-0.00293297856115],[0.000234950479353,0.000126230646856,0.00233552558348,-0.000137426308356,-0.0000497771870869,-0.000874295947142,0.00133649620693,-0.00125738268252,-0.00336855673231,0.0153283979744,-0.00361946201883,-0.00126709102187,0.00120748626068],[-0.000490683596581,0.00101128697861,-0.00161257490981,-0.000544937443919,-0.00159872486256,0.00143075466622,-0.00145694951061,-0.000109271008114,-0.000605692155659,-0.00361946201883,0.0173418130726,-0.00331316539086,-0.000870929448865],[0.000414301757701,-0.00110413017683,0.00144432880916,-0.00105569127481,-0.00040803840966,-0.000797183136456,-0.000179761700565,0.000510501035023,0.0012284675613,-0.00126709102187,-0.00331316539086,0.0218797456473,-0.00770284514874],[-0.000212827100768,0.000561264168937,-0.00120603118557,-0.000985802500509,0.000324347085552,0.000587345915847,0.000108208558231,-0.00186075840611,-0.00293297856115,0.00120748626068,-0.000870929448865,-0.00770284514874,0.0213672053069]],"mean":[-672.694091797,160.714752197,-43.5321502686,37.6848182678,14.9679279327,2.0287001133,-1.84773874283,-4.99460458755,13.6772937775,-0.418792337179,3.38566279411,5.20586061478,2.95079469681]},"pitch_salience":{"dmean":0.0688357278705,"dmean2":0.111056365073,"dvar":0.00367090688087,"dvar2":0.00962656270713,"max":0.97392064333,"mean":0.561349332333,"median":0.564672470093,"min":0.0155170857906,"var":0.010445847176},"silence_rate_20dB":{"dmean":0,"dmean2":0,"dvar":0,"dvar2":0,"max":1,"mean":1,"median":1,"min":1,"var":0},"silence_rate_30dB":{"dmean":0,"dmean2":0,"dvar":0,"dvar2":0,"max":1,"mean":1,"median":1,"min":1,"var":0},"silence_rate_60dB":{"dmean":0.00673499284312,"dmean2":0.0134719582275,"dvar":0.00669004255906,"dvar2":0.0153420865536,"max":1,"mean":0.0329380780458,"median":0,"min":0,"var":0.0318517386913},"spectral_centroid":{"dmean":244.237045288,"dmean2":362.143371582,"dvar":74685.5,"dvar2":157102.046875,"max":11696.5732422,"mean":1560.26745605,"median":1472.09863281,"min":228.936676025,"var":1127503.25},"spectral_complexity":{"dmean":4.45212316513,"dmean2":6.31981277466,"dvar":22.7115707397,"dvar2":38.2384681702,"max":57,"mean":20.8276977539,"median":20,"min":0,"var":92.9537887573},"spectral_contrast_coeffs":{"dmean":[0.0522552058101,0.0456663928926,0.0394088625908,0.0315757133067,0.0257503166795,0.0236413832754],"dmean2":[0.0856549367309,0.0736206769943,0.0622209943831,0.0498849861324,0.040071953088,0.0371628589928],"dvar":[0.00174599280581,0.00149779301137,0.00112923968118,0.000737173191737,0.000491241691634,0.0005639429437],"dvar2":[0.00463162036613,0.00367637188174,0.00257956818677,0.00163412222173,0.00112147221807,0.00133376836311],"max":[-0.365832239389,-0.419920504093,-0.476009786129,-0.493332207203,-0.545517861843,-0.567475497723],"mean":[-0.681979179382,-0.749593853951,-0.75834107399,-0.760871589184,-0.767263531685,-0.728459179401],"median":[-0.684579074383,-0.756508350372,-0.76573485136,-0.766809105873,-0.768145680428,-0.732045412064],"min":[-0.986180305481,-0.97636193037,-0.974685788155,-0.975735902786,-0.966444551945,-0.965124547482],"var":[0.00600567040965,0.0054842014797,0.00499638635665,0.00390662346035,0.0024720756337,0.00267882598564]},"spectral_contrast_valleys":{"dmean":[0.421492636204,0.36997538805,0.396296590567,0.324796944857,0.357369035482,0.574500858784],"dmean2":[0.675280928612,0.592224121094,0.60649484396,0.49316868186,0.491965919733,0.647446572781],"dvar":[0.130713447928,0.126308739185,0.142450302839,0.108995221555,0.141660094261,0.327177643776],"dvar2":[0.306610286236,0.269684106112,0.287612378597,0.204636707902,0.244313374162,0.525114655495],"max":[-5.61999130249,-4.98337841034,-5.4572262764,-5.83984518051,-5.80820655823,-8.79619979858],"mean":[-7.2893075943,-6.90948534012,-7.66688299179,-7.59716081619,-7.73977470398,-11.6501264572],"median":[-6.87639808655,-6.574447155,-7.3774266243,-7.31309318542,-7.4603228569,-11.3707237244],"min":[-28.6571941376,-28.1152381897,-27.7731990814,-27.5541419983,-27.5674114227,-27.4484500885],"var":[5.13855886459,5.10741519928,4.79000854492,4.77980089188,4.76284885406,4.29089546204]},"spectral_decrease":{"dmean":1.32471500436e-9,"dmean2":1.96092964089e-9,"dvar":1.77613234424e-18,"dvar2":3.70921311072e-18,"max":1.43568279185e-28,"mean":-5.19252862929e-9,"median":-4.77906336727e-9,"min":-1.99849452542e-8,"var":8.51457040042e-18},"spectral_energy":{"dmean":0.00535837234929,"dmean2":0.0078318528831,"dvar":0.0000292129188892,"dvar2":0.0000590451963944,"max":0.0823680758476,"mean":0.0213215518743,"median":0.0193168539554,"min":1.00381380403e-20,"var":0.000151063330122},"spectral_energyband_high":{"dmean":0.000224933217396,"dmean2":0.000303291802993,"dvar":1.25830027287e-7,"dvar2":2.28823139992e-7,"max":0.00409641908482,"mean":0.000348924630089,"median":0.00013687495084,"min":7.32031658434e-21,"var":2.73557446917e-7},"spectral_energyband_low":{"dmean":0.00321647431701,"dmean2":0.00505174743012,"dvar":0.0000131752576635,"dvar2":0.0000335227159667,"max":0.0491435267031,"mean":0.00669525098056,"median":0.00588748976588,"min":1.59237647948e-23,"var":0.0000308311791741},"spectral_energyband_middle_high":{"dmean":0.0022582730744,"dmean2":0.0031726162415,"dvar":0.00000884928704181,"dvar2":0.000015393798094,"max":0.0550776086748,"mean":0.00726850051433,"median":0.00477483682334,"min":1.18578653119e-21,"var":0.0000584926601732},"spectral_energyband_middle_low":{"dmean":0.0027147885412,"dmean2":0.00423594936728,"dvar":0.000011133796761,"dvar2":0.0000270518048637,"max":0.0542571470141,"mean":0.00780297396705,"median":0.00673978356645,"min":1.80011268057e-22,"var":0.0000305459725496},"spectral_entropy":{"dmean":0.188927263021,"dmean2":0.250731766224,"dvar":0.0326953753829,"dvar2":0.0612298734486,"max":9.82810020447,"mean":7.44012308121,"median":7.39793539047,"min":5.16363811493,"var":0.187745556235},"spectral_flux":{"dmean":0.0202254876494,"dmean2":0.0312263909727,"dvar":0.00032826102688,"dvar2":0.000762273091823,"max":0.233467459679,"mean":0.0754387378693,"median":0.0704360678792,"min":6.49032286248e-11,"var":0.00132264394779},"spectral_kurtosis":{"dmean":3.4473130703,"dmean2":5.90092468262,"dvar":14.4068803787,"dvar2":40.4057388306,"max":73.720085144,"mean":7.91956853867,"median":6.92133998871,"min":-1.26168227196,"var":21.4215545654},"spectral_rms":{"dmean":0.00058618868934,"dmean2":0.000849279516842,"dvar":3.23989439721e-7,"dvar2":6.19543641278e-7,"max":0.0089643234387,"mean":0.00433488283306,"median":0.00434116460383,"min":3.12942575499e-12,"var":0.0000020102745566},"spectral_rolloff":{"dmean":398.517791748,"dmean2":641.135314941,"dvar":257461.6875,"dvar2":517224.59375,"max":19638.28125,"mean":1740.48791504,"median":1765.72265625,"min":21.533203125,"var":3698418.25},"spectral_skewness":{"dmean":0.337972581387,"dmean2":0.564022302628,"dvar":0.108324602246,"dvar2":0.29495921731,"max":6.95615291595,"mean":1.6728079319,"median":1.68977248669,"min":-0.0884223729372,"var":0.239726379514},"spectral_spread":{"dmean":583457,"dmean2":761243.625,"dvar":657955028992,"dvar2":1206533357570,"max":42641340,"mean":3369239.75,"median":2616647.25,"min":1168259,"var":14758258409500},"spectral_strongpeak":{"dmean":0.672746777534,"dmean2":1.1526632309,"dvar":1.65946555138,"dvar2":3.94240641594,"max":17.9814777374,"mean":1.17835235596,"median":0.272780507803,"min":0,"var":3.92380332947},"zerocrossingrate":{"dmean":0.00905643776059,"dmean2":0.010327338241,"dvar":0.0000992507048068,"dvar2":0.000137692579301,"max":0.52978515625,"mean":0.0579996779561,"median":0.05224609375,"min":0,"var":0.00247449940071}},"metadata":{"audio_properties":{"analysis_sample_rate":44100,"bit_rate":0,"codec":"flac","downmix":"mix","equal_loudness":0,"length":158.57333374,"lossless":true,"md5_encoded":"a853cde15e9bc5c380fc090350054eaa","replay_gain":-17.005317688,"sample_rate":44100},"tags":{"album":["The Big Come Up"],"albumartist":["The Black Keys"],"albumartistsort":["Black Keys, The"],"artist":["The Black Keys"],"artistsort":["Black Keys, The"],"asin":["B000063WDH"],"barcode":["095081004429"],"catalognumber":["0044-2"],"date":["2002-05-20"],"discnumber":["1"],"disctotal":["1"],"file_name":"01-04 Countdown.flac","genre":["Blues"],"label":["Alive Records"],"media":["CD"],"musicbrainz_albumartistid":["d15721d8-56b4-453d-b506-fc915b14cba2"],"musicbrainz_albumid":["7d995ba6-1839-4166-9a4b-1bd7ea536f1a"],"musicbrainz_artistid":["d15721d8-56b4-453d-b506-fc915b14cba2"],"musicbrainz_recordingid":["f84eadd0-2563-48b4-944f-889384e0e348"],"musicbrainz_releasegroupid":["3a86c3c3-d57e-3647-830a-ab5db036126b"],"originaldate":["2002-05-20"],"releasecountry":["US"],"releasestatus":["official"],"releasetype":["album"],"script":["Latn"],"title":["Countdown"],"totaldiscs":["1"],"totaltracks":["13"],"tracknumber":["4"],"tracktotal":["13"]},"version":{"essentia":"2.1-beta1","essentia_build_sha":"ca57ba49d9b1854bd80e60cf9ccf267278fb7d6b","essentia_git_sha":"v2.1_beta1-28-g21ef5f4-dirty","extractor":"music 1.0"}},"rhythm":{"beats_count":301,"beats_loudness":{"dmean":0.00985406152904,"dmean2":0.0167695395648,"dvar":0.0000667712156428,"dvar2":0.000165302088135,"max":0.0706670507789,"mean":0.0303088761866,"median":0.0296334289014,"min":0,"var":0.000134567628265},"beats_loudness_band_ratio":{"dmean":[0.265356481075,0.0925717353821,0.100334435701,0.0839237496257,0.122848920524,0.0641930997372],"dmean2":[0.501194775105,0.170499935746,0.183758452535,0.144380480051,0.206104964018,0.124675303698],"dvar":[0.0317589752376,0.00898708589375,0.00926415342838,0.009