{"lowlevel":{"average_loudness":0.318179279566,"barkbands":{"dmean":[0.00000472520105177,0.0000688581349095,0.000222002156079,0.000604705070145,0.00308229774237,0.00134161976166,0.000498205714393,0.000297972757835,0.000179013426532,0.000100306438981,0.0000610128699918,0.0000503692899656,0.0000425287980761,0.0000302310018014,0.0000145219519254,0.0000074793811109,0.0000203842100746,0.0000140172141982,0.0000262225821643,0.0000218424829654,0.0000123720210468,0.0000143881243275,0.0000174317865458,0.0000145682752191,0.00000953748531174,0.00000151859683228,3.24212095393e-7],"dmean2":[0.00000820900822873,0.0000890287992661,0.000310561124934,0.000836651364807,0.00448490539566,0.00168377603404,0.000626277178526,0.000369528774172,0.000253800506471,0.000130178697873,0.0000829706477816,0.0000746571095078,0.0000630228823866,0.0000457273999928,0.0000220184047066,0.0000125519563881,0.0000310995310429,0.0000216065982386,0.0000398820484406,0.0000307078516926,0.0000176399480551,0.0000202516457648,0.0000246076779149,0.00001963655086,0.0000134080946737,0.00000215222166844,4.46746184934e-7],"dvar":[2.83501472298e-10,4.0139056523e-8,4.6319013336e-7,0.0000021582059162,0.00010168056906,0.000024386898076,0.00000382251892006,0.00000298429222312,0.00000418022955273,5.22768061728e-7,4.96975474107e-7,1.40488396028e-7,1.15776785492e-7,6.33925125726e-8,7.68397789841e-9,1.11465601194e-8,8.67050431452e-9,9.23433240985e-9,3.49369990715e-8,2.31239418724e-8,5.68711699955e-9,9.65638857764e-9,1.31925288471e-8,1.45285072861e-8,6.53101350778e-9,4.09758511843e-11,2.30795287395e-12],"dvar2":[8.03347721678e-10,5.35267652424e-8,0.0000010743265193,0.0000040602185436,0.000214779473026,0.0000414053283748,0.000005530290764,0.00000534200626134,0.0000106793049781,8.48062938985e-7,9.43834720601e-7,3.03562302406e-7,2.32434601344e-7,1.37596174454e-7,1.8297372506e-8,3.24240332361e-8,1.92756459683e-8,2.25124612285e-8,8.23956014528e-8,4.72693670872e-8,1.10589217783e-8,1.86479738318e-8,2.79525558256e-8,2.73364229031e-8,1.1417442991e-8,7.92154467022e-11,4.15137282189e-12],"max":[0.000585424189921,0.0103064598516,0.0222402382642,0.0331556089222,0.450565874577,0.137736290693,0.10482314229,0.0921654701233,0.123282723129,0.0319119356573,0.0507394373417,0.0178572721779,0.0167650189251,0.0153844235465,0.00428167497739,0.00659458711743,0.00280145602301,0.00395355885848,0.00653704768047,0.00724401092157,0.00263073248789,0.00345244957134,0.00419735303149,0.00700100557879,0.00427369074896,0.000213826875552,0.0000513778395543],"mean":[0.00000459315106127,0.000131691849674,0.000415582180722,0.00127979670651,0.00764350965619,0.0033435174264,0.00108430255204,0.000684226572048,0.000262659159489,0.000178712827619,0.0000819415872684,0.0000753684507799,0.0000704631165718,0.0000446925696451,0.0000219155590457,0.00000861374428496,0.0000287936727545,0.0000165894762176,0.0000324092834489,0.0000289226536552,0.0000170827242982,0.0000200781287276,0.0000248295054917,0.0000209376212297,0.0000134153760882,0.00000261397349277,5.14082159953e-7],"median":[0.00000107321284304,0.0000205000978895,0.000068513181759,0.000088963235612,0.0020487466827,0.000180910195922,0.0000350564805558,0.00000671233647154,0.00000378782669941,0.00000225183293878,0.00000136034782372,0.00000134120296025,0.00000154215808834,0.00000100783745438,0.00000105620347313,8.47276851346e-7,0.00000228149519899,0.0000010307184084,0.00000140355859912,8.58176349539e-7,8.41875134938e-7,0.00000101424802779,0.00000110199459868,5.79777065468e-7,5.02249804413e-7,2.0658958988e-7,3.40164234558e-8],"min":[2.44759510187e-23,7.04995650883e-23,2.624183351e-23,1.2602137369e-23,1.70770747051e-23,1.37793379318e-23,4.3688666254e-23,7.75969529635e-23,3.63002549691e-23,2.03766583594e-22,7.83971797766e-23,1.1703520195e-22,6.36692602721e-23,9.37777459961e-23,1.98026225803e-22,1.66401435823e-22,1.37360878438e-22,1.96502815488e-22,2.4066985015e-22,2.65060899225e-22,3.2421688431e-22,4.50025885601e-22,5.15422176965e-22,8.74567903648e-22,1.50050542922e-21,1.75667231933e-21,2.21720492342e-21],"var":[2.90508644918e-10,1.77469942741e-7,0.00000108975837065,0.00000731236968932,0.000337832752848,0.0000894301774679,0.0000201754301088,0.00000926260599954,0.0000039047622522,0.00000155659688517,7.44794476759e-7,2.7761666388e-7,3.78035679205e-7,1.37063366878e-7,1.81648154296e-8,7.02647140471e-9,1.47368295345e-8,1.03997725986e-8,4.31886313379e-8,3.87687286718e-8,9.12361564076e-9,1.52297854328e-8,2.21283436019e-8,2.48936284919e-8,1.17790328602e-8,8.55651174914e-11,4.97871275457e-12]},"barkbands_crest":{"dmean":2.24513506889,"dmean2":3.49655723572,"dvar":5.73762083054,"dvar2":13.787612915,"max":26.9379749298,"mean":16.2797470093,"median":15.3138008118,"min":2.71657991409,"var":31.4604148865},"barkbands_flatness_db":{"dmean":0.0301319118589,"dmean2":0.0429453290999,"dvar":0.00117372220848,"dvar2":0.00231130910106,"max":0.648892819881,"mean":0.318586081266,"median":0.319126725197,"min":0.0297297555953,"var":0.012799795717},"barkbands_kurtosis":{"dmean":29.2344455719,"dmean2":44.5375862122,"dvar":4316.71142578,"dvar2":9546.39746094,"max":1816.04260254,"mean":69.4230880737,"median":34.728313446,"min":-1.97440338135,"var":14796.9853516},"barkbands_skewness":{"dmean":1.35431158543,"dmean2":1.97674965858,"dvar":3.07930517197,"dvar2":6.77462482452,"max":37.1234512329,"mean":3.97272920609,"median":3.46216440201,"min":-17.6424846649,"var":21.1131629944},"barkbands_spread":{"dmean":2.9416782856,"dmean2":4.46095466614,"dvar":67.6790084839,"dvar2":142.188644409,"max":152.49621582,"mean":6.27845048904,"median":1.7748029232,"min":0.0673807412386,"var":174.613754272},"dissonance":{"dmean":0.0359296239913,"dmean2":0.0568201318383,"dvar":0.00133884442039,"dvar2":0.00325934612192,"max":0.499831616879,"mean":0.34559622407,"median":0.35087710619,"min":0.0819197073579,"var":0.00919479317963},"dynamic_complexity":7.69879198074,"erbbands":{"dmean":[0.000417733128415,0.0228430498391,0.206709757447,1.09444284439,4.98659992218,13.0268230438,13.4450759888,7.40148878098,9.13808727264,3.3204267025,8.48020553589,3.85145521164,2.90301990509,2.62453627586,1.77306783199,2.20135474205,1.46276557446,1.81016159058,0.937524557114,0.467930287123,0.516189098358,1.14618849754,0.698200404644,1.05500090122,1.50905072689,0.946147322655,0.512793362141,0.521074712276,0.511007726192,0.511930763721,0.491405010223,0.379396438599,0.205091997981,0.146524786949,0.0442212186754,0.00898168701679,0.00277396058664,0.000505815143697,0.0000576905877097,0.00000671899169902],"dmean2":[0.0006022216985,0.0295284949243,0.279500097036,1.50956368446,7.28871202469,19.203168869,16.9839935303,9.29151439667,11.4432954788,4.09776258469,10.6189346313,5.00407791138,3.59749865532,3.59901285172,2.54846167564,3.23346018791,2.21444320679,2.62358140945,1.42402338982,0.710166931152,0.829267561436,1.76015841961,1.04112958908,1.63482415676,2.28543996811,1.33257007599,0.744160354137,0.735900998116,0.716757595539,0.761498868465,0.679277539253,0.498375415802,0.284449487925,0.206913650036,0.0607145987451,0.0125468382612,0.00404851743951,0.000701960234437,0.0000788780962466,0.00000930958140088],"dvar":[0.0000020905886231,0.00426895264536,0.342261761427,7.27674818039,131.344589233,3203.55224609,3305.30175781,663.503723145,1149.30224609,270.959442139,3077.56420898,1184.54467773,623.510131836,364.527740479,259.609100342,264.674102783,111.50629425,201.29637146,41.3686103821,6.55000591278,45.9910964966,29.2591209412,14.0372390747,70.4809646606,112.103233337,39.4890556335,10.1530866623,9.69333362579,11.3120803833,14.9598999023,11.1379404068,7.84330224991,3.56210970879,1.8184043169,0.0894260704517,0.00212371000089,0.000106727275124,0.00000540487189937,7.15696018005e-8,2.67368627238e-10],"dvar2":[0.00000471529938295,0.00600312743336,0.744192242622,13.7441320419,278.249450684,6920.23876953,5688.35205078,1020.70098877,1672.99230957,472.047271729,5620.29199219,2782.67114258,981.797424316,746.515197754,537.325256348,575.350769043,246.590484619,426.14654541,101.588943481,15.4997205734,135.174682617,66.3191452026,31.3207397461,177.420608521,244.242080688,76.6162338257,20.3281440735,18.8797512054,20.7449436188,35.164691925,22.2884025574,14.0824356079,6.93956375122,3.19745182991,0.151553973556,0.00408843252808,0.000219122579438,0.00000988269130175,1.25588726974e-7,5.23807830444e-10],"max":[0.0658274367452,3.22760820389,16.6801452637,68.163230896,235.200164795,2774.62548828,1852.01281738,1051.98852539,1778.7722168,1314.04992676,3282.47192383,1944.82592773,1226.1217041,1152.5135498,883.617431641,706.803894043,631.530883789,880.945007324,336.433837891,116.238594055,433.869262695,165.167495728,142.08531189,277.587799072,428.12097168,256.399414062,143.543609619,83.8128509521,126.971588135,185.075500488,104.049057007,101.687179565,130.713806152,76.4990005493,13.3089866638,1.7057287693,0.308852434158,0.0691037476063,0.00862448848784,0.000510940852109],"mean":[0.000800675130449,0.0447679571807,0.411757916212,2.54793143272,12.2841930389,28.1037559509,41.9903678894,17.2091274261,19.99177742,7.66062498093,19.4072380066,6.68552350998,5.5489025116,4.94721460342,2.50480461121,3.49931836128,2.37678265572,3.57078742981,1.53815662861,0.697022855282,0.654154419899,1.62345850468,0.978723943233,1.22102677822,1.9528478384,1.2650424242,0.721443355083,0.715916752815,0.723392009735,0.701233208179,0.706294715405,0.554144203663,0.280426561832,0.202482908964,0.0627509579062,0.0142010906711,0.00471886619925,0.000865099893417,0.000100141929579,0.0000208972141991],"median":[0.000250306125963,0.0093398205936,0.0988626927137,0.417755454779,3.22380113602,3.54591822624,1.7089908123,1.6635684967,1.26144552231,0.587299346924,0.26542454958,0.128227114677,0.100958108902,0.0984031558037,0.0729823559523,0.0682131201029,0.0811342597008,0.0759494453669,0.0627131164074,0.0575539320707,0.0629881620407,0.13934250176,0.0840232223272,0.0529690161347,0.0796586424112,0.0393943861127,0.0343196839094,0.036803945899,0.0343961827457,0.0380382351577,0.0257309563458,0.0162402391434,0.00746328849345,0.00560589507222,0.00338276615366,0.00107814650983,0.00034525396768,0.0000624061940471,0.0000128380524984,0.0000115442244351],"min":[2.98042908615e-21,1.17241704278e-20,3.38990053381e-20,2.9948490899e-20,4.21895716614e-20,4.33605782967e-20,9.0811836141e-20,1.4185370731e-19,4.86561956868e-19,7.24770999828e-19,2.11533491841e-18,8.65694658861e-19,2.98263130913e-18,7.26585358463e-18,3.19946285144e-18,5.09127102766e-18,3.63804373158e-18,4.03697763818e-18,7.76698441513e-18,1.11078577214e-17,8.43209387591e-18,6.92245782514e-18,1.03923539362e-17,9.40885107709e-18,1.45610621548e-17,1.26868305327e-17,1.00932843042e-17,1.51645962908e-17,1.93841091155e-17,1.3961132872e-17,1.56220354414e-17,1.88394900915e-17,1.38074187259e-17,1.28444622061e-17,1.19937449964e-17,6.30035844749e-18,3.81540531699e-18,1.30724056791e-18,3.00662032238e-19,3.31614219568e-20],"var":[0.00000475956903756,0.0176270008087,0.839130818844,27.7089672089,433.391448975,9886.99414062,17086.1542969,2169.37695312,4941.47607422,1111.52294922,7891.56005859,1455.24291992,1815.94677734,1124.84179688,354.442840576,577.772766113,264.792633057,947.510986328,96.020652771,10.6984643936,29.8083324432,47.7743873596,20.5821781158,72.0040206909,162.564743042,69.4936141968,16.8120613098,15.463259697,18.8810157776,18.5653324127,20.7637882233,15.7557668686,5.31001806259,3.17760896683,0.171380668879,0.00381060526706,0.0002483058488,0.0000119912019727,1.60340064781e-7,1.03731812029e-9]},"erbbands_crest":{"dmean":2.70236301422,"dmean2":4.16981744766,"dvar":8.07207012177,"dvar2":19.1177158356,"max":32.5979118347,"mean":18.024356842,"median":17.3212966919,"min":2.51671719551,"var":51.3222808838},"erbbands_flatness_db":{"dmean":0.0243113934994,"dmean2":0.0344513989985,"dvar":0.000754308479372,"dvar2":0.0015239539789,"max":0.587628424168,"mean":0.278028041124,"median":0.274522066116,"min":0.0332797914743,"var":0.00948698818684},"erbbands_kurtosis":{"dmean":8.2076921463,"dmean2":12.5783538818,"dvar":168.734481812,"dvar2":385.583984375,"max":413.89944458,"mean":25.5554580688,"median":11.8015184402,"min":-1.8776447773,"var":1942.49279785},"erbbands_skewness":{"dmean":0.754365622997,"dmean2":1.09883725643,"dvar":0.735141038895,"dvar2":1.48668241501,"max":14.6741752625,"mean":2.94434356689,"median":2.64225196838,"min":-3.94354319572,"var":7.10059452057},"erbbands_spread":{"dmean":7.07244920731,"dmean2":10.7449369431,"dvar":179.633789062,"dvar2":410.081451416,"max":165.324859619,"mean":18.2751693726,"median":9.81012916565,"min":0.315686196089,"var":463.776184082},"gfcc":{"cov":[[31189.40625,-1182.2701416,-3741.11083984,661.118225098,-1855.95568848,513.754882812,-958.251403809,788.794616699,-242.486923218,131.679367065,-804.143432617,-372.444580078,-1279.15002441],[-1182.2701416,3012.63256836,841.483215332,-746.191040039,87.8785171509,-342.09274292,192.61505127,-298.414337158,-104.40423584,-343.229949951,10.0448465347,-11.7473487854,123.457481384],[-3741.11083984,841.483215332,1257.1282959,-134.767929077,156.683654785,-189.935684204,34.7381362915,-174.911010742,-19.2869529724,-121.176506042,49.6310462952,61.2130889893,172.916015625],[661.118225098,-746.191040039,-134.767929077,976.981567383,312.75100708,100.640319824,-220.834289551,5.10519266129,86.3836364746,70.1142044067,-61.8739471436,-89.8483963013,-48.0364570618],[-1855.95568848,87.8785171509,156.683654785,312.75100708,630.105651855,113.221252441,7.89086341858,-73.8733444214,56.9290466309,-2.25446271896,4.38230323792,-64.5029907227,24.5941009521],[513.754882812,-342.09274292,-189.935684204,100.640319824,113.221252441,413.410949707,148.952575684,72.4964065552,-48.7107048035,82.0537033081,21.8595981598,-57.5214347839,-114.991523743],[-958.251403809,192.61505127,34.7381362915,-220.834289551,7.89086341858,148.952575684,420.989654541,64.691116333,-94.2973022461,-25.039270401,63.252243042,1.71744668484,5.72861719131],[788.794616699,-298.414337158,-174.911010742,5.10519266129,-73.8733444214,72.4964065552,64.691116333,241.465057373,16.6761837006,34.4927482605,-18.7188472748,-9.37210273743,-65.2380142212],[-242.486923218,-104.40423584,-19.2869529724,86.3836364746,56.9290466309,-48.7107048035,-94.2973022461,16.6761837006,200.163787842,25.6747627258,-32.2364883423,10.3989248276,20.1751060486],[131.679367065,-343.229949951,-121.176506042,70.1142044067,-2.25446271896,82.0537033081,-25.039270401,34.4927482605,25.6747627258,169.366699219,35.5632705688,-13.1172494888,-37.3169631958],[-804.143432617,10.0448465347,49.6310462952,-61.8739471436,4.38230323792,21.8595981598,63.252243042,-18.7188472748,-32.2364883423,35.5632705688,145.8697052,33.2807273865,34.4834938049],[-372.444580078,-11.7473487854,61.2130889893,-89.8483963013,-64.5029907227,-57.5214347839,1.71744668484,-9.37210273743,10.3989248276,-13.1172494888,33.2807273865,136.677825928,73.3441009521],[-1279.15002441,123.457481384,172.916015625,-48.0364570618,24.5941009521,-114.991523743,5.72861719131,-65.2380142212,20.1751060486,-37.3169631958,34.4834938049,73.3441009521,220.701934814]],"icov":[[0.000140901218401,-0.000184418007848,0.000337295728968,-0.000202491602977,0.000419120828155,-0.000262552348431,0.000383124861401,-0.000244327151449,0.000257820618572,0.00000672144597047,0.000433365406934,-0.000136333459523,0.000300957646687],[-0.000184418007848,0.000984408077784,-0.000683745543938,0.000785614887718,-0.000803773116786,0.000750359147787,-0.000723570759874,0.000877082406078,-0.000354328891262,0.00087612378411,-0.00061139796162,0.000736300251447,-0.000122890502098],[0.000337295728968,-0.000683745543938,0.00195126829203,-0.000548148178495,0.000745823199395,-0.000384790997487,0.000847007788252,-0.000344286672771,0.000722391472664,0.000100588666101,0.000840114138555,-0.00063592317747,0.000312982680043],[-0.000202491602977,0.000785614887718,-0.000548148178495,0.0022684999276,-0.0015304380795,0.000270146236289,0.000275263504591,0.000429193431046,-0.000387329200748,0.000341063278029,-0.000384878687328,0.00107401108835,-0.000462543830508],[0.000419120828155,-0.000803773116786,0.000745823199395,-0.0015304380795,0.00384354800917,-0.00177945045289,0.000852403463796,-0.00015021818399,-0.000217147084186,0.00021417348762,0.000957431155257,0.000415771879489,0.000307648209855],[-0.000262552348431,0.000750359147787,-0.000384790997487,0.000270146236289,-0.00177945045289,0.00518324086443,-0.00254568248056,0.0005342203076,0.000310898874886,-0.00123258342501,-0.000848276657052,0.000489786150865,0.00127465801779],[0.000383124861401,-0.000723570759874,0.000847007788252,0.000275263504591,0.000852403463796,-0.00254568248056,0.00534843839705,-0.00225717038848,0.00179557153024,0.000910560193006,-0.0000312289885187,-0.0000437837989011,-0.000196558947209],[-0.000244327151449,0.000877082406078,-0.000344286672771,0.000429193431046,-0.00015021818399,0.0005342203076,-0.00225717038848,0.00649805413559,-0.00158051296603,0.0000512061160407,0.0000380359051633,0.000144223551615,0.000830171105918],[0.000257820618572,-0.000354328891262,0.000722391472664,-0.000387329200748,-0.000217147084186,0.000310898874886,0.00179557153024,-0.00158051296603,0.00710123684257,-0.00147773826029,0.00224313233048,-0.00115605990868,-0.000150707099237],[0.00000672144597047,0.00087612378411,0.000100588666101,0.000341063278029,0.00021417348762,-0.00123258342501,0.000910560193006,0.0000512061160407,-0.00147773826029,0.00947866495699,-0.00321503449231,0.00128592352849,0.00068247388117],[0.000433365406934,-0.00061139796162,0.000840114138555,-0.000384878687328,0.000957431155257,-0.000848276657052,-0.0000312289885187,0.0000380359051633,0.00224313233048,-0.00321503449231,0.0108113149181,-0.00249715684913,-0.0000328896967403],[-0.000136333459523,0.000736300251447,-0.00063592317747,0.00107401108835,0.000415771879489,0.000489786150865,-0.0000437837989011,0.000144223551615,-0.00115605990868,0.00128592352849,-0.00249715684913,0.0109109682962,-0.00313009670936],[0.000300957646687,-0.000122890502098,0.000312982680043,-0.000462543830508,0.000307648209855,0.00127465801779,-0.000196558947209,0.000830171105918,-0.000150707099237,0.00068247388117,-0.0000328896967403,-0.00313009670936,0.00805300101638]],"mean":[-222.610229492,115.731254578,-58.1940040588,22.410369873,-66.8628158569,-18.3558673859,-53.8930130005,-17.8998184204,-30.8480682373,-12.0011177063,-13.6532516479,-3.98483324051,-11.143951416]},"hfc":{"dmean":1.97405672073,"dmean2":2.68158268929,"dvar":26.7801551819,"dvar2":52.0197219849,"max":157.569122314,"mean":5.85253190994,"median":2.55282711983,"min":1.16145025379e-16,"var":95.7855911255},"melbands":{"dmean":[0.0000103556767499,0.0000812234065961,0.000264658039669,0.0006578307366,0.000466888566734,0.000190912862308,0.000126270591863,0.0000380405617761,0.0000697067735018,0.0000209278878174,0.0000146246047734,0.0000108609992822,0.0000074637337093,0.00000603242142461,0.0000039374649532,0.00000402678097089,0.00000326391455019,0.000001628379664,8.96513654425e-7,4.61427305254e-7,7.01340809428e-7,0.00000129844931962,8.00652742328e-7,6.90409819981e-7,8.87040357611e-7,0.00000106817003598,0.00000113408884772,5.53781774215e-7,3.3701505231e-7,3.06435396169e-7,3.17394295735e-7,3.01362092614e-7,2.86981418185e-7,3.0468930845e-7,2.94200276585e-7,2.87058924187e-7,2.15813003024e-7,1.40915133784e-7,1.52285636545e-7,1.20018697203e-7],"dmean2":[0.0000137879533213,0.000109171771328,0.000369363464415,0.000988261541352,0.000616540724877,0.000239547865931,0.000156509529916,0.0000473985346616,0.0000877309212228,0.0000277612034552,0.0000180512433872,0.0000149293073264,0.0000104240998553,0.00000887774785951,0.00000598059205004,0.00000595498840994,0.00000487063152832,0.0000025450733574,0.00000136123708216,7.38179380733e-7,0.00000114536260298,0.00000199931946554,0.00000123132826957,0.0000010707973388,0.00000139806843436,0.00000163231504757,0.00000169445092979,7.93054084625e-7,5.09727442477e-7,4.44318004611e-7,4.57223592321e-7,4.22177294013e-7,4.27098854061e-7,4.67879857524e-7,4.25806888416e-7,3.92342201394e-7,2.94798098821e-7,2.03021215839e-7,2.16571208966e-7,1.6967445049e-7],"dvar":[9.12283304455e-10,5.2719396848e-8,3.2500878433e-7,0.00000569989833821,0.00000313004784402,4.0102528942e-7,2.19084640207e-7,2.79206382459e-8,2.7043338946e-7,3.49356170659e-8,1.52828700806e-8,6.25538820742e-9,6.77691014417e-9,2.16187823199e-9,1.19699417045e-9,9.15490960818e-10,7.16976200632e-10,1.49942475103e-10,2.60548249642e-11,9.76875958597e-12,1.06076765427e-10,4.09556936976e-11,1.13610718055e-11,2.70269518571e-11,5.48927951705e-11,6.13740447353e-11,8.27655791125e-11,1.25218854383e-11,5.1679233809e-12,3.26525763893e-12,3.87303644017e-12,3.62554626078e-12,5.17395458074e-12,5.48080201015e-12,4.23727893051e-12,4.31879315296e-12,2.86482816636e-12,1.76038805928e-12,2.41063701119e-12,1.13640542289e-12],"dvar2":[1.3575059965e-9,1.09178650121e-7,6.2223000441e-7,0.0000131416372824,0.00000544219710719,6.4057110194e-7,3.1827309499e-7,5.02226491506e-8,5.31265129666e-7,8.36358040601e-8,2.38365718275e-8,1.26469847928e-8,1.35786795141e-8,4.33671054623e-9,2.77289635697e-9,1.94990401603e-9,1.58390278671e-9,3.60056762183e-10,5.79438927395e-11,2.52456007488e-11,3.14592990547e-10,9.33536095649e-11,2.51307846061e-11,6.63214275165e-11,1.39823735923e-10,1.39868047699e-10,1.9080043101e-10,2.53864759076e-11,1.17055219684e-11,6.45244881831e-12,7.91271648898e-12,6.77827455622e-12,1.08621150269e-11,1.35454442801e-11,9.23393739943e-12,7.67948118291e-12,5.34963870077e-12,3.52271835834e-12,4.96478249137e-12,1.89889466998e-12],"max":[0.00148928596172,0.00716670881957,0.0115538276732,0.105072699487,0.0515058971941,0.0218771193177,0.0253039542586,0.011510156095,0.0345531627536,0.0099364342168,0.00595047883689,0.00427673943341,0.00534903537482,0.00268052634783,0.00208902708255,0.00156604335643,0.00152563175652,0.000648574205115,0.000199764806894,0.000163484408404,0.000664998951834,0.000175849170773,0.0000997830939014,0.000210317695746,0.000239267916186,0.00026609149063,0.000437198061263,0.000144422272569,0.000122220182675,0.0000534473147127,0.0000617409896222,0.0000720583775546,0.00008549879567,0.000117797775602,0.0000739106108085,0.0000699214579072,0.0000799100089353,0.0000948993038037,0.0000935925636441,0.0000552115998289],"mean":[0.0000198021007236,0.000155867033754,0.000675161893014,0.00143690803088,0.00143510452472,0.000444601086201,0.000287032511551,0.0000821181893116,0.000150573439896,0.0000335545555572,0.0000268651383522,0.0000201344064408,0.00000989467935142,0.00000906890636543,0.00000558907458981,0.00000722479444448,0.00000617631167188,0.00000246045578933,0.00000129498391743,6.20715468358e-7,7.97294092081e-7,0.00000176699711574,0.00000115417458346,7.86694158705e-7,9.64136802395e-7,0.00000134052766043,0.00000140563361128,7.08822256001e-7,4.56151525441e-7,4.04981960855e-7,4.19301130705e-7,4.18643935518e-7,3.6965155914e-7,4.04031993639e-7,4.0610265728e-7,4.02396977961e-7,3.08901121571e-7,1.87170925869e-7,1.93000730064e-7,1.64811694958e-7],"median":[0.00000351081871486,0.0000311732146656,0.000129964217194,0.000311132753268,0.0000474498701806,0.0000315860015689,0.0000100338438642,0.00000287707530333,0.00000133080675369,6.17538887582e-7,4.06070313375e-7,3.58533725375e-7,2.18448747091e-7,1.52952665644e-7,1.54488816406e-7,1.61448497238e-7,1.09849821683e-7,8.4532430833e-8,6.91852335422e-8,6.62851959987e-8,6.18979214551e-8,1.303631052e-7,9.95475915033e-8,4.34875957467e-8,3.41600667753e-8,5.46091740716e-8,4.40227907461e-8,1.77299543935e-8,1.97957561454e-8,1.53616781517e-8,2.14122923836e-8,2.01461247684e-8,1.37026203717e-8,2.19978488758e-8,1.30854544977e-8,1.13591411832e-8,8.31461921535e-9,5.04887598396e-9,3.42255668251e-9,4.26484669802e-9],"min":[2.30413159547e-23,1.7439805571e-23,6.35712474601e-24,2.51832464673e-24,3.48388388662e-24,2.87613045688e-24,8.55658412345e-24,8.284274861e-24,1.77812529698e-23,4.53882284201e-24,1.49488825995e-23,3.03742371858e-23,1.01842755391e-23,1.30299879139e-23,9.90194932085e-24,8.10198172758e-24,7.36006751255e-24,1.07130955466e-23,1.69728125369e-23,1.32308390001e-23,9.43241694348e-24,6.77352734141e-24,9.09861202915e-24,9.62098309882e-24,6.73231724772e-24,9.88893232705e-24,1.11936293782e-23,7.77859845467e-24,6.2700621122e-24,7.64776981785e-24,7.99862122747e-24,1.09230153778e-23,8.63706686845e-24,8.06526892991e-24,8.62432518711e-24,1.06948917924e-23,1.09387776076e-23,9.26657471537e-24,1.15732702666e-23,9.75934614615e-24],"var":[3.81803921812e-9,1.39397869248e-7,0.00000128827844037,0.0000160525269166,0.0000165958572325,0.00000137144979817,0.00000104569562609,1.02348359121e-7,5.42350733213e-7,4.16623535671e-8,4.45569803276e-8,1.99357703679e-8,9.3231466991e-9,4.4256474041e-9,1.83879245164e-9,3.80825504465e-9,2.85656276411e-9,2.97093322166e-10,4.9920834827e-11,1.10435193976e-11,6.54314866178e-11,6.19067574981e-11,2.1679298981e-11,2.92057905638e-11,5.35881790331e-11,7.99640631488e-11,1.09852890673e-10,2.14116328834e-11,7.57275492314e-12,5.09366290466e-12,5.76565488061e-12,5.95320841235e-12,7.16766142966e-12,6.21409390958e-12,6.92135194644e-12,8.84861021261e-12,5.33368488265e-12,2.40872339435e-12,3.46789849441e-12,2.05907383158e-12]},"melbands_crest":{"dmean":2.807710886,"dmean2":4.3386964798,"dvar":8.70245170593,"dvar2":21.1052474976,"max":35.2907867432,"mean":21.6233692169,"median":21.5981674194,"min":1.53555643559,"var":51.3111076355},"melbands_flatness_db":{"dmean":0.0332524590194,"dmean2":0.045844424516,"dvar":0.00163414503913,"dvar2":0.00298958783969,"max":0.799955427647,"mean":0.407319575548,"median":0.413762688637,"min":0.00314293382689,"var":0.0200026594102},"melbands_kurtosis":{"dmean":25.4606876373,"dmean2":38.1705627441,"dvar":1886.4510498,"dvar2":4137.57666016,"max":1110.62817383,"mean":67.1169204712,"median":28.9164905548,"min":-1.83837473392,"var":12629.6005859},"melbands_skewness":{"dmean":1.19040250778,"dmean2":1.71828913689,"dvar":2.11914110184,"dvar2":4.68454885483,"max":21.2562427521,"mean":3.93207812309,"median":3.03558731079,"min":-2.50935935974,"var":13.3533973694},"melbands_spread":{"dmean":4.26970243454,"dmean2":6.09878396988,"dvar":223.454528809,"dvar2":390.876403809,"max":252.984329224,"mean":9.82737064362,"median":2.19340753555,"min":0.158158868551,"var":768.431396484},"mfcc":{"cov":[[14416.7802734,409.898040771,-1612.80493164,-428.013458252,-718.8515625,-269.300109863,-289.061553955,297.95425415,-87.7716522217,474.612304688,500.243713379,253.890167236,-231.85798645],[409.898040771,2579.38623047,468.614349365,-267.808135986,-295.518981934,-207.158447266,-8.08551120758,156.789367676,-3.91832780838,-209.669418335,-85.3783950806,-25.5393428802,22.7203636169],[-1612.80493164,468.614349365,873.862060547,174.256637573,59.2527046204,9.77971363068,20.9543781281,-16.3774776459,-21.0360660553,-120.533470154,-127.052215576,-79.0598297119,38.6594238281],[-428.013458252,-267.808135986,174.256637573,616.649963379,398.362213135,100.973632812,-99.4202041626,-56.2653656006,43.3575248718,-15.2830162048,-68.8960723877,-62.8980178833,62.7613372803],[-718.8515625,-295.518981934,59.2527046204,398.362213135,629.569824219,193.978820801,-88.1777420044,-81.915473938,30.7625160217,21.0397377014,-51.6957321167,-31.4384231567,48.730266571],[-269.300109863,-207.158447266,9.77971363068,100.973632812,193.978820801,314.871582031,116.78276062,-22.986869812,10.0107040405,16.9078159332,35.0471496582,32.8612251282,-15.8210792542],[-289.061553955,-8.08551120758,20.9543781281,-99.4202041626,-88.1777420044,116.78276062,431.669555664,85.3973007202,11.3329868317,26.0637435913,80.7176437378,52.6401100159,-15.7737026215],[297.95425415,156.789367676,-16.3774776459,-56.2653656006,-81.915473938,-22.986869812,85.3973007202,197.605194092,58.4988517761,-2.80711603165,26.1097583771,13.0977039337,25.0454502106],[-87.7716522217,-3.91832780838,-21.0360660553,43.3575248718,30.7625160217,10.0107040405,11.3329868317,58.4988517761,167.166595459,35.3541030884,-0.0651456341147,1.48546028137,12.0026226044],[474.612304688,-209.669418335,-120.533470154,-15.2830162048,21.0397377014,16.9078159332,26.0637435913,-2.80711603165,35.3541030884,190.334121704,82.3156661987,28.6421089172,-19.3064632416],[500.243713379,-85.3783950806,-127.052215576,-68.8960723877,-51.6957321167,35.0471496582,80.7176437378,26.1097583771,-0.0651456341147,82.3156661987,184.7762146,78.1037979126,-22.1387462616],[253.890167236,-25.5393428802,-79.0598297119,-62.8980178833,-31.4384231567,32.8612251282,52.6401100159,13.0977039337,1.48546028137,28.6421089172,78.1037979126,121.26197052,7.58510446548],[-231.85798645,22.7203636169,38.6594238281,62.7613372803,48.730266571,-15.8210792542,-15.7737026215,25.0454502106,12.0026226044,-19.3064632416,-22.1387462616,7.58510446548,115.900840759]],"icov":[[0.000126812708913,-0.000074706353189,0.000223826005822,-0.00017160671996,0.000173236519913,-0.0000449819635833,0.000177493115189,-0.000254894868704,0.000232420556131,-0.000288174342131,-0.0000676748750266,-0.000121057717479,0.0002097832039],[-0.000074706353189,0.00058991269907,-0.000450085761258,0.000381890946301,-0.000120667435112,0.00025150939473,-0.00000837852348923,-0.000214764600969,-0.000223084920435,0.000614075222984,-0.0000147768369061,-0.0000158613274834,-0.0000678149444866],[0.000223826005822,-0.000450085761258,0.002019592328,-0.000887126254383,0.000481797760585,-0.000238064065343,-0.0000939377641771,-0.000128475134261,0.000604825909249,-0.000217081527808,0.000479183887364,0.000266331684543,0.0000979468386504],[-0.00017160671996,0.000381890946301,-0.000887126254383,0.00353472447023,-0.00196305732243,0.0000488330551889,0.0000923318875721,0.000467610312626,-0.00101644371171,0.000804816954769,-0.000317849655403,0.0011836416088,-0.00119164108764],[0.000173236519913,-0.000120667435112,0.000481797760585,-0.00196305732243,0.00381257315166,-0.002004717011,0.000852846365888,0.000223231734708,0.000222031623707,-0.00111252069473,0.000536089937668,8.51747756769e-8,-0.000642212980893],[-0.0000449819635833,0.00025150939473,-0.000238064065343,0.0000488330551889,-0.002004717011,0.0054230527021,-0.00172780826688,0.0005010322202,-0.000331837421982,0.000823617563583,-0.000506717537064,-0.00122208776884,0.00130816001911],[0.000177493115189,-0.00000837852348923,-0.0000939377641771,0.0000923318875721,0.000852846365888,-0.00172780826688,0.00369235849939,-0.00174077716656,0.000470457220217,-0.000610394403338,-0.000797174114268,-0.000482346862555,0.000351202761522],[-0.000254894868704,-0.000214764600969,-0.000128475134261,0.000467610312626,0.000223231734708,0.0005010322202,-0.00174077716656,0.00794604234397,-0.00311368098482,0.00125408859458,-0.000981017248705,0.00098930823151,-0.00237842160277],[0.000232420556131,-0.000223084920435,0.000604825909249,-0.00101644371171,0.000222031623707,-0.000331837421982,0.000470457220217,-0.00311368098482,0.00796111673117,-0.00242892396636,0.00107229361311,-0.000630958005786,0.000472644489491],[-0.000288174342131,0.000614075222984,-0.000217081527808,0.000804816954769,-0.00111252069473,0.000823617563583,-0.000610394403338,0.00125408859458,-0.00242892396636,0.0084838103503,-0.00322858686559,0.000721461314242,0.000166663929122],[-0.0000676748750266,-0.0000147768369061,0.000479183887364,-0.000317849655403,0.000536089937668,-0.000506717537064,-0.000797174114268,-0.000981017248705,0.00107229361311,-0.00322858686559,0.0101908454672,-0.00488161761314,0.00130594975781],[-0.000121057717479,-0.0000158613274834,0.000266331684543,0.0011836416088,8.51747756769e-8,-0.00122208776884,-0.000482346862555,0.00098930823151,-0.000630958005786,0.000721461314242,-0.00488161761314,0.0128875793889,-0.00300550414249],[0.0002097832039,-0.0000678149444866,0.0000979468386504,-0.00119164108764,-0.000642212980893,0.00130816001911,0.000351202761522,-0.00237842160277,0.000472644489491,0.000166663929122,0.00130594975781,-0.00300550414249,0.0111089544371]],"mean":[-860.468444824,134.304519653,48.4392242432,33.2920341492,6.02505159378,-3.82276916504,-14.9121026993,-11.0467624664,-20.1170444489,-14.571023941,-11.9887876511,-8.89427471161,-8.26417064667]},"pitch_salience":{"dmean":0.0640055984259,"dmean2":0.0967977046967,"dvar":0.00469298521057,"dvar2":0.0105814822018,"max":0.860253095627,"mean":0.414715260267,"median":0.427867531776,"min":0.0120728891343,"var":0.034884557128},"silence_rate_20dB":{"dmean":0.000482800242025,"dmean2":0.000965717073996,"dvar":0.000482570671011,"dvar2":0.00120622769464,"max":1,"mean":0.999517261982,"median":1,"min":0,"var":0.000482512492454},"silence_rate_30dB":{"dmean":0.00748340366408,"dmean2":0.014968614094,"dvar":0.00742796994746,"dvar2":0.0171586927027,"max":1,"mean":0.988052129745,"median":1,"min":0,"var":0.0118059460074},"silence_rate_60dB":{"dmean":0.0449004210532,"dmean2":0.0898116827011,"dvar":0.0428825952113,"dvar2":0.0926040112972,"max":1,"mean":0.312696099281,"median":0,"min":0,"var":0.214922308922},"spectral_centroid":{"dmean":127.243057251,"dmean2":175.990585327,"dvar":127218.507812,"dvar2":198935.1875,"max":10685.9345703,"mean":558.315734863,"median":305.829284668,"min":137.982070923,"var":567323},"spectral_complexity":{"dmean":0.781412184238,"dmean2":1.25277638435,"dvar":2.1459851265,"dvar2":4.10102272034,"max":34,"mean":3.5896692276,"median":3,"min":0,"var":8.52315616608},"spectral_contrast_coeffs":{"dmean":[0.0447429902852,0.0439899042249,0.0334336683154,0.027416869998,0.0201507508755,0.0167273897678],"dmean2":[0.0709854513407,0.0637031421065,0.0511785447598,0.0434693731368,0.0311441496015,0.0257965400815],"dvar":[0.00164279178716,0.00186114711687,0.000884909997694,0.000640698533971,0.000359644298442,0.000245450850343],"dvar2":[0.00369266443886,0.00330753694288,0.00186026352458,0.00146253732964,0.000755952496547,0.000524813134689],"max":[-0.189268887043,-0.230910167098,-0.431401997805,-0.472125649452,-0.585990428925,-0.575532317162],"mean":[-0.491945594549,-0.606789410114,-0.778265953064,-0.810315191746,-0.828974485397,-0.816859662533],"median":[-0.476598620415,-0.611485958099,-0.789643406868,-0.817390799522,-0.83038854599,-0.814601063728],"min":[-0.959084033966,-0.965481102467,-0.968501389027,-0.966495215893,-0.956575095654,-0.958482503891],"var":[0.0144094917923,0.0175603497773,0.00831613689661,0.00447074649855,0.00275384192355,0.00223058555275]},"spectral_contrast_valleys":{"dmean":[0.437042325735,0.371682196856,0.37364590168,0.343473017216,0.308135658503,0.301770925522],"dmean2":[0.705246388912,0.587884843349,0.586931288242,0.515880227089,0.431264907122,0.405938208103],"dvar":[0.148493006825,0.116827361286,0.130667090416,0.134291216731,0.148398369551,0.156182482839],"dvar2":[0.347156971693,0.256281346083,0.281362861395,0.256870955229,0.253674834967,0.253464877605],"max":[-6.34642314911,-5.25221061707,-6.00430870056,-6.2900223732,-6.02482223511,-7.3391122818],"mean":[-9.46508789062,-9.16280841827,-10.2024087906,-10.5959844589,-10.2633590698,-12.3599224091],"median":[-9.1971206665,-8.82717418671,-9.88940143585,-10.2313365936,-9.85346984863,-12.0207252502],"min":[-27.3584861755,-27.1398735046,-26.955871582,-27.030166626,-27.2480640411,-27.2580127716],"var":[2.41231656075,2.49261593819,2.71140050888,2.93955087662,3.39725041389,3.29206109047]},"spectral_decrease":{"dmean":1.22613941222e-9,"dmean2":1.70406078137e-9,"dvar":9.71778980099e-18,"dvar2":1.94865885216e-17,"max":7.00412179359e-16,"mean":-3.97616384262e-9,"median":-2.18815099373e-9,"min":-1.19840535717e-7,"var":4.01256348512e-17},"spectral_energy":{"dmean":0.00478023383766,"dmean2":0.00664594536647,"dvar":0.000146037375089,"dvar2":0.000293097604299,"max":0.46276730299,"mean":0.0155377527699,"median":0.00859142281115,"min":1.04998292223e-20,"var":0.000605625507887},"spectral_energyband_high":{"dmean":0.0000688960790285,"dmean2":0.0000903645632206,"dvar":1.57491697905e-7,"dvar2":2.73331323797e-7,"max":0.0159349627793,"mean":0.000110372297058,"median":0.00000640949838271,"min":7.58377764841e-21,"var":3.23567491023e-7},"spectral_energyband_low":{"dmean":0.00048048136523,"dmean2":0.000652023416478,"dvar":0.00000151000199367,"dvar2":0.00000306144852402,"max":0.0296950526536,"mean":0.00104000105057,"median":0.000173808191903,"min":1.20242129789e-22,"var":0.00000534747050551},"spectral_energyband_middle_high":{"dmean":0.00025650774478,"dmean2":0.000359717552783,"dvar":0.00000126808117784,"dvar2":0.00000257984925156,"max":0.0521939061582,"mean":0.000525088165887,"median":0.0000476427885587,"min":1.62380673636e-21,"var":0.00000446827561973},"spectral_energyband_middle_low":{"dmean":0.00456896331161,"dmean2":0.00634409533814,"dvar":0.000143222860061,"dvar2":0.000287140021101,"max":0.458537012339,"mean":0.0143788792193,"median":0.00742166955024,"min":2.38260025235e-22,"var":0.00057674915297},"spectral_entropy":{"dmean":0.295675098896,"dmean2":0.414335846901,"dvar":0.128901273012,"dvar2":0.231300726533,"max":9.8090839386,"mean":5.78638458252,"median":5.71039295197,"min":3.04196286201,"var":1.55568861961},"spectral_flux":{"dmean":0.0163679625839,"dmean2":0.0258228462189,"dvar":0.000652143789921,"dvar2":0.00161862187088,"max":0.465865969658,"mean":0.0365635342896,"median":0.0250976700336,"min":1.02468672436e-10,"var":0.00154834263958},"spectral_kurtosis":{"dmean":8.41781806946,"dmean2":13.7758569717,"dvar":314.295898438,"dvar2":867.383728027,"max":473.3699646,"mean":25.9701404572,"median":11.519323349,"min":-1.21265268326,"var":1668.29882812},"spectral_rms":{"dmean":0.000515348976478,"dmean2":0.000701824959833,"dvar":6.39505174149e-7,"dvar2":0.00000118323100651,"max":0.0212480649352,"mean":0.00309066683985,"median":0.00289514707401,"min":3.2005836783e-12,"var":0.00000560661374038},"spectral_rolloff":{"dmean":225.623321533,"dmean2":355.682525635,"dvar":810856.3125,"dvar2":1484672.75,"max":21554.7363281,"mean":987.614196777,"median":301.46484375,"min":107.666015625,"var":8260450},"spectral_skewness":{"dmean":0.585157811642,"dmean2":0.905748903751,"dvar":0.579489827156,"dvar2":1.34507143497,"max":18.9301280975,"mean":3.55891084671,"median":2.88607430458,"min":0.0410908870399,"var":6.10895872116},"spectral_spread":{"dmean":581228.875,"dmean2":893807.6875,"dvar":501725331456,"dvar2":939490148352,"max":40879052,"mean":3895396.75,"median":3693263.25,"min":249889.734375,"var":5150468997120},"spectral_strongpeak":{"dmean":0.24431206286,"dmean2":0.373187929392,"dvar":0.207777366042,"dvar2":0.484991401434,"max":7.67240095139,"mean":0.825556993484,"median":0.566466808319,"min":0,"var":0.799273371696},"zerocrossingrate":{"dmean":0.00703879352659,"dmean2":0.00735846441239,"dvar":0.00029972277116,"dvar2":0.000241957357503,"max":0.9033203125,"mean":0.0394554361701,"median":0.0146484375,"min":0.00439453125,"var":0.0116354310885}},"metadata":{"audio_properties":{"analysis_sample_rate":44100,"bit_rate":0,"codec":"flac","downmix":"mix","equal_loudness":0,"length":192.373336792,"lossless":true,"md5_encoded":"a962b9735f41a7a114faf328ad54589f","replay_gain":-10.9815559387,"sample_rate":44100},"tags":{"acoustid_id":["6b5f1527-26ec-42ee-9ae0-db1adf404e28"],"album":["If on a Winter's Night..."],"albumartist":["Sting"],"albumartistsort":["Sting"],"artist":["Sting"],"artists":["Sting"],"artistsort":["Sting"],"asin":["B002H3F7F6"],"barcode":["602527017433"],"catalognumber":["06025 270 1743"],"date":["2009"],"file_name":"12 - Cherry Tree Carol.flac","isrc":["USUM70979363"],"label":["Deutsche Grammophon"],"media":["CD"],"musicbrainz_albumartistid":["7944ed53-2a58-4035-9b93-140a71e41c34"],"musicbrainz_albumid":["29e7128f-d337-31f2-9e0f-e6013f91467e"],"musicbrainz_artistid":["7944ed53-2a58-4035-9b93-140a71e41c34"],"musicbrainz_recordingid":["f8a33c1a-b3fb-4103-8a3c-4d1a5a006adb"],"musicbrainz_releasegroupid":["b10c9580-0a6d-46b0-bf8c-26a917b3c2d0"],"musicbrainz_releasetrackid":["7653746c-5f59-37a5-b07c-11977c9cead8"],"originaldate":["2009"],"releasecountry":["DE"],"releasestatus":["official"],"releasetype":["album"],"script":["Latn"],"title":["Cherry Tree Carol"],"totaltracks":["15"],"tracknumber":["12"],"tracktotal":["15"]},"version":{"essentia":"2.1-beta1","essentia_build_sha":"ca57ba49d9b1854bd80e60cf9ccf267278fb7d6b","essentia_git_sha":"v2.1_beta1-28-g21ef5f4-dirty","extractor":"music 1.0"}},"rhythm":{"beats_count":394,"beats_loudness":{"dmean":0.0180841553956,"dmean2":0.0321506336331,"dvar":0.00179