{"lowlevel":{"average_loudness":0.936386525631,"barkbands":{"dmean":[0.0000295323443424,0.00170724489726,0.00243987655267,0.00162477733102,0.00150981126353,0.000451942381915,0.000919168058317,0.000436572736362,0.000448342092568,0.000318037142279,0.000151451444253,0.000234879815252,0.000385406805435,0.000652625749353,0.000671252142638,0.000753243279178,0.000646116735879,0.000390531815356,0.000151912579895,0.0000961432524491,0.0000641187943984,0.0000400235148845,0.0000266073693638,0.0000181086743396,0.000014801922589,0.0000102491831058,0.00000295820632346],"dmean2":[0.0000474712214782,0.00284338183701,0.00412287330255,0.00280415732414,0.00262875435874,0.000730470579583,0.00148697022814,0.000727886101231,0.000727557577193,0.0005151941441,0.00024872913491,0.00038645544555,0.000625075830612,0.00105834798887,0.00107484846376,0.0012132639531,0.00104625639506,0.000641480728518,0.000248447118793,0.000159852803336,0.000101901168819,0.0000619484708295,0.0000399150339945,0.0000254731021414,0.0000194958356587,0.0000129339796331,0.00000388531316275],"dvar":[2.22439955344e-9,0.00000768719382904,0.0000154692934302,0.00000760889133744,0.00000741456824471,0.00000118451885101,0.0000052851851251,9.57394718171e-7,7.561556572e-7,3.16047845672e-7,7.17117458748e-8,3.38571823022e-7,9.2759466952e-7,0.00000200570843845,0.0000022244757929,0.00000210146617974,7.42412169075e-7,3.70832253793e-7,4.62012188507e-8,1.77428205461e-8,8.32090130132e-9,3.90310184173e-9,1.96698279886e-9,1.09605302612e-9,7.07913117015e-10,4.54794674143e-10,5.47134039464e-11],"dvar2":[5.30935384546e-9,0.0000196279124793,0.0000416667826357,0.0000209636928048,0.0000208525380003,0.00000265703874902,0.0000122071287478,0.00000255726536125,0.00000194960716726,7.9859626112e-7,1.86146877468e-7,8.61321666434e-7,0.00000214972078538,0.00000506900141772,0.00000579090783503,0.00000549352989765,0.00000193370692614,9.76957608145e-7,1.22761250054e-7,4.49905250832e-8,2.01082404061e-8,9.47711509269e-9,4.84317252969e-9,2.18991136336e-9,1.26431964897e-9,8.17453382762e-10,9.08728092774e-11],"max":[0.000647316861432,0.0351819805801,0.0550100803375,0.0486801490188,0.0317215137184,0.026813171804,0.0563811250031,0.0158514194191,0.0243836417794,0.0144855519757,0.00668936409056,0.011308260262,0.0394320823252,0.0330350100994,0.0269220992923,0.0221434049308,0.0122249554843,0.00921026896685,0.00326641974971,0.00349271856248,0.00314528984018,0.00141611963045,0.00117997755297,0.000730250147171,0.000462074647658,0.000360737467417,0.000123240170069],"mean":[0.0000441706906713,0.00278436788358,0.00357333454303,0.00230027129874,0.00251616397873,0.00061135913711,0.0013665772276,0.000593546312302,0.000704270496499,0.000580584455747,0.000236061139731,0.000348167668562,0.000640692596789,0.00110595556907,0.00121592963114,0.00142668012995,0.00142231862992,0.0008517683018,0.00035494932672,0.000234721403103,0.000177600144525,0.0000941678663366,0.0000688347427058,0.0000496904103784,0.0000379669654649,0.0000218128352572,0.00000498281315231],"median":[0.0000223472252401,0.00191346043721,0.00244502350688,0.00157620524988,0.00178111123387,0.000287170376396,0.000284882844426,0.000228582925047,0.000385609688237,0.000328460999299,0.000130174186779,0.000137220442411,0.000264251895715,0.000447142403573,0.000401673198212,0.000684379599988,0.000954315590207,0.000479722453747,0.000270780234132,0.000177501962753,0.000130328189698,0.0000562972272746,0.0000393672598875,0.0000254610167758,0.0000143790794027,0.00000468061080028,2.01935350219e-7],"min":[5.8843550807e-25,3.05249648389e-24,1.58079600139e-24,9.82342650077e-25,1.25820190494e-23,5.05246477132e-24,7.08161539022e-24,8.13500896709e-24,2.08049489309e-23,1.66380483677e-23,1.06351166462e-23,1.85520726261e-23,3.06118862666e-23,4.42196990164e-23,3.36821455315e-23,6.46504202225e-23,4.97751004801e-23,9.32910440611e-23,1.26326973672e-22,1.59805283856e-22,2.49548536437e-22,3.42901932064e-22,4.17633641245e-22,4.86273249024e-22,9.41859228233e-22,1.31529482312e-21,1.94899564877e-21],"var":[3.77077213898e-9,0.00000991049091681,0.0000170568710018,0.00000792728951637,0.00000739276356398,0.00000156688815878,0.000012528530533,0.00000142962221616,0.00000116330033961,7.6902068713e-7,1.13092298193e-7,5.88665443502e-7,0.00000210022676583,0.00000372578779206,0.00000516740465173,0.00000435103538621,0.00000192080619854,0.00000103092202153,1.17677551259e-7,5.47040599486e-8,3.77274034236e-8,1.5556693711e-8,9.12042885659e-9,5.17316101067e-9,3.0973226206e-9,1.31263633296e-9,1.48318093918e-10]},"barkbands_crest":{"dmean":2.06119155884,"dmean2":3.4437983036,"dvar":3.82580208778,"dvar2":10.1656646729,"max":21.6351833344,"mean":7.59152746201,"median":7.01639413834,"min":2.44377303123,"var":8.79158782959},"barkbands_flatness_db":{"dmean":0.0166725516319,"dmean2":0.0250748544931,"dvar":0.000265927490545,"dvar2":0.000586924667004,"max":0.29625082016,"mean":0.111309923232,"median":0.103688515723,"min":0.0311762113124,"var":0.00172062544152},"barkbands_kurtosis":{"dmean":1.28345513344,"dmean2":2.07269835472,"dvar":4.53758811951,"dvar2":10.750831604,"max":28.3740730286,"mean":0.639835655689,"median":-0.559189319611,"min":-1.77092623711,"var":11.0855951309},"barkbands_skewness":{"dmean":0.446547180414,"dmean2":0.696027338505,"dvar":0.193915739655,"dvar2":0.44265165925,"max":4.95918798447,"mean":0.746613442898,"median":0.698908448219,"min":-2.10125851631,"var":1.19658851624},"barkbands_spread":{"dmean":5.2606253624,"dmean2":8.36355495453,"dvar":24.6858253479,"dvar2":61.3117446899,"max":92.5124816895,"mean":30.8868179321,"median":30.9499607086,"min":3.84114694595,"var":105.313056946},"dissonance":{"dmean":0.00835308991373,"dmean2":0.014287924394,"dvar":0.0000657070195302,"dvar2":0.000183663476491,"max":0.500000059605,"mean":0.486177265644,"median":0.488379210234,"min":0.405921965837,"var":0.000106593870441},"dynamic_complexity":3.51410794258,"erbbands":{"dmean":[0.0393077358603,0.448549747467,2.3384616375,3.90347981453,6.17505836487,4.63049697876,2.94922351837,4.10528230667,10.3249263763,13.315366745,8.07075500488,10.9424467087,10.3380718231,6.94883918762,6.27390384674,10.1553134918,16.135099411,29.6038837433,29.6648406982,36.5822944641,37.822681427,33.7238235474,22.8959178925,10.3679924011,5.89845943451,4.23112106323,3.28020143509,2.06812405586,1.46827244759,1.14554238319,0.753821730614,0.44139751792,0.284379422665,0.183505728841,0.111611515284,0.0505779646337,0.0181075558066,0.00465384311974,0.000538678024895,0.0000189258626051],"dmean2":[0.0631853565574,0.755493164062,3.89877104759,6.73704862595,10.6737661362,8.02817440033,4.89435386658,6.60475969315,16.7414855957,21.6368656158,13.1650924683,17.8931827545,16.9038047791,11.4260091782,10.0676298141,16.8506183624,26.0089054108,47.8501625061,47.8243942261,58.1648368835,60.8350982666,54.3071022034,37.1609725952,16.9279289246,9.61075401306,6.98656415939,5.26563930511,3.28329181671,2.29305529594,1.78611135483,1.14058828354,0.643555819988,0.406459271908,0.252913117409,0.151092424989,0.0660929009318,0.0234613176435,0.00587093783543,0.000723286881112,0.0000269333449978],"dvar":[0.00443031359464,0.519434094429,13.8773078918,38.0014533997,108.251213074,61.8424606323,27.1500339508,144.618667603,825.344909668,920.187805176,257.080596924,402.733947754,450.418609619,108.503700256,173.430908203,613.214111328,2220.59350586,3407.50024414,3933.01074219,7243.94628906,4430.28417969,2129.81567383,1146.55578613,293.607025146,68.6630630493,33.2322387695,23.0351638794,9.75067806244,5.26165390015,3.97967433929,1.5764234066,0.565016150475,0.329337716103,0.108445800841,0.0466527827084,0.0101720318198,0.00154916383326,0.000107853949885,0.00000200033355213,1.52502444006e-9],"dvar2":[0.0107324076816,1.34788227081,36.8140411377,104.67868042,302.073699951,169.507110596,70.8551864624,312.657470703,1901.4822998,2355.04492188,660.010131836,1053.82507324,1148.69580078,281.523712158,422.868621826,1602.03930664,5011.28271484,8981.77734375,10201.4033203,18750.4453125,11535.5761719,5499.16699219,2981.91674805,773.758789062,172.523025513,87.3556137085,56.4538383484,23.2755641937,12.851556778,10.1255874634,3.88782477379,1.2133743763,0.648664355278,0.214991420507,0.0920950770378,0.0192078631371,0.00297789881006,0.000178135713213,0.00000347820923707,3.03862113249e-9],"max":[1.05449569225,8.99754142761,51.1948165894,89.4067001343,112.892448425,93.7940750122,70.4306869507,338.743255615,861.406921387,550.534912109,354.7862854,353.616973877,545.556335449,140.854019165,494.324951172,490.948791504,2090.99023438,964.508666992,1180.70227051,1460.65844727,1263.63928223,690.364013672,480.574920654,304.237518311,179.314376831,140.053878784,177.16003418,80.7316055298,53.1025009155,45.885597229,30.4248847961,16.6123199463,12.2696714401,7.33258676529,4.03430938721,1.60605120659,0.692533016205,0.174450755119,0.0205556936562,0.000788208970334],"mean":[0.071861743927,0.70365434885,3.63108181953,6.03935098648,9.51922416687,7.96418142319,4.23136615753,5.52209663391,15.3688621521,19.3993396759,12.5262584686,16.7631797791,19.6886196136,12.5166387558,10.6215744019,16.3063087463,28.8162479401,52.3752441406,57.2134208679,72.2443237305,80.6046676636,79.7136535645,54.534538269,25.6492538452,15.3307704926,10.5082530975,8.9358549118,5.40429115295,3.47181868553,2.77741885185,1.90418744087,1.18493652344,0.749771714211,0.462243855,0.255249112844,0.110080569983,0.0358982309699,0.00913282390684,0.000859651423525,0.0000491414757562],"median":[0.0451227650046,0.488328933716,2.54725265503,4.43624162674,6.63179683685,5.6873588562,2.30739784241,2.44453334808,3.89422059059,5.27850294113,6.30485343933,9.1790189743,10.4498443604,8.12052154541,6.09901809692,6.91040611267,12.2923069,22.2120170593,23.1364555359,23.8930664062,47.0174407959,54.0943946838,32.914642334,17.5266990662,12.0789775848,8.05573368073,6.57985877991,3.76355981827,2.05263948441,1.59714782238,1.08398473263,0.654609680176,0.365778148174,0.191311180592,0.0832846462727,0.0293440371752,0.00677577219903,0.00104788527824,0.00004425467705,0.0000341200720868],"min":[8.71030045504e-23,2.83774169267e-22,1.42949805228e-21,9.542004964e-21,1.82377056106e-20,5.44757176114e-20,5.76223061992e-20,7.05206175013e-20,1.30247070846e-19,1.49220694168e-19,1.58845496357e-19,4.77320436571e-19,4.48313487235e-19,7.61030048389e-19,7.68311305731e-19,9.24706137351e-19,1.68636897891e-18,2.58420777298e-18,2.73227496378e-18,3.25233065272e-18,4.17947852384e-18,3.57168730285e-18,4.58900447818e-18,6.45580470974e-18,7.90054016966e-18,8.36540161184e-18,8.45420027778e-18,1.03319292196e-17,1.2265361331e-17,1.09718187707e-17,1.1746215334e-17,1.10820521678e-17,8.4375127361e-18,8.32933240123e-18,6.87286710664e-18,3.96493930581e-18,2.31472246237e-18,9.38046285885e-19,2.45636788819e-19,2.45591959507e-20],"var":[0.0075871120207,0.611514925957,15.9923400879,39.5137405396,110.550926208,69.9062042236,31.2769832611,192.59425354,1826.03186035,1919.75219727,407.191650391,575.458251953,1074.6953125,214.010391235,290.295715332,1058.44665527,5075.37548828,6787.87158203,8883.95214844,17111.5859375,9564.12011719,5804.98925781,3495.11987305,854.716186523,200.945465088,98.9094161987,88.0744247437,42.4316139221,21.3812561035,15.6383514404,7.09758234024,2.72670102119,1.26236784458,0.48013523221,0.152343541384,0.0299336630851,0.00395313696936,0.000328824215103,0.00000489662170367,3.46316775257e-9]},"erbbands_crest":{"dmean":1.99257266521,"dmean2":3.30861759186,"dvar":3.70357513428,"dvar2":9.97833919525,"max":26.4039669037,"mean":7.39749145508,"median":6.81429767609,"min":2.28141474724,"var":9.16056442261},"erbbands_flatness_db":{"dmean":0.014555237256,"dmean2":0.0204826556146,"dvar":0.000203514005989,"dvar2":0.000362421938917,"max":0.347839713097,"mean":0.158874616027,"median":0.155467659235,"min":0.0638243257999,"var":0.00178911502007},"erbbands_kurtosis":{"dmean":0.995976865292,"dmean2":1.60592341423,"dvar":1.77383840084,"dvar2":4.33820486069,"max":18.3950901031,"mean":0.839492022991,"median":0.199826955795,"min":-1.73042201996,"var":4.9951505661},"erbbands_skewness":{"dmean":0.306747168303,"dmean2":0.482900351286,"dvar":0.0777103975415,"dvar2":0.18207912147,"max":3.11442518234,"mean":-0.744882047176,"median":-0.708614170551,"min":-2.65194892883,"var":0.302046835423},"erbbands_spread":{"dmean":6.24221420288,"dmean2":9.81338500977,"dvar":35.9257011414,"dvar2":84.0166091919,"max":84.5427093506,"mean":33.9302062988,"median":33.1558761597,"min":4.78274250031,"var":206.368804932},"gfcc":{"cov":[[37866.328125,1687.31408691,-2477.703125,729.989135742,-920.588439941,409.328399658,-1391.25366211,561.319946289,-537.723571777,-11.373093605,-1041.11560059,-72.484703064,-632.152160645],[1687.31408691,1415.53662109,-634.989807129,227.327072144,104.068023682,-152.937408447,61.3845939636,-109.584938049,109.916015625,-127.113304138,91.9452590942,-158.150299072,67.9640274048],[-2477.703125,-634.989807129,910.433349609,-169.022338867,72.6994476318,32.8728904724,73.8677825928,31.9711112976,-37.746509552,36.9486503601,-18.4763965607,73.4701766968,2.14707994461],[729.989135742,227.327072144,-169.022338867,362.559936523,-81.7410964966,72.0381088257,28.2668056488,-11.9211807251,-7.9828543663,-42.9381332397,18.9038791656,-43.1907539368,35.101184845],[-920.588439941,104.068023682,72.6994476318,-81.7410964966,292.986572266,-39.8159255981,63.4509391785,-9.53140068054,66.2792358398,-10.2285270691,8.11648845673,-37.7748603821,6.52529096603],[409.328399658,-152.937408447,32.8728904724,72.0381088257,-39.8159255981,122.280509949,5.06000995636,27.173992157,-32.8436698914,3.08161592484,-29.52759552,10.3970870972,-7.21883058548],[-1391.25366211,61.3845939636,73.8677825928,28.2668056488,63.4509391785,5.06000995636,175.293395996,4.67612504959,-1.74272477627,-29.3309459686,41.1691665649,-10.8387880325,59.1072387695],[561.319946289,-109.584938049,31.9711112976,-11.9211807251,-9.53140068054,27.173992157,4.67612504959,88.0982818604,-6.36017227173,18.1813392639,-33.6530418396,18.3283462524,-13.6393260956],[-537.723571777,109.916015625,-37.746509552,-7.9828543663,66.2792358398,-32.8436698914,-1.74272477627,-6.36017227173,128.742401123,18.1868343353,40.4797668457,-24.2133388519,-10.704419136],[-11.373093605,-127.113304138,36.9486503601,-42.9381332397,-10.2285270691,3.08161592484,-29.3309459686,18.1813392639,18.1868343353,71.2870407104,12.5179290771,25.8590049744,-27.1938114166],[-1041.11560059,91.9452590942,-18.4763965607,18.9038791656,8.11648845673,-29.52759552,41.1691665649,-33.6530418396,40.4797668457,12.5179290771,98.567817688,8.11375713348,20.4785022736],[-72.484703064,-158.150299072,73.4701766968,-43.1907539368,-37.7748603821,10.3970870972,-10.8387880325,18.3283462524,-24.2133388519,25.8590049744,8.11375713348,69.4444503784,-0.415314882994],[-632.152160645,67.9640274048,2.14707994461,35.101184845,6.52529096603,-7.21883058548,59.1072387695,-13.6393260956,-10.704419136,-27.1938114166,20.4785022736,-0.415314882994,76.4710083008]],"icov":[[0.000160518276971,-0.000503940973431,0.000129462074256,-0.000162621276104,0.0000750803665142,-0.000393679947592,0.000857801816892,-0.000864268338773,0.000592257012613,-0.000351727270754,0.00115953339264,-0.000550687022042,0.000629397341982],[-0.000503940973431,0.00358093343675,0.000567303330172,-0.000293208373478,-0.00069019489456,0.00323237315752,-0.00290181790479,0.00295766862109,-0.00226456369273,0.002995433053,-0.00454231072217,0.0033667141106,-0.00211239582859],[0.000129462074256,0.000567303330172,0.00203632796183,-0.00000709372852725,-0.000466914469143,0.000148087026901,-0.000396983057726,-0.00014071323676,0.000370518828277,0.0000770408078097,0.00122494844254,-0.00107174797449,0.000593067379668],[-0.000162621276104,-0.000293208373478,-0.00000709372852725,0.00536986486986,0.00141627213452,-0.003940673545,-0.000444550300017,0.000126497921883,-0.000552938552573,0.00143702561036,-0.0032933941111,0.00341029837728,-0.0023409507703],[0.0000750803665142,-0.00069019489456,-0.000466914469143,0.00141627213452,0.00541741587222,-0.000231279394939,-0.00182908447459,0.000255022809142,-0.00229459488764,-0.000293394055916,0.0021427355241,0.00157236866653,0.000581438827794],[-0.000393679947592,0.00323237315752,0.000148087026901,-0.003940673545,-0.000231279394939,0.0155811766163,-0.00439085997641,0.00148061499931,-0.000672295456752,0.000614392338321,0.00065016298322,0.000273625715636,0.000777775538154],[0.000857801816892,-0.00290181790479,-0.000396983057726,-0.000444550300017,-0.00182908447459,-0.00439085997641,0.0166794415563,-0.00995646044612,0.00569298863411,0.00149196630809,-0.00167943583801,0.000930064008571,-0.00325886392966],[-0.000864268338773,0.00295766862109,-0.00014071323676,0.000126497921883,0.000255022809142,0.00148061499931,-0.00995646044612,0.0228652246296,-0.00643820641562,-0.00289818667807,0.00392249599099,-0.00324010709301,-0.000935196992941],[0.000592257012613,-0.00226456369273,0.000370518828277,-0.000552938552573,-0.00229459488764,-0.000672295456752,0.00569298863411,-0.00643820641562,0.0154078016058,-0.00430270517245,-0.00276093464345,0.00348103442229,0.00312064541504],[-0.000351727270754,0.002995433053,0.0000770408078097,0.00143702561036,-0.000293394055916,0.000614392338321,0.00149196630809,-0.00289818667807,-0.00430270517245,0.0265745408833,-0.0103959711269,-0.00214539445005,0.00380155537277],[0.00115953339264,-0.00454231072217,0.00122494844254,-0.0032933941111,0.0021427355241,0.00065016298322,-0.00167943583801,0.00392249599099,-0.00276093464345,-0.0103959711269,0.0322500430048,-0.0135421734303,0.00418261252344],[-0.000550687022042,0.0033667141106,-0.00107174797449,0.00341029837728,0.00157236866653,0.000273625715636,0.000930064008571,-0.00324010709301,0.00348103442229,-0.00214539445005,-0.0135421734303,0.030115166679,-0.00697045121342],[0.000629397341982,-0.00211239582859,0.000593067379668,-0.0023409507703,0.000581438827794,0.000777775538154,-0.00325886392966,-0.000935196992941,0.00312064541504,0.00380155537277,0.00418261252344,-0.00697045121342,0.0242217425257]],"mean":[-22.5403995514,91.458404541,-133.303741455,46.2304840088,-33.9143295288,9.93353271484,-38.157119751,10.3696556091,-18.5783157349,-2.91080594063,-22.6562099457,-6.29982423782,-13.3873472214]},"hfc":{"dmean":5.19759607315,"dmean2":7.49818706512,"dvar":39.0240478516,"dvar2":83.4387664795,"max":107.43421936,"mean":23.4706096649,"median":19.7036857605,"min":1.10369339322e-16,"var":290.649383545},"melbands":{"dmean":[0.000405774684623,0.000957095529884,0.000718108087312,0.000401181634516,0.000104664031824,0.0000893225660548,0.000171704698005,0.000137195180287,0.0000644436731818,0.0000676821000525,0.0000526197545696,0.0000305070298054,0.0000212315644603,0.0000252881745837,0.0000304264976876,0.0000404910861107,0.0000626429755357,0.0000509470810357,0.0000519110035384,0.000051099643315,0.000047752946557,0.000039119644498,0.0000343276005879,0.0000155920770339,0.00000908018682821,0.0000052793498071,0.00000428559587817,0.0000028218667012,0.0000024205378395,0.00000182298083473,0.0000012392121107,9.39088124596e-7,8.00589873506e-7,6.47388787911e-7,5.20804121606e-7,3.38716375836e-7,2.82850237454e-7,2.2625083318e-7,1.85715208545e-7,1.58399870998e-7],"dmean2":[0.000664897146635,0.00158661603928,0.00123453326523,0.000698127143551,0.000173899432411,0.00014353232109,0.000277266168268,0.00022393000836,0.000104120990727,0.000111010536784,0.0000860195650603,0.0000502801703988,0.0000344687396137,0.0000414596397604,0.0000498744520883,0.0000653515671729,0.000101856727269,0.0000827294206829,0.0000826365794637,0.0000828009069664,0.0000780026020948,0.0000640376019874,0.000056004650105,0.000025648094379,0.0000150859304995,0.00000872214422998,0.00000709348751116,0.00000469819133286,0.00000393014488509,0.00000294817186841,0.00000199834471459,0.00000149942729877,0.00000128328508708,0.0000010144025282,8.1805200125e-7,5.06447520365e-7,4.26945263143e-7,3.34271163638e-7,2.71764804438e-7,2.25814773103e-7],"dvar":[4.59651886331e-7,0.00000226541988013,0.00000118786078929,5.18995022958e-7,2.67338364779e-8,5.87856057166e-8,2.08652167544e-7,8.91520386403e-8,1.44007090697e-8,1.68177152204e-8,1.15758282959e-8,2.051883774e-9,1.49206580424e-9,4.00096844544e-9,6.83638079479e-9,8.29477464492e-9,1.65854725509e-8,1.32267947706e-8,1.52769281669e-8,1.30104309548e-8,6.24570395402e-9,3.04061598122e-9,2.86335666289e-9,5.91537874239e-10,2.41039410653e-10,5.14614913183e-11,4.16284021143e-11,1.48570548225e-11,1.32728645783e-11,6.86668603922e-12,4.48242745005e-12,2.38700443959e-12,1.72246559463e-12,1.60632878526e-12,8.87114383688e-13,3.03975757326e-13,2.62368225019e-13,2.08631953402e-13,1.4109931756e-13,8.36386217446e-14],"dvar2":[0.00000115713669402,0.00000589719866184,0.00000320766571349,0.0000014600607301,6.96660293897e-8,1.27851421894e-7,4.78262734305e-7,2.3405944205e-7,3.65057815088e-8,4.39608314196e-8,2.95861699584e-8,5.28809307454e-9,3.67654640065e-9,1.03110666672e-8,1.51341978949e-8,2.04356460642e-8,4.34979021691e-8,3.36404895052e-8,3.9002657104e-8,3.47595054961e-8,1.63124163066e-8,8.05018895988e-9,7.58988250027e-9,1.58820123719e-9,6.33963104235e-10,1.36298278219e-10,1.05079389634e-10,4.02413970202e-11,3.30631910739e-11,1.76018245118e-11,1.13017026293e-11,5.92073308783e-12,4.37586121851e-12,4.28181882312e-12,2.28684497554e-12,6.91885188465e-13,5.93019990752e-13,4.2819168892e-13,2.95884844403e-13,1.74189384704e-13],"max":[0.0099024111405,0.0190389808267,0.0170015450567,0.00877656694502,0.00194559316151,0.00660493783653,0.0129305003211,0.00485966587439,0.00244597159326,0.00314530264586,0.00272648548707,0.000766333891079,0.0012205960229,0.00145901564974,0.00313032511622,0.0029881214723,0.00208546197973,0.00280393939465,0.00266395532526,0.00189239881001,0.00135926203802,0.000970967113972,0.000927577726543,0.000397007825086,0.000253707781667,0.000163353062817,0.00017367687542,0.0000920955353649,0.000130284781335,0.0000639937497908,0.000045171527745,0.0000344989821315,0.0000296278994938,0.0000353987597919,0.0000212331051443,0.0000124528960441,0.0000119800279208,0.0000105446952148,0.0000105496656033,0.00000572004501009],"mean":[0.000703753728885,0.00156245112885,0.00119381258264,0.000683985010255,0.000165592093254,0.00012011751096,0.000257940060692,0.000200180002139,0.000100602053863,0.000103826518171,0.0000977046365733,0.0000521826914337,0.0000338546888088,0.0000379438970413,0.0000498910558235,0.0000668232096359,0.000104622915387,0.0000900197919691,0.0000950497123995,0.0000948906017584,0.0000935252537602,0.0000827564508654,0.0000714656125638,0.0000334863871103,0.0000194515796466,0.0000119939168144,0.00000942128735915,0.00000623840423941,0.00000588874354435,0.00000434253706771,0.00000270442751571,0.00000197524877876,0.00000172150441813,0.00000143667193697,0.00000115084708341,8.41642361138e-7,6.75260594107e-7,5.40623489087e-7,4.46079468475e-7,3.641063131e-7],"median":[0.00047026964603,0.00112741137855,0.000916702207178,0.000505057047121,0.00010842026677,0.0000534402824997,0.0000599650520599,0.0000602435320616,0.000049889258662,0.0000564600995858,0.0000496431312058,0.0000330682014464,0.0000191050257854,0.0000163640743267,0.0000208701239899,0.0000282773689833,0.0000416351758759,0.0000366294625564,0.0000290853204206,0.0000346640845237,0.000059445410443,0.0000558123283554,0.0000395632741856,0.0000196417422558,0.0000127084822452,0.00000918091518542,0.00000677233310853,0.00000461030276711,0.00000414522855863,0.0000031966469578,0.00000166461609297,0.00000110923724606,9.4178699328e-7,7.87722797213e-7,6.26634118817e-7,4.78537174331e-7,3.53406733211e-7,2.66739931476e-7,1.86869726804e-7,1.43090289839e-7],"min":[1.04501528241e-24,6.42099546084e-25,2.6099991586e-24,2.03165919658e-24,1.95105536143e-24,1.22517267354e-24,1.82556376306e-24,1.85285401165e-24,9.16605293123e-25,2.60807512686e-24,2.16121047038e-24,2.90973435372e-24,2.21668908569e-24,1.39539781284e-24,2.61517941095e-24,3.44381369694e-24,3.80489150491e-24,3.65627366024e-24,2.46065792848e-24,4.71690148604e-24,4.58858694892e-24,3.22075459852e-24,3.62679905581e-24,4.05057237308e-24,4.3700456569e-24,4.56453891866e-24,5.78451743618e-24,4.62895098929e-24,4.83454944043e-24,5.11621459323e-24,5.31773384463e-24,5.27135040113e-24,5.6622069194e-24,4.75010898028e-24,5.65011407616e-24,6.23606575706e-24,6.01010641152e-24,5.35509114166e-24,5.95970608829e-24,5.69187518919e-24],"var":[6.58186650071e-7,0.00000269385327556,0.00000132716456847,5.09807648541e-7,3.32832073013e-8,7.93663446075e-8,4.78561844375e-7,1.73774722612e-7,2.39016788584e-8,2.41153266245e-8,2.75666351968e-8,4.10144140872e-9,2.50611442709e-9,6.97969904095e-9,1.46715777305e-8,1.7523428042e-8,3.14200896412e-8,2.49006557596e-8,3.5061322734e-8,2.68922804025e-8,1.20616050481e-8,7.0353123327e-9,6.6650485131e-9,1.62199520481e-9,6.06213412802e-10,1.28078575523e-10,1.0218051405e-10,3.67406209623e-11,4.3061280236e-11,2.18160715187e-11,1.35815629576e-11,7.40738807098e-12,6.06358843344e-12,4.64206234216e-12,2.83159303296e-12,1.47085273648e-12,9.48765263402e-13,6.59213081258e-13,5.62373118993e-13,2.94867185139e-13]},"melbands_crest":{"dmean":3.06309247017,"dmean2":5.15316677094,"dvar":7.95386219025,"dvar2":21.0617752075,"max":29.1523780823,"mean":12.2631263733,"median":11.8766918182,"min":1.61937487125,"var":22.0042171478},"melbands_flatness_db":{"dmean":0.0212822668254,"dmean2":0.0329149998724,"dvar":0.000449198676506,"dvar2":0.00101028662175,"max":0.381663441658,"mean":0.164487615228,"median":0.15953117609,"min":0.00373867410235,"var":0.00334189808927},"melbands_kurtosis":{"dmean":3.91969871521,"dmean2":6.23100423813,"dvar":42.3168869019,"dvar2":103.519554138,"max":82.5086517334,"mean":6.58424139023,"median":3.10855436325,"min":-1.76107501984,"var":112.266273499},"melbands_skewness":{"dmean":0.60852098465,"dmean2":0.955367028713,"dvar":0.397115707397,"dvar2":0.930134415627,"max":8.23481750488,"mean":2.09710907936,"median":1.9247661829,"min":-1.2483574152,"var":2.11224412918},"melbands_spread":{"dmean":8.8287525177,"dmean2":13.925403595,"dvar":74.6663894653,"dvar2":172.618865967,"max":200.789657593,"mean":40.3236961365,"median":37.2072601318,"min":2.77568221092,"var":587.254943848},"mfcc":{"cov":[[13138.7607422,1734.24938965,-233.267608643,338.618927002,291.976379395,-15.8729333878,-293.501159668,140.930786133,169.331878662,77.0657653809,-10.3728027344,18.5627975464,-217.596221924],[1734.24938965,1326.1295166,-413.033477783,280.751678467,102.688827515,14.4571361542,-42.6103172302,15.7246866226,37.6300125122,15.1112165451,1.86321496964,54.6629447937,-28.2815284729],[-233.267608643,-413.033477783,444.660064697,-36.496887207,-69.01121521,6.15206289291,47.3816299438,6.20471143723,-19.6202716827,-35.0176506042,-20.6631622314,-30.8560161591,13.3865966797],[338.618927002,280.751678467,-36.496887207,243.229598999,26.5032615662,47.5105171204,37.2061805725,32.7795066833,20.1554050446,17.6268920898,-8.00191402435,2.78648376465,-12.9160461426],[291.976379395,102.688827515,-69.01121521,26.5032615662,154.266616821,26.643037796,-38.0348472595,1.27525520325,18.7749385834,33.3520851135,24.0236492157,-0.341456532478,-16.5789413452],[-15.8729333878,14.4571361542,6.15206289291,47.5105171204,26.643037796,89.7783966064,25.8432846069,15.8398609161,1.90682411194,8.84106826782,6.28579998016,-11.2718772888,-5.80355453491],[-293.501159668,-42.6103172302,47.3816299438,37.2061805725,-38.0348472595,25.8432846069,153.392547607,33.8616714478,29.4535427094,-22.0383853912,-30.3061351776,-8.08425521851,-2.57665324211],[140.930786133,15.7246866226,6.20471143723,32.7795066833,1.27525520325,15.8398609161,33.8616714478,66.5447311401,29.6228160858,4.82208013535,-7.19733476639,2.00087380409,-4.51338148117],[169.331878662,37.6300125122,-19.6202716827,20.1554050446,18.7749385834,1.90682411194,29.4535427094,29.6228160858,72.6066589355,23.6978855133,-6.19006109238,-10.2481651306,-11.8796281815],[77.0657653809,15.1112165451,-35.0176506042,17.6268920898,33.3520851135,8.84106826782,-22.0383853912,4.82208013535,23.6978855133,61.207359314,25.6515655518,-1.04087352753,-10.9214887619],[-10.3728027344,1.86321496964,-20.6631622314,-8.00191402435,24.0236492157,6.28579998016,-30.3061351776,-7.19733476639,-6.19006109238,25.6515655518,61.3740272522,22.672334671,3.70307326317],[18.5627975464,54.6629447937,-30.8560161591,2.78648376465,-0.341456532478,-11.2718772888,-8.08425521851,2.00087380409,-10.2481651306,-1.04087352753,22.672334671,58.7303543091,21.9296131134],[-217.596221924,-28.2815284729,13.3865966797,-12.9160461426,-16.5789413452,-5.80355453491,-2.57665324211,-4.51338148117,-11.8796281815,-10.9214887619,3.70307326317,21.9296131134,50.4768371582]],"icov":[[0.000116221541248,-0.000170442770468,-0.000158244525664,0.0000420622563979,-0.0000608353693679,8.63395257511e-7,0.000325721135596,-0.000235548126511,-0.000222169474,0.0000816883839434,0.000109644286567,-0.000162695214385,0.000461952207843],[-0.000170442770468,0.00189274828881,0.00146555004176,-0.00192051043268,-0.000166666402947,0.000164506564033,0.000273116776953,0.00076663197251,-0.000619916012511,0.00142834894359,0.000120243064885,-0.000957232783549,0.0000625075626886],[-0.000158244525664,0.00146555004176,0.00385582470335,-0.0011339666089,0.000660747871734,0.0000143868874147,-0.000534450751729,-0.0000635994656477,0.000448627601145,0.00172674609348,-0.000598194485065,0.00144930207171,-0.00109463289846],[0.0000420622563979,-0.00192051043268,-0.0011339666089,0.00730323046446,-0.000126256942167,-0.00250432803296,-0.00149735377636,-0.00188195402734,0.00130221305881,-0.00345174060203,0.00168067577761,-0.000388344051316,0.000305710767861],[-0.0000608353693679,-0.000166666402947,0.000660747871734,-0.000126256942167,0.00912166200578,-0.00308198179118,0.00228924606927,0.000726014142856,-0.00253703258932,-0.00130229967181,-0.00158579053823,-0.000159285773407,0.00156691099983],[8.63395257511e-7,0.000164506564033,0.0000143868874147,-0.00250432803296,-0.00308198179118,0.015822565183,-0.00357358297333,-0.00322032044642,0.00433231517673,-0.00119388091844,-0.00384866842069,0.00539489462972,-0.00151234224904],[0.000325721135596,0.000273116776953,-0.000534450751729,-0.00149735377636,0.00228924606927,-0.00357358297333,0.0117966523394,-0.00212466064841,-0.00641332706437,0.00507818022743,0.00275291129947,-0.00260080071166,0.00258630258031],[-0.000235548126511,0.00076663197251,-0.0000635994656477,-0.00188195402734,0.000726014142856,-0.00322032044642,-0.00212466064841,0.0221004374325,-0.00817880500108,0.000630745373201,0.00184568041004,-0.00466530397534,0.000788335630205],[-0.000222169474,-0.000619916012511,0.000448627601145,0.00130221305881,-0.00253703258932,0.00433231517673,-0.00641332706437,-0.00817880500108,0.0252914093435,-0.0115435440093,0.00240768189542,0.00479440763593,-0.00128959165886],[0.0000816883839434,0.00142834894359,0.00172674609348,-0.00345174060203,-0.00130229967181,-0.00119388091844,0.00507818022743,0.000630745373201,-0.0115435440093,0.0304463021457,-0.011448925361,0.00179789750837,0.00349149899557],[0.000109644286567,0.000120243064885,-0.000598194485065,0.00168067577761,-0.00158579053823,-0.00384866842069,0.00275291129947,0.00184568041004,0.00240768189542,-0.011448925361,0.0284225475043,-0.0124273290858,0.00187432474922],[-0.000162695214385,-0.000957232783549,0.00144930207171,-0.000388344051316,-0.000159285773407,0.00539489462972,-0.00260080071166,-0.00466530397534,0.00479440763593,0.00179789750837,-0.0124273290858,0.0298164393753,-0.0122280251235],[0.000461952207843,0.0000625075626886,-0.00109463289846,0.000305710767861,0.00156691099983,-0.00151234224904,0.00258630258031,0.000788335630205,-0.00128959165886,0.00349149899557,0.00187432474922,-0.0122280251235,0.0283761695027]],"mean":[-642.502990723,113.895393372,-26.7730007172,36.0399169922,19.383687973,7.24706935883,-2.74812984467,6.94084215164,5.89913320541,3.9944152832,-0.98264503479,0.833434998989,-7.03992462158]},"pitch_salience":{"dmean":0.0608412995934,"dmean2":0.1010806337,"dvar":0.00297082192264,"dvar2":0.00787935685366,"max":0.90128660202,"mean":0.611749947071,"median":0.616505503654,"min":0.209841549397,"var":0.00768303824589},"silence_rate_20dB":{"dmean":0,"dmean2":0,"dvar":0,"dvar2":0,"max":1,"mean":1,"median":1,"min":1,"var":0},"silence_rate_30dB":{"dmean":0,"dmean2":0,"dvar":0,"dvar2":0,"max":1,"mean":1,"median":1,"min":1,"var":0},"silence_rate_60dB":{"dmean":0.0015325670829,"dmean2":0.00306591717526,"dvar":0.00153023470193,"dvar2":0.00305661559105,"max":1,"mean":0.0684371814132,"median":0,"min":0,"var":0.063754171133},"spectral_centroid":{"dmean":230.351791382,"dmean2":363.849304199,"dvar":84915.484375,"dvar2":158249.1875,"max":11659.1894531,"mean":2015.21069336,"median":1865.45458984,"min":347.458862305,"var":2003945.125},"spectral_complexity":{"dmean":3.84010219574,"dmean2":5.88094043732,"dvar":13.1254653931,"dvar2":26.9869117737,"max":54,"mean":26.5681819916,"median":29,"min":0,"var":123.652801514},"spectral_contrast_coeffs":{"dmean":[0.050896897912,0.0465475730598,0.0358644239604,0.0290451161563,0.0210744105279,0.0162008740008],"dmean2":[0.0855670571327,0.0774263143539,0.0596581213176,0.0473757870495,0.0339766517282,0.0258702449501],"dvar":[0.00186849175952,0.00143642956391,0.000820129003841,0.000577355269343,0.000317082740366,0.000205507036299],"dvar2":[0.00534173706546,0.00404285546392,0.00228028395213,0.00146072451025,0.000799053756054,0.000458793976577],"max":[-0.324098587036,-0.423448622227,-0.570941090584,-0.561830401421,-0.547504842281,-0.616861343384],"mean":[-0.647369325161,-0.77901750803,-0.804609358311,-0.79067915678,-0.778818249702,-0.749966025352],"median":[-0.642202317715,-0.788038253784,-0.806542038918,-0.801918268204,-0.783104538918,-0.745178937912],"min":[-0.980285525322,-0.979386329651,-0.977969288826,-0.96831703186,-0.968254268169,-0.964262068272],"var":[0.00713908579201,0.00540297757834,0.00289699947461,0.00408383691683,0.00263469410129,0.00200788024813]},"spectral_contrast_valleys":{"dmean":[0.378785699606,0.374145597219,0.319021493196,0.242814585567,0.1934825629,0.235082015395],"dmean2":[0.62597411871,0.607253968716,0.508163273335,0.377443879843,0.292615860701,0.290416091681],"dvar":[0.150758579373,0.158996000886,0.120146356523,0.0916411727667,0.0878705233335,0.107224851847],"dvar2":[0.304300457239,0.284275650978,0.203604087234,0.12649089098,0.114754192531,0.143727615476],"max":[-5.54964637756,-4.86297035217,-5.49334573746,-5.60437774658,-5.84235954285,-8.45080947876],"mean":[-7.58612394333,-7.3017039299,-7.64798259735,-7.4971241951,-7.42048597336,-10.680688858],"median":[-6.93100214005,-6.74865436554,-7.08832645416,-6.94964313507,-6.80913829803,-10.0158929825],"min":[-28.4230747223,-28.1741828918,-27.8250389099,-27.677362442,-27.4789505005,-27.3773155212],"var":[9.74284172058,9.68639945984,9.13729667664,9.23649215698,9.22088813782,7.41400051117]},"spectral_decrease":{"dmean":1.62720703578e-9,"dmean2":2.58826093891e-9,"dvar":3.83684087538e-18,"dvar2":9.36077285834e-18,"max":2.05996792776e-28,"mean":-5.62712543228e-9,"median":-5.13180387074e-9,"min":-1.95071372389e-8,"var":1.04596814749e-17},"spectral_energy":{"dmean":0.00644791312516,"dmean2":0.0101965544745,"dvar":0.000058334091591,"dvar2":0.000141017138958,"max":0.0764485001564,"mean":0.0233669672161,"median":0.0214411467314,"min":1.01907569023e-20,"var":0.000178641770617},"spectral_energyband_high":{"dmean":0.000157048401888,"dmean2":0.000222084199777,"dvar":4.27800515013e-8,"dvar2":8.47478816013e-8,"max":0.00714535918087,"mean":0.000561189488508,"median":0.000427878228948,"min":6.96805396567e-21,"var":3.51296847612e-7},"spectral_energyband_low":{"dmean":0.00385424867272,"dmean2":0.00633330177516,"dvar":0.0000343934334524,"dvar2":0.0000865559704835,"max":0.0654326379299,"mean":0.00745396921411,"median":0.00564286112785,"min":1.54194886166e-23,"var":0.0000467228455818},"spectral_energyband_middle_high":{"dmean":0.00216976040974,"dmean2":0.00323679763824,"dvar":0.00000916145108931,"dvar2":0.0000207416524063,"max":0.0508864447474,"mean":0.00820080284029,"median":0.00532331177965,"min":1.22710638383e-21,"var":0.0000554354737687},"spectral_energyband_middle_low":{"dmean":0.00363670708612,"dmean2":0.0059537421912,"dvar":0.0000274557678495,"dvar2":0.0000692232424626,"max":0.0608640536666,"mean":0.00833024829626,"median":0.00666942354292,"min":1.65005884084e-22,"var":0.0000478669498989},"spectral_entropy":{"dmean":0.0937465652823,"dmean2":0.138461962342,"dvar":0.00926722772419,"dvar2":0.0178437381983,"max":9.8234834671,"mean":7.7794547081,"median":7.75795650482,"min":6.79700279236,"var":0.146644204855},"spectral_flux":{"dmean":0.0177288986742,"dmean2":0.0272474940866,"dvar":0.00037386175245,"dvar2":0.000812455778942,"max":0.210633963346,"mean":0.0818649083376,"median":0.0818383842707,"min":6.44129818927e-11,"var":0.00145250302739},"spectral_kurtosis":{"dmean":1.57608318329,"dmean2":2.69626641273,"dvar":3.10081672668,"dvar2":9.01724720001,"max":21.156042099,"mean":5.17764568329,"median":4.77701377869,"min":-1.24906492233,"var":7.69466114044},"spectral_rms":{"dmean":0.00062353501562,"dmean2":0.000975997070782,"dvar":4.62017766267e-7,"dvar2":0.00000108160111267,"max":0.00863619707525,"mean":0.00448690354824,"median":0.00457364087924,"min":3.15312576396e-12,"var":0.00000266473421107},"spectral_rolloff":{"dmean":399.094421387,"dmean2":662.094482422,"dvar":352234.21875,"dvar2":678312.9375,"max":19573.6816406,"mean":2431.76196289,"median":2260.98632812,"min":129.19921875,"var":6860311},"spectral_skewness":{"dmean":0.184877499938,"dmean2":0.306111067533,"dvar":0.0328235067427,"dvar2":0.0869980379939,"max":2.97394657135,"mean":1.39880263805,"median":1.37084460258,"min":-0.0814671143889,"var":0.181028395891},"spectral_spread":{"dmean":351453.8125,"dmean2":484879.53125,"dvar":668403236864,"dvar2":953175310336,"max":42366700,"mean":4284473,"median":3416374.5,"min":1289613.375,"var":29036254330900},"spectral_strongpeak":{"dmean":0.580819964409,"dmean2":1.02321124077,"dvar":1.36668658257,"dvar2":3.67548012733,"max":11.2186126709,"mean":0.738397657871,"median":0.322746038437,"min":0,"var":1.66524541378},"zerocrossingrate":{"dmean":0.00818953011185,"dmean2":0.0100206192583,"dvar":0.000129330961499,"dvar2":0.000200934809982,"max":0.52685546875,"mean":0.0801478251815,"median":0.0703125,"min":0.00634765625,"var":0.00463389605284}},"metadata":{"audio_properties":{"analysis_sample_rate":44100,"bit_rate":192000,"codec":"mp3","downmix":"mix","equal_loudness":0,"length":90.9061203003,"lossless":false,"md5_encoded":"bc81218f0e236fcb7aaaf1f079de1224","replay_gain":-14.1763839722,"sample_rate":44100},"tags":{"album":["Nude With Boots"],"albumartist":["Melvins"],"albumartistsort":["Melvins"],"artist":["Melvins"],"artistsort":["Melvins"],"asin":["B00191WSWM"],"barcode":["689230010524"],"catalognumber":["IPC-105"],"date":["2008-06-20"],"file_name":"09 The Stupid Creep.mp3","genre":["Rock","Future Release","Experimental","Alternative Rock"],"label":["Ipecac Recordings"],"musicbrainz album release country":["XE"],"musicbrainz album status":["official"],"musicbrainz album type":["album"],"musicbrainz_albumartistid":["9ccfbc94-a4f4-42f7-b6f5-d903ab77cccb"],"musicbrainz_albumid":["5b3593a4-953b-4d47-bd46-a366b8e2420e"],"musicbrainz_artistid":["9ccfbc94-a4f4-42f7-b6f5-d903ab77cccb"],"musicbrainz_recordingid":["f8ed909d-9cfb-418d-a595-fdc4b5386684"],"musicip_puid":["b71b32a4-1f91-463d-b6bf-a3ae8ae025d8"],"originaldate":["2008-06-20"],"title":["The Stupid Creep"],"tracknumber":["9/11"]},"version":{"essentia":"2.1-beta2","essentia_build_sha":"70f2e5ece6736b2c40cc944ad0e695b16b925413","essentia_git_sha":"v2.1_beta2","extractor":"music 1.0"}},"rhythm":{"beats_count":241,"beats_loudness":{"dmean":0.00930986087769,"dmean2":0.0160105805844,"dvar":0.0000740181494621,"dvar2":0.000209763864405,"max":0.0619890801609,"mean":0.0254539381713,"median":0.024939937517,"min":0,"var":0.000157865040819},"beats_loudness_band_ratio":{"dmean":[0.16934530437,0.0916882902384,0.112582102418,0.0644631609321,0.110967859626,0.0427818708122],"dmean2":[0.302779883146,0.168038457632,0.210787296295,0.115788631141,0.190122783184,0.0785527378321],"dvar":[0.0219366010278,0.00748580042273,0.0127961914986,0.00407069316134,0.00916556175798,0.00267996359617],"dvar2":[0.0668887197971,0.0228203926235,0