{"lowlevel":{"average_loudness":0.876043319702,"barkbands":{"dmean":[0.0111348377541,0.0150995478034,0.00240837293677,0.00148529373109,0.00270723365247,0.00159011420328,0.0015115737915,0.00070182752097,0.000902921776287,0.000836553575937,0.00072059337981,0.000678517390043,0.000353298120899,0.000259118154645,0.000260533677647,0.000186815828783,0.000143181052408,0.000101845136669,0.0000753011699999,0.0000546866722289,0.0000504409254063,0.0000251547771768,0.0000112817533591,0.00000820277455205,0.00000367486836694,0.000011549906958,0.000185538359801],"dmean2":[0.0170711800456,0.0257429648191,0.00414405949414,0.00253536039963,0.00451263226569,0.00253987172619,0.0023677048739,0.00113934103865,0.00147332658526,0.00137198914308,0.00117147760466,0.00110378128011,0.000583969755098,0.000434014218627,0.00042996252887,0.000307469657855,0.000233372760704,0.000164272860275,0.000120174932817,0.0000837963889353,0.0000750797844375,0.0000367906468455,0.0000166316731338,0.00001179048013,0.00000594057109993,0.0000159773189807,0.000280863110675],"dvar":[0.000447852333309,0.00061357911909,0.000028518086765,0.0000059385251916,0.0000124641201182,0.00000761097999202,0.00000911231018108,0.00000173752300725,0.00000267648078989,0.00000205646324503,0.00000185487419913,0.00000154237682182,3.74704768547e-7,1.79082533691e-7,2.11682561257e-7,9.42048430375e-8,7.90281262653e-8,3.35222196668e-8,1.74798877595e-8,1.57793813571e-8,1.81069363947e-8,3.26134630413e-9,4.85094464597e-10,2.22376186909e-10,3.91069711336e-11,4.46586406744e-10,7.84794451647e-8],"dvar2":[0.000917320488952,0.00161780696362,0.0000763589414419,0.0000161303505593,0.000033959368011,0.0000188283229363,0.000021402422135,0.00000434793537352,0.00000606033108852,0.00000529550561623,0.00000445167734142,0.00000355864813173,9.49934076289e-7,4.64012970269e-7,5.46847616079e-7,2.44761054091e-7,2.01678005851e-7,8.8497650097e-8,4.15205185789e-8,3.4870733856e-8,3.55077247605e-8,6.52211440411e-9,9.81746128836e-10,4.15454920466e-10,9.73741989818e-11,7.76088582288e-10,1.72823433786e-7],"max":[0.295196682215,0.251709908247,0.0569015815854,0.0427529998124,0.057144548744,0.0680351033807,0.0931123048067,0.035612873733,0.0483959652483,0.0304602086544,0.0432788655162,0.0338352285326,0.0152004184201,0.00798607151955,0.012226767838,0.00842032581568,0.0125353001058,0.00495938118547,0.00445187883452,0.00367056741379,0.00446551013738,0.00195409194566,0.000541375367902,0.000258186162682,0.00010833608394,0.000323840096826,0.0125003829598],"mean":[0.0144998738542,0.0192522685975,0.00249229371548,0.00188116461504,0.00479887379333,0.00276764342561,0.00293792318553,0.00111389241647,0.00155088352039,0.00145289930515,0.00123889441602,0.00119318207726,0.000640495622065,0.000470766361104,0.000513448147103,0.00036006901064,0.000274468475254,0.000194468651898,0.000142053511809,0.000106782805233,0.0000916754288482,0.0000473696418339,0.0000193639316421,0.0000118375664897,0.0000040529666876,0.0000202043920581,0.000696097151376],"median":[0.00654871109873,0.0107037555426,0.000982733210549,0.000923858606257,0.00328097352758,0.00134636741132,0.00120539683849,0.00052678299835,0.000837930245325,0.000812210026197,0.00063627527561,0.000625511340331,0.000348381552612,0.000276671024039,0.000288475945126,0.000230289515457,0.000150156003656,0.0000943206614465,0.000064068044594,0.0000399411073886,0.0000315085308102,0.0000163414206327,0.00000745815304981,0.00000379966513719,0.00000176742446456,0.00000672983696859,0.00047117882059],"min":[8.78054015672e-24,1.7242770205e-23,2.0864651502e-23,2.18857420136e-23,3.46710363188e-23,4.84260442025e-23,1.35863330139e-22,5.96782867348e-23,1.08017423709e-22,1.1493596104e-22,5.30532245935e-23,1.15948896307e-22,1.65199438995e-22,8.70206853372e-23,1.50779124757e-22,1.57902071725e-22,1.38569413345e-22,2.68931341127e-22,2.30195039507e-22,4.87962143424e-22,5.57044346347e-22,7.98291440731e-22,9.06313988881e-22,9.06724247039e-22,1.21287942255e-21,1.70041293051e-21,2.11154209174e-21],"var":[0.000612150295638,0.000702862103935,0.0000244587790803,0.00000790276862972,0.0000252218378591,0.000017862441382,0.0000293459070235,0.00000332166246153,0.00000621127264822,0.00000437463131675,0.00000481701454191,0.00000375775880457,8.07918581813e-7,3.74388520186e-7,5.04790421019e-7,2.00885821755e-7,1.62639707924e-7,7.30743181521e-8,4.65531648786e-8,4.50646950867e-8,4.84404516499e-8,8.92723761581e-9,1.03931663276e-9,4.46875009219e-10,4.35214989047e-11,1.12612053016e-9,7.03375519606e-7]},"barkbands_crest":{"dmean":2.89454078674,"dmean2":4.81105709076,"dvar":5.88455104828,"dvar2":15.2159385681,"max":25.0599651337,"mean":10.4304151535,"median":9.78822994232,"min":2.68449926376,"var":15.131193161},"barkbands_flatness_db":{"dmean":0.0288337413222,"dmean2":0.0456752926111,"dvar":0.000649822759442,"dvar2":0.00161344208755,"max":0.386688023806,"mean":0.15671312809,"median":0.150231823325,"min":0.0315435044467,"var":0.00245700427331},"barkbands_kurtosis":{"dmean":5.39501905441,"dmean2":8.86640453339,"dvar":95.3879241943,"dvar2":238.115982056,"max":166.613693237,"mean":8.83096122742,"median":5.7592716217,"min":-1.75853145123,"var":124.670684814},"barkbands_skewness":{"dmean":0.690837085247,"dmean2":1.10710155964,"dvar":0.597036719322,"dvar2":1.39912843704,"max":10.4702310562,"mean":2.25997757912,"median":2.02166438103,"min":-2.03301906586,"var":1.37068462372},"barkbands_spread":{"dmean":5.40696239471,"dmean2":8.50727081299,"dvar":33.359413147,"dvar2":75.1941375732,"max":116.754501343,"mean":19.8535575867,"median":18.0200786591,"min":1.19883453846,"var":140.408798218},"dissonance":{"dmean":0.0202097576112,"dmean2":0.0344780832529,"dvar":0.000345919310348,"dvar2":0.0009696027264,"max":0.500000119209,"mean":0.467361629009,"median":0.472563326359,"min":0.312880188227,"var":0.000569095311221},"dynamic_complexity":3.93106842041,"erbbands":{"dmean":[0.904312312603,1.89444220066,2.86738491058,3.58425951004,7.44572877884,10.2732143402,8.58378410339,15.2712039948,21.273059845,21.2775630951,12.5021886826,23.0178833008,21.5040912628,26.7327957153,25.7482204437,28.2054462433,17.0131072998,12.2121353149,12.2473020554,12.4746704102,8.93307685852,7.40558052063,5.51547527313,4.37732219696,3.43369102478,2.42053294182,2.24802803993,1.75655639172,0.982256174088,0.572773754597,0.280637830496,0.194093778729,0.121028408408,0.0456542111933,0.025293122977,0.0270108357072,0.0253807585686,0.0212818980217,0.0138590997085,0.0046007395722],"dmean2":[1.55359399319,3.1819756031,4.87552595139,6.12071418762,12.6036605835,17.3488941193,14.3782968521,24.4739322662,33.0289154053,34.2908935547,20.2774391174,37.6455421448,34.9213485718,43.8337059021,41.9220428467,46.2532615662,28.0791664124,20.3278045654,20.2669429779,20.5775985718,14.5433492661,11.9494228363,8.89919281006,6.96973752975,5.39410877228,3.71133470535,3.36904120445,2.62932491302,1.43220210075,0.845880568027,0.409163475037,0.278907179832,0.176735818386,0.0723733454943,0.0409132428467,0.0393389239907,0.0349558666348,0.0292884428054,0.0192492865026,0.00694485381246],"dvar":[2.42048192024,10.0927314758,38.6771392822,38.6267433167,111.858917236,222.144546509,207.271987915,728.637878418,1642.7689209,1900.10461426,480.856170654,1989.10217285,1929.80371094,2060.88623047,2355.53149414,2982.52880859,894.417724609,380.836730957,428.801300049,596.843261719,218.732284546,218.900878906,95.4475708008,59.7643127441,39.9181213379,31.668422699,39.3067817688,19.9647064209,5.53651237488,1.59292292595,0.269840985537,0.114731915295,0.051879927516,0.00551976589486,0.00191879691556,0.00224937405437,0.00236690766178,0.00157261977438,0.00079004955478,0.0000375034069293],"dvar2":[6.4891462326,25.551651001,101.571670532,104.312713623,309.335205078,631.43157959,529.905761719,1819.8927002,3841.38232422,4555.56347656,1225.10302734,4541.71630859,4825.35986328,5103.63818359,5675.10644531,6937.03710938,2290.27514648,997.294921875,1112.04455566,1496.30126953,570.247070312,545.979675293,244.955612183,145.807983398,87.8135299683,69.7770843506,77.5173339844,41.0153388977,10.9787168503,3.41752743721,0.535577833652,0.219174161553,0.0998233631253,0.0132544832304,0.0047879316844,0.00440078321844,0.00409206189215,0.00299014966004,0.00167151156347,0.0000836898543639],"max":[15.9843444824,56.2716941833,66.9144363403,91.4078674316,171.516647339,273.412506104,368.513183594,682.932983398,804.783935547,1192.70007324,465.635559082,1425.34460449,1053.52905273,1323.60888672,1356.52612305,1389.28173828,608.584228516,372.252593994,683.766113281,974.191833496,314.500549316,677.029785156,272.362945557,201.743591309,308.133850098,162.043685913,229.940979004,128.075775146,84.1798934937,33.9497299194,14.2329320908,4.93287181854,4.36236906052,1.244607687,0.761786341667,0.626140236855,0.721407473087,0.826379418373,1.01835763454,0.254773646593],"mean":[1.07490229607,2.42710542679,3.16066908836,4.88016986847,11.7047920227,16.1817188263,13.4103527069,26.7596759796,42.2068710327,38.2019233704,23.0254840851,39.0261116028,38.1648979187,50.4857368469,50.3506507874,50.666847229,32.8969497681,24.7780513763,25.7557373047,25.2827548981,18.7855854034,15.1936779022,11.1548032761,8.49861526489,6.58881759644,4.85900974274,4.19493150711,3.1505086422,1.84333670139,0.999208688736,0.489114254713,0.301440477371,0.162094533443,0.0534844473004,0.0279324650764,0.0365434326231,0.0447549596429,0.0472871921957,0.0392121635377,0.0247577689588],"median":[0.569845557213,1.24481940269,1.38304376602,2.64095497131,7.22721004486,9.96563053131,8.02314758301,12.4928598404,16.5250434875,16.0065155029,12.8602724075,20.701385498,19.3787193298,31.6422786713,27.6561756134,25.7373142242,18.8030757904,15.2577638626,15.1300735474,15.1940040588,12.1272296906,8.60197353363,5.88426303864,3.91137933731,2.96190881729,1.89476919174,1.43266761303,1.08736979961,0.637022197247,0.355754166842,0.191623955965,0.104105167091,0.0493940711021,0.0226898249239,0.0123916491866,0.0128241376951,0.0136864921078,0.0143030118197,0.0132578434423,0.0205906629562],"min":[5.93481591745e-22,3.96694051744e-21,1.48704779035e-20,7.90698264001e-20,9.71332150056e-20,1.14981749909e-19,1.93296341023e-19,4.65750557945e-19,2.33927070141e-18,8.03624680057e-19,1.89300738132e-18,2.82090074897e-18,1.95426072607e-18,3.42336306567e-18,2.73743429606e-18,6.46584296007e-18,6.74780442906e-18,5.22236922859e-18,5.33890946432e-18,8.39770797784e-18,9.56385231617e-18,9.60850600718e-18,1.20778229426e-17,1.54636204279e-17,1.68833998487e-17,1.77164716416e-17,2.32909807559e-17,2.11171931195e-17,2.42157488284e-17,2.92642703349e-17,2.50847103337e-17,2.35832584079e-17,1.37986919705e-17,1.26372385734e-17,8.97669387478e-18,5.53217566495e-18,3.04718841324e-18,1.3440533105e-18,3.50537249163e-19,2.80593105463e-20],"var":[2.46578741074,13.5682497025,34.8744850159,47.1649589539,197.115036011,379.31842041,330.094909668,1759.61437988,5366.67871094,5481.94726562,1022.92163086,4374.21533203,3811.50292969,4581.79003906,6173.84863281,7206.51464844,1948.41223145,898.628234863,1146.95385742,1242.96044922,515.765625,484.706787109,225.711257935,149.061309814,114.35357666,92.0629882812,108.702285767,49.2043800354,14.9138498306,3.39078593254,0.620908141136,0.251918703318,0.0934710353613,0.00691312970594,0.00211082096212,0.00409175129607,0.00602970691398,0.00576443597674,0.00551101751626,0.000444759149104]},"erbbands_crest":{"dmean":2.46019363403,"dmean2":4.05065250397,"dvar":5.12853240967,"dvar2":13.2231340408,"max":27.1300907135,"mean":8.39817428589,"median":7.53826522827,"min":2.38125371933,"var":13.5355958939},"erbbands_flatness_db":{"dmean":0.0219898726791,"dmean2":0.0328062325716,"dvar":0.000366027146811,"dvar2":0.000841328117531,"max":0.296670258045,"mean":0.152119487524,"median":0.147904470563,"min":0.0398166589439,"var":0.00182371004485},"erbbands_kurtosis":{"dmean":0.789064109325,"dmean2":1.29163861275,"dvar":0.753347456455,"dvar2":1.94040477276,"max":16.3852920532,"mean":0.522279858589,"median":0.180375814438,"min":-1.59596967697,"var":2.03206706047},"erbbands_skewness":{"dmean":0.312430411577,"dmean2":0.497474104166,"dvar":0.0680752247572,"dvar2":0.169081896544,"max":3.88555026054,"mean":0.230070769787,"median":0.208216562867,"min":-2.47127890587,"var":0.333121955395},"erbbands_spread":{"dmean":5.38930654526,"dmean2":8.24658679962,"dvar":26.7203884125,"dvar2":57.8688430786,"max":94.8499145508,"mean":25.9549160004,"median":23.5779819489,"min":4.54202127457,"var":121.212837219},"gfcc":{"cov":[[13371.7998047,-1688.47119141,-1184.76745605,693.321411133,947.68371582,-556.188049316,520.979858398,101.279525757,557.220947266,507.47454834,284.580780029,-3.79508829117,-8.23251724243],[-1688.47119141,858.581420898,82.3256530762,-335.155609131,-8.03280639648,53.9714317322,-86.0449447632,-68.3291320801,-22.3519992828,-74.0121994019,13.3940248489,-47.9764823914,57.3103218079],[-1184.76745605,82.3256530762,325.43182373,43.3403167725,-138.272979736,119.666023254,-75.0990524292,53.9561920166,-77.8832778931,-35.4183311462,-32.7809829712,9.06417560577,2.33712077141],[693.321411133,-335.155609131,43.3403167725,362.209594727,45.6390571594,-70.1376495361,88.3478240967,32.2086830139,8.45960998535,22.607881546,-13.8131494522,35.3168945312,-40.7486572266],[947.68371582,-8.03280639648,-138.272979736,45.6390571594,242.767471313,-51.1953468323,91.6458740234,-24.3477191925,73.5195236206,26.2394351959,41.8339576721,-15.7923221588,19.1470775604],[-556.188049316,53.9714317322,119.666023254,-70.1376495361,-51.1953468323,202.308929443,-47.3624763489,37.8657073975,-48.3685913086,-1.1351556778,-9.06854724884,-2.17604494095,15.1681261063],[520.979858398,-86.0449447632,-75.0990524292,88.3478240967,91.6458740234,-47.3624763489,176.607299805,-5.08043050766,57.0177650452,3.35304713249,7.62787055969,9.64623069763,-7.77078962326],[101.279525757,-68.3291320801,53.9561920166,32.2086830139,-24.3477191925,37.8657073975,-5.08043050766,116.299552917,14.8590564728,26.6998577118,9.02993774414,2.43681526184,14.4724559784],[557.220947266,-22.3519992828,-77.8832778931,8.45960998535,73.5195236206,-48.3685913086,57.0177650452,14.8590564728,114.046409607,51.9302787781,29.8452968597,6.73282575607,2.71357393265],[507.47454834,-74.0121994019,-35.4183311462,22.607881546,26.2394351959,-1.1351556778,3.35304713249,26.6998577118,51.9302787781,89.0493545532,45.7483215332,3.87021756172,5.2610206604],[284.580780029,13.3940248489,-32.7809829712,-13.8131494522,41.8339576721,-9.06854724884,7.62787055969,9.02993774414,29.8452968597,45.7483215332,62.5184249878,16.0872058868,14.6626081467],[-3.79508829117,-47.9764823914,9.06417560577,35.3168945312,-15.7923221588,-2.17604494095,9.64623069763,2.43681526184,6.73282575607,3.87021756172,16.0872058868,59.1022720337,6.96944093704],[-8.23251724243,57.3103218079,2.33712077141,-40.7486572266,19.1470775604,15.1681261063,-7.77078962326,14.4724559784,2.71357393265,5.2610206604,14.6626081467,6.96944093704,59.0972595215]],"icov":[[0.000222652990487,0.000309054419631,0.000456955080153,-0.00014103842841,-0.000422555342084,0.000112767120299,0.0000452127678727,-0.000158771537826,-0.000148868290125,-0.000435910536908,-0.00019929028349,0.000289611547487,-0.000170290950336],[0.000309054419631,0.00312206381932,-0.00121201528236,0.00195953296497,-0.00104116287548,0.00062319386052,0.000258571119048,0.00123304023873,-0.00155691441614,0.00207810639404,-0.00271294964477,0.00216230144724,-0.0013715318637],[0.000456955080153,-0.00121201528236,0.00932485517114,-0.00549000361934,0.00357494875789,-0.00441482430324,0.00198403769173,-0.00176852440927,-0.00140701804776,0.00320977228694,-0.00299641513266,0.00244070240296,-0.00201189005747],[-0.00014103842841,0.00195953296497,-0.00549000361934,0.01014478039,-0.00550793949515,0.00537582160905,-0.0033021082636,-0.00218731747009,0.00592080177739,-0.00743614928797,0.00807015784085,-0.00726200081408,0.00504266703501],[-0.000422555342084,-0.00104116287548,0.00357494875789,-0.00550793949515,0.0126725109294,-0.00417578499764,-0.000743734301068,0.00378880673088,-0.00704280566424,0.00920508988202,-0.0110439117998,0.00896506384015,-0.00586130237207],[0.000112767120299,0.00062319386052,-0.00441482430324,0.00537582160905,-0.00417578499764,0.0103568658233,-0.00169773434754,-0.00313276122324,0.00667207920924,-0.00811843667179,0.00669657671824,-0.00461745262146,0.00183074676897],[0.0000452127678727,0.000258571119048,0.00198403769173,-0.0033021082636,-0.000743734301068,-0.00169773434754,0.0099526271224,0.000540553301107,-0.00597662013024,0.0061559677124,-0.00281316041946,0.00107014761306,-0.00044858752517],[-0.000158771537826,0.00123304023873,-0.00176852440927,-0.00218731747009,0.00378880673088,-0.00313276122324,0.000540553301107,0.0138705018908,-0.00591431790963,0.00265931640752,-0.00517874350771,0.00538980681449,-0.00572121329606],[-0.000148868290125,-0.00155691441614,-0.00140701804776,0.00592080177739,-0.00704280566424,0.00667207920924,-0.00597662013024,-0.00591431790963,0.0248604100198,-0.0190566200763,0.0123397735879,-0.0106163499877,0.00560442404822],[-0.000435910536908,0.00207810639404,0.00320977228694,-0.00743614928797,0.00920508988202,-0.00811843667179,0.0061559677124,0.00265931640752,-0.0190566200763,0.0412942431867,-0.0307131577283,0.0150763215497,-0.00502961361781],[-0.00019929028349,-0.00271294964477,-0.00299641513266,0.00807015784085,-0.0110439117998,0.00669657671824,-0.00281316041946,-0.00517874350771,0.0123397735879,-0.0307131577283,0.0484172403812,-0.021625040099,0.00374894333072],[0.000289611547487,0.00216230144724,0.00244070240296,-0.00726200081408,0.00896506384015,-0.00461745262146,0.00107014761306,0.00538980681449,-0.0106163499877,0.0150763215497,-0.021625040099,0.0316907204688,-0.00928569585085],[-0.000170290950336,-0.0013715318637,-0.00201189005747,0.00504266703501,-0.00586130237207,0.00183074676897,-0.00044858752517,-0.00572121329606,0.00560442404822,-0.00502961361781,0.00374894333072,-0.00928569585085,0.024910742417]],"mean":[-3.82064723969,113.637130737,-84.7369766235,-11.1389694214,-16.1014709473,-11.5131511688,-2.12976956367,-14.160159111,-1.8765450716,-8.96230220795,-3.16725587845,1.75608754158,-0.70181697607]},"hfc":{"dmean":47.1452789307,"dmean2":75.4393234253,"dvar":2668.73364258,"dvar2":6705.64355469,"max":909.698791504,"mean":217.417739868,"median":212.258407593,"min":1.15967002876e-16,"var":18044.0449219},"melbands":{"dmean":[0.00615136744455,0.00167923921254,0.00068054854637,0.000613077834714,0.000344879896147,0.000344205152942,0.000317868543789,0.000215390566154,0.000107397310785,0.000144246412674,0.000109355263703,0.000111900291813,0.0000966173392953,0.0000795088490122,0.0000506542892253,0.0000339070829796,0.0000253653979598,0.0000210090693145,0.0000187986333913,0.0000159568826348,0.0000106289780888,0.00000866802747623,0.00000632358023722,0.00000471455223305,0.00000374982050744,0.00000293106290883,0.00000235766924561,0.00000155886539233,0.0000015008237142,0.00000137619565521,9.91722004073e-7,6.36852519165e-7,3.94513392621e-7,3.01129119862e-7,1.71649389813e-7,1.30558433398e-7,1.20047275232e-7,9.69130766748e-8,5.56580133093e-8,3.34626655274e-8],"dmean2":[0.0102806063369,0.00281403353438,0.00115578598343,0.00102479301859,0.000577118946239,0.000545913469978,0.000493339146487,0.000346984190401,0.000174909058842,0.000235234430875,0.00017810461577,0.000183743148227,0.000156821872224,0.000128624873469,0.0000832785081002,0.0000562228779017,0.0000425965627073,0.0000350470181729,0.0000312027805194,0.0000263866495516,0.0000173994267243,0.0000141535874718,0.0000103474912976,0.0000076701890066,0.00000607553010923,0.00000474767693959,0.00000370125781046,0.00000245219143835,0.00000227797499974,0.00000210699363379,0.00000150971084167,9.54760139393e-7,5.8587716012e-7,4.54040645081e-7,2.55654157399e-7,1.93452677877e-7,1.74492825522e-7,1.41730168934e-7,8.51605648222e-8,5.42034861439e-8],"dvar":[0.000107572413981,0.00000989283580566,0.00000118498053325,6.50631989174e-7,2.89912946982e-7,3.63457473895e-7,3.74158844352e-7,1.8258521095e-7,3.27010241108e-8,8.02080037943e-8,4.88205458282e-8,3.64197596525e-8,3.52900677569e-8,1.99282013114e-8,1.06332427308e-8,3.78336029172e-9,1.82736925591e-9,1.26621579888e-9,1.21850107782e-9,8.12844735965e-10,3.28789218074e-10,2.89409746168e-10,1.6030915484e-10,6.93925333861e-11,4.53349996432e-11,2.78428512884e-11,2.5462217404e-11,1.49633135743e-11,1.87184035633e-11,1.36394871092e-11,6.6551824815e-12,2.57517206344e-12,7.00690644829e-13,4.57134167759e-13,1.10676909532e-13,5.06541457271e-14,5.01879015235e-14,3.76126199956e-14,8.81166765666e-15,3.32028190884e-15],"dvar2":[0.000275907746982,0.0000251935834967,0.00000321237484968,0.00000178511527338,7.56969825488e-7,8.99432052393e-7,8.75099487985e-7,4.40395240275e-7,8.33742035411e-8,1.79332303674e-7,1.22717992213e-7,9.04871129137e-8,8.47157863859e-8,4.69240042378e-8,2.37040485018e-8,9.69209601465e-9,4.80007544823e-9,3.32046190543e-9,3.12118286772e-9,2.06192019014e-9,8.67778848779e-10,7.31922966679e-10,4.13427264645e-10,1.7970958055e-10,1.12525599949e-10,6.7266060777e-11,5.72725547543e-11,3.49208995054e-11,3.88887706759e-11,2.91717101863e-11,1.4716573446e-11,5.39621559242e-12,1.48367093351e-12,1.0136830611e-12,2.29521290212e-13,1.05866297716e-13,9.89860794785e-14,7.38313964545e-14,1.88044533016e-14,8.28304201758e-15],"max":[0.111020982265,0.0433950535953,0.0170148480684,0.0131936576217,0.00997616071254,0.0152720287442,0.0146687217057,0.010513311252,0.00476648611948,0.00952428299934,0.00529494136572,0.00498094875365,0.00644084624946,0.00501159206033,0.00284503214061,0.00130357185844,0.000838442763779,0.00100262451451,0.00087798415916,0.00108770804945,0.000383583595976,0.000695273454767,0.000555110222194,0.000161278891028,0.000178819362191,0.000193726969883,0.000222848539124,0.000106372237497,0.000177433146746,0.000125961465528,0.0000788598044892,0.0000616015822743,0.0000205145242944,0.0000155553843797,0.0000101904752228,0.00000368596647604,0.0000037988997974,0.00000390229570257,0.00000146164359194,9.99980102279e-7],"mean":[0.00819387380034,0.00211552507244,0.00103098864201,0.00104785873555,0.000546484836377,0.000623436353635,0.000638554396573,0.000378087512217,0.000187872137758,0.000242599038756,0.000186127639608,0.000202608920517,0.000172924206709,0.000144651930896,0.0000925934509723,0.0000608237605775,0.0000451798805443,0.0000409754793509,0.0000364597253792,0.0000302368316625,0.0000202376504603,0.0000162617725437,0.0000119894275485,0.00000871065458341,0.00000670156214255,0.00000507804588779,0.00000423122446591,0.00000294617370855,0.00000265944754574,0.00000227665623243,0.00000168450446836,0.00000113089947718,6.94481798291e-7,4.86514409204e-7,2.89124955088e-7,2.08131780255e-7,1.75295028271e-7,1.27804923977e-7,6.77954474781e-8,3.63042111928e-8],"median":[0.00479451287538,0.00109080295078,0.000628517591394,0.000709867570549,0.000323880318319,0.000287581147859,0.000257319188677,0.00015872597578,0.00010586665303,0.000125099468278,0.0000907555076992,0.000122616766021,0.000091749119747,0.0000749999016989,0.0000481586321257,0.0000332503077516,0.0000257757365034,0.0000234532562899,0.000020737246814,0.0000182017301995,0.0000121824350572,0.00000878093669598,0.00000625615075478,0.00000412179451814,0.00000291275478048,0.0000022539118163,0.00000171588123976,0.00000107139226202,9.03818374809e-7,7.03855164375e-7,5.81435017466e-7,3.74967271455e-7,2.46935655923e-7,1.6868119701e-7,1.11877767495e-7,7.91894265717e-8,5.451100904e-8,3.55215057368e-8,2.36938060283e-8,1.53980597162e-8],"min":[6.36557975719e-24,7.17204961554e-24,1.29791726498e-23,7.07483355302e-24,6.14214437211e-24,1.33568713626e-23,3.15627855127e-23,8.09720596366e-24,1.86087996138e-23,1.50694946987e-23,1.02602941202e-23,1.47985099337e-23,7.79734494522e-24,1.292876996e-23,1.64348314877e-23,1.50810026016e-23,8.68428019363e-24,8.03028610421e-24,1.22626905215e-23,8.42257558832e-24,1.17361700435e-23,1.01404519492e-23,6.04937630181e-24,1.60314553524e-23,1.24546156466e-23,8.08237932294e-24,2.02364547419e-23,9.02704183467e-24,1.48247427143e-23,1.23418882121e-23,1.24526979257e-23,1.18466271363e-23,1.95301891511e-23,1.44886643028e-23,1.37856914175e-23,1.59717559368e-23,1.36677614454e-23,9.22627733375e-24,9.57689445168e-24,1.12746114721e-23],"var":[0.000124653583043,0.0000111135204861,0.0000016484182197,0.0000012304089978,5.14158443821e-7,9.65366666605e-7,0.00000122724259199,5.04328909301e-7,6.94129909107e-8,1.78134854423e-7,9.52910426122e-8,7.85759510791e-8,9.25891043835e-8,5.58305082166e-8,2.1599612765e-8,7.81152120766e-9,3.61061780474e-9,3.04387470784e-9,2.59851029583e-9,1.68581681947e-9,6.78571976387e-10,5.94822524569e-10,3.30650895553e-10,1.47028805797e-10,1.00611234621e-10,6.61260837753e-11,6.2853063032e-11,3.77227311887e-11,4.61472110524e-11,3.13261985796e-11,1.43642563122e-11,6.16472888362e-12,1.72363653298e-12,8.25687879614e-13,2.32723562643e-13,1.08433288661e-13,9.92467216808e-14,6.51139502018e-14,1.357602385e-14,3.64261775582e-15]},"melbands_crest":{"dmean":5.39696979523,"dmean2":9.05743122101,"dvar":21.4839420319,"dvar2":54.0343894958,"max":38.2148780823,"mean":18.0882415771,"median":16.8815002441,"min":2.19078350067,"var":52.9002456665},"melbands_flatness_db":{"dmean":0.0355675332248,"dmean2":0.0569092854857,"dvar":0.000925806583837,"dvar2":0.0023605148308,"max":0.530120790005,"mean":0.270628154278,"median":0.265330404043,"min":0.0047806436196,"var":0.00357075990178},"melbands_kurtosis":{"dmean":7.40955448151,"dmean2":12.2614326477,"dvar":223.691375732,"dvar2":581.46875,"max":275.50177002,"mean":10.4828529358,"median":5.84633159637,"min":-1.59180450439,"var":267.544769287},"melbands_skewness":{"dmean":0.851811468601,"dmean2":1.36774516106,"dvar":0.952767729759,"dvar2":2.31970953941,"max":14.9934415817,"mean":2.45982336998,"median":2.13910770416,"min":-0.643729388714,"var":2.13785648346},"melbands_spread":{"dmean":4.44502210617,"dmean2":7.21267557144,"dvar":22.7190227509,"dvar2":52.9955329895,"max":141.899078369,"mean":14.6019763947,"median":13.6010532379,"min":0.72494328022,"var":66.348526001},"mfcc":{"cov":[[11305.5019531,-672.610900879,-1840.88452148,1037.55615234,-36.0766792297,284.643676758,-171.110366821,73.1981658936,62.4983520508,426.96673584,308.639862061,387.371154785,81.1491928101],[-672.610900879,1024.75695801,-95.7834243774,-308.188018799,76.6700820923,-6.9273815155,-14.6927146912,-73.1726455688,0.868987381458,-51.7391242981,20.0069732666,-32.1692810059,38.6724967957],[-1840.88452148,-95.7834243774,628.613586426,-159.634643555,17.335609436,-70.3830947876,50.0598373413,10.6422386169,-3.39679074287,-66.7155380249,-54.8153305054,-54.0056686401,-21.5948982239],[1037.55615234,-308.188018799,-159.634643555,449.295196533,-44.7462501526,29.5247344971,-11.0949630737,55.6360931396,5.44179868698,53.7128639221,19.0897064209,30.7482414246,-7.88922977448],[-36.0766792297,76.6700820923,17.335609436,-44.7462501526,125.021446228,6.04679584503,12.4671936035,-14.3792381287,6.4563574791,-6.46728849411,10.6643333435,2.4499912262,9.93864822388],[284.643676758,-6.9273815155,-70.3830947876,29.5247344971,6.04679584503,115.359390259,23.7574977875,12.3815965652,-1.68099141121,18.0918121338,0.76300495863,6.88227748871,5.04343938828],[-171.110366821,-14.6927146912,50.0598373413,-11.0949630737,12.4671936035,23.7574977875,89.6192092896,27.6383285522,11.2584104538,-3.40068292618,-4.77744626999,-15.7782430649,0.703220129013],[73.1981658936,-73.1726455688,10.6422386169,55.6360931396,-14.3792381287,12.3815965652,27.6383285522,81.4981307983,25.5625305176,10.7873830795,-4.70652532578,-2.11455178261,-8.83259105682],[62.4983520508,0.868987381458,-3.39679074287,5.44179868698,6.4563574791,-1.68099141121,11.2584104538,25.5625305176,61.2447547913,27.0473022461,9.5401468277,1.43377149105,1.79383122921],[426.96673584,-51.7391242981,-66.7155380249,53.7128639221,-6.46728849411,18.0918121338,-3.40068292618,10.7873830795,27.0473022461,74.2267456055,38.5030288696,21.3332386017,1.00554049015],[308.639862061,20.0069732666,-54.8153305054,19.0897064209,10.6643333435,0.76300495863,-4.77744626999,-4.70652532578,9.5401468277,38.5030288696,64.1976242065,29.8991603851,8.2309627533],[387.371154785,-32.1692810059,-54.0056686401,30.7482414246,2.4499912262,6.88227748871,-15.7782430649,-2.11455178261,1.43377149105,21.3332386017,29.8991603851,66.7612304688,23.5939540863],[81.1491928101,38.6724967957,-21.5948982239,-7.88922977448,9.93864822388,5.04343938828,0.703220129013,-8.83259105682,1.79383122921,1.00554049015,8.2309627533,23.5939540863,48.1033172607]],"icov":[[0.000257242209045,0.000134765723487,0.000604188477155,-0.000180703136721,-0.000179946116987,-0.000101871199149,0.0000851403092383,-0.000082082238805,0.0000544141403225,-0.000460446346551,-0.000116736628115,-0.000650132249575,0.0000772882340243],[0.000134765723487,0.0016562063247,0.000872088596225,0.000903891341295,-0.000469855236588,-0.000250714365393,0.000466251425678,0.000279491592664,-0.000647119130008,0.0012538433075,-0.00162763986737,0.00122506520711,-0.00117568194401],[0.000604188477155,0.000872088596225,0.0038115400821,0.000509739620611,-0.000773497391492,0.00107842346188,-0.000905643450096,-0.000569284602534,0.0000295211866614,-0.0000246434155997,0.000266078510322,-0.000795937492512,0.000374074908905],[-0.000180703136721,0.000903891341295,0.000509739620611,0.00376450642943,0.00034609134309,0.0000261419354501,0.000509197183419,-0.00200578407384,0.000877733924426,-0.00060464796843,-0.000276511738775,0.000606794143096,-0.000295989739243],[-0.000179946116987,-0.000469855236588,-0.000773497391492,0.00034609134309,0.00937178917229,-0.000951085996348,-0.00135799730197,0.00202018767595,-0.0021937135607,0.00246017612517,-0.00235097669065,0.0000768808677094,-0.00066003203392],[-0.000101871199149,-0.000250714365393,0.00107842346188,0.0000261419354501,-0.000951085996348,0.011292106472,-0.00386381009594,-0.00113128533121,0.00309927505441,-0.00427676551044,0.00374532071874,-0.00095719716046,-0.000474376080092],[0.0000851403092383,0.000466251425678,-0.000905643450096,0.000509197183419,-0.00135799730197,-0.00386381009594,0.0156446117908,-0.00507748033851,-0.00116862647701,0.00160114560276,-0.00299280858599,0.00469710817561,-0.00309851812199],[-0.000082082238805,0.000279491592664,-0.000569284602534,-0.00200578407384,0.00202018767595,-0.00113128533121,-0.00507748033851,0.0190404690802,-0.00804879143834,0.00153873593081,0.00179321330506,-0.00182369560935,0.00345649057999],[0.0000544141403225,-0.000647119130008,0.0000295211866614,0.000877733924426,-0.0021937135607,0.00309927505441,-0.00116862647701,-0.00804879143834,0.025028122589,-0.0119713107124,0.00255505181849,0.00124041794334,-0.0024755387567],[-0.000460446346551,0.0012538433075,-0.0000246434155997,-0.00060464796843,0.00246017612517,-0.00427676551044,0.00160114560276,0.00153873593081,-0.0119713107124,0.0305377244949,-0.0154145918787,0.00108927499969,0.00176913558971],[-0.000116736628115,-0.00162763986737,0.000266078510322,-0.000276511738775,-0.00235097669065,0.00374532071874,-0.00299280858599,0.00179321330506,0.00255505181849,-0.0154145918787,0.0305968523026,-0.0102819595486,0.00208029779606],[-0.000650132249575,0.00122506520711,-0.000795937492512,0.000606794143096,0.0000768808677094,-0.00095719716046,0.00469710817561,-0.00182369560935,0.00124041794334,0.00108927499969,-0.0102819595486,0.0282622687519,-0.0126368813217],[0.0000772882340243,-0.00117568194401,0.000374074908905,-0.000295989739243,-0.00066003203392,-0.000474376080092,-0.00309851812199,0.00345649057999,-0.0024755387567,0.00176913558971,0.00208029779606,-0.0126368813217,0.0284864250571]],"mean":[-668.936401367,177.026290894,-8.69575405121,20.4040241241,0.928344011307,13.8788423538,1.92418336868,8.62284946442,2.7331829071,0.534308969975,-2.08993411064,2.45600795746,2.86509895325]},"pitch_salience":{"dmean":0.0887981206179,"dmean2":0.145668208599,"dvar":0.00626055710018,"dvar2":0.0153455222026,"max":0.994353830814,"mean":0.52950412035,"median":0.547518193722,"min":0.0579241737723,"var":0.0161673724651},"silence_rate_20dB":{"dmean":0,"dmean2":0,"dvar":0,"dvar2":0,"max":1,"mean":1,"median":1,"min":1,"var":0},"silence_rate_30dB":{"dmean":0.120014116168,"dmean2":0.240049421787,"dvar":0.105611070991,"dvar2":0.212251752615,"max":1,"mean":0.828377306461,"median":1,"min":0,"var":0.142163425684},"silence_rate_60dB":{"dmean":0.00282386154868,"dmean2":0.00564822182059,"dvar":0.00281556486152,"dvar2":0.0070287771523,"max":1,"mean":0.108709082007,"median":0,"min":0,"var":0.0969112366438},"spectral_centroid":{"dmean":155.272827148,"dmean2":239.879364014,"dvar":36983.7929688,"dvar2":69440.6484375,"max":10909.5224609,"mean":879.289428711,"median":803.99395752,"min":220.610595703,"var":186267.625},"spectral_complexity":{"dmean":3.21814322472,"dmean2":5.02232789993,"dvar":10.4366426468,"dvar2":22.0393753052,"max":56,"mean":21.2022418976,"median":22,"min":0,"var":102.356185913},"spectral_contrast_coeffs":{"dmean":[0.0560536496341,0.0476019121706,0.0365979745984,0.0265889763832,0.0227934718132,0.0345922224224],"dmean2":[0.0942335054278,0.0793123021722,0.0617464780807,0.0446230135858,0.0376036465168,0.053607866168],"dvar":[0.00187835795805,0.00140855857171,0.000813091231976,0.000424074474722,0.00038605282316,0.00104804174043],"dvar2":[0.00520794698969,0.00392316700891,0.00228407070972,0.00117350951768,0.00101853115484,0.00243426160887],"max":[-0.420939773321,-0.449153065681,-0.592687249184,-0.650936603546,-0.684454381466,-0.444705545902],"mean":[-0.689698636532,-0.760897278786,-0.794854581356,-0.818908691406,-0.822338283062,-0.765531182289],"median":[-0.692740797997,-0.767606794834,-0.798920989037,-0.819889485836,-0.816895604134,-0.76698410511],"min":[-0.959553420544,-0.986527204514,-0.989188849926,-0.9723995924,-0.970329403877,-0.967428207397],"var":[0.00524881016463,0.00452448427677,0.00215215538628,0.00154422502965,0.00175491103437,0.00496524991468]},"spectral_contrast_valleys":{"dmean":[0.381951063871,0.323302805424,0.267540246248,0.255764096975,0.343653678894,0.575006961823],"dmean2":[0.632621228695,0.538024306297,0.447191625834,0.413568139076,0.517964303493,0.888794243336],"dvar":[0.106964200735,0.0786276161671,0.0562353879213,0.0668292865157,0.136302128434,0.235782042146],"dvar2":[0.246573001146,0.185692369938,0.125451549888,0.139106631279,0.296079933643,0.590293228626],"max":[-4.85417366028,-4.53807735443,-5.0870256424,-5.7081618309,-5.57082653046,-8.71588897705],"mean":[-6.60649204254,-6.32136917114,-6.64379310608,-7.34564304352,-7.89429855347,-11.0291557312],"median":[-6.34044361115,-6.11852788925,-6.39530801773,-6.98676538467,-7.51738500595,-10.796005249],"min":[-27.1257038116,-27.0977478027,-27.2549095154,-26.7823562622,-27.3584861755,-27.2639694214],"var":[1.14355826378,0.916158497334,1.00653576851,1.58412945271,1.82133328915,1.3273204565]},"spectral_decrease":{"dmean":6.65776589415e-9,"dmean2":1.0529427108e-8,"dvar":9.57171384071e-17,"dvar2":2.20412835657e-16,"max":1.65238012162e-9,"mean":-1.26297150516e-8,"median":-9.69267688333e-9,"min":-1.05951485807e-7,"var":1.58064434475e-16},"spectral_energy":{"dmean":0.0265748314559,"dmean2":0.0418681465089,"dvar":0.00152908265591,"dvar2":0.00348893064074,"max":0.436196893454,"mean":0.0673877447844,"median":0.0577982701361,"min":1.13306012851e-20,"var":0.00297596445307},"spectral_energyband_high":{"dmean":0.000210781334317,"dmean2":0.000287152361125,"dvar":1.28379483044e-7,"dvar2":2.33865776522e-7,"max":0.0106001608074,"mean":0.000621260260232,"median":0.000305588764604,"min":8.20185766498e-21,"var":8.27761198252e-7},"spectral_energyband_low":{"dmean":0.0224641282111,"dmean2":0.0366403050721,"dvar":0.00126421032473,"dvar2":0.00309142912738,"max":0.383694052696,"mean":0.0330899208784,"median":0.0213515497744,"min":6.62372423323e-23,"var":0.0016501036007},"spectral_energyband_middle_high":{"dmean":0.00180386879947,"dmean2":0.00285613862798,"dvar":0.00000593498771195,"dvar2":0.0000140879701576,"max":0.0497466847301,"mean":0.00631455425173,"median":0.00479997973889,"min":1.79007458332e-21,"var":0.000033630298276},"spectral_energyband_middle_low":{"dmean":0.00532003073022,"dmean2":0.00855037290603,"dvar":0.0000424218014814,"dvar2":0.000108848100353,"max":0.112533472478,"mean":0.0154993012547,"median":0.012205267325,"min":4.25126204258e-22,"var":0.000168303071405},"spectral_entropy":{"dmean":0.183636084199,"dmean2":0.276777803898,"dvar":0.031343575567,"dvar2":0.0737762078643,"max":9.80487823486,"mean":7.35110330582,"median":7.4248714447,"min":5.5950717926,"var":0.194025337696},"spectral_flux":{"dmean":0.0363473705947,"dmean2":0.0600500293076,"dvar":0.00213148165494,"dvar2":0.0052539287135,"max":0.542991578579,"mean":0.133418321609,"median":0.128325089812,"min":1.06445297021e-10,"var":0.0053192153573},"spectral_kurtosis":{"dmean":6.7136297226,"dmean2":10.3561553955,"dvar":69.6060256958,"dvar2":173.796096802,"max":116.959884644,"mean":22.5850143433,"median":19.1864852905,"min":-1.22442305088,"var":159.291854858},"spectral_rms":{"dmean":0.00139895197935,"dmean2":0.00217640097253,"dvar":0.00000273236014436,"dvar2":0.00000596951167608,"max":0.0206290557981,"mean":0.00735483458266,"median":0.00750923110172,"min":3.32479248126e-12,"var":0.0000116511082524},"spectral_rolloff":{"dmean":5197.97021484,"dmean2":10006.7529297,"dvar":66447644,"dvar2":153565280,"max":22050,"mean":10949.0117188,"median":4500.43945312,"min":21.533203125,"var":100051872},"spectral_skewness":{"dmean":0.493937879801,"dmean2":0.743210971355,"dvar":0.300178021193,"dvar2":0.714943051338,"max":8.61567020416,"mean":3.32552647591,"median":3.09714579582,"min":-0.0297532435507,"var":1.02240896225},"spectral_spread":{"dmean":520000.21875,"dmean2":785826.125,"dvar":299929665536,"dvar2":580936138752,"max":40362876,"mean":3662876.75,"median":3651590,"min":1129220.5,"var":911153364992},"spectral_strongpeak":{"dmean":1.07726502419,"dmean2":1.98362672329,"dvar":30.8356266022,"dvar2":88.928352356,"max":117.637359619,"mean":1.0208119154,"median":0.189596965909,"min":0,"var":30.0729808807},"zerocrossingrate":{"dmean":0.0336875729263,"dmean2":0.0443055666983,"dvar":0.000815821345896,"dvar2":0.00135730789043,"max":0.6630859375,"mean":0.239777758718,"median":0.23876953125,"min":0.03271484375,"var":0.00730139994994}},"metadata":{"audio_properties":{"analysis_sample_rate":44100,"bit_rate":320000,"codec":"mp3","downmix":"mix","equal_loudness":0,"length":263.106384277,"lossless":false,"md5_encoded":"ab3fe508aea1afd7faf5e806dd04fc8c","replay_gain":-9.67064666748,"sample_rate":44100},"tags":{"acoustid_id":["df91255b-c643-4bb4-be67-ffa462fa8c76"],"album":["King Animal Plus"],"albumartist":["Soundgarden"],"albumartistsort":["Soundgarden"],"artist":["Soundgarden"],"artistsort":["Soundgarden"],"barcode":["602537428373"],"catalognumber":["3742837"],"composer":["Kim Thayil"],"conductor":["Kim Thayil (mandolin)"],"date":["2013"],"discnumber":["1/1"],"file_name":"04. Soundgarden - A Thousand Days Before.mp3","genre":["Grunge"],"isrc":["USUG11201138"],"label":["Vertigo"],"language":["eng"],"lyricist":["Chris Cornell"],"media":["CD"],"musicbrainz album release country":["NZ"],"musicbrainz album status":["official"],"musicbrainz album type":["album"],"musicbrainz_albumartistid":["153c9281-268f-4cf3-8938-f5a4593e5df4"],"musicbrainz_albumid":["ad900663-0ca4-4dfc-8325-07dc29325b50"],"musicbrainz_artistid":["153c9281-268f-4cf3-8938-f5a4593e5df4"],"musicbrainz_recordingid":["f935aeb8-5916-4018-adc9-d0d05a305383"],"musicbrainz_workid":["233dfdeb-204a-4e71-b7bf-7ad333e44766"],"originaldate":["2012"],"script":["Latn"],"title":["A Thousand Days Before"],"tracknumber":["4/19"]},"version":{"essentia":"2.1-beta1","essentia_build_sha":"ca57ba49d9b1854bd80e60cf9ccf267278fb7d6b","essentia_git_sha":"v2.1_beta1-28-g21ef5f4-dirty","extractor":"music 1.0"}},"rhythm":{"beats_count":510,"beats_loudness":{"dmean":0.0306513626128,"dmean2":0.0547523461282,"dvar":0.00103985657915,"dvar2":0.00298253260553,"max":0.259743243456,"mean":0.0684940069914,"median":0.059324465692,"min":0.00000137445829296,"var":0.00241410755552},"beats_loudness_band_ratio":{"dmean":[0.174354121089,0.0964535027742,0.072349190712,0.0541287697852,0.0183564480394,0.0649782568216],"dmean2":[0.300168722868,0.162354439497,0.127921625972,0.0920471325517,0.0317663177848,0.1133