{"lowlevel":{"average_loudness":0.679754734039,"barkbands":{"dmean":[0.0014387096744,0.00178225699347,0.000540629844181,0.000751656596549,0.00150911603123,0.00307916104794,0.00186634168494,0.000654416217003,0.0012608836405,0.000829976459499,0.000630987575278,0.000452433305327,0.000142165110447,0.0000331352566718,0.0000179603266588,0.00000966878997133,0.00000364736592928,0.00000145752085245,4.99779844176e-7,1.30022058897e-7,3.41044419372e-8,1.16596403643e-8,3.3517735254e-9,1.75892633791e-9,1.09870956777e-9,1.03084685232e-9,1.09341968813e-9],"dmean2":[0.00243977550417,0.00320554128848,0.000934544194024,0.00124065310229,0.00241372128949,0.00451307324693,0.00286983139813,0.00102048728149,0.00192671536934,0.00134787615389,0.000912223942578,0.000733307679184,0.000239610249992,0.0000525334398844,0.0000299621806334,0.0000155383931997,0.00000558160536457,0.00000235196807807,7.9158223798e-7,2.10881239582e-7,5.58875115075e-8,1.86035453709e-8,5.39261835186e-9,2.96645907838e-9,2.01675010025e-9,1.91064830624e-9,2.02907113334e-9],"dvar":[0.0000158536950039,0.0000153037108248,0.00000100501381439,0.00000127371902181,0.00000637087487121,0.0000402069890697,0.000013149337974,0.00000110080929971,0.00000700280361343,0.00000810863730294,0.00000239015707848,0.00000361318120667,1.66210611496e-7,8.38035774109e-9,1.93179450214e-9,1.01219344018e-9,1.81909473596e-10,1.81122842419e-11,1.97113744597e-12,1.2086268401e-13,1.01570075457e-14,1.4037906681e-15,8.74778702582e-17,1.20415585173e-17,3.21656398342e-18,2.94755471526e-18,3.3491358066e-18],"dvar2":[0.0000435049114458,0.0000487732249894,0.00000289265835818,0.00000339839789376,0.0000165048131748,0.0000739275492379,0.0000311879339279,0.00000249554227594,0.0000172856234713,0.0000229666384257,0.00000449044682682,0.00000934615127335,4.73662709055e-7,1.99452969696e-8,5.04886310537e-9,2.5431798889e-9,4.07489958443e-10,4.58723094232e-11,4.86695753144e-12,2.97308293436e-13,2.50075957528e-14,3.44798419586e-15,1.77204599756e-16,2.84723706298e-17,1.01862792573e-17,9.53618312468e-18,1.0825177846e-17],"max":[0.104751080275,0.0654455125332,0.0173896886408,0.0163123402745,0.0413367450237,0.119486123323,0.0880216360092,0.0175828430802,0.0664734020829,0.0505523011088,0.0305328946561,0.0372995398939,0.00871052686125,0.00188085890841,0.000844769296236,0.000794274965301,0.000391331530409,0.0000968159438344,0.000034262342524,0.0000106079478428,0.00000296396001431,0.00000125286044295,4.25348048338e-7,1.13467855556e-7,2.42742039802e-8,1.92285938283e-8,2.0531397027e-8],"mean":[0.00178326689638,0.00235492223874,0.000739380600862,0.00130068371072,0.00312645523809,0.00647766841576,0.00351331662387,0.00130305578932,0.00241936044767,0.00137833168264,0.00124018813949,0.000711855886038,0.00027444382431,0.0000696543502272,0.0000425287107646,0.0000217602628254,0.00000872166401678,0.00000426330507253,0.00000132562729505,4.15058735825e-7,1.14485693814e-7,3.90212910872e-8,1.11548636994e-8,4.99824892586e-9,1.43732725721e-9,9.3604390905e-10,9.1210322628e-10],"median":[0.000438963412307,0.00100176176056,0.000297435850371,0.000549482763745,0.00177440175321,0.0022906633094,0.00129779742565,0.000674457929563,0.000901942723431,0.000108375868876,0.0000974818103714,0.0000304636087094,0.0000157474678417,0.00000479485242977,0.00000265624657914,0.00000108169842861,4.04256354614e-7,2.69855775059e-7,8.34933047145e-8,3.98945481095e-8,1.27492665314e-8,5.4526645421e-9,2.16073225978e-9,1.17909260133e-9,5.44548239834e-10,2.87371543228e-10,2.51863974121e-10],"min":[3.32867944782e-24,4.66185556094e-24,3.70021912912e-24,4.64941798548e-24,7.7429269534e-24,1.86068179952e-23,1.008238942e-23,3.73151205793e-24,2.98978819504e-23,2.80629441532e-23,3.20492003023e-23,3.2151916303e-23,2.26348064639e-23,6.32946523163e-23,7.52492271789e-23,6.707029207e-23,7.94148797641e-23,1.03847953037e-22,1.88701965634e-22,2.2969090059e-22,3.00467147597e-22,3.69067855067e-22,4.49683078206e-22,7.51780555169e-22,9.40616134908e-22,1.48006360717e-21,2.21332832209e-21],"var":[0.0000233949322137,0.0000193731866602,0.00000181551808964,0.00000432201977674,0.0000190924947674,0.00015351435286,0.0000406072649639,0.00000323055269291,0.0000171753472387,0.0000158599104907,0.0000081719699665,0.00000637602715869,3.8893455212e-7,2.58127403896e-8,8.27168378237e-9,3.36497962827e-9,7.9809581166e-10,1.02056064988e-10,8.40237948663e-12,9.54626568767e-13,7.47771053519e-14,9.83742709688e-15,6.15419517003e-16,1.47372734629e-16,5.86077481765e-18,2.55310309361e-18,2.69745355512e-18]},"barkbands_crest":{"dmean":2.67234706879,"dmean2":4.40228939056,"dvar":4.86288309097,"dvar2":13.2049875259,"max":24.0068397522,"mean":10.4516277313,"median":9.60732555389,"min":2.96197986603,"var":17.7490158081},"barkbands_flatness_db":{"dmean":0.0262379255146,"dmean2":0.0454132556915,"dvar":0.000570458185393,"dvar2":0.00175986380782,"max":0.728478848934,"mean":0.392203450203,"median":0.370973885059,"min":0.0516778193414,"var":0.0111761000007},"barkbands_kurtosis":{"dmean":1.83823943138,"dmean2":3.06189441681,"dvar":17.1122550964,"dvar2":47.1237487793,"max":124.402099609,"mean":2.12861466408,"median":0.241889595985,"min":-1.69416034222,"var":56.4180221558},"barkbands_skewness":{"dmean":0.456595867872,"dmean2":0.756095767021,"dvar":0.177643671632,"dvar2":0.479215115309,"max":7.09460115433,"mean":0.274076282978,"median":0.102577023208,"min":-2.62179136276,"var":1.15368449688},"barkbands_spread":{"dmean":1.57316577435,"dmean2":2.60802817345,"dvar":2.52769994736,"dvar2":6.93059444427,"max":30.6786689758,"mean":6.34772872925,"median":5.46755504608,"min":0.247379511595,"var":18.6761379242},"dissonance":{"dmean":0.0524354688823,"dmean2":0.0891601368785,"dvar":0.0021846734453,"dvar2":0.00616098381579,"max":0.500000238419,"mean":0.38299909234,"median":0.401621699333,"min":0,"var":0.00650207092986},"dynamic_complexity":7.8604683876,"erbbands":{"dmean":[0.111100427806,0.217373415828,0.477130234241,1.49925196171,3.16019582748,6.57766771317,12.430724144,32.0434455872,22.5250873566,22.4545917511,13.0792665482,27.5883579254,18.5116062164,34.8109474182,29.643245697,8.22112464905,5.65910434723,2.79883694649,0.969382405281,0.629640579224,0.435311347246,0.232911080122,0.0910276472569,0.045882742852,0.0130781913176,0.0065517234616,0.00230343639851,0.000752355030272,0.000495558953844,0.000189711921848,0.000083276318037,0.0000498773806612,0.000022393414838,0.0000141735372381,0.00000894831828191,0.00000561396063858,0.00000297980091091,8.30324324852e-7,0.00000344379782291,0.00000819635715743],"dmean2":[0.196134343743,0.388162493706,0.826625347137,2.54539418221,5.20647096634,10.6116228104,19.3398838043,46.2205963135,34.4686088562,34.1964035034,19.9541854858,42.673664093,28.7984256744,55.4752922058,45.476020813,13.1993408203,9.55273151398,4.55098390579,1.59443318844,1.03335106373,0.700662612915,0.351916134357,0.145786583424,0.0736967548728,0.0210476331413,0.0105741936713,0.00363440578803,0.00123248726595,0.000795156229287,0.00029511039611,0.000135597569169,0.0000820241621113,0.0000390652130591,0.0000247789139394,0.0000154277204274,0.00000938477023738,0.00000488422710987,0.00000143162174027,0.00000537347023055,0.0000128377478177],"dvar":[0.0627241060138,0.175272613764,0.726777970791,5.00645256042,21.4565067291,138.152023315,516.666381836,5501.89697266,1769.32446289,1389.12426758,389.356842041,4399.00585938,1291.99804688,13015.0107422,9672.59863281,757.234802246,263.016876221,65.2749252319,6.43027544022,2.01239967346,2.16269230843,0.815275609493,0.0804145783186,0.0210993438959,0.0010299688438,0.000352141534677,0.0000591929419897,0.000003593469728,0.00000331376895701,4.51534418744e-7,3.15828394548e-8,1.25685053476e-8,1.452952203e-9,5.02954844439e-10,1.67817079677e-10,6.04432545681e-11,1.62911160256e-11,1.46843561616e-12,2.31566953113e-11,1.3311694802e-10],"dvar2":[0.195560708642,0.549409329891,2.00625801086,14.1812887192,55.5252685547,363.478363037,1079.76208496,9828.82128906,4290.31933594,2888.48999023,821.243835449,11281.2763672,3147.34643555,35601.4453125,22387.3320312,1941.96105957,751.843261719,181.6875,16.5604419708,5.18971776962,5.60661649704,1.80719101429,0.19723662734,0.0532329678535,0.00257964036427,0.000878387538251,0.000138541086926,0.00000928277222556,0.00000817746513349,9.39608185035e-7,6.82549483599e-8,2.87779577945e-8,3.95560650901e-9,1.48127476951e-9,4.95555596558e-10,1.69755959289e-10,4.33651968501e-11,4.36614026184e-12,5.5988044062e-11,3.26125376704e-10],"max":[4.50257015228,6.34836006165,17.5381908417,27.4046287537,65.8374710083,198.94078064,660.347412109,1501.69177246,1158.9107666,784.185241699,348.511352539,1817.81762695,530.361572266,2052.33691406,2040.45507812,562.019348145,327.376831055,203.979354858,46.9764442444,28.9414825439,35.6539878845,26.7406616211,7.88028144836,3.61499357224,0.823071599007,0.513026475906,0.237570434809,0.0448002070189,0.0701579153538,0.0358580797911,0.00768604036421,0.00390338408761,0.00129232229665,0.000532573554665,0.000186569654034,0.000118061849207,0.0000618110934738,0.0000149876241267,0.0000828913834994,0.000203709161724],"mean":[0.134431734681,0.293655544519,0.740933954716,2.63754272461,6.23914957047,12.3799724579,25.5883922577,67.018951416,45.9973754883,46.8277435303,29.9266624451,52.3132705688,39.4203186035,61.5217285156,51.8155479431,16.5852737427,11.9811754227,6.1611995697,2.52278280258,1.73907446861,1.04600203037,0.564593672752,0.271937429905,0.12878651917,0.0422582142055,0.0215110015124,0.00829450041056,0.0028269381728,0.00159886525944,0.00068521843059,0.000302484957501,0.000177767753485,0.0000669367436785,0.0000369437766494,0.0000238270804402,0.0000167530160979,0.00000961366367846,0.00000202621890821,0.0000127729526866,0.0000299592393276],"median":[0.0490888133645,0.132905900478,0.358098328114,1.40176391602,3.13678264618,5.98396444321,12.0488376617,19.4361133575,22.8780136108,26.4324245453,17.9006023407,20.5269145966,8.16463851929,5.12229013443,3.03823471069,1.07405507565,0.763640701771,0.439892947674,0.160848200321,0.113770335913,0.055000603199,0.0233200825751,0.0170111320913,0.00739679299295,0.00321764987893,0.00208152458072,0.000753003521822,0.000391402514651,0.000222688511712,0.000112403839012,0.0000712046166882,0.0000491033206345,0.0000329605099978,0.0000257101964962,0.000019673976567,0.0000145356343637,0.00000857105078467,0.0000016179708382,0.000011946684026,0.0000278364423139],"min":[2.61070373761e-22,6.08865161947e-22,4.3183638386e-21,1.08339067922e-20,1.04398238928e-20,2.75693611297e-20,9.99682020718e-20,1.10592820052e-19,1.40424791576e-19,1.78825656312e-19,2.36591258628e-19,6.18883247724e-19,7.08119337109e-19,1.18782339801e-18,1.91819503097e-18,1.10688160373e-18,1.44674778355e-18,2.95678398294e-18,3.83997919862e-18,3.53118564492e-18,3.88793913054e-18,4.85224271401e-18,5.53733354966e-18,7.68658742268e-18,8.27410155173e-18,1.11552642695e-17,1.36450580609e-17,1.25475225642e-17,1.39471435935e-17,1.25895722906e-17,1.1947903474e-17,1.32227699505e-17,1.28495253786e-17,9.68693679132e-18,6.70449945604e-18,5.23044582009e-18,2.38732286396e-18,1.10662931364e-18,2.73016079353e-19,3.17802242043e-20],"var":[0.0787521526217,0.246261939406,1.55821597576,12.6623029709,76.1526184082,364.977416992,2124.29711914,21144.5078125,5602.10986328,4883.41015625,1493.98242188,8718.17871094,4393.72167969,27940.8515625,22501.0058594,1799.24902344,722.525146484,187.124603271,26.9111690521,11.3597345352,7.42551374435,3.49823951721,0.442179083824,0.0994771122932,0.00643098680303,0.00251422473229,0.000487860466819,0.0000320116450894,0.0000174949636857,0.00000339477742273,3.84166980893e-7,1.66959125636e-7,1.36362441339e-8,2.06858663532e-9,5.63259272557e-10,2.36370811812e-10,7.44645733963e-11,4.01504740913e-12,1.26881533058e-10,7.04964919773e-10]},"erbbands_crest":{"dmean":2.97363400459,"dmean2":4.75278663635,"dvar":7.15823554993,"dvar2":18.1642799377,"max":31.0918426514,"mean":12.3354692459,"median":11.0335054398,"min":2.86167383194,"var":26.8992862701},"erbbands_flatness_db":{"dmean":0.0175429750234,"dmean2":0.0286041852087,"dvar":0.000209461286431,"dvar2":0.000586159061641,"max":0.531334877014,"mean":0.390376240015,"median":0.394649028778,"min":0.0746402069926,"var":0.00423504738137},"erbbands_kurtosis":{"dmean":1.30447697639,"dmean2":2.05901432037,"dvar":2.96024560928,"dvar2":6.99846410751,"max":30.9289855957,"mean":1.57114970684,"median":0.637711524963,"min":-1.33035171032,"var":7.93790340424},"erbbands_skewness":{"dmean":0.389757752419,"dmean2":0.60741007328,"dvar":0.106756687164,"dvar2":0.271089404821,"max":3.9186501503,"mean":0.20070245862,"median":0.125171050429,"min":-2.65655183792,"var":0.547293841839},"erbbands_spread":{"dmean":1.66225135326,"dmean2":2.6353726387,"dvar":2.41804385185,"dvar2":6.18082714081,"max":56.8022346497,"mean":7.99026441574,"median":6.8270072937,"min":0.854503631592,"var":27.3656921387},"gfcc":{"cov":[[28225.4414062,3463.09814453,-6867.2265625,-2418.61401367,-375.773834229,-1149.2520752,121.722732544,-532.008605957,93.1136169434,-517.732055664,95.8667221069,-8.86127185822,417.590637207],[3463.09814453,1050.14550781,-227.494903564,-487.428009033,-59.3377532959,-263.414489746,-66.9357223511,-61.0076560974,8.08686733246,-43.6606941223,-0.612792849541,-62.399433136,70.6965866089],[-6867.2265625,-227.494903564,4117.16162109,608.586303711,-191.939422607,0.219079419971,-286.778381348,199.826629639,62.4870986938,133.186401367,-74.2739334106,-105.474365234,-43.7085494995],[-2418.61401367,-487.428009033,608.586303711,531.964172363,112.139289856,191.043258667,13.5065460205,21.9011936188,8.14167404175,29.1369876862,1.61409056187,24.2899436951,-44.7857513428],[-375.773834229,-59.3377532959,-191.939422607,112.139289856,160.608001709,106.96207428,49.7784919739,-20.0033817291,-11.5640974045,0.28065097332,21.8850517273,20.7002048492,-7.74854803085],[-1149.2520752,-263.414489746,0.219079419971,191.043258667,106.96207428,197.430282593,74.3169937134,11.5442152023,-16.0211620331,10.6329622269,17.6044502258,26.9510326385,-35.000377655],[121.722732544,-66.9357223511,-286.778381348,13.5065460205,49.7784919739,74.3169937134,104.025817871,15.7372589111,-1.34080481529,-5.8120265007,17.2385444641,17.5541553497,-6.76189756393],[-532.008605957,-61.0076560974,199.826629639,21.9011936188,-20.0033817291,11.5442152023,15.7372589111,71.2817459106,26.9162769318,19.1977310181,-3.32616186142,1.15372729301,-7.04160356522],[93.1136169434,8.08686733246,62.4870986938,8.14167404175,-11.5640974045,-16.0211620331,-1.34080481529,26.9162769318,53.8580207825,26.2332401276,2.65540790558,-1.1402797699,8.44817829132],[-517.732055664,-43.6606941223,133.186401367,29.1369876862,0.28065097332,10.6329622269,-5.8120265007,19.1977310181,26.2332401276,58.6306228638,20.6086864471,0.451146245003,-5.63694477081],[95.8667221069,-0.612792849541,-74.2739334106,1.61409056187,21.8850517273,17.6044502258,17.2385444641,-3.32616186142,2.65540790558,20.6086864471,49.7091903687,23.6568889618,-2.04311418533],[-8.86127185822,-62.399433136,-105.474365234,24.2899436951,20.7002048492,26.9510326385,17.5541553497,1.15372729301,-1.1402797699,0.451146245003,23.6568889618,45.5855941772,17.1519927979],[417.590637207,70.6965866089,-43.7085494995,-44.7857513428,-7.74854803085,-35.000377655,-6.76189756393,-7.04160356522,8.44817829132,-5.63694477081,-2.04311418533,17.1519927979,48.7454109192]],"icov":[[0.000366406980902,-0.000847510411404,0.000585993751884,-0.000395594601287,0.0015335099306,-0.0000704348640284,0.0000977430099738,0.000729077786673,-0.00226122420281,0.00290859746747,-0.00222485349514,0.00131105189212,-0.00126202683896],[-0.000847510411404,0.00495083071291,-0.00183638778981,0.0035153219942,-0.00617445399985,0.00211853114888,-0.000511761929374,-0.0000392769252358,0.00330841518007,-0.0038557916414,0.00193822826259,0.00104585965164,0.000820217537694],[0.000585993751884,-0.00183638778981,0.00175466702785,-0.0020948976744,0.00371203757823,-0.00112498062663,0.00246626813896,-0.00173821591306,-0.00209260825068,0.00398997496814,-0.00452782865614,0.00453656166792,-0.00379674159922],[-0.000395594601287,0.0035153219942,-0.0020948976744,0.00786256883293,-0.0061951559037,-0.000900370359886,-0.000729988969397,0.00412234198302,-0.00289630750194,-0.000839986023493,0.00389731698669,-0.00463349884376,0.00469760037959],[0.0015335099306,-0.00617445399985,0.00371203757823,-0.0061951559037,0.0216328185052,-0.00849460996687,0.00107934186235,0.00318186846562,-0.00756622478366,0.010820386,-0.0122494967654,0.00802549533546,-0.00937169138342],[-0.0000704348640284,0.00211853114888,-0.00112498062663,-0.000900370359886,-0.00849460996687,0.0201535820961,-0.0111218262464,0.00269121513702,0.00381457502954,-0.00433952687308,0.00582822877914,-0.00980082619935,0.0101912459359],[0.0000977430099738,-0.000511761929374,0.00246626813896,-0.000729988969397,0.00107934186235,-0.0111218262464,0.0254042092711,-0.0133468331769,-0.0000751990883145,0.00726259872317,-0.0112727256492,0.0109301898628,-0.00823814794421],[0.000729077786673,-0.0000392769252358,-0.00173821591306,0.00412234198302,0.00318186846562,0.00269121513702,-0.0133468331769,0.0346575006843,-0.0194110926241,0.00242044101469,0.0070228385739,-0.0128564611077,0.0100954221562],[-0.00226122420281,0.00330841518007,-0.00209260825068,-0.00289630750194,-0.00756622478366,0.00381457502954,-0.0000751990883145,-0.0194110926241,0.0497603453696,-0.0330751724541,0.0142193017527,-0.00247929268517,-0.00222309934907],[0.00290859746747,-0.0038557916414,0.00398997496814,-0.000839986023493,0.010820386,-0.00433952687308,0.00726259872317,0.00242044101469,-0.0330751724541,0.0593296103179,-0.0404472947121,0.0247422400862,-0.0143660632893],[-0.00222485349514,0.00193822826259,-0.00452782865614,0.00389731698669,-0.0122494967654,0.00582822877914,-0.0112727256492,0.0070228385739,0.0142193017527,-0.0404472947121,0.0657107904553,-0.0487725101411,0.0302319061011],[0.00131105189212,0.00104585965164,0.00453656166792,-0.00463349884376,0.00802549533546,-0.00980082619935,0.0109301898628,-0.0128564611077,-0.00247929268517,0.0247422400862,-0.0487725101411,0.0767098888755,-0.0447852797806],[-0.00126202683896,0.000820217537694,-0.00379674159922,0.00469760037959,-0.00937169138342,0.0101912459359,-0.00823814794421,0.0100954221562,-0.00222309934907,-0.0143660632893,0.0302319061011,-0.0447852797806,0.0529413297772]],"mean":[-253.956573486,259.222625732,-79.7537689209,-42.6225585938,-29.1811256409,-20.7849960327,-11.2680845261,-8.59908866882,-5.63519048691,-8.36197853088,1.70307528973,-6.48946523666,2.7922475338]},"hfc":{"dmean":3.16420578957,"dmean2":4.83406352997,"dvar":22.6905326843,"dvar2":54.1290435791,"max":76.8925323486,"mean":11.2306890488,"median":9.17051315308,"min":1.13072903053e-16,"var":122.005233765},"melbands":{"dmean":[0.000741202558856,0.000221402602619,0.000291352742352,0.000340890343068,0.000389541353798,0.000651928014122,0.000372109352611,0.000226460935664,0.00011774275481,0.000189414495253,0.000092967733508,0.000144706282299,0.0000900630111573,0.0000608775080764,0.0000126633813124,0.000013238957763,0.0000046966060836,0.00000176325943357,0.00000131366084588,7.85553197602e-7,4.31365350551e-7,2.88094128109e-7,9.23078076198e-8,8.11069185147e-8,4.05759337241e-8,1.21035501621e-8,6.2432108372e-9,4.54152981888e-9,1.9642196758e-9,8.67084015699e-10,3.9172343147e-10,3.25148241664e-10,2.30688995684e-10,9.11321781927e-11,5.5863293158e-11,4.13964175439e-11,2.96594866722e-11,1.59539933348e-11,1.52085635752e-11,1.02190322177e-11],"dmean2":[0.00130421295762,0.000387167587178,0.000481718830997,0.000554875878152,0.000600104627665,0.000944839091972,0.000568767427467,0.000345727370586,0.000175936875166,0.000293614401016,0.000145034049638,0.00023195373069,0.000135574067826,0.0000967958912952,0.0000210893922485,0.0000223484512389,0.00000759452541388,0.0000028690687941,0.00000218775403482,0.0000012783011698,6.96253778187e-7,4.34292104501e-7,1.4470673193e-7,1.32470646008e-7,6.47257891728e-8,1.9799328399e-8,1.00007184756e-8,7.21744708443e-9,3.07056535753e-9,1.41645639662e-9,6.42054853728e-10,5.20986420671e-10,3.67064406648e-10,1.45904052729e-10,8.86147336066e-11,6.98928692699e-11,4.7120488067e-11,2.7835143912e-11,2.62876942436e-11,1.87611749053e-11],"dvar":[0.00000273112141258,1.37484775564e-7,1.77398121082e-7,3.25608652929e-7,4.56603146404e-7,0.0000021141754587,5.04691115566e-7,1.24951725411e-7,3.74038968687e-8,2.12392933463e-7,3.29200027238e-8,2.41762421638e-7,6.05015202382e-8,5.83404471399e-8,9.97922855461e-10,1.7370364036e-9,1.66939351232e-10,2.17409059505e-11,9.21343123322e-12,5.6297319237e-12,1.81912969931e-12,1.31443868377e-12,7.28796160248e-14,5.76595181648e-14,1.78444244651e-14,8.58008906064e-16,2.29712953015e-16,1.87992212849e-16,4.93307157746e-17,5.46861097078e-18,8.23306770648e-19,1.49547027259e-18,1.20884846803e-18,9.57820413244e-20,1.50727348723e-20,1.16697057544e-20,4.8010895612e-21,7.33177422732e-22,1.2029653721e-21,2.71527917817e-22],"dvar2":[0.00000834704405861,3.88699163523e-7,4.68198578574e-7,8.71712131811e-7,9.81732000582e-7,0.00000381205677513,0.00000123505105876,2.66510966185e-7,7.03629581267e-8,5.46185958683e-7,7.99598609547e-8,6.69509347517e-7,1.34837549126e-7,1.44553652603e-7,2.79123968383e-9,4.79598272207e-9,4.46196968262e-10,5.54986577528e-11,2.39612149566e-11,1.40237691251e-11,4.77911547142e-12,2.83772961726e-12,1.81890364315e-13,1.48102572415e-13,4.39463156349e-14,2.14114809528e-15,5.73796317975e-16,4.61453120571e-16,1.17092974361e-16,1.33640912766e-17,2.16948733119e-18,3.57648867271e-18,2.77825586608e-18,1.94706735666e-19,3.187544691e-20,3.06801095325e-20,9.25210966325e-21,1.94102918861e-21,3.06189365374e-21,8.68451896604e-22],"max":[0.033764000982,0.00696643907577,0.00612052436918,0.0100820846856,0.0186653789133,0.0290451347828,0.0190599896014,0.00685380166396,0.00423412071541,0.0126428371295,0.00265919533558,0.00883691292256,0.00492321886122,0.00492902519181,0.00055613432778,0.00104026927147,0.000272893666988,0.0000824211601866,0.0000638046985841,0.0000576985185035,0.0000310133436869,0.0000346539709426,0.00000703402383806,0.00000511490543431,0.0000032459220165,6.32718979432e-7,3.37061635491e-7,3.60697470114e-7,1.95094912669e-7,6.50223270782e-8,1.57443462712e-8,4.63774831871e-8,5.27697530117e-8,1.27749180123e-8,5.51626078149e-9,3.68206554135e-9,2.77573386498e-9,9.97837257266e-10,1.35012379054e-9,1.81262158061e-10],"mean":[0.00101181538776,0.000372424459783,0.000566483009607,0.000669736531563,0.000845331931487,0.00137344677933,0.000743671960663,0.000471955747344,0.000256003841059,0.000345504377037,0.000191437677131,0.000245201634243,0.000166490339325,0.0000980904442258,0.0000247137813858,0.0000248119122261,0.0000098035652627,0.00000398116844735,0.00000315626857628,0.00000183341728643,9.74074282567e-7,6.44719534648e-7,2.43947653189e-7,2.14159840084e-7,9.56176506861e-8,3.42620367633e-8,1.85394135599e-8,1.31466499909e-8,5.78013903407e-9,2.68906963363e-9,1.19825827039e-9,9.07433794772e-10,6.76687428314e-10,2.54036763847e-10,1.6518697521e-10,1.30281466171e-10,8.3718976196e-11,3.3060273269e-11,2.77248692754e-11,1.34269045535e-11],"median":[0.000389164139051,0.00018763555272,0.000292620214168,0.000352523318725,0.00043771052151,0.000426304875873,0.000355032680091,0.000271148921456,0.000131863984279,0.000122110795928,0.0000355023912562,0.0000180987699423,0.0000117012550618,0.00000421222057412,0.00000170743180661,0.00000162047763297,6.5620776013e-7,2.35057498799e-7,1.98810738539e-7,1.13312694339e-7,5.05857826738e-8,2.56304986124e-8,1.70665437338e-8,1.06350910301e-8,5.1458153294e-9,2.3495161372e-9,1.85419457566e-9,1.0763374636e-9,4.78912354218e-10,2.84811757512e-10,1.71659630954e-10,1.2046404152e-10,7.35255606399e-11,4.33871619188e-11,3.15971207532e-11,2.48185170332e-11,1.81162584934e-11,1.085760995e-11,6.85242140808e-12,5.67154309628e-12],"min":[3.09954730372e-24,2.59192655248e-24,1.74272370447e-24,1.70695458166e-24,4.67133490801e-24,3.23814858705e-24,1.8974855923e-24,2.38644919148e-24,2.38209586258e-24,4.98483059832e-24,3.03621794468e-24,4.12125786006e-24,5.06374745442e-24,4.70800195174e-24,4.00543335765e-24,2.14518278894e-24,5.83324971303e-24,6.01388663298e-24,5.65983165922e-24,4.43711539993e-24,3.81568075551e-24,3.71483474954e-24,5.46790377313e-24,4.32240476912e-24,5.66612834696e-24,4.58794994374e-24,5.91460730477e-24,6.77442979829e-24,7.89639668707e-24,7.53230976918e-24,6.65252870032e-24,6.82748069416e-24,6.1687404231e-24,7.40954407966e-24,6.57743348088e-24,6.36842241746e-24,7.78557908482e-24,7.88754803429e-24,7.94586299899e-24,7.81104667029e-24],"var":[0.00000417378532802,3.40140587696e-7,6.3460271349e-7,9.60403440331e-7,0.00000190052298876,0.00000810468827694,0.00000155767270371,4.37862752278e-7,1.51681959437e-7,4.11884116147e-7,1.09030153794e-7,4.8953387477e-7,1.60903624646e-7,1.17055797944e-7,2.65447686054e-9,3.91572285707e-9,4.87597184851e-10,7.2796192685e-11,4.35920362307e-11,1.98963189674e-11,6.24672666025e-12,5.38524823693e-12,3.46537116494e-13,2.83262047715e-13,6.53982822215e-14,4.37807994678e-15,1.39021728276e-15,1.15804819889e-15,2.91044279385e-16,3.70355428543e-17,5.21887687204e-18,5.86970505954e-18,5.23130526074e-18,3.87251014416e-19,1.273349815e-19,1.04185414404e-19,4.64554163974e-20,4.39041094683e-21,5.26154401126e-21,4.06049730034e-22]},"melbands_crest":{"dmean":3.70234656334,"dmean2":6.23004674911,"dvar":12.5789337158,"dvar2":34.8812026978,"max":38.3572845459,"mean":14.0951137543,"median":12.0413417816,"min":1.76741182804,"var":49.9294967651},"melbands_flatness_db":{"dmean":0.0261883940548,"dmean2":0.0451199263334,"dvar":0.000637155841105,"dvar2":0.00200398662128,"max":0.879256308079,"mean":0.515435278416,"median":0.485105484724,"min":0.00569413416088,"var":0.01682363078},"melbands_kurtosis":{"dmean":2.68222236633,"dmean2":4.57750272751,"dvar":72.3061523438,"dvar2":205.692504883,"max":235.161499023,"mean":3.27626204491,"median":0.397574782372,"min":-1.61985552311,"var":141.973068237},"melbands_skewness":{"dmean":0.495502561331,"dmean2":0.818882465363,"dvar":0.34802877903,"dvar2":1.00195086002,"max":12.3637971878,"mean":0.767364382744,"median":0.488446950912,"min":-1.62423300743,"var":1.66406011581},"melbands_spread":{"dmean":2.07612586021,"dmean2":3.43430972099,"dvar":8.98590660095,"dvar2":21.2809448242,"max":149.703674316,"mean":9.33358669281,"median":7.4721736908,"min":0.129464119673,"var":88.648147583},"mfcc":{"cov":[[10751.2646484,6074.16552734,-3530.44580078,-1986.24328613,-614.55645752,-825.218566895,-177.469696045,-84.0272369385,-167.900375366,-175.77116394,-242.102310181,-203.639541626,-10.4462985992],[6074.16552734,4449.64892578,-814.525695801,-1164.41931152,-513.094421387,-613.257324219,-403.679077148,-173.656402588,-100.842140198,-96.0752487183,-151.706985474,-145.246261597,-50.2515830994],[-3530.44580078,-814.525695801,2726.01977539,864.833068848,69.1954040527,130.058258057,-283.929992676,-125.25920105,67.4268569946,44.5260620117,55.0576171875,49.8035774231,-55.3148498535],[-1986.24328613,-1164.41931152,864.833068848,770.245788574,266.029052734,195.310638428,60.1214561462,25.9469203949,61.9077033997,18.0252685547,34.1704864502,61.6681137085,2.3644824028],[-614.55645752,-513.094421387,69.1954040527,266.029052734,188.508956909,116.895629883,64.5306854248,32.3551597595,23.807598114,11.7614822388,14.813284874,28.2950515747,20.7039985657],[-825.218566895,-613.257324219,130.058258057,195.310638428,116.895629883,167.363449097,96.9459991455,19.0151462555,12.7461595535,11.5344524384,26.9274044037,30.1709709167,9.54148578644],[-177.469696045,-403.679077148,-283.929992676,60.1214561462,64.5306854248,96.9459991455,171.299789429,73.5815734863,-4.02763366699,3.39651441574,19.0546474457,11.6299743652,8.45527935028],[-84.0272369385,-173.656402588,-125.25920105,25.9469203949,32.3551597595,19.0151462555,73.5815734863,70.6672134399,18.7106819153,1.18935632706,8.39238166809,7.77337884903,7.70303964615],[-167.900375366,-100.842140198,67.4268569946,61.9077033997,23.807598114,12.7461595535,-4.02763366699,18.7106819153,48.9122848511,22.4738960266,-2.52461624146,7.56124687195,8.12956619263],[-175.77116394,-96.0752487183,44.5260620117,18.0252685547,11.7614822388,11.5344524384,3.39651441574,1.18935632706,22.4738960266,47.8866920471,26.756942749,0.319355010986,2.48028302193],[-242.102310181,-151.706985474,55.0576171875,34.1704864502,14.813284874,26.9274044037,19.0546474457,8.39238166809,-2.52461624146,26.756942749,59.1157188416,26.8206062317,-5.96731567383],[-203.639541626,-145.246261597,49.8035774231,61.6681137085,28.2950515747,30.1709709167,11.6299743652,7.77337884903,7.56124687195,0.319355010986,26.8206062317,50.0914459229,23.7169933319],[-10.4462985992,-50.2515830994,-55.3148498535,2.3644824028,20.7039985657,9.54148578644,8.45527935028,7.70303964615,8.12956619263,2.48028302193,-5.96731567383,23.7169933319,52.9802513123]],"icov":[[5.46619033813,-7.65224981308,7.41483545303,-7.02567386627,6.49465227127,-5.81900882721,5.0149230957,-4.16636419296,3.27070379257,-2.39322161674,1.54147541523,-0.840622425079,0.350246846676],[-7.65224981308,10.7135744095,-10.3817358017,9.83931446075,-9.09771060944,8.15514183044,-7.0297961235,5.84402179718,-4.58958864212,3.36068344116,-2.16442680359,1.1804100275,-0.491869300604],[7.41483545303,-10.3817358017,10.0651016235,-9.54450416565,8.83236885071,-7.92364358902,6.84120464325,-5.69225883484,4.47660303116,-3.28308677673,2.11527395248,-1.15334248543,0.482145190239],[-7.02567386627,9.83931446075,-9.54450416565,9.06338500977,-8.39847564697,7.54318618774,-6.52577352524,5.44330072403,-4.29209089279,3.15612149239,-2.033390522,1.10645854473,-0.462229758501],[6.49465227127,-9.09771060944,8.83236885071,-8.39847564697,7.80636930466,-7.02372837067,6.08991384506,-5.09735298157,4.02860450745,-2.97492790222,1.91997516155,-1.0447422266,0.436388045549],[-5.81900882721,8.15514183044,-7.92364358902,7.54318618774,-7.02372837067,6.35970449448,-5.53141880035,4.65044546127,-3.68877482414,2.73692035675,-1.77191901207,0.963096141815,-0.408442229033],[5.0149230957,-7.0297961235,6.84120464325,-6.52577352524,6.08991384506,-5.53141880035,4.85120820999,-4.09828090668,3.26803541183,-2.43742823601,1.58135080338,-0.862476885319,0.369800955057],[-4.16636419296,5.84402179718,-5.69225883484,5.44330072403,-5.09735298157,4.65044546127,-4.09828090668,3.50905704498,-2.81427407265,2.11878085136,-1.38664531708,0.761480987072,-0.330586850643],[3.27070379257,-4.58958864212,4.47660303116,-4.29209089279,4.02860450745,-3.68877482414,3.26803541183,-2.81427407265,2.31483101845,-1.75990509987,1.16449809074,-0.65048879385,0.284283012152],[-2.39322161674,3.36068344116,-3.28308677673,3.15612149239,-2.97492790222,2.73692035675,-2.43742823601,2.11878085136,-1.75990509987,1.38868165016,-0.928063094616,0.530072629452,-0.239085808396],[1.54147541523,-2.16442680359,2.11527395248,-2.033390522,1.91997516155,-1.77191901207,1.58135080338,-1.38664531708,1.16449809074,-0.928063094616,0.655950129032,-0.384184837341,0.178896456957],[-0.840622425079,1.1804100275,-1.15334248543,1.10645854473,-1.0447422266,0.963096141815,-0.862476885319,0.761480987072,-0.65048879385,0.530072629452,-0.384184837341,0.260641634464,-0.122877538204],[0.350246846676,-0.491869300604,0.482145190239,-0.462229758501,0.436388045549,-0.408442229033,0.369800955057,-0.330586850643,0.284283012152,-0.239085808396,0.178896456957,-0.122877538204,0.0802173838019]],"mean":[-853.114685059,247.365234375,33.6257362366,-9.54297924042,-0.251833081245,-5.28914022446,-2.09901738167,-0.230132251978,-1.12121105194,-0.140005707741,0.161888986826,0.33429068327,2.03159236908]},"pitch_salience":{"dmean":0.0799584016204,"dmean2":0.133972898126,"dvar":0.00481341267005,"dvar2":0.0130831999704,"max":0.950364232063,"mean":0.59130436182,"median":0.619181215763,"min":0.0771385729313,"var":0.0170237235725},"silence_rate_20dB":{"dmean":0,"dmean2":0,"dvar":0,"dvar2":0,"max":1,"mean":1,"median":1,"min":1,"var":0},"silence_rate_30dB":{"dmean":0.0102903340012,"dmean2":0.0205882359296,"dvar":0.010184940882,"dvar2":0.0253125894815,"max":1,"mean":0.990815579891,"median":1,"min":0,"var":0.00909982994199},"silence_rate_60dB":{"dmean":0.00882028695196,"dmean2":0.0176470596343,"dvar":0.00874285120517,"dvar2":0.0217486191541,"max":1,"mean":0.221528291702,"median":0,"min":0,"var":0.172451525927},"spectral_centroid":{"dmean":47.2721786499,"dmean2":77.0077972412,"dvar":35957.8554688,"dvar2":70491.8046875,"max":11368.1933594,"mean":503.765838623,"median":449.228210449,"min":120.963897705,"var":394922.3125},"spectral_complexity":{"dmean":1.26497614384,"dmean2":2.20808815956,"dvar":1.69935762882,"dvar2":4.82659196854,"max":27,"mean":9.5481262207,"median":9,"min":0,"var":38.4393157959},"spectral_contrast_coeffs":{"dmean":[0.0510505512357,0.0460626110435,0.0358335264027,0.0218175146729,0.0128483753651,0.03594462201],"dmean2":[0.0862665995955,0.0763668194413,0.0585979185998,0.0359887219965,0.0215529464185,0.0646475479007],"dvar":[0.00164474861231,0.00137105118483,0.000876347417943,0.000311740499455,0.000109374414023,0.00111436366569],"dvar2":[0.00474036997184,0.00365388067439,0.00239050853997,0.000876975769643,0.000303827575408,0.00339070311747],"max":[-0.381476581097,-0.427666544914,-0.482084900141,-0.647877335548,-0.703199028969,-0.705250144005],"mean":[-0.672473013401,-0.731881201267,-0.753829717636,-0.807989656925,-0.817772507668,-0.845805287361],"median":[-0.663089513779,-0.737554550171,-0.755806684494,-0.809377193451,-0.815779924393,-0.847172021866],"min":[-0.985026955605,-0.993704557419,-0.988089501858,-0.966510534286,-0.964040696621,-0.96422958374],"var":[0.00867613777518,0.0074954861775,0.00640910770744,0.00228376756422,0.00191340688616,0.00461745122448]},"spectral_contrast_valleys":{"dmean":[0.37324282527,0.299004226923,0.241862922907,0.187493830919,0.137798592448,0.688941955566],"dmean2":[0.643305003643,0.508767127991,0.406985551119,0.320726841688,0.237154304981,1.23977196217],"dvar":[0.12503489852,0.110205538571,0.0857514962554,0.0550025738776,0.0526682026684,0.459555596113],"dvar2":[0.311778366566,0.248436287045,0.193304419518,0.102776169777,0.099287673831,1.40612781048],"max":[-5.45310926437,-4.87180423737,-5.34731197357,-6.53393983841,-8.53527259827,-12.2247867584],"mean":[-7.62746334076,-6.85007858276,-8.16605949402,-9.77565860748,-11.5189743042,-14.7726955414],"median":[-7.25402545929,-6.04485654831,-7.72388553619,-9.54401397705,-11.3676052094,-14.4327640533],"min":[-27.6989269257,-27.5971984863,-27.6283531189,-27.4310588837,-27.5190296173,-27.2930297852],"var":[2.76114034653,4.75332736969,5.52750396729,5.53922128677,3.93916893005,2.16316604614]},"spectral_decrease":{"dmean":1.8798624879e-9,"dmean2":2.95292257313e-9,"dvar":7.20616423163e-18,"dvar2":1.78222465352e-17,"max":1.92850780162e-28,"mean":-6.82339473812e-9,"median":-6.29731999879e-9,"min":-4.9791733403e-8,"var":3.72028417875e-17},"spectral_energy":{"dmean":0.0073526208289,"dmean2":0.0115335714072,"dvar":0.000108662039565,"dvar2":0.000267546682153,"max":0.188976958394,"mean":0.0267717335373,"median":0.0246884003282,"min":1.04778548139e-20,"var":0.000567846640479},"spectral_energyband_high":{"dmean":8.93161455906e-8,"dmean2":1.41516707686e-7,"dvar":6.60510600207e-14,"dvar2":1.47577954089e-13,"max":0.0000104822438516,"mean":3.58257750577e-7,"median":4.35712053104e-8,"min":7.10966987148e-21,"var":7.79592156889e-13},"spectral_energyband_low":{"dmean":0.00272176298313,"dmean2":0.00474627455696,"dvar":0.0000308906710416,"dvar2":0.0000915332348086,"max":0.12430421263,"mean":0.00489628547803,"median":0.00247517623939,"min":2.48105858147e-23,"var":0.0000675172923366},"spectral_energyband_middle_high":{"dmean":0.00155279913452,"dmean2":0.00242851022631,"dvar":0.0000156715304911,"dvar2":0.0000403670383093,"max":0.0555440559983,"mean":0.00362446717918,"median":0.00031111278804,"min":1.05474706655e-21,"var":0.000049531001423},"spectral_energyband_middle_low":{"dmean":0.005383472424,"dmean2":0.00812110770494,"dvar":0.0000598695623921,"dvar2":0.000128656887682,"max":0.150568470359,"mean":0.0184856951237,"median":0.0154862795025,"min":1.52855217333e-22,"var":0.000357713666745},"spectral_entropy":{"dmean":0.121630653739,"dmean2":0.19417527318,"dvar":0.0114223072305,"dvar2":0.0272387452424,"max":9.81284236908,"mean":5.7199883461,"median":5.7997636795,"min":4.10033988953,"var":0.54169678688},"spectral_flux":{"dmean":0.0147110950202,"dmean2":0.0247309170663,"dvar":0.000297685270198,"dvar2":0.000828293676022,"max":0.296855121851,"mean":0.0678594410419,"median":0.0703585594893,"min":6.53681900276e-11,"var":0.00176413578447},"spectral_kurtosis":{"dmean":56.6018295288,"dmean2":100.42565155,"dvar":4790.32568359,"dvar2":15224.6162109,"max":890.476318359,"mean":173.228561401,"median":133.656814575,"min":-1.25112116337,"var":18820.6777344},"spectral_rms":{"dmean":0.000615239958279,"dmean2":0.000968722277321,"dvar":4.59308807876e-7,"dvar2":0.00000114079296054,"max":0.0135782090947,"mean":0.00439679482952,"median":0.00490777380764,"min":3.19723262622e-12,"var":0.00000678699916534},"spectral_rolloff":{"dmean":85.3806686401,"dmean2":148.539123535,"dvar":129732.796875,"dvar2":258459.921875,"max":19250.6835938,"mean":659.933776855,"median":581.396484375,"min":21.533203125,"var":1198891.75},"spectral_skewness":{"dmean":1.81215369701,"dmean2":3.19386410713,"dvar":2.83242416382,"dvar2":8.141248703,"max":23.6705036163,"mean":9.19626045227,"median":8.18788719177,"min":-0.0329750217497,"var":22.1523246765},"spectral_spread":{"dmean":258933.65625,"dmean2":464879.46875,"dvar":533775220736,"dvar2":1011674185730,"max":41922964,"mean":931401.4375,"median":734347.875,"min":96732.375,"var":5634556690430},"spectral_strongpeak":{"dmean":0.550030946732,"dmean2":0.887111008167,"dvar":0.607258677483,"dvar2":1.57627296448,"max":8.87039375305,"mean":1.16126048565,"median":0.669514238834,"min":0,"var":1.87465560436},"zerocrossingrate":{"dmean":0.00208591739647,"dmean2":0.00279199937358,"dvar":0.000024666373065,"dvar2":0.0000278111110674,"max":0.5126953125,"mean":0.0224847961217,"median":0.01953125,"min":0.00048828125,"var":0.00104443682358}},"metadata":{"audio_properties":{"analysis_sample_rate":44100,"bit_rate":0,"codec":"flac","downmix":"mix","equal_loudness":0,"length":63.1599998474,"lossless":true,"md5_encoded":"f5a788886b6ca16dda150513966cfe94","replay_gain":-4.0701675415,"sample_rate":44100},"tags":{"album":["Marauder"],"albumartist":["Interpol"],"albumartistsort":["Interpol"],"artist":["Interpol"],"artistsort":["Interpol"],"bpm":["0"],"compilation":["0"],"date":["2018-08-24"],"discnumber":["1"],"disctotal":["1"],"file_name":"12 Interlude 2.flac","genre":["Post-Punk"],"label":["Matador"],"language":["eng"],"media":["Digital Media"],"musicbrainz_albumartistid":["b23e8a63-8f47-4882-b55b-df2c92ef400e"],"musicbrainz_albumid":["fd48f802-d7a0-4b97-8b12-ebdf80e38c73"],"musicbrainz_artistid":["b23e8a63-8f47-4882-b55b-df2c92ef400e"],"musicbrainz_recordingid":["fa3d1935-2e65-40f3-92c2-677071f8ead2"],"musicbrainz_releasegroupid":["5c9e9907-c147-47d1-bb69-d864b0a746bc"],"musicbrainz_releasetrackid":["6778f82b-80c5-46dd-8288-68b7123aefc4"],"originaldate":["2018-08-24"],"releasecountry":["KG"],"script":["Latn"],"title":["Interlude 2"],"totaldiscs":["1"],"totaltracks":["13"],"tracknumber":["12"],"tracktotal":["13"]},"version":{"essentia":"2.1-beta2","essentia_build_sha":"70f2e5ece6736b2c40cc944ad0e695b16b925413","essentia_git_sha":"v2.1_beta2","extractor":"music 1.0"}},"rhythm":{"beats_count":120,"beats_loudness":{"dmean":0.0123227536678,"dmean2":0.0214068759233,"dvar":0.000322917010635,"dvar2":0.000845910282806,"max":0.124747104943,"mean":0.0269226171076,"median":0.0236978679895,"min":2.24725127396e-8,"var":0.000682974525262},"beats_loudness_band_ratio":{"dmean":[0.133303776383,0.137636035681,0.123216621578,0.0580144114792,0.00212319171987,0.0000595565034018],"dmean2":[0.230456009507,0.238058581948,0.216608643532,0.104488871992,0.00365551537834,0.000088634507847],"dvar":[0.0106732491404,0.0147637948394,0.0206025969237,0.00738607672974,0.0000147891514644,5.44880798259e-8],"dvar2":[0.0285148248076,0.0408687964082,0.069739446044,0.0236044414341,0.0000397645890189,5.91558695362e-8],"max":[0.994624614716,0.860502839088,0.834617257118,0.580632448196,0.0309653338045,0.00271163857542],"