{"lowlevel":{"average_loudness":0.925644695759,"barkbands":{"dmean":[0.0014156739926,0.00360263348557,0.00046884722542,0.000250200100709,0.000327187677613,0.000422169570811,0.000288959621685,0.000217049964704,0.000248844880844,0.000208175217267,0.000326793291606,0.00072397076292,0.000622109975666,0.000484818185214,0.000540296372492,0.000620731560048,0.000705485814251,0.00047933292808,0.000263788388111,0.000153895452968,0.000114271322673,0.0000467320242024,0.0000251135097642,0.0000187260829989,0.00000409515450883,0.0000501536924276,0.000688235042617],"dmean2":[0.00243380572647,0.00613631308079,0.0007913679583,0.000417078234022,0.000538698455784,0.000686288170982,0.000476972287288,0.000355805648724,0.000404518097639,0.000340618833434,0.000537197222002,0.00120965216774,0.00103309750557,0.000789913523477,0.000888746813871,0.00103572849184,0.00114784389734,0.000763921765611,0.000414362410083,0.000239038723521,0.000174634493305,0.0000727633014321,0.0000386617721233,0.0000278294410236,0.00000639937070446,0.0000729670282453,0.00103152904194],"dvar":[0.00000661455806039,0.000029826820537,4.87542081373e-7,1.99083402208e-7,3.23248059431e-7,5.51148161776e-7,3.77129424578e-7,2.79973249917e-7,4.01260649596e-7,2.16628606609e-7,6.0752392983e-7,0.00000214543661059,0.00000115519742394,5.92341109495e-7,7.63492550959e-7,8.28661711694e-7,9.20286595374e-7,5.35297317583e-7,1.53128283387e-7,1.12647775552e-7,9.04114614286e-8,7.1980839067e-9,1.69948843887e-9,9.07870834066e-10,3.85519671742e-11,8.36984614949e-9,7.07170443093e-7],"dvar2":[0.0000181094928848,0.000080930396507,0.00000133534103952,5.30805436938e-7,8.04776448149e-7,0.00000141102850648,9.92013383438e-7,7.25398479062e-7,0.00000105226774849,5.57101998311e-7,0.00000145306137256,0.00000553199788556,0.00000312378074341,0.00000140758106681,0.00000195247025658,0.0000022317449293,0.00000228990052165,0.00000130680314214,3.55797027396e-7,2.48108335654e-7,1.88450215433e-7,1.78917716198e-8,4.14519263359e-9,2.03771732821e-9,9.29331403499e-11,1.78326011735e-8,0.00000150685912104],"max":[0.0400210358202,0.0827583447099,0.0125981085002,0.0133943296969,0.0127217974514,0.0134611893445,0.0104700541124,0.0150591600686,0.0162627603859,0.0131373656914,0.0289075449109,0.0367516241968,0.0320410914719,0.0282098837197,0.0218925625086,0.0225328300148,0.0159480348229,0.0187512785196,0.00815073400736,0.00936354696751,0.0095688700676,0.00140800746158,0.000890922732651,0.000585228961427,0.000189016471268,0.00180248660035,0.0183167010546],"mean":[0.0016083852388,0.00474996631965,0.000664293416776,0.000362686201697,0.000496992142871,0.00065066141542,0.000430431304267,0.000314460834488,0.000400826422265,0.000312758551445,0.000486378907226,0.00123939989135,0.00113237265032,0.000894408731256,0.00100129225757,0.00127412565053,0.00143581291195,0.00101521494798,0.000591432559304,0.000351450842572,0.000255126331467,0.0000968630338321,0.0000554349753656,0.000041587431042,0.00000763086609368,0.00011384991376,0.0027309639845],"median":[0.000747181475163,0.00271159363911,0.000375744100893,0.000185825512744,0.000282986147795,0.000320677034324,0.000166711106431,0.000115072296467,0.000112235378765,0.000113628761028,0.000163786084158,0.000620456354227,0.000727686216123,0.000585862086155,0.000612047733739,0.000933416420594,0.000999074429274,0.000624589680228,0.000382801983505,0.000204051597393,0.000133956462378,0.0000517349726579,0.000028555157769,0.0000196538094315,0.00000376929574486,0.000051680366596,0.00227623595856],"min":[2.37651857654e-23,3.61899722145e-23,1.91777544977e-23,2.63168021172e-23,1.05532612832e-22,1.19150466203e-23,3.27699919777e-23,4.49154080704e-23,8.33107103653e-23,9.08771612456e-23,1.46481574628e-22,6.96396688363e-23,8.61898948972e-23,6.14899026482e-23,1.21968346776e-22,1.7214247519e-22,2.36328212164e-22,1.61041346853e-22,2.66471433011e-22,2.93912786325e-22,4.72790669521e-22,6.05074540147e-22,7.15311199976e-22,6.94989385751e-22,1.20085006367e-21,1.77704608478e-21,2.25826587822e-21],"var":[0.00000669476185067,0.0000353793475369,7.59095598823e-7,3.17846968301e-7,5.15762337727e-7,9.74559611677e-7,6.34185425952e-7,4.49545098036e-7,8.17729983282e-7,3.95554167198e-7,0.00000116159583285,0.00000428509702033,0.000002337732667,0.00000130422392886,0.00000156218015945,0.00000176502476279,0.00000211838823816,0.00000136006974572,4.36997851239e-7,3.17074295708e-7,2.26386603686e-7,1.4323675579e-8,4.6862491665e-9,2.88385271219e-9,1.03811126362e-10,2.72633915444e-8,0.00000496831125929]},"barkbands_crest":{"dmean":2.28874707222,"dmean2":3.93467020988,"dvar":4.81682014465,"dvar2":13.7698383331,"max":26.5898399353,"mean":7.32507133484,"median":6.55306386948,"min":2.41615557671,"var":9.81816482544},"barkbands_flatness_db":{"dmean":0.0159638896585,"dmean2":0.0263204835355,"dvar":0.00026128126774,"dvar2":0.000692985020578,"max":0.353758633137,"mean":0.087759681046,"median":0.0813630595803,"min":0.0293900240213,"var":0.00102488871198},"barkbands_kurtosis":{"dmean":1.02469050884,"dmean2":1.75270473957,"dvar":21.2161617279,"dvar2":63.1931877136,"max":175.163101196,"mean":0.421690553427,"median":-0.679083228111,"min":-1.95405554771,"var":29.3577156067},"barkbands_skewness":{"dmean":0.371564745903,"dmean2":0.616902053356,"dvar":0.217969894409,"dvar2":0.605772078037,"max":13.0993127823,"mean":0.432698071003,"median":0.408871471882,"min":-4.34114313126,"var":0.975459635258},"barkbands_spread":{"dmean":9.45147132874,"dmean2":15.6033496857,"dvar":73.329864502,"dvar2":192.395309448,"max":138.666442871,"mean":61.5136947632,"median":63.7838897705,"min":2.68673300743,"var":341.504089355},"dissonance":{"dmean":0.00667167082429,"dmean2":0.0114523116499,"dvar":0.000068000263127,"dvar2":0.000191931307199,"max":0.500000059605,"mean":0.490646779537,"median":0.493703961372,"min":0.367361456156,"var":0.000098091266409},"dynamic_complexity":3.0616569519,"erbbands":{"dmean":[0.161686688662,0.644686818123,0.6464651227,0.652863323689,1.00247764587,1.16243982315,1.81654381752,3.95754146576,4.21031236649,4.15249824524,4.81763029099,5.57106256485,6.23415374756,8.03195571899,16.0216312408,29.8629417419,25.4037532806,23.3081531525,24.7203521729,26.9327812195,36.9044189453,37.0735740662,28.027841568,16.9668388367,10.4485654831,7.11584329605,5.69577884674,3.50906705856,1.8123152256,1.0613476038,0.707842051983,0.480931013823,0.275904208422,0.0779329612851,0.0180551018566,0.104155674577,0.109330862761,0.079674333334,0.0420598909259,0.0156601145864],"dmean2":[0.27939543128,1.09407520294,1.09968066216,1.06634414196,1.70061802864,1.90482139587,3.00619840622,6.51490402222,6.79160499573,6.92583036423,7.77603340149,9.07581043243,10.0905628204,13.1551561356,26.1712608337,49.771686554,42.0601921082,38.2642364502,40.1185073853,44.0982780457,61.3599319458,60.1146621704,44.6608543396,26.5785961151,16.5062789917,10.9205026627,8.64256763458,5.33428955078,2.82027816772,1.65564739704,1.09343767166,0.731552600861,0.410236656666,0.117878779769,0.0276430137455,0.152513280511,0.16296350956,0.116826705635,0.0613220445812,0.0236736182123],"dvar":[0.0653509423137,1.12916886806,0.995307981968,1.17862558365,2.45208740234,5.98113393784,14.9031009674,55.5419082642,64.9305038452,114.078437805,116.045661926,225.090621948,241.317642212,507.610626221,1293.63122559,3663.27270508,2072.63037109,1294.30664062,1679.4239502,1817.8392334,3061.31347656,2672.38549805,1762.7545166,613.455078125,287.816223145,251.203659058,272.935424805,61.5189094543,10.3442964554,3.67470502853,1.78300225735,0.708682239056,0.202909946442,0.0149923982099,0.000893184216693,0.0588749088347,0.0406627841294,0.0152730681002,0.00346134626307,0.000364926818293],"dvar2":[0.182992786169,2.97149419785,2.73971366882,3.11029481888,6.66196155548,14.7971048355,37.8386192322,146.18901062,163.503799438,311.807983398,291.157836914,592.702575684,628.850585938,1235.29455566,3139.13500977,9480.49707031,5656.33300781,3230.54272461,3975.21679688,4715.39111328,8131.07910156,6650.78808594,4302.36279297,1408.64489746,697.973754883,546.991333008,569.789550781,130.571334839,25.3990421295,9.21142292023,4.45779132843,1.71298694611,0.448136419058,0.0339181944728,0.00196473207325,0.124808847904,0.0907616764307,0.0333375185728,0.00723204761744,0.000797352462541],"max":[2.77969789505,16.6817531586,14.8206033707,27.7739143372,28.6259632111,59.2895622253,82.9610595703,139.557540894,191.796310425,263.887542725,326.44342041,384.597106934,449.273223877,941.097839355,1359.61303711,1611.34899902,1264.99511719,1059.17150879,1355.05078125,1423.37438965,1509.0847168,900.932800293,979.784362793,444.050384521,543.809570312,474.723510742,567.882324219,235.122116089,54.9044456482,34.9804992676,44.2189903259,22.893737793,13.1130247116,3.3583779335,0.697632133961,7.36010456085,4.39783096313,2.31372666359,1.41800558567,0.47051563859],"mean":[0.202639311552,0.797866642475,0.933039963245,1.04601228237,1.50343430042,1.65485048294,2.48609471321,5.85217380524,6.76903629303,6.18811273575,7.89509487152,9.0906419754,9.80396175385,12.9962368011,27.2540054321,53.3023719788,50.1758995056,47.6235961914,48.9623374939,56.8346481323,79.204536438,79.4547653198,60.7719688416,38.4886283875,24.5715961456,16.5963249207,12.4716711044,7.79791879654,3.82475876808,2.21527981758,1.53484761715,1.0305877924,0.592352807522,0.160552829504,0.0340060703456,0.210969209671,0.238690450788,0.200675427914,0.142582148314,0.066072717309],"median":[0.109921395779,0.405120611191,0.547470033169,0.600652337074,0.874859333038,0.802042782307,1.16087579727,2.73653936386,3.05038022995,2.32606220245,2.89249777794,2.68009495735,3.50101566315,4.81577396393,11.4876995087,28.2575893402,33.2921142578,33.3027801514,31.5034751892,38.194519043,58.61693573,55.4035186768,39.247505188,24.6575508118,15.6786994934,9.71502590179,6.56473827362,4.09686088562,2.05816316605,1.16056609154,0.770603775978,0.49164006114,0.274457514286,0.0747606158257,0.0176716893911,0.0819256827235,0.107582569122,0.114924937487,0.0945622175932,0.0570462793112],"min":[1.18912968584e-21,7.6570857224e-21,2.33512618403e-20,5.84730291475e-20,9.79762736085e-20,4.78682699642e-19,3.77376623402e-19,7.75628390333e-20,4.19935169316e-19,6.66604951623e-19,1.10230915609e-18,2.1947237845e-18,1.74404828302e-18,6.33971404668e-18,3.20524939341e-18,3.4092904487e-18,4.247233715e-18,2.90113209851e-18,6.1839273996e-18,5.75950061371e-18,1.09843571744e-17,1.31603815072e-17,9.73041919458e-18,1.0057125758e-17,1.61593703129e-17,1.45298245062e-17,1.7626575307e-17,1.82258329192e-17,2.5961718652e-17,2.16357857328e-17,2.04974445892e-17,1.76939342786e-17,9.5920657925e-18,1.20080883082e-17,9.36352075234e-18,6.38991315651e-18,3.0575409922e-18,1.51424427397e-18,3.25592377021e-19,2.98156767119e-20],"var":[0.0725672096014,1.3374632597,1.38862621784,1.93225264549,4.08291959763,9.08224010468,20.4267196655,86.1151199341,118.293388367,175.003189087,238.069168091,449.891540527,446.679138184,854.950927734,2778.8527832,7592.22802734,4524.79638672,2966.00170898,3717.50561523,4084.64599609,6813.5078125,6504.82373047,4498.39453125,1820.75097656,852.590026855,710.733154297,628.198547363,165.210220337,22.5131950378,7.52676916122,4.01488924026,1.83935582638,0.631651163101,0.0471272431314,0.00227695284411,0.139312148094,0.123054936528,0.0568661503494,0.0237659923732,0.00263361912221]},"erbbands_crest":{"dmean":1.98497724533,"dmean2":3.33881998062,"dvar":3.35549974442,"dvar2":8.96481323242,"max":29.4970741272,"mean":7.78366708755,"median":7.11909008026,"min":2.39994239807,"var":7.86046981812},"erbbands_flatness_db":{"dmean":0.0141247641295,"dmean2":0.0221182908863,"dvar":0.000156465554028,"dvar2":0.0003616832837,"max":0.323774158955,"mean":0.144529342651,"median":0.141639262438,"min":0.0242994017899,"var":0.000847995863296},"erbbands_kurtosis":{"dmean":1.09577202797,"dmean2":1.77414572239,"dvar":1.23909115791,"dvar2":3.13755726814,"max":21.2701816559,"mean":2.22576928139,"median":1.84358668327,"min":-1.72452270985,"var":4.6305398941},"erbbands_skewness":{"dmean":0.311050742865,"dmean2":0.50303632021,"dvar":0.067436799407,"dvar2":0.1701169312,"max":3.49064612389,"mean":-0.616290092468,"median":-0.617854356766,"min":-2.90850877762,"var":0.378793001175},"erbbands_spread":{"dmean":3.73260450363,"dmean2":6.00376176834,"dvar":12.8490142822,"dvar2":31.1446990967,"max":88.400100708,"mean":19.5717353821,"median":18.2833442688,"min":3.21091198921,"var":59.132106781},"gfcc":{"cov":[[29556.7597656,1912.87866211,-1208.6673584,208.533691406,1265.91955566,-935.096130371,548.42565918,-871.555847168,199.482620239,-281.716949463,98.8288116455,111.684509277,-153.342697144],[1912.87866211,1445.71081543,-207.865966797,-305.556793213,250.580810547,-285.868438721,171.661972046,-196.766662598,80.9834747314,-135.71043396,30.4887638092,-91.7071609497,72.6539764404],[-1208.6673584,-207.865966797,227.659393311,110.236656189,-92.37890625,102.582382202,-67.3423690796,76.9373855591,-15.0439786911,32.436050415,-18.3556499481,3.08608603477,-13.3857288361],[208.533691406,-305.556793213,110.236656189,293.612792969,102.87411499,44.7867240906,-15.3781766891,36.2449455261,-26.3962688446,19.4372520447,-10.0163221359,22.440246582,-37.2019119263],[1265.91955566,250.580810547,-92.37890625,102.87411499,329.507080078,-32.330581665,74.9414672852,-72.8806152344,5.16094923019,-53.4477806091,35.3184700012,-9.46568870544,1.21106028557],[-935.096130371,-285.868438721,102.582382202,44.7867240906,-32.330581665,210.665008545,-10.6693210602,73.4677734375,-28.0105781555,16.4734401703,-9.94948005676,22.7307167053,-7.61187982559],[548.42565918,171.661972046,-67.3423690796,-15.3781766891,74.9414672852,-10.6693210602,123.253089905,9.17321300507,22.1295318604,-23.3445339203,-11.441075325,-12.721745491,6.02456474304],[-871.555847168,-196.766662598,76.9373855591,36.2449455261,-72.8806152344,73.4677734375,9.17321300507,170.39541626,35.6038970947,30.6775016785,-23.5861301422,-8.68148422241,-8.22064113617],[199.482620239,80.9834747314,-15.0439786911,-26.3962688446,5.16094923019,-28.0105781555,22.1295318604,35.6038970947,102.089408875,30.1038799286,7.44255065918,-17.0171985626,-11.2276000977],[-281.716949463,-135.71043396,32.436050415,19.4372520447,-53.4477806091,16.4734401703,-23.3445339203,30.6775016785,30.1038799286,82.1950149536,26.6847324371,12.9634027481,-1.97102248669],[98.8288116455,30.4887638092,-18.3556499481,-10.0163221359,35.3184700012,-9.94948005676,-11.441075325,-23.5861301422,7.44255065918,26.6847324371,76.816116333,38.1626472473,11.6326408386],[111.684509277,-91.7071609497,3.08608603477,22.440246582,-9.46568870544,22.7307167053,-12.721745491,-8.68148422241,-17.0171985626,12.9634027481,38.1626472473,71.8491516113,21.7382164001],[-153.342697144,72.6539764404,-13.3857288361,-37.2019119263,1.21106028557,-7.61187982559,6.02456474304,-8.22064113617,-11.2276000977,-1.97102248669,11.6326408386,21.7382164001,57.8843536377]],"icov":[[0.0000650311631034,-0.0000789625264588,0.000267120340141,-0.000151734348037,-0.0000706526407157,0.0000814741142676,-0.0000478718284285,0.000165769437444,-0.000121253033285,-0.0000839201602503,0.000298720900901,-0.000472933985293,0.000367555301636],[-0.0000789625264588,0.00421732990071,-0.00598573917523,0.00616156449541,-0.00397274596617,0.00475954078138,-0.00444394676015,0.00199334695935,-0.00133131514303,0.00258409650996,-0.00110258976929,0.00168911088258,-0.00205517164432],[0.000267120340141,-0.00598573917523,0.0216648746282,-0.0172674600035,0.0119878947735,-0.0119198784232,0.00952569860965,-0.00215787137859,-0.00169187260326,0.00123905588407,-0.00390846142545,0.00539445085451,-0.00250957603566],[-0.000151734348037,0.00616156449541,-0.0172674600035,0.0237575098872,-0.0170795768499,0.0120485564694,-0.00572322588414,-0.00148715230171,0.00517688086256,-0.00729315681383,0.0115241091698,-0.0119517687708,0.0083945337683],[-0.0000706526407157,-0.00397274596617,0.0119878947735,-0.0170795768499,0.0179065149277,-0.00968101248145,0.00134997314308,0.00255660247058,-0.0045666564256,0.00965989101678,-0.0143902804703,0.0128638762981,-0.00732651632279],[0.0000814741142676,0.00475954078138,-0.0119198784232,0.0120485564694,-0.00968101248145,0.0153994141147,-0.00624085217714,-0.00144838902634,0.00348717183806,-0.00235258112662,0.00543871847913,-0.00766388187185,0.00428180536255],[-0.0000478718284285,-0.00444394676015,0.00952569860965,-0.00572322588414,0.00134997314308,-0.00624085217714,0.0180094242096,-0.00522361509502,-0.000402141595259,-0.00175003695767,0.00448072142899,-0.00170280830935,0.000111810928502],[0.000165769437444,0.00199334695935,-0.00215787137859,-0.00148715230171,0.00255660247058,-0.00144838902634,-0.00522361509502,0.0130183491856,-0.00705570168793,0.00306884734891,-0.0017122552963,0.00413378793746,-0.0038414450828],[-0.000121253033285,-0.00133131514303,-0.00169187260326,0.00517688086256,-0.0045666564256,0.00348717183806,-0.000402141595259,-0.00705570168793,0.0194439031184,-0.0120533592999,0.00411629024893,-0.0034188721329,0.00769737455994],[-0.0000839201602503,0.00258409650996,0.00123905588407,-0.00729315681383,0.00965989101678,-0.00235258112662,-0.00175003695767,0.00306884734891,-0.0120533592999,0.031202422455,-0.0202727150172,0.0129918092862,-0.00984040554613],[0.000298720900901,-0.00110258976929,-0.00390846142545,0.0115241091698,-0.0143902804703,0.00543871847913,0.00448072142899,-0.0017122552963,0.00411629024893,-0.0202727150172,0.040171738714,-0.0285951923579,0.0117585277185],[-0.000472933985293,0.00168911088258,0.00539445085451,-0.0119517687708,0.0128638762981,-0.00766388187185,-0.00170280830935,0.00413378793746,-0.0034188721329,0.0129918092862,-0.0285951923579,0.0429980009794,-0.020941356197],[0.000367555301636,-0.00205517164432,-0.00250957603566,0.0083945337683,-0.00732651632279,0.00428180536255,0.000111810928502,-0.0038414450828,0.00769737455994,-0.00984040554613,0.0117585277185,-0.020941356197,0.0324623733759]],"mean":[-3.05055117607,37.3336105347,-111.561088562,4.81357336044,9.02282333374,-13.1625814438,-3.61265778542,-11.9983348846,2.28997755051,-3.37468266487,2.3313293457,3.16295671463,-8.48025512695]},"hfc":{"dmean":27.1322937012,"dmean2":40.523765564,"dvar":1004.34820557,"dvar2":2147.80419922,"max":1190.80651855,"mean":139.584976196,"median":131.33442688,"min":1.14317803258e-16,"var":7549.94482422},"melbands":{"dmean":[0.00122747884598,0.000498461304232,0.000116607407108,0.0000756472727517,0.0000589748160564,0.0000872394375619,0.0000637333432678,0.0000451213199995,0.0000393607515434,0.0000357352400897,0.0000316117293551,0.0000318735910696,0.0000481467213831,0.0000793638973846,0.0000771179547883,0.0000551987250219,0.0000468243451905,0.0000423995625169,0.0000417508927057,0.0000398110314563,0.0000494140294904,0.0000436591617472,0.0000317227531923,0.0000230324676522,0.000014648116121,0.00000951480069489,0.00000667636004437,0.00000482871382701,0.00000390789227822,0.00000323056156049,0.00000191773960978,0.00000116604644518,7.79667004736e-7,5.526266591e-7,4.45906181312e-7,3.66462955981e-7,2.89809065634e-7,2.17225149868e-7,1.52141254262e-7,3.75914410711e-8],"dmean2":[0.00209659361281,0.00083927041851,0.000192587438505,0.000125194783323,0.0000969000830082,0.000142269578646,0.000102850004623,0.0000749473983888,0.0000633711824776,0.0000582692773605,0.0000513845261594,0.0000523866874573,0.0000785899173934,0.000132329354528,0.000128378160298,0.000092171736469,0.0000768176614656,0.0000688963482389,0.0000691882814863,0.0000664655963192,0.0000826365721878,0.0000715208661859,0.0000516276886628,0.000036752277083,0.0000233981809288,0.0000153386790771,0.0000107881523945,0.00000752144615035,0.00000602852378506,0.00000502043576489,0.00000300876672554,0.0000018479023538,0.00000123884888126,8.77224124451e-7,7.00923067143e-7,5.76533636831e-7,4.473577917e-7,3.30655012704e-7,2.28398320701e-7,5.96783493734e-8],"dvar":[0.00000349580932379,6.38741028069e-7,3.33599281532e-8,1.65762727988e-8,1.48152983215e-8,2.50093172838e-8,1.46981573579e-8,1.30218893446e-8,7.75621966653e-9,8.88198936622e-9,6.16128303932e-9,7.63102558921e-9,1.17871623573e-8,3.08681826766e-8,2.32877201967e-8,7.18903692132e-9,5.54335066738e-9,5.47275291751e-9,4.70018690635e-9,2.99483238209e-9,5.57897505971e-9,3.60782848041e-9,2.28963337179e-9,1.26986943183e-9,4.64488697505e-10,2.17108345191e-10,1.5546627874e-10,1.38583589049e-10,1.42327552521e-10,7.56888232645e-11,1.66682032759e-11,4.23163847713e-12,2.17964166681e-12,8.46822883083e-13,7.28456628785e-13,5.22907184133e-13,2.25407230858e-13,1.2764721463e-13,6.11920927883e-14,3.43620175581e-15],"dvar2":[0.00000964921127888,0.0000016962145537,8.8422332567e-8,4.20021493142e-8,3.74187685281e-8,6.48244125045e-8,3.6912989998e-8,3.51722135861e-8,1.9834871523e-8,2.34023946888e-8,1.60353827994e-8,1.86995627871e-8,2.85087544682e-8,7.75783988161e-8,6.39337827124e-8,1.91274516226e-8,1.35220057373e-8,1.25520207561e-8,1.23307879463e-8,7.98319099715e-9,1.46428886794e-8,9.09217945377e-9,5.8230522626e-9,3.17054427157e-9,1.11513442924e-9,5.31125143866e-10,3.93920340791e-10,3.04636593729e-10,3.08609582333e-10,1.60181645725e-10,3.88029226805e-11,1.0580658745e-11,5.59400789579e-12,2.1335069128e-12,1.84902635737e-12,1.33460961466e-12,5.41942630095e-13,2.91832340628e-13,1.37102053885e-13,8.51938707975e-15],"max":[0.0242583304644,0.0109530175105,0.00518513284624,0.00361619610339,0.00304514565505,0.00277382880449,0.00252906093374,0.00278776697814,0.0021909144707,0.00210307911038,0.00218544504605,0.0035767108202,0.00435409974307,0.00516482116655,0.00511793605983,0.00176201260183,0.00254848180339,0.00261416449212,0.00157048599795,0.00106852594763,0.00195122836158,0.00112667016219,0.000927029352169,0.000727809558157,0.000378375669243,0.00028691731859,0.000531571626198,0.000366760097677,0.000379052071366,0.00026591331698,0.000119934411487,0.000038090707676,0.0000237709336943,0.0000179848811968,0.0000276850496448,0.0000209639274544,0.000010246914826,0.00000959632779995,0.00000658620228933,0.00000172374939211],"mean":[0.00162470515352,0.000702423567418,0.000199942340259,0.000114900889457,0.000083415347035,0.000132649220177,0.000103782702354,0.0000674212133163,0.0000653915922157,0.0000564859328733,0.0000478890069644,0.0000487866745971,0.000075843941886,0.000132269880851,0.000137069626362,0.000100442775874,0.0000872856326168,0.0000773783103796,0.0000764512806199,0.0000784098374425,0.0000968761669355,0.0000868294227985,0.0000621007930022,0.0000467596473754,0.0000299350103887,0.0000199542537302,0.0000143445813592,0.0000101075302155,0.00000786079453974,0.00000642570739728,0.0000039075703171,0.00000226993870456,0.00000147570142417,0.00000110750204385,9.16244744076e-7,7.22673121345e-7,5.91752950641e-7,4.39236970351e-7,3.10503367018e-7,6.6538405008e-8],"median":[0.000945807318203,0.000408330408391,0.000124588113977,0.0000659545621602,0.0000395534807467,0.0000628308480373,0.000045814733312,0.000025998444471,0.0000219076537178,0.000016228075765,0.0000165814835782,0.0000174279521161,0.0000287955335807,0.0000598890837864,0.0000801741189207,0.0000671909365337,0.0000588977854932,0.0000484154879814,0.0000462113166577,0.0000557537932764,0.0000690344895702,0.0000589908777329,0.0000409080384998,0.0000278287443507,0.000018564200218,0.0000124186844914,0.00000866244045028,0.00000548810294276,0.00000396523364543,0.00000317128160532,0.00000200822341867,0.00000119545677535,7.50630761104e-7,5.76458091928e-7,4.52405799933e-7,3.48110290815e-7,2.75903374813e-7,2.04594982733e-7,1.35074259333e-7,3.22114175333e-8],"min":[1.18807327487e-23,1.1775549191e-23,1.05069204382e-23,1.94767532911e-23,1.7127170528e-23,1.57164994805e-24,6.48975474671e-24,7.88373310295e-24,9.51332646222e-24,1.32849351367e-23,8.50852040622e-24,2.4934470109e-23,1.45318859918e-23,6.46128317892e-24,1.25420932212e-23,5.86933970501e-24,5.24863199592e-24,1.00730074973e-23,7.35023436136e-24,1.13267252013e-23,1.13452358224e-23,1.48696904309e-23,9.77937059137e-24,7.76950288844e-24,7.72835669248e-24,1.09766255761e-23,1.08038382166e-23,9.56586617623e-24,1.00951957879e-23,1.1099604258e-23,9.92661147933e-24,1.59223211793e-23,1.07936406116e-23,1.25263057479e-23,1.16023705565e-23,1.07350881998e-23,1.06009936788e-23,6.02725782532e-24,8.48709178859e-24,1.04304664058e-23],"var":[0.00000402011210099,8.50907213135e-7,6.06320256225e-8,2.72182614225e-8,2.07139549957e-8,4.24457127224e-8,2.78253509123e-8,1.98837390997e-8,1.65851812284e-8,1.76616428149e-8,1.11266773573e-8,1.27861676802e-8,2.421841927e-8,5.91667870253e-8,4.95767267239e-8,1.43238771955e-8,1.16961160757e-8,1.15137597234e-8,9.07552166751e-9,6.27290486221e-9,1.15596936467e-8,8.23206125489e-9,4.69002126025e-9,3.16612913664e-9,1.17123954979e-9,5.48308898285e-10,4.11141981571e-10,3.35602851065e-10,2.85616919005e-10,1.70079547668e-10,3.87793200329e-11,8.36827742517e-12,3.57694538052e-12,1.91352250885e-12,1.52558250321e-12,9.79854652278e-13,6.2332658566e-13,3.57459504705e-13,1.87053687426e-13,8.26408457318e-15]},"melbands_crest":{"dmean":4.64440155029,"dmean2":7.87802600861,"dvar":17.544095993,"dvar2":47.463394165,"max":38.9490699768,"mean":14.02156353,"median":12.9102773666,"min":2.33336544037,"var":43.5333824158},"melbands_flatness_db":{"dmean":0.0257230196148,"dmean2":0.0424944087863,"dvar":0.000550566415768,"dvar2":0.00144613301381,"max":0.412911951542,"mean":0.152292877436,"median":0.14755256474,"min":0.00569781661034,"var":0.00252838758752},"melbands_kurtosis":{"dmean":2.22925162315,"dmean2":3.81408858299,"dvar":51.8687095642,"dvar2":154.503723145,"max":340.489685059,"mean":1.55620622635,"median":-0.0355750322342,"min":-1.80636024475,"var":67.4299163818},"melbands_skewness":{"dmean":0.602336645126,"dmean2":1.00201940536,"dvar":0.395534038544,"dvar2":1.09268450737,"max":17.2203102112,"mean":1.13503289223,"median":1.01848518848,"min":-2.49572968483,"var":1.2464672327},"melbands_spread":{"dmean":11.9675951004,"dmean2":19.8708000183,"dvar":134.983901978,"dvar2":360.269348145,"max":258.786804199,"mean":54.9166145325,"median":52.176940918,"min":1.83091187477,"var":537.573913574},"mfcc":{"cov":[[13323.1601562,875.351257324,-901.932983398,631.51348877,221.734024048,335.384185791,9.78014087677,180.218231201,-149.692596436,62.0696029663,-24.9525527954,258.386016846,41.4864234924],[875.351257324,1362.5748291,-313.713745117,-10.3261270523,-43.4806098938,-8.947930336,-17.2156848907,-18.1634883881,6.00278711319,-20.2403373718,-30.7675361633,14.6426782608,15.0321149826],[-901.932983398,-313.713745117,325.264068604,-62.7871322632,-36.5596122742,-37.6364822388,-35.318397522,-7.57455730438,15.8846607208,21.2294960022,13.9539747238,-22.2069396973,-14.5258951187],[631.51348877,-10.3261270523,-62.7871322632,268.814422607,106.921974182,32.6415176392,30.5643081665,12.0084972382,-1.58541250229,-0.0934687033296,12.9726343155,19.0831260681,-5.16819190979],[221.734024048,-43.4806098938,-36.5596122742,106.921974182,193.279129028,71.1047439575,44.5302505493,29.2456207275,-17.1284999847,-6.67587900162,11.486582756,17.5047645569,15.7862644196],[335.384185791,-8.947930336,-37.6364822388,32.6415176392,71.1047439575,133.113372803,48.5352783203,15.7318019867,-20.3060264587,-24.7076835632,-13.7020368576,17.4484176636,14.8183746338],[9.78014087677,-17.2156848907,-35.318397522,30.5643081665,44.5302505493,48.5352783203,110.123664856,46.3749198914,11.7155294418,-15.4005804062,-15.9987306595,-3.97460770607,1.38047611713],[180.218231201,-18.1634883881,-7.57455730438,12.0084972382,29.2456207275,15.7318019867,46.3749198914,102.102920532,36.4256858826,23.3496856689,8.5422296524,-10.9977149963,-10.9649877548],[-149.692596436,6.00278711319,15.8846607208,-1.58541250229,-17.1284999847,-20.3060264587,11.7155294418,36.4256858826,89.0914916992,48.9305610657,20.6275119781,-13.1556243896,-20.8244743347],[62.0696029663,-20.2403373718,21.2294960022,-0.0934687033296,-6.67587900162,-24.7076835632,-15.4005804062,23.3496856689,48.9305610657,92.03490448,44.1310272217,4.60068798065,-15.0138607025],[-24.9525527954,-30.7675361633,13.9539747238,12.9726343155,11.486582756,-13.7020368576,-15.9987306595,8.5422296524,20.6275119781,44.1310272217,68.9535446167,19.0120239258,5.43962812424],[258.386016846,14.6426782608,-22.2069396973,19.0831260681,17.5047645569,17.4484176636,-3.97460770607,-10.9977149963,-13.1556243896,4.60068798065,19.0120239258,59.2642440796,27.7880268097],[41.4864234924,15.0321149826,-14.5258951187,-5.16819190979,15.7862644196,14.8183746338,1.38047611713,-10.9649877548,-20.8244743347,-15.0138607025,5.43962812424,27.7880268097,55.6124954224]],"icov":[[0.000133568086312,-0.0000180025508598,0.000276708306046,-0.000283744186163,0.000181753013749,-0.00028542423388,0.000339851045283,-0.000460724550067,0.000362618797226,-0.000353107287083,0.000323429645505,-0.000466482277261,0.000118225223559],[-0.0000180025508598,0.00101139605977,0.0010265695164,0.000173291802639,0.000137589740916,0.000134406873258,0.000412698340369,0.000123821460875,-0.000559020671062,0.000162653668667,0.000376005948056,-0.0000229259785556,-0.000227149852435],[0.000276708306046,0.0010265695164,0.00515092350543,0.000252301979344,0.000419379503001,-0.000228920733207,0.00187082332559,-0.000683646358084,0.000009408781807,-0.000804189243354,0.000319618469803,0.000137100258144,0.00033232034184],[-0.000283744186163,0.000173291802639,0.000252301979344,0.0058437702246,-0.00330864405259,0.00116780691314,-0.00126604968682,0.00163935124874,-0.00135505245999,0.0013544698013,-0.00132197793573,-0.000704883830622,0.0020962653216],[0.000181753013749,0.000137589740916,0.000419379503001,-0.00330864405259,0.00918726995587,-0.0036833086051,-0.000639974372461,-0.00241310638376,0.002706207335,-0.000986460130662,-0.00155929196626,0.000240329638473,-0.00167761184275],[-0.00028542423388,0.000134406873258,-0.000228920733207,0.00116780691314,-0.0036833086051,0.0121121425182,-0.00412822933868,0.000555784266908,0.000320319872117,0.00179139862303,0.00117661070544,-0.00229713623412,-0.000108134816401],[0.000339851045283,0.000412698340369,0.00187082332559,-0.00126604968682,-0.000639974372461,-0.00412822933868,0.0161073822528,-0.0067986138165,-0.00258773984388,0.00222614454105,0.00366703560576,-0.000813035061583,-0.000773150473833],[-0.000460724550067,0.000123821460875,-0.000683646358084,0.00163935124874,-0.00241310638376,0.000555784266908,-0.0067986138165,0.0168324150145,-0.00505791883916,-0.00136468640994,-0.0021578122396,0.00395437749103,0.000281244487269],[0.000362618797226,-0.000559020671062,0.000009408781807,-0.00135505245999,0.002706207335,0.000320319872117,-0.00258773984388,-0.00505791883916,0.021254202351,-0.00970162078738,-0.00101086788345,0.0015518219443,0.0026336396113],[-0.000353107287083,0.000162653668667,-0.000804189243354,0.0013544698013,-0.000986460130662,0.00179139862303,0.00222614454105,-0.00136468640994,-0.00970162078738,0.023731296882,-0.0109840827063,-0.00218563317321,0.00455407891423],[0.000323429645505,0.000376005948056,0.000319618469803,-0.00132197793573,-0.00155929196626,0.00117661070544,0.00366703560576,-0.0021578122396,-0.00101086788345,-0.0109840827063,0.0261822976172,-0.00736483279616,-0.00299454922788],[-0.000466482277261,-0.0000229259785556,0.000137100258144,-0.000704883830622,0.000240329638473,-0.00229713623412,-0.000813035061583,0.00395437749103,0.0015518219443,-0.00218563317321,-0.00736483279616,0.0290410201997,-0.012131370604],[0.000118225223559,-0.000227149852435,0.00033232034184,0.0020962653216,-0.00167761184275,-0.000108134816401,-0.000773150473833,0.000281244487269,0.0026336396113,0.00455407891423,-0.00299454922788,-0.012131370604,0.0273863319308]],"mean":[-651.929260254,106.955558777,-47.2355918884,31.6233386993,17.9275531769,17.3685874939,3.78886961937,8.30625724792,-0.896487474442,3.45234560966,2.25077104568,13.9934129715,3.9531109333]},"pitch_salience":{"dmean":0.0695869699121,"dmean2":0.116545431316,"dvar":0.00408024061471,"dvar2":0.0111712710932,"max":0.842149198055,"mean":0.608414411545,"median":0.627024829388,"min":0.0244200173765,"var":0.0121343564242},"silence_rate_20dB":{"dmean":0,"dmean2":0,"dvar":0,"dvar2":0,"max":1,"mean":1,"median":1,"min":1,"var":0},"silence_rate_30dB":{"dmean":0,"dmean2":0,"dvar":0,"dvar2":0,"max":1,"mean":1,"median":1,"min":1,"var":0},"silence_rate_60dB":{"dmean":0.00682777818292,"dmean2":0.013656783849,"dvar":0.00678043579683,"dvar2":0.0159839447588,"max":1,"mean":0.0741106718779,"median":0,"min":0,"var":0.0686196759343},"spectral_centroid":{"dmean":184.903091431,"dmean2":282.97442627,"dvar":37640.7929688,"dvar2":71372.3828125,"max":11192.8681641,"mean":2265.61328125,"median":2258.22753906,"min":437.977508545,"var":414598.71875},"spectral_complexity":{"dmean":4.06558275223,"dmean2":6.09631633759,"dvar":15.5849847794,"dvar2":29.666437149,"max":60,"mean":29.9982032776,"median":32,"min":0,"var":166.042419434},"spectral_contrast_coeffs":{"dmean":[0.0467338189483,0.0462026931345,0.0388624630868,0.0275095198303,0.0203005578369,0.0206979904324],"dmean2":[0.0785414800048,0.0774365440011,0.0655544623733,0.047083184123,0.0339077822864,0.0336493439972],"dvar":[0.00137205608189,0.00131940364372,0.000949591165408,0.000463213335024,0.000262812885921,0.000379154284019],"dvar2":[0.00380032882094,0.00365973217413,0.00264457543381,0.00134032161441,0.000714017660357,0.000956001167651],"max":[-0.481560230255,-0.514441013336,-0.523783326149,-0.61381405592,-0.662938654423,-0.563205003738],"mean":[-0.75295650959,-0.784672379494,-0.803038537502,-0.809037089348,-0.779870092869,-0.728403687477],"median":[-0.756531476974,-0.788796365261,-0.808073461056,-0.808215618134,-0.775934696198,-0.719141602516],"min":[-0.965962767601,-0.967556655407,-0.960327923298,-0.960666418076,-0.953987300396,-0.96377658844],"var":[0.00382249103859,0.00425921659917,0.00320741138421,0.001568165957,0.00149138423149,0.00243755849078]},"spectral_contrast_valleys":{"dmean":[0.383600771427,0.351331442595,0.302599161863,0.235997125506,0.213115394115,0.3275167346],"dmean2":[0.635619461536,0.584603190422,0.490500539541,0.376423329115,0.318193942308,0.472508370876],"dvar":[0.102282427251,0.0865110009909,0.0735240727663,0.053740683943,0.0668607950211,0.131965249777],"dvar2":[0.253285378218,0.205853715539,0.160789608955,0.104752033949,0.11039134115,0.261442691088],"max":[-5.66152524948,-4.89621829987,-5.17209529877,-5.35215997696,-5.20413589478,-8.61793136597],"mean":[-7.61242580414,-7.29595899582,-7.42995071411,-6.93960475922,-7.13961791992,-10.7176961899],"median":[-7.18983459473,-6.97366809845,-7.08473396301,-6.5505361557,-6.73274421692,-10.3663129807],"min":[-27.0210876465,-27.0723667145,-27.5009250641,-27.2991638184,-27.3957958221,-27.2005405426],"var":[3.84254717827,2.7847032547,2.76622653008,2.97465634346,2.82324814796,1.87576842308]},"spectral_decrease":{"dmean":1.56482471425e-9,"dmean2":2.52535148348e-9,"dvar":3.96564282292e-18,"dvar2":1.01764581419e-17,"max":8.70368754846e-9,"mean":-3.42621420124e-9,"median":-2.77764122814e-9,"min":-2.59693031524e-8,"var":8.30055478772e-18},"spectral_energy":{"dmean":0.00710846623406,"dmean2":0.0111121628433,"dvar":0.0000789901532698,"dvar2":0.000188711157534,"max":0.138639196754,"mean":0.0255920104682,"median":0.0231568068266,"min":1.05524222381e-20,"var":0.000266177987214},"spectral_energyband_high":{"dmean":0.000727491977159,"dmean2":0.00106073904317,"dvar":9.53312337515e-7,"dvar2":0.00000191402659766,"max":0.0210769027472,"mean":0.00267311767675,"median":0.00204435316846,"min":7.68508142405e-21,"var":0.00000604185152042},"spectral_energyband_low":{"dmean":0.00450967391953,"dmean2":0.00761710805818,"dvar":0.0000429401989095,"dvar2":0.000117153467727,"max":0.0887254029512,"mean":0.00675429776311,"median":0.00441279169172,"min":8.43596429337e-23,"var":0.0000546047231182},"spectral_energyband_middle_high":{"dmean":0.00268641160801,"dmean2":0.00411470327526,"dvar":0.0000118749285321,"dvar2":0.0000270304462902,"max":0.0758129060268,"mean":0.00952324736863,"median":0.00773061439395,"min":1.53909100161e-21,"var":0.000055728276493},"spectral_energyband_middle_low":{"dmean":0.00108310813084,"dmean2":0.0017264286289,"dvar":0.00000213668886317,"dvar2":0.00000534891887582,"max":0.0273926127702,"mean":0.00276493444107,"median":0.00197442132048,"min":3.14449423152e-22,"var":0.00000678290143696},"spectral_entropy":{"dmean":0.0784230604768,"dmean2":0.121765851974,"dvar":0.00629188446328,"dvar2":0.0136362900957,"max":9.81051540375,"mean":7.84972143173,"median":7.84407615662,"min":6.57422590256,"var":0.0645057335496},"spectral_flux":{"dmean":0.0154487965629,"dmean2":0.0241164509207,"dvar":0.00031137620681,"dvar2":0.000692630535923,"max":0.257141172886,"mean":0.0925864800811,"median":0.0931287705898,"min":1.02724981299e-10,"var":0.00156586884987},"spectral_kurtosis":{"dmean":2.62845230103,"dmean2":3.95724320412,"dvar":8.62956905365,"dvar2":18.7109642029,"max":55.211681366,"mean":19.5906524658,"median":19.0250778198,"min":-1.16318333149,"var":49.946762085},"spectral_rms":{"dmean":0.000644067593385,"dmean2":0.000991731649265,"dvar":4.98853864883e-7,"dvar2":0.0000011422055195,"max":0.0116300368682,"mean":0.0046546687372,"median":0.00475310534239,"min":3.20858942714e-12,"var":0.00000330173452312},"spectral_rolloff":{"dmean":2510.09204102,"dmean2":4646.40917969,"dvar":24232856,"dvar2":64924000,"max":22050,"mean":17454.7226562,"median":19961.2792969,"min":21.533203125,"var":36691968},"spectral_skewness":{"dmean":0.21619156003,"dmean2":0.328775793314,"dvar":0.0490607134998,"dvar2":0.104577459395,"max":5.47651433945,"mean":2.97857308388,"median":2.98767280579,"min":-0.0336303859949,"var":0.399715870619},"spectral_spread":{"dmean":289458.875,"dmean2":449395.375,"dvar":150352642048,"dvar2":245386330112,"max":39242304,"mean":4038765.25,"median":3799729,"min":1668481.625,"var":2013338271740},"spectral_strongpeak":{"dmean":2.0366089344,"dmean2":3.78437781334,"dvar":54.3625221252,"dvar2":145.733978271,"max":195.607666016,"mean":1.72055029869,"median":0.142343223095,"min":0,"var":50.4883728027},"zerocrossingrate":{"dmean":0.02930547297,"dmean2":0.0374780222774,"dvar":0.000905765686184,"dvar2":0.00146760430653,"max":0.9990234375,"mean":0.326197713614,"median":0.31884765625,"min":0.02880859375,"var":0.00833926070482}},"metadata":{"audio_properties":{"analysis_sample_rate":44100,"bit_rate":320000,"codec":"mp3","downmix":"mix","equal_loudness":0,"length":258.456573486,"lossless":false,"md5_encoded":"d5380596e79f274b6688f9a68376aa2a","replay_gain":-5.42001914978,"sample_rate":44100},"tags":{"album":["Power Metal"],"albumartist":["Pantera"],"albumartistsort":["Pantera"],"artist":["Pantera"],"artistsort":["Pantera"],"asin":["B0009OE9AO"],"catalognumber":["MMR-1988"],"date":["1988"],"discnumber":["1/1"],"file_name":"08. Pantera - Hard Ride.mp3","genre":["Thrash Metal"],"label":["Metal Magic Records"],"musicbrainz album release country":["US"],"musicbrainz album status":["official"],"musicbrainz album type":["album"],"musicbrainz_albumartistid":["541f16f5-ad7a-428e-af89-9fa1b16d3c9c"],"musicbrainz_albumid":["8c086d0b-15b4-4eb6-9517-8e1ba86773a2"],"musicbrainz_artistid":["541f16f5-ad7a-428e-af89-9fa1b16d3c9c"],"musicbrainz_recordingid":["fa55f818-2866-417b-ac77-c7ea3acc94b8"],"musicip_puid":["98db721d-be64-a2b5-9063-90dcab1c515d"],"title":["Hard Ride"],"tracknumber":["8/10"]},"version":{"essentia":"2.1-beta1","essentia_build_sha":"ca57ba49d9b1854bd80e60cf9ccf267278fb7d6b","essentia_git_sha":"v2.1_beta1-28-g21ef5f4-dirty","extractor":"music 1.0"}},"rhythm":{"beats_count":583,"beats_loudness":{"dmean":0.0150263300166,"dmean2":0.0276486836374,"dvar":0.000173257343704,"dvar2":0.000540890556294,"max":0.121627882123,"mean":0.0342069417238,"median":0.0343558341265,"min":1.21416310339e-9,"var":0.000290419120574},"beats_loudness_band_ratio":{"dmean":[0.145398244262,0.0349667444825,0.0373313724995,0.0615783184767,0.100275166333,0.0860793888569],"dmean2":[0.252466350794,0.0615108571947,0.0650237798691,0.107079207897,0.182269304991,0.147203847766],"dvar":[0.0133924018592,0.0021897717379,0.00200763484463,0.00401556864381,0.00563568249345,0.00596693065017],"dvar2":[0.0400090068579,0.00610213493928,0.00538428220898,0.0111604183912,0.018040150404,0.0155134852976],"max":[0.931873559952,0.402666032314,0.343907505274,0.467130661011,0.52794522047,0.958785057068],"mean":[0.304186940193,0.0416343435645,0.046423625201,0.11448780