{"lowlevel":{"average_loudness":0.507611334324,"barkbands":{"dmean":[0.00649728626013,0.00783802103251,0.00176600832492,0.00102113280445,0.00138853874523,0.00115974026266,0.00069042382529,0.000535026891157,0.000842396519147,0.000507875753101,0.000293099466944,0.000352583854692,0.000282214314211,0.000202631490538,0.000225889336434,0.000155012588948,0.0000884540349944,0.0000871659067343,0.0000661253070575,0.0000705101410858,0.0000413487832702,0.0000375865129172,0.0000321456682286,0.0000298983741231,0.00000240004828811,0.000024048733394,0.000176790097612],"dmean2":[0.0102984672412,0.0128200668842,0.00298463529907,0.0017028383445,0.00227540521882,0.00188101478852,0.00113087368663,0.00088860449614,0.00139926187694,0.000847226299811,0.000491697632242,0.000585589441471,0.000471691397252,0.000344490777934,0.000372280948795,0.000253842415987,0.000143062585266,0.000137071576319,0.000102898418845,0.000102221092675,0.0000610436691204,0.0000547645249753,0.0000477758949273,0.0000431311418652,0.00000395028973799,0.0000346965352946,0.00028300282429],"dvar":[0.000229140365263,0.000174303189851,0.000014633594219,0.00000641304905002,0.0000128095607579,0.0000109040647658,0.00000480881681142,0.00000205342280424,0.00000392865376853,0.00000111548149562,5.27309225618e-7,5.14068858593e-7,4.17782445084e-7,1.43709215195e-7,2.08595352547e-7,1.13697794291e-7,3.22162527766e-8,4.63276776941e-8,2.1441191933e-8,3.53735210012e-8,7.19084480849e-9,4.99426411338e-9,3.25066706885e-9,3.00933900022e-9,2.86556264828e-11,1.97496108356e-9,1.22679111314e-7],"dvar2":[0.000527841213625,0.000458854075987,0.0000398710180889,0.0000160824129125,0.000030366691135,0.0000272508568742,0.000011968324543,0.00000529887574885,0.0000105924091258,0.00000298948407362,0.00000142332885389,0.00000142029853123,0.00000114770739401,4.0955862346e-7,5.54178200218e-7,2.86551113504e-7,8.31380191357e-8,1.08544163879e-7,4.84796025546e-8,6.82174672306e-8,1.51534820247e-8,9.82609282829e-9,7.0640151506e-9,5.98875704583e-9,7.11098957495e-11,4.04879374472e-9,3.1769050679e-7],"max":[0.19584338367,0.26436689496,0.0691551119089,0.0604392364621,0.0665360018611,0.0658713579178,0.0672237426043,0.0311134010553,0.0418259501457,0.0223361197859,0.0204521641135,0.0179918985814,0.0143264345825,0.00804122257978,0.0123083544895,0.0109739080071,0.00325987418182,0.00781342945993,0.00489819422364,0.00698068039492,0.00195132091176,0.00115778844338,0.000792545266449,0.000723089731764,0.0000714699708624,0.00053714774549,0.00931717362255],"mean":[0.00786486733705,0.0124377561733,0.00224414654076,0.00125058507547,0.0018871264765,0.0015984873753,0.000999093288556,0.000781609560363,0.00144931499381,0.000836793333292,0.000483298819745,0.000620307982899,0.00047915239702,0.000381002522772,0.000446303223725,0.000312217569444,0.000172031010152,0.000175226843567,0.000133832800202,0.000152666048962,0.0000878934079083,0.0000650660149404,0.000043450803787,0.0000397008407163,0.00000246653235081,0.0000342703096976,0.000652671733405],"median":[0.00247561791912,0.00690853316337,0.000762327923439,0.000249582109973,0.00039784720866,0.000170057624928,0.000148818289745,0.000185786673683,0.000435452326201,0.000316481338814,0.000168797298102,0.000239963497734,0.000130957108922,0.00014464459673,0.000159271075972,0.000117689349281,0.0000674939728924,0.0000417699229729,0.0000215876916627,0.0000156053265528,0.0000128406218209,0.00000831739725982,0.00000487944862471,0.00000290429557026,4.2660170152e-7,0.00000342613657267,0.0000742465781514],"min":[3.15046057818e-12,2.15335518514e-12,4.11972105735e-13,2.9031361733e-13,7.46792981187e-13,5.55537197191e-14,9.34817747842e-15,6.9522675377e-14,4.48714307898e-13,3.36740943289e-13,6.54084208671e-13,3.34937698236e-13,2.21138008621e-13,7.51599520468e-13,9.10610779489e-13,1.47661125948e-12,6.79761368721e-13,1.072331785e-12,3.12719983372e-13,3.14019264151e-13,2.44062772379e-13,5.91957906304e-13,3.68904397047e-13,8.57877787905e-13,2.30440493076e-12,2.80111762778e-12,6.10490304143e-12],"var":[0.0002667105,0.000263780035311,0.0000168155620486,0.0000094209171948,0.0000193964588107,0.0000183568736247,0.00000879937306308,0.00000363216759069,0.00000808786444395,0.00000217023125515,9.99408598545e-7,0.00000107885466605,8.56688757267e-7,3.41124547276e-7,5.5546229305e-7,2.79771086298e-7,8.56228652424e-8,1.4668111703e-7,7.99852344358e-8,1.71896530787e-7,2.98182953884e-8,1.48269672096e-8,6.37599040232e-9,6.1816027852e-9,3.27290000657e-11,4.28188018375e-9,0.00000107140726868]},"barkbands_crest":{"dmean":3.13434052467,"dmean2":5.14630365372,"dvar":6.63330554962,"dvar2":18.0191116333,"max":24.7433280945,"mean":11.6060123444,"median":11.3802518845,"min":2.48878908157,"var":18.049539566},"barkbands_flatness_db":{"dmean":0.0333140157163,"dmean2":0.0505914352834,"dvar":0.000905011314899,"dvar2":0.00214465637691,"max":0.550132036209,"mean":0.163086459041,"median":0.155954629183,"min":0.0193718075752,"var":0.00463655637577},"barkbands_kurtosis":{"dmean":7.8798289299,"dmean2":12.5448236465,"dvar":354.279571533,"dvar2":905.494018555,"max":596.63684082,"mean":12.3473987579,"median":5.3283367157,"min":-1.79539752007,"var":635.188476562},"barkbands_skewness":{"dmean":0.81869328022,"dmean2":1.27097380161,"dvar":0.800140380859,"dvar2":1.96588206291,"max":18.6282691956,"mean":2.54255270958,"median":2.15238213539,"min":-1.27352654934,"var":3.0246629715},"barkbands_spread":{"dmean":7.37609767914,"dmean2":11.3113183975,"dvar":71.0654678345,"dvar2":157.033035278,"max":122.331481934,"mean":24.7719326019,"median":19.4642028809,"min":0.293058753014,"var":366.723968506},"dissonance":{"dmean":0.0179349482059,"dmean2":0.0306850932539,"dvar":0.000365186948329,"dvar2":0.0010114699835,"max":0.500000178814,"mean":0.474382340908,"median":0.48131108284,"min":0.228025704622,"var":0.00058267073473},"dynamic_complexity":6.77494812012,"erbbands":{"dmean":[0.417163431644,1.26630008221,2.03188538551,2.63885116577,3.85825634003,4.83346128464,7.75847482681,10.006231308,9.15602970123,10.7314682007,11.4117145538,19.0599708557,17.048002243,14.7061634064,10.8533592224,14.068359375,12.8968000412,8.37585926056,11.8929624557,9.92596244812,7.02868938446,4.57935476303,4.81442117691,3.52218675613,3.35945296288,3.17667531967,2.04450440407,1.49537146091,1.45729148388,1.01188349724,0.902473449707,0.754872500896,0.391968071461,0.0542200915515,0.0163411051035,0.0531568937004,0.0578646399081,0.020075680688,0.00696964235976,0.00347310211509],"dmean2":[0.676302313805,2.10710167885,3.41776108742,4.38240623474,6.29127216339,7.92824029922,12.7210636139,16.2902297974,15.056479454,17.6783504486,18.8933906555,31.5005264282,28.5281009674,24.4174880981,17.9381866455,23.3020191193,21.5319385529,13.9863996506,19.8874530792,16.2409439087,11.5299139023,7.28626775742,7.64268302917,5.43495321274,5.10345172882,4.63461017609,3.06174731255,2.21723079681,2.13650870323,1.46638202667,1.35636711121,1.10866832733,0.567615628242,0.0822215005755,0.0265178047121,0.077107436955,0.0835500508547,0.0284951999784,0.00972448009998,0.00544048659503],"dvar":[0.526464641094,4.82627534866,17.4043693542,34.8576469421,141.336074829,174.177581787,510.307128906,972.917236328,854.475708008,1129.64257812,812.958740234,2205.97192383,1416.35400391,998.892944336,616.710083008,863.33807373,934.602355957,237.61541748,528.57019043,528.632202148,187.997360229,91.9254837036,146.502075195,65.0284957886,61.1735801697,82.6041641235,22.1147575378,8.51525974274,8.26916503906,3.80182528496,2.58000707626,1.88167238235,0.525329947472,0.0102020446211,0.00117291219067,0.0095976786688,0.0120485601947,0.00154665485024,0.000208059471333,0.0000422281191277],"dvar2":[1.38024652004,13.2332391739,46.4958267212,90.8616333008,315.55569458,428.302947998,1271.17907715,2442.01708984,2150.86767578,2850.46923828,2122.89697266,5944.26660156,3921.21362305,2643.85229492,1664.70239258,2372.08740234,2572.91064453,647.637573242,1470.20837402,1333.44970703,494.338897705,230.746170044,352.281036377,146.667434692,137.718460083,159.923355103,47.7448425293,18.4548683167,16.6007804871,7.77870225906,5.76922512054,3.88315224648,1.08063662052,0.0215714871883,0.00292089395225,0.0191755797714,0.0251472461969,0.00322166015394,0.000408273481298,0.000103079881228],"max":[12.7475032806,42.6803016663,71.4103012085,124.711212158,360.611053467,327.079376221,630.323181152,570.458618164,661.335510254,920.924377441,708.088623047,1182.50500488,795.069641113,790.890686035,805.757202148,758.713989258,794.032714844,321.951568604,464.41015625,998.931884766,241.800765991,187.603317261,428.010101318,306.377990723,226.564315796,319.15145874,154.911941528,70.8331604004,52.12733078,35.4796295166,19.8545951843,15.4861803055,10.6997566223,1.43854153156,0.524777233601,1.52401125431,1.38155174255,0.772882759571,0.469271540642,0.208045169711],"mean":[0.610592246056,1.8651381731,2.81849122047,3.6035554409,4.84380578995,6.2828836441,10.2752370834,13.8345994949,13.4758987427,16.0888881683,18.5981731415,32.065158844,30.1869297028,25.5862541199,20.4192504883,26.0467090607,23.4241027832,17.6021652222,24.5219917297,21.1069526672,15.1944217682,9.83717536926,9.83101654053,7.48427772522,7.1256980896,6.96939706802,4.54921960831,2.98727011681,2.51250100136,1.5881499052,1.19508516788,0.96491509676,0.529614508152,0.0717477798462,0.018896214664,0.0731721147895,0.0795158669353,0.0382283069193,0.0236238334328,0.0168956592679],"median":[0.32047572732,0.889084458351,1.195530653,0.997458815575,1.03888642788,1.30209779739,1.42737901211,1.42528152466,2.09958815575,2.99982070923,5.32495307922,9.89526081085,9.10745429993,10.0257434845,8.22061252594,9.74385929108,7.12397289276,6.75000858307,9.39080715179,7.66922569275,6.00949335098,3.92484426498,2.72579455376,1.40143465996,0.983019709587,0.741059958935,0.55565482378,0.47551009059,0.305819779634,0.209455162287,0.126454338431,0.0748107433319,0.0393864139915,0.0112681649625,0.00450348947197,0.00710996892303,0.00722730346024,0.00510613946244,0.00391210382804,0.00315192039125],"min":[1.08833275725e-10,3.29183347247e-10,5.25805787799e-10,7.22425230748e-10,2.10452810734e-9,2.53543719353e-9,9.44828104643e-10,4.08830830301e-10,1.94370589068e-10,2.64434640851e-10,3.22565774091e-9,1.01599457736e-8,1.00075068232e-8,1.92628721862e-8,2.44436364483e-8,1.10219540161e-8,9.67211999381e-9,3.035577123e-8,4.25347401745e-8,6.32549514989e-8,7.20587394198e-8,4.40591314543e-8,6.8232004935e-8,2.9412330349e-8,8.28011526011e-9,1.57376671694e-8,1.56821435837e-8,7.09298131341e-9,2.70137920921e-8,1.37349402962e-8,1.06256692334e-8,9.10708575219e-9,3.52115989699e-8,2.93044273292e-8,3.59851326515e-9,1.40798164239e-8,4.14838963181e-9,1.34075561764e-9,4.4033462987e-10,1.34322608591e-10],"var":[0.727127075195,6.92397022247,21.5505905151,53.3740119934,193.800811768,251.410095215,767.679931641,1590.84387207,1433.12353516,2042.5559082,1620.74499512,4088.26000977,3113.8034668,2063.59838867,1413.80639648,1943.11108398,1974.4197998,706.56048584,1392.43994141,1477.81994629,569.88458252,279.841796875,439.177062988,243.803939819,248.642501831,379.331756592,102.275779724,30.9629859924,24.0614490509,9.218998909,4.77688789368,3.5123398304,1.07467877865,0.0186012014747,0.00144981383346,0.0196721386164,0.0242552943528,0.00535760540515,0.00220303470269,0.000622617313638]},"erbbands_crest":{"dmean":2.44217467308,"dmean2":4.07256507874,"dvar":5.36729717255,"dvar2":14.1849470139,"max":27.8096866608,"mean":7.81497097015,"median":7.01717233658,"min":2.05203390121,"var":11.4567708969},"erbbands_flatness_db":{"dmean":0.0258628129959,"dmean2":0.0384658537805,"dvar":0.000586656155065,"dvar2":0.00125259777997,"max":0.353626221418,"mean":0.142075002193,"median":0.133301436901,"min":0.0392862893641,"var":0.002524580108},"erbbands_kurtosis":{"dmean":1.02784979343,"dmean2":1.66552150249,"dvar":1.80159115791,"dvar2":4.41352367401,"max":45.6240882874,"mean":1.0062661171,"median":0.504695892334,"min":-1.56218886375,"var":4.1337594986},"erbbands_skewness":{"dmean":0.374473363161,"dmean2":0.586822926998,"dvar":0.10403932631,"dvar2":0.248363941908,"max":4.99718379974,"mean":0.0880461856723,"median":0.0753441229463,"min":-3.47081780434,"var":0.553639233112},"erbbands_spread":{"dmean":7.09243917465,"dmean2":11.0316362381,"dvar":54.396812439,"dvar2":123.924911499,"max":99.5052185059,"mean":28.5282382965,"median":26.6134796143,"min":1.64458632469,"var":170.35559082},"gfcc":{"cov":[[24262.1132812,-2107.44189453,-1610.84729004,783.896240234,-923.677856445,578.023742676,101.911956787,7.96182346344,152.225982666,123.967880249,-306.059234619,241.763626099,-438.066009521],[-2107.44189453,1469.18688965,128.64453125,-524.713867188,173.395889282,-67.4402999878,-24.4178905487,-26.9486732483,36.5309486389,-36.5025749207,28.2799053192,-80.5069885254,173.697692871],[-1610.84729004,128.64453125,547.73046875,38.8781013489,-124.75340271,81.1609573364,-117.558547974,16.3573074341,-86.2744750977,19.7455043793,25.8343791962,-2.40618228912,19.0434303284],[783.896240234,-524.713867188,38.8781013489,464.391967773,-26.6792392731,-1.39613771439,43.6571388245,12.8578367233,-49.8463363647,10.22062397,-30.7072086334,33.9016723633,-90.3144073486],[-923.677856445,173.395889282,-124.75340271,-26.6792392731,402.465698242,-5.61731052399,91.1775512695,-22.1747322083,53.7451210022,-70.2946853638,15.5878820419,-19.863576889,52.6935462952],[578.023742676,-67.4402999878,81.1609573364,-1.39613771439,-5.61731052399,316.106140137,-18.9900131226,70.3659896851,12.9145441055,5.29630899429,-40.7356987,25.7611923218,-13.6962194443],[101.911956787,-24.4178905487,-117.558547974,43.6571388245,91.1775512695,-18.9900131226,178.204055786,-4.46682500839,33.1251373291,-19.1141529083,-1.72967839241,2.94240236282,-7.57115364075],[7.96182346344,-26.9486732483,16.3573074341,12.8578367233,-22.1747322083,70.3659896851,-4.46682500839,128.79258728,49.6674613953,33.7647705078,-6.77593564987,2.80860614777,-9.12877655029],[152.225982666,36.5309486389,-86.2744750977,-49.8463363647,53.7451210022,12.9145441055,33.1251373291,49.6674613953,133.284194946,33.6104316711,8.9152765274,10.2923984528,-3.0339384079],[123.967880249,-36.5025749207,19.7455043793,10.22062397,-70.2946853638,5.29630899429,-19.1141529083,33.7647705078,33.6104316711,78.8687973022,28.3443984985,9.99666786194,-7.51557016373],[-306.059234619,28.2799053192,25.8343791962,-30.7072086334,15.5878820419,-40.7356987,-1.72967839241,-6.77593564987,8.9152765274,28.3443984985,72.000038147,19.9554080963,24.5301418304],[241.763626099,-80.5069885254,-2.40618228912,33.9016723633,-19.863576889,25.7611923218,2.94240236282,2.80860614777,10.2923984528,9.99666786194,19.9554080963,61.6395645142,10.2033500671],[-438.066009521,173.697692871,19.0434303284,-90.3144073486,52.6935462952,-13.6962194443,-7.57115364075,-9.12877655029,-3.0339384079,-7.51557016373,24.5301418304,10.2033500671,86.1732559204]],"icov":[[0.000101766170701,-0.0000506810938532,0.000491846818477,-0.000351196009433,0.000487048586365,-0.000417087081587,0.000133674373501,0.000273947429378,-0.000280048087006,0.000306486123009,-0.000282913417323,0.00016507662076,-0.000102765552583],[-0.0000506810938532,0.00164225604385,-0.00110928306822,0.00193952943664,-0.00102406984661,0.000886873225681,-0.000536649895366,-0.000207775752642,0.000244764349191,-0.00104039290454,0.00175753270742,0.000327805551933,-0.00121326080989],[0.000491846818477,-0.00110928306822,0.00575106032193,-0.00365689652972,0.00391910364851,-0.00372626725584,0.00222096173093,0.00116085459013,-0.000852948811371,0.00328294560313,-0.00539812864736,0.00314451172017,-0.00161727843806],[-0.000351196009433,0.00193952943664,-0.00365689652972,0.00787629839033,-0.00488048885018,0.00395635329187,-0.0022967227269,-0.00243699364364,0.00525019830093,-0.00642389757559,0.00751032307744,-0.00662925280631,0.00479298084974],[0.000487048586365,-0.00102406984661,0.00391910364851,-0.00488048885018,0.00890787225217,-0.00434634787962,0.000245872943196,0.00251740426756,-0.00635972991586,0.0100320018828,-0.00859975535423,0.00720412842929,-0.0050444775261],[-0.000417087081587,0.000886873225681,-0.00372626725584,0.00395635329187,-0.00434634787962,0.0074466583319,-0.00093862938229,-0.00381898926571,0.0031934317667,-0.00464594643563,0.00805861596018,-0.00664293998852,0.00261608371511],[0.000133674373501,-0.000536649895366,0.00222096173093,-0.0022967227269,0.000245872943196,-0.00093862938229,0.00800143834203,0.000611955707427,-0.00231359060854,0.0030388997402,-0.00252960715443,0.000877009704709,0.00013146836136],[0.000273947429378,-0.000207775752642,0.00116085459013,-0.00243699364364,0.00251740426756,-0.00381898926571,0.000611955707427,0.0126436622813,-0.00591669278219,-0.00114999932703,-0.000758605543524,0.00363858742639,-0.00227585947141],[-0.000280048087006,0.000244764349191,-0.000852948811371,0.00525019830093,-0.00635972991586,0.0031934317667,-0.00231359060854,-0.00591669278219,0.01760311611,-0.0120850400999,0.00676416279748,-0.00867048092186,0.00600726855919],[0.000306486123009,-0.00104039290454,0.00328294560313,-0.00642389757559,0.0100320018828,-0.00464594643563,0.0030388997402,-0.00114999932703,-0.0120850400999,0.032976385206,-0.0200748108327,0.00993748940527,-0.00354221812449],[-0.000282913417323,0.00175753270742,-0.00539812864736,0.00751032307744,-0.00859975535423,0.00805861596018,-0.00252960715443,-0.000758605543524,0.00676416279748,-0.0200748108327,0.034680467099,-0.0161620378494,0.000848994997796],[0.00016507662076,0.000327805551933,0.00314451172017,-0.00662925280631,0.00720412842929,-0.00664293998852,0.000877009704709,0.00363858742639,-0.00867048092186,0.00993748940527,-0.0161620378494,0.031558573246,-0.0110373944044],[-0.000102765552583,-0.00121326080989,-0.00161727843806,0.00479298084974,-0.0050444775261,0.00261608371511,0.00013146836136,-0.00227585947141,0.00600726855919,-0.00354221812449,0.000848994997796,-0.0110373944044,0.0231470186263]],"mean":[-63.8120307922,99.5759353638,-86.3143005371,-3.0162730217,-10.0796422958,0.0646060481668,1.78478515148,-6.936398983,3.81719326973,-6.82815265656,-4.92528057098,-2.54657959938,-2.27102589607]},"hfc":{"dmean":30.1806583405,"dmean2":48.1158370972,"dvar":3039.17138672,"dvar2":7795.36572266,"max":1112.07080078,"mean":114.959625244,"median":60.0662460327,"min":3.12253263246e-7,"var":17283.8046875},"melbands":{"dmean":[0.00298906606622,0.00116920541041,0.000472780055134,0.000298222817946,0.000255658524111,0.000218300861889,0.000140191652463,0.000116496885312,0.0000960856632446,0.000126446946524,0.0000870303774718,0.0000629558053333,0.0000377160140488,0.0000377788492187,0.0000388427652069,0.0000232006841543,0.0000170844632521,0.0000210862617678,0.0000168468868651,0.0000123110867207,0.0000083735667431,0.00000536100287718,0.00000469744600196,0.00000432094975622,0.00000298504937746,0.00000266051279141,0.00000281717893813,0.00000218365471483,0.00000145633828197,0.000001160476927,8.59719648361e-7,9.43081488458e-7,6.37984555851e-7,5.67314998534e-7,4.99293548728e-7,5.42780355772e-7,4.68302516765e-7,3.08241396851e-7,1.49581893538e-7,2.0045940019e-8],"dmean2":[0.00478080753237,0.00194886757527,0.000773472187575,0.000485127529828,0.000420259748353,0.000355177849997,0.000229461933486,0.000191833809367,0.000159270508448,0.000209416626603,0.000145358862937,0.000104716855276,0.0000627797999186,0.0000633687595837,0.0000640009093331,0.000038669204514,0.0000288410592475,0.0000355366209988,0.0000278400730167,0.0000202279898076,0.0000137894703585,0.00000875418027135,0.00000759581507737,0.00000691039849698,0.00000470944951303,0.00000422287439505,0.00000419626485382,0.00000329707381752,0.00000224302402785,0.00000179323319571,0.00000128845556446,0.00000143303782352,9.44065220665e-7,8.45912836667e-7,7.63104935686e-7,8.14767531665e-7,6.9715031259e-7,4.54582391285e-7,2.21029893055e-7,3.32337215525e-8],"dvar":[0.0000264223126578,0.00000453413304058,0.0000011676303302,6.69972791911e-7,4.99179975577e-7,4.21800592676e-7,1.97235593191e-7,1.24029128301e-7,5.68522544597e-8,9.40263475968e-8,3.63599923503e-8,1.7993627921e-8,8.79594974634e-9,5.59777735276e-9,7.07675518186e-9,2.93775492821e-9,1.02156882953e-9,1.68703084835e-9,1.31126842717e-9,7.79845021892e-10,2.63788046961e-10,1.24176557925e-10,1.29980276542e-10,1.27888546975e-10,4.79002774945e-11,3.85286351434e-11,4.74770049663e-11,4.63392137162e-11,1.41483595673e-11,6.63845844615e-12,2.81218559724e-12,3.73850776725e-12,1.53005993292e-12,1.36305398392e-12,8.21867367998e-13,9.60767056191e-13,8.1850433549e-13,3.44743493735e-13,8.86771599619e-14,1.99351575829e-15],"dvar2":[0.0000671774032526,0.0000121672464957,0.0000028914739687,0.00000157564772962,0.00000125546250729,0.0000010568281823,4.91209505071e-7,3.13472241942e-7,1.50907894181e-7,2.54289005852e-7,1.00128609404e-7,4.75175667702e-8,2.3449009845e-8,1.57580082316e-8,1.92913880426e-8,8.14970047003e-9,2.83008416702e-9,4.78338479937e-9,3.42837713774e-9,1.91944216077e-9,7.12270464831e-10,3.26075916268e-10,3.29888394379e-10,3.04471142742e-10,1.14702712606e-10,9.36440855415e-11,1.0136792794e-10,9.76468766956e-11,3.41619302291e-11,1.51255796083e-11,6.54716992426e-12,8.06851373908e-12,3.14897760645e-12,2.94571463576e-12,1.89871230717e-12,2.1160189486e-12,1.72087788897e-12,7.39938329792e-13,1.85003650854e-13,5.04896688694e-15],"max":[0.0883117690682,0.0295781176537,0.0264659132808,0.0172137673944,0.0167211480439,0.0118343988433,0.0118629271165,0.00926725193858,0.00653577549383,0.00668224552646,0.00386990071274,0.00353772006929,0.003262758255,0.00183603866026,0.00161820743233,0.00135337398387,0.000691651192028,0.000815068429802,0.00108379230369,0.00103447132278,0.000315201323247,0.000200637630769,0.00027191414847,0.000441569252871,0.000274791324046,0.000179240552825,0.000173827487743,0.000233717029914,0.000146598322317,0.0000613107258687,0.0000342371895385,0.000036321576772,0.0000221155496547,0.0000227315467782,0.0000125990300148,0.0000104214559542,0.0000120230251923,0.00000866759455675,0.00000477277035316,6.42697557396e-7],"mean":[0.00483346451074,0.00180862948764,0.000667816435453,0.0003933586122,0.000352019735146,0.000306779169478,0.000207796154427,0.000175212800968,0.000155958827236,0.000210999161936,0.000148979597725,0.000104616228782,0.0000661194499116,0.0000666491832817,0.0000676482304698,0.0000405913961004,0.000031949559343,0.0000400715871365,0.0000328349742631,0.0000240740337176,0.0000162873620866,0.00001016434544,0.00000917362831387,0.00000815143084765,0.0000057857291722,0.00000503862202095,0.00000546914998267,0.00000443263115812,0.00000303124943457,0.00000215838599615,0.00000157943691192,0.00000152519203311,0.00000107328298782,8.08428239907e-7,6.61581736949e-7,6.65840900638e-7,5.76934667151e-7,4.15532099396e-7,1.89718349475e-7,1.99834619963e-8],"median":[0.00267535448074,0.000919372367207,0.000186617166037,0.0000871586598805,0.0000534398932359,0.0000321726547554,0.00003165619637,0.0000350911868736,0.0000442681630375,0.000063550141931,0.0000440487383457,0.0000408763044106,0.0000248410087806,0.0000273471523542,0.0000204929856409,0.0000112745419756,0.0000121907387438,0.0000150067689901,0.0000112645275294,0.00000846495549922,0.0000063035945459,0.0000039975539039,0.00000272033457804,0.00000186934175872,9.94899323814e-7,7.42008865018e-7,6.03443766067e-7,4.5060659204e-7,3.52928964276e-7,3.04501867276e-7,2.54501827612e-7,1.7091794291e-7,1.39214591854e-7,9.87783437267e-8,6.88659156367e-8,5.91315618692e-8,3.87509260236e-8,2.89427433131e-8,1.58681370266e-8,3.39349326417e-9],"min":[9.36556604839e-13,3.29908192778e-13,1.64228670268e-13,1.86456034531e-13,4.63707238297e-14,8.97963259604e-15,2.60108677388e-15,3.95522119424e-15,3.37183487511e-14,6.61671645209e-14,4.71153437174e-14,7.20982044141e-14,8.73999494739e-14,4.87409049753e-14,1.17636181354e-14,2.85064398302e-14,6.23381622472e-14,6.69920052049e-14,7.79336515569e-14,9.84228567787e-14,7.7208692998e-14,3.86976996942e-14,6.38387929216e-14,4.64638805133e-14,2.29847895952e-14,5.18590077429e-15,6.24836003454e-15,1.19884782779e-14,1.148852301e-14,4.64636746843e-15,3.00033130664e-15,1.66455340315e-14,1.02870406556e-14,6.96381742486e-15,5.61614946578e-15,6.41340694541e-15,4.65196212104e-15,6.82957032602e-15,7.17409055881e-14,7.61618991886e-15],"var":[0.0000411071887356,0.00000660044770484,0.00000187387536243,9.47491230363e-7,7.99481654212e-7,7.19183901765e-7,3.48567027686e-7,2.25037553037e-7,1.11950114956e-7,1.79134147515e-7,7.77742030778e-8,3.54226159516e-8,1.77984649241e-8,1.17569136648e-8,1.53997419261e-8,6.11907413628e-9,2.46541342896e-9,3.87161147586e-9,3.39676331507e-9,1.94426585942e-9,6.89113655028e-10,3.02139785413e-10,3.53115647833e-10,3.43488237853e-10,1.50642137653e-10,1.22871129937e-10,1.81313575265e-10,1.80579592945e-10,5.16306303266e-11,2.0324218003e-11,8.6057324461e-12,9.45943757352e-12,4.09924177935e-12,2.7479197303e-12,1.58505695548e-12,1.49166909293e-12,1.43855652217e-12,7.10206307826e-13,1.56042876103e-13,2.15667505623e-15]},"melbands_crest":{"dmean":4.70243930817,"dmean2":7.55801868439,"dvar":16.2882995605,"dvar2":41.8444213867,"max":39.4155426025,"mean":20.5635185242,"median":19.7287635803,"min":3.10109114647,"var":65.3769683838},"melbands_flatness_db":{"dmean":0.0410151146352,"dmean2":0.0620586834848,"dvar":0.0012914739782,"dvar2":0.00298003549688,"max":0.695115625858,"mean":0.274012058973,"median":0.2679656744,"min":0.0402263440192,"var":0.00714782206342},"melbands_kurtosis":{"dmean":13.1263790131,"dmean2":20.9986629486,"dvar":1414.3223877,"dvar2":3482.05004883,"max":2260.71679688,"mean":20.1641921997,"median":9.4055519104,"min":-1.78523659706,"var":2124.08813477},"melbands_skewness":{"dmean":1.05243086815,"dmean2":1.63799023628,"dvar":1.38300788403,"dvar2":3.3198800087,"max":37.5067749023,"mean":3.23086690903,"median":2.79699921608,"min":-1.61550462246,"var":4.89441394806},"melbands_spread":{"dmean":5.51704597473,"dmean2":8.6531457901,"dvar":39.7638626099,"dvar2":90.2153549194,"max":106.483009338,"mean":16.1678390503,"median":13.1527986526,"min":0.0879685133696,"var":164.589569092},"mfcc":{"cov":[[20265.8300781,-139.147628784,-1890.02001953,513.398254395,-933.950195312,522.793334961,-389.642791748,353.79284668,-257.627990723,577.191345215,-355.296569824,276.756744385,-300.087585449],[-139.147628784,1797.36315918,-258.321411133,-415.592651367,79.386756897,-67.3227462769,1.19797086716,-84.7750701904,172.429733276,-112.710792542,70.1323623657,-68.634437561,52.7145233154],[-1890.02001953,-258.321411133,863.24786377,-65.592590332,15.5745630264,-49.9605560303,4.2916841507,-76.2524490356,-94.7089385986,-9.0722284317,-34.6088371277,-28.8068580627,23.4012641907],[513.398254395,-415.592651367,-65.592590332,424.690917969,-47.5722465515,13.2035493851,25.7543296814,18.5042858124,-51.9984664917,19.6994113922,-20.2272472382,2.30437231064,-12.6465511322],[-933.950195312,79.386756897,15.5745630264,-47.5722465515,252.852203369,34.1192092896,34.1788024902,24.4822368622,54.4045028687,-40.4890670776,30.8714809418,-6.0126247406,6.40191364288],[522.793334961,-67.3227462769,-49.9605560303,13.2035493851,34.1192092896,171.298980713,40.0345497131,76.5970611572,13.3972787857,20.5426216125,-27.1934070587,16.1607151031,-19.3581829071],[-389.642791748,1.19797086716,4.2916841507,25.7543296814,34.1788024902,40.0345497131,117.808189392,26.8163108826,15.8673009872,-26.5302867889,-6.49113893509,-26.463142395,8.17384243011],[353.79284668,-84.7750701904,-76.2524490356,18.5042858124,24.4822368622,76.5970611572,26.8163108826,132.909103394,46.2473640442,33.0380592346,0.00686765089631,31.0672588348,-19.8063545227],[-257.627990723,172.429733276,-94.7089385986,-51.9984664917,54.4045028687,13.3972787857,15.8673009872,46.2473640442,119.554901123,4.90744304657,42.6620025635,10.8476715088,7.79471349716],[577.191345215,-112.710792542,-9.0722284317,19.6994113922,-40.4890670776,20.5426216125,-26.5302867889,33.0380592346,4.90744304657,103.478340149,11.6849746704,36.7982978821,-12.5153636932],[-355.296569824,70.1323623657,-34.6088371277,-20.2272472382,30.8714809418,-27.1934070587,-6.49113893509,0.00686765089631,42.6620025635,11.6849746704,86.9332504272,25.3714942932,13.7414226532],[276.756744385,-68.634437561,-28.8068580627,2.30437231064,-6.0126247406,16.1607151031,-26.463142395,31.0672588348,10.8476715088,36.7982978821,25.3714942932,71.1735610962,7.65278863907],[-300.087585449,52.7145233154,23.4012641907,-12.6465511322,6.40191364288,-19.3581829071,8.17384243011,-19.8063545227,7.79471349716,-12.5153636932,13.7414226532,7.65278863907,52.6196975708]],"icov":[[0.000143469194882,-0.00011417629139,0.000279560772469,-0.000104594000732,0.000292016193271,-0.000296306970995,0.000303565058857,-0.000128161977045,0.000410240405472,-0.000530313292984,0.000503330258653,-0.000287113827653,0.000266593735432],[-0.00011417629139,0.00112373719458,0.000113849884656,0.000920218706597,-0.0000772908970248,0.000124716170831,-0.0000966306470218,0.000818723172415,-0.00151989969891,0.00100156641565,-0.000657647789922,0.00114566413686,-0.00075941713294],[0.000279560772469,0.000113849884656,0.00207351800054,0.000424676254625,0.000164382348885,-0.000221454203711,0.000256005179835,0.000226597127039,0.00172213255428,-0.00150150118861,0.00127590121701,0.00000442240889242,-0.000341826002114],[-0.000104594000732,0.000920218706597,0.000424676254625,0.00351219018921,0.000089050095994,0.000451956962934,-0.00114568287972,0.0000532632075192,0.000516781001352,0.000268394098384,-0.000624946958851,0.000865345646162,-0.000485033582663],[0.000292016193271,-0.0000772908970248,0.000164382348885,0.000089050095994,0.00597032578662,-0.00210641953163,0.00045303592924,-0.000634162046481,-0.00106837041676,0.00165881006978,-0.00120224803686,-0.0000661224985379,0.000757085974328],[-0.000296306970995,0.000124716170831,-0.000221454203711,0.000451956962934,-0.00210641953163,0.0103490930051,-0.00376507663168,-0.00322422781028,-0.0001899797644,-0.000498290639371,0.00303503870964,-0.00228473753668,0.001276493771],[0.000303565058857,-0.0000966306470218,0.000256005179835,-0.00114568287972,0.00045303592924,-0.00376507663168,0.0137027716264,-0.00376009754837,0.000219784313231,0.0013782781316,-0.000698058691341,0.00642956187949,-0.00400284631178],[-0.000128161977045,0.000818723172415,0.000226597127039,0.0000532632075192,-0.000634162046481,-0.00322422781028,-0.00376009754837,0.0161064527929,-0.00691274506971,-0.00131418847013,0.00241158041172,-0.00602086959407,0.00485588004813],[0.000410240405472,-0.00151989969891,0.00172213255428,0.000516781001352,-0.00106837041676,-0.0001899797644,0.000219784313231,-0.00691274506971,0.0178810656071,-0.0030217024032,-0.00441710837185,0.00127163995057,-0.00175440520979],[-0.000530313292984,0.00100156641565,-0.00150150118861,0.000268394098384,0.00165881006978,-0.000498290639371,0.0013782781316,-0.00131418847013,-0.0030217024032,0.0170417744666,-0.00427889032289,-0.00325728277676,0.00170270341914],[0.000503330258653,-0.000657647789922,0.00127590121701,-0.000624946958851,-0.00120224803686,0.00303503870964,-0.000698058691341,0.00241158041172,-0.00441710837185,-0.00427889032289,0.0210110638291,-0.00881823804229,0.000522808521055],[-0.000287113827653,0.00114566413686,0.00000442240889242,0.000865345646162,-0.0000661224985379,-0.00228473753668,0.00642956187949,-0.00602086959407,0.00127163995057,-0.00325728277676,-0.00881823804229,0.0274133067578,-0.0093237766996],[0.000266593735432,-0.00075941713294,-0.000341826002114,-0.000485033582663,0.000757085974328,0.001276493771,-0.00400284631178,0.00485588004813,-0.00175440520979,0.00170270341914,0.000522808521055,-0.0093237766996,0.0260323137045]],"mean":[-722.720214844,154.829406738,-6.79676246643,17.9072628021,7.33485174179,19.7997150421,4.63378047943,14.4606904984,8.3667345047,11.3641471863,0.26561331749,5.65610408783,-0.927625775337]},"pitch_salience":{"dmean":0.0865058377385,"dmean2":0.138499736786,"dvar":0.0053452309221,"dvar2":0.0136759337038,"max":0.848999142647,"mean":0.466479450464,"median":0.485637515783,"min":0.044223561883,"var":0.0229920372367},"silence_rate_20dB":{"dmean":0,"dmean2":0,"dvar":0,"dvar2":0,"max":1,"mean":1,"median":1,"min":1,"var":0},"silence_rate_30dB":{"dmean":0.054336771369,"dmean2":0.108681440353,"dvar":0.0513833761215,"dvar2":0.114895664155,"max":1,"mean":0.927071988583,"median":1,"min":0,"var":0.0676054507494},"silence_rate_60dB":{"dmean":0.00944355688989,"dmean2":0.0188884846866,"dvar":0.00935436692089,"dvar2":0.0217310544103,"max":1,"mean":0.168882116675,"median":0,"min":0,"var":0.140398234129},"spectral_centroid":{"dmean":216.110656738,"dmean2":313.084197998,"dvar":55911.6171875,"dvar2":100909.632812,"max":3555.55517578,"mean":1129.29699707,"median":1000.20556641,"min":112.092918396,"var":380284.0625},"spectral_complexity":{"dmean":2.8808658123,"dmean2":4.36876153946,"dvar":9.35628032684,"dvar2":19.7168159485,"max":60,"mean":16.7100315094,"median":15,"min":0,"var":164.618148804},"spectral_contrast_coeffs":{"dmean":[0.0491410456598,0.0464239232242,0.0354584939778,0.0253541935235,0.0247107762843,0.0300242453814],"dmean2":[0.0815632939339,0.0779521763325,0.0600442625582,0.0427480973303,0.0405177138746,0.046162057668],"dvar":[0.00153816514648,0.00137315969914,0.000791457598098,0.000402207631851,0.000541747547686,0.000774853862822],"dvar2":[0.00416207499802,0.00379688409157,0.00225825817324,0.00111778406426,0.00137921213172,0.00182167475577],"max":[-0.415042251348,-0.452633976936,-0.566224932671,-0.660127520561,-0.649331867695,-0.529560625553],"mean":[-0.750937283039,-0.79910326004,-0.814030945301,-0.829808950424,-0.826209485531,-0.770992994308],"median":[-0.758957386017,-0.809224963188,-0.815404891968,-0.827710986137,-0.824605286121,-0.765819251537],"min":[-0.959532737732,-0.967891395092,-0.974580824375,-0.988717138767,-0.980293869972,-0.937095105648],"var":[0.00566002028063,0.00446473853663,0.00279270973988,0.0017732414417,0.00239539844915,0.00510604539886]},"spectral_contrast_valleys":{"dmean":[0.376706898212,0.375739842653,0.29901561141,0.273565083742,0.390391439199,0.612519800663],"dmean2":[0.617449760437,0.618194401264,0.484145879745,0.429317593575,0.577655136585,0.918159902096],"dvar":[0.093282237649,0.0933206900954,0.0607871972024,0.0643297359347,0.166921600699,0.294668704271],"dvar2":[0.243760108948,0.241638571024,0.153844952583,0.151310309768,0.375025749207,0.702569007874],"max":[-4.80898475647,-4.29220199585,-4.89068746567,-5.45245075226,-5.58715486526,-8.79660606384],"mean":[-7.13579702377,-7.09798336029,-7.27834224701,-7.76922130585,-8.37655162811,-11.436504364],"median":[-6.8015422821,-6.85628509521,-6.90779781342,-7.37615442276,-8.07093143463,-11.1458120346],"min":[-18.2420806885,-16.8416347504,-16.5168933868,-16.5301647186,-16.6423072815,-18.6887836456],"var":[1.60144400597,1.88238036633,2.14964675903,2.26614785194,2.617395401,2.36059379578]},"spectral_decrease":{"dmean":3.70442676534e-9,"dmean2":5.68300739801e-9,"dvar":3.61296742044e-17,"dvar2":8.29454962191e-17,"max":3.10114733892e-9,"mean":-7.76638398037e-9,"median":-4.86456475102e-9,"min":-8.16376086732e-8,"var":8.34212971249e-17},"spectral_energy":{"dmean":0.0144940521568,"dmean2":0.0220796503127,"dvar":0.000551231205463,"dvar2":0.0012551327236,"max":0.341980904341,"mean":0.0397393219173,"median":0.0257008392364,"min":3.26232721393e-11,"var":0.00174062955193},"spectral_energyband_high":{"dmean":0.000230094679864,"dmean2":0.000321124476613,"dvar":1.40080857136e-7,"dvar2":2.68945768767e-7,"max":0.00860003661364,"mean":0.000646403583232,"median":0.000157227521413,"min":1.22194268593e-11,"var":0.00000108681479105},"spectral_energyband_low":{"dmean":0.0112983779982,"dmean2":0.0177909936756,"dvar":0.000361614685971,"dvar2":0.000896122714039,"max":0.303030520678,"mean":0.0206582583487,"median":0.0126554304734,"min":4.16663925584e-12,"var":0.000643333944026},"spectral_energyband_middle_high":{"dmean":0.00112126243766,"dmean2":0.00173333566636,"dvar":0.00000343729129781,"dvar2":0.00000827329313324,"max":0.0416902266443,"mean":0.00398760149255,"median":0.0019042143831,"min":6.78543462737e-12,"var":0.0000268391268037},"spectral_energyband_middle_low":{"dmean":0.00351030519232,"dmean2":0.00560811161995,"dvar":0.0000422771481681,"dvar2":0.000102547921415,"max":0.140221714973,"mean":0.0082119461149,"median":0.00299456622452,"min":1.72375069947e-12,"var":0.000155362184159},"spectral_entropy":{"dmean":0.211844608188,"dmean2":0.311631321907,"dvar":0.0465131029487,"dvar2":0.101341858506,"max":8.66999912262,"mean":7.51809167862,"median":7.60464715958,"min":5.0519118309,"var":0.197519287467},"spectral_flux":{"dmean":0.0254673883319,"dmean2":0.0411187745631,"dvar":0.00110148428939,"dvar2":0.00268639647402,"max":0.466073781252,"mean":0.0958541184664,"median":0.0823039710522,"min":0.000025522958822,"var":0.00486398860812},"spectral_kurtosis":{"dmean":6.95613479614,"dmean2":10.6183958054,"dvar":94.7887420654,"dvar2":244.501113892,"max":148.634429932,"mean":19.4626121521,"median":15.0208835602,"min":2.49702215195,"var":228.832061768},"spectral_rms":{"dmean":0.000969585671555,"dmean2":0.00144067988731,"dvar":0.00000145771559801,"dvar2":0.00000312056135954,"max":0.0182658117265,"mean":0.00528082158417,"median":0.00500739365816,"min":1.78402856932e-7,"var":0.0000108828944576},"spectral_rolloff":{"dmean":3715.1340332,"dmean2":7082.95019531,"dvar":50335004,"dvar2":120352312,"max":22050,"mean":10287.6748047,"median":2906.98242188,"min":21.533203125,"var":101874888},"spectral_skewness":{"dmean":0.512173354626,"dmean2":0.755180358887,"dvar":0.353948533535,"dvar2":0.860887825489,"max":8.76401233673,"mean":2.97427296638,"median":2.71945810318,"min":0.835338532925,"var":1.33943903446},"spectral_spread":{"dmean":668119.3125,"dmean2":981440.4375,"dvar":429190938624,"dvar2":886198697984,"max":12480137,"mean":3929472.25,"median":3945743,"min":861741.125,"var":1491906461700},"spectral_strongpeak":{"dmean":1.74489104748,"dmean2":3.26048922539,"dvar":68.1009750366,"dvar2":176.392486572,"max":139.889953613,"mean":1.48698329926,"median":0.156090289354,"min":0,"var":62.8518676758},"zerocrossingrate":{"dmean":0.0424717068672,"dmean2":0.0539814531803,"dvar":0.0016868126113,"dvar2":0.00264003593475,"max":0.8759765625,"mean":0.245381176472,"median":0.220703125,"min":0.00732421875,"var":0.0185110196471}},"metadata":{"audio_properties":{"analysis_sample_rate":44100,"bit_rate":241424,"codec":"mp3","downmix":"mix","equal_loudness":0,"length":319.635345459,"lossless":false,"md5_encoded":"47533b1b34a61bba26230718746a5ef0","replay_gain":-10.1309070587,"sample_rate":44100},"tags":{"acoustid_id":["cda09257-8ad9-49b3-8dcb-ed76968d27f7"],"album":["Born Villain"],"albumartist":["Marilyn Manson"],"albumartistsort":["Marilyn Manson"],"artist":["Marilyn Manson"],"asin":["B007KIZ6IG"],"barcode":["711297495423"],"catalognumber":["COOKCD554"],"date":["2012","2012-04-30"],"discnumber":["1/1"],"encoding":["MediaMonkey 4.0.3"],"file_name":"07-Marilyn Manson-The Flowers of Evil.mp3","genre":["Industrial"],"isrc":["GBCEJ1200122"],"label":["Cooking Vinyl"],"language":["eng"],"media":["CD"],"musicbrainz album release country":["GB"],"musicbrainz album status":["official"],"musicbrainz album type":["album"],"musicbrainz_albumartistid":["5dfdca28-9ddc-4853-933c-8bc97d87beec"],"musicbrainz_albumid":["6b235ce0-d847-4f3d-a2ed-b5a9c660b793"],"musicbrainz_artistid":["5dfdca28-9ddc-4853-933c-8bc97d87beec"],"musicbrainz_recordingid":["fb118cc5-9898-4016-9d1e-cfdb160d7852"],"originaldate":["2012","2012"],"replaygain_album_gain":["-10.70 dB"],"replaygain_track_gain":["-9.70 dB"],"replaygain_track_peak":["0.999969"],"script":["Latn"],"title":["The Flowers of Evil"],"tracknumber":["7/14"]},"version":{"essentia":"2.1-beta1","essentia_build_sha":"ca57ba49d9b1854bd80e60cf9ccf267278fb7d6b","essentia_git_sha":"v2.1_beta1-28-g21ef5f4-dirty","extractor":"music 1.0"}},"rhythm":{"beats_count":683,"beats_loudness":{"dmean":0.0276019386947,"dmean2":0.0483394786716,"dvar":0.000940744299442,"dvar2":0.00247849337757,"max":0.261256545782,"mean":0.0695487484336,"median":0.0690779834986,"min":0.00000592838523517,"var":0.00288711045869},"beats_loudness_band_ratio":{"dmean":[0.13371758163,0.0509768500924,0.042897336185,0.0323941633105,0.0189312528819,0.0449644736946],"dmean2":[0.232262134552,0.0884760394692,0.0747545585036,0.0555319748819,0.0345157235