{"lowlevel":{"average_loudness":0.87225240469,"barkbands":{"dmean":[0.00174542597961,0.00700084492564,0.00503466511145,0.00193742918782,0.00246442691423,0.00142785417847,0.000862993241753,0.000516392639838,0.000586624373682,0.00064684060635,0.000660423422232,0.000465383229312,0.000526222400367,0.000491021899506,0.000247503281571,0.000137060560519,0.000131447144668,0.000122620738694,0.000133992711199,0.0000918351797736,0.0000554528560315,0.0000705624115653,0.0000203422059712,0.00000642168333798,0.00000178727123057,0.0000144459172589,0.000188022371731],"dmean2":[0.00303359306417,0.0122736152261,0.00838712323457,0.00338359712623,0.00400670059025,0.00235395482741,0.00136432482395,0.000853724020999,0.000940493657254,0.00103528052568,0.00107711763121,0.000767937395722,0.000875399273355,0.000809807504993,0.000406276318245,0.00022440320754,0.00020834087627,0.000189489786862,0.000206942117075,0.000138921022881,0.0000828052216093,0.000103277969174,0.0000295787867799,0.00000977939271252,0.00000296879352391,0.0000203441086342,0.000246142299147],"dvar":[0.0000133781049954,0.000248166441452,0.000141183263622,0.0000122777837532,0.0000250452103501,0.00000881186861079,0.00000520204275745,0.00000162624098721,9.93665707938e-7,0.00000146876345752,0.00000159699652613,6.39000916181e-7,8.49423372529e-7,6.62506067783e-7,1.57723505367e-7,5.27575885201e-8,5.34927835361e-8,5.2147306917e-8,6.29032328447e-8,5.81728727411e-8,2.22263523142e-8,1.18604717159e-8,1.67443958698e-9,1.47642328918e-10,1.1874395564e-11,7.95312260493e-10,8.88315128122e-8],"dvar2":[0.0000344758118445,0.000702871067915,0.000362564605894,0.0000363375329471,0.0000620039645582,0.000022377618734,0.00000907075354917,0.00000414936585003,0.00000246196896114,0.00000350001846527,0.00000409111498811,0.00000170013402112,0.0000022541000817,0.00000174262436303,4.11095044228e-7,1.3545346178e-7,1.34134666041e-7,1.22638383004e-7,1.48619278661e-7,1.28428723656e-7,4.8201457048e-8,2.6838385736e-8,3.50985640551e-9,3.2291233576e-10,2.8670380306e-11,1.51593249065e-9,1.38947470418e-7],"max":[0.0485690459609,0.252964615822,0.153138160706,0.0709014385939,0.055340372026,0.0553574115038,0.152763575315,0.0339651294053,0.0197201799601,0.0221749525517,0.0449251644313,0.0159687623382,0.0218676738441,0.0264992360026,0.0130830202252,0.00338783650659,0.00475815823302,0.00491153402254,0.00545246526599,0.00810387264937,0.00472501618788,0.00189205934294,0.00111259426922,0.000333286327077,0.0000597421785642,0.000648040208034,0.00856523681432],"mean":[0.00175782688893,0.00744644924998,0.00558846490458,0.00230598310009,0.00325192511082,0.00180477206595,0.00124895735644,0.000729342573322,0.000867212889716,0.000957828364335,0.00102039903868,0.0007358736475,0.000897815625649,0.000822264293674,0.000410013570217,0.000239255343331,0.000237650572672,0.000212833241676,0.00024053886591,0.000182882038644,0.00010925069364,0.000126284081489,0.0000378755248676,0.0000105132021417,0.0000017623341364,0.0000273882960755,0.000549527991097],"median":[0.000777140434366,0.00372293638065,0.00222689192742,0.00106932246126,0.00114738580305,0.000750823994167,0.000518569839187,0.000264828617219,0.000407827552408,0.00038876463077,0.000468357582577,0.000359767116606,0.000470045255497,0.000513784936629,0.000240913519519,0.000124710029922,0.000102219251858,0.0000937097647693,0.000112579255074,0.0000890949449968,0.0000512548540428,0.0000731446343707,0.0000139412404678,0.00000403100057156,5.83913561059e-7,0.00000775156513555,0.000262198998826],"min":[9.06106540551e-24,2.3215261362e-23,1.44045023106e-23,4.30460333393e-24,7.39634848776e-23,6.46273791731e-23,1.06935258008e-22,9.54305484321e-23,8.36326665888e-23,6.23459997461e-23,4.39541652802e-23,5.47741909226e-23,5.51431190798e-23,5.13200877184e-23,1.16276873117e-22,1.31332516996e-22,2.26699035167e-22,9.75704630107e-23,2.245938494e-22,4.5473456479e-22,3.5118128601e-22,5.61537698063e-22,5.20318163287e-22,1.14179389158e-21,1.20693315313e-21,2.28570723153e-21,2.4792830449e-21],"var":[0.0000115353486763,0.00018242081569,0.000126829632791,0.0000142217359098,0.0000312343618134,0.000010810385902,0.000011727045603,0.00000272652755484,0.00000178018910901,0.00000266227948487,0.0000034245099414,0.00000121360710637,0.00000174735771452,0.00000125056033085,2.9494688647e-7,1.0202827383e-7,1.17459521221e-7,1.04218095487e-7,1.28977646341e-7,1.24306694715e-7,4.27473239029e-8,2.38330475355e-8,4.5791259673e-9,3.3320929349e-10,1.22919643214e-11,2.82133205687e-9,5.56851034617e-7]},"barkbands_crest":{"dmean":3.06754922867,"dmean2":5.18763923645,"dvar":7.61537694931,"dvar2":20.9633903503,"max":26.4891357422,"mean":8.95858860016,"median":8.2073097229,"min":2.32690286636,"var":14.2878322601},"barkbands_flatness_db":{"dmean":0.0255979876965,"dmean2":0.0417197830975,"dvar":0.000559887150303,"dvar2":0.00152849277947,"max":0.362170517445,"mean":0.118977509439,"median":0.116598345339,"min":0.0309281740338,"var":0.001445850241},"barkbands_kurtosis":{"dmean":4.25229167938,"dmean2":7.20986366272,"dvar":144.829345703,"dvar2":432.415893555,"max":490.781768799,"mean":5.3123497963,"median":2.68423771858,"min":-1.7973896265,"var":136.892593384},"barkbands_skewness":{"dmean":0.704255700111,"dmean2":1.13946092129,"dvar":0.667959928513,"dvar2":1.75416791439,"max":20.4051132202,"mean":1.81529653072,"median":1.59200024605,"min":-2.06807112694,"var":1.48473787308},"barkbands_spread":{"dmean":7.88197231293,"dmean2":12.5717725754,"dvar":77.3566436768,"dvar2":186.073730469,"max":114.633918762,"mean":28.3580932617,"median":24.8850975037,"min":0.899634301662,"var":223.345291138},"dissonance":{"dmean":0.017368234694,"dmean2":0.0295111723244,"dvar":0.000308973598294,"dvar2":0.000847596093081,"max":0.500000178814,"mean":0.472490042448,"median":0.478829622269,"min":0.309968709946,"var":0.000536153966095},"dynamic_complexity":2.96977877617,"erbbands":{"dmean":[0.249866589904,1.47811663151,5.17369842529,6.25748872757,7.13990020752,7.26046895981,13.4808731079,11.0694637299,12.3292284012,11.4380197525,12.3271245956,13.0909729004,18.3034725189,17.6555023193,24.3234519958,19.9024333954,23.8343544006,22.9329833984,15.8824443817,11.5198097229,6.58705854416,6.86992073059,6.50825929642,6.69156694412,6.22821521759,3.90918278694,3.03836727142,2.03414201736,2.59181857109,1.40281486511,0.506495952606,0.203978717327,0.0763169825077,0.0208108145744,0.0126860840246,0.0115411384031,0.0289364345372,0.0461694225669,0.0198121480644,0.0041044796817],"dmean2":[0.442782312632,2.56387925148,8.58104228973,10.70378685,12.2073421478,12.1450719833,22.0805187225,18.2154941559,19.3556156158,18.8247356415,19.7267932892,20.8994274139,29.3353309631,28.3985176086,39.6697807312,32.6610603333,39.6047286987,37.8070335388,25.7292118073,18.7997207642,10.4691677094,10.8415393829,10.0113954544,10.253777504,9.48722839355,5.87554740906,4.59387969971,3.01678967476,3.81651878357,2.06583285332,0.725436627865,0.299084722996,0.117907322943,0.0342162773013,0.0210230201483,0.0179737675935,0.0401915684342,0.0643133893609,0.02696050331,0.00542937917635],"dvar":[0.391017705202,9.06002426147,129.204345703,146.375762939,197.108291626,253.555328369,1114.48937988,606.092712402,1480.77722168,845.000976562,935.855163574,489.6640625,1262.81835938,1063.41223145,2079.34399414,1227.41223145,1879.82312012,1535.41137695,626.383361816,347.921691895,119.619377136,137.329772949,138.555007935,196.499420166,137.502334595,111.597091675,73.739692688,21.5328617096,17.5499229431,4.73627996445,0.978749454021,0.164396420121,0.01821760647,0.00152044044808,0.000589865492657,0.000335926830303,0.00307842693292,0.00483794789761,0.00119722902309,0.000047495799663],"dvar2":[1.09920811653,25.5612888336,328.369995117,406.182006836,540.443969727,660.479492188,2772.16845703,1492.4810791,2526.8059082,2035.9251709,2224.44604492,1212.44006348,3027.15698242,2677.45629883,5408.37304688,3195.37670898,5134.53271484,3871.0715332,1631.77929688,929.263366699,292.871582031,341.335968018,330.262908936,457.155212402,318.102996826,248.834686279,161.329788208,46.571182251,39.2323226929,11.0740413666,1.93522536755,0.345925956964,0.0398467965424,0.00366781279445,0.00142219208647,0.000754741369747,0.00574237760156,0.0101624391973,0.00215947674587,0.000075077812653],"max":[9.23854064941,50.2035484314,147.772369385,167.834823608,219.851287842,214.859619141,396.747344971,470.154510498,2718.98657227,1108.87890625,721.96673584,374.310119629,712.419372559,830.525878906,1426.32763672,810.23614502,1187.14196777,1576.13757324,650.144226074,402.604644775,233.374572754,188.017333984,206.068496704,419.377288818,251.13458252,426.5987854,294.599060059,150.970489502,82.1175537109,51.2545433044,31.2470417023,14.4350347519,3.53812003136,0.67742985487,0.423098951578,0.309091985226,1.48899829388,1.59562003613,0.899595022202,0.191424101591],"mean":[0.235977709293,1.61297881603,5.90623903275,7.72789669037,9.05591678619,9.01216983795,15.813867569,14.5596046448,17.6189556122,17.1731872559,18.4842395782,19.6229095459,27.8253765106,29.4991531372,39.9274673462,34.5275421143,42.9793739319,41.0808105469,28.9277210236,20.1307563782,12.5361890793,12.9530801773,11.7583885193,12.1796989441,11.5009059906,7.90439128876,5.95146036148,4.05824947357,4.67819595337,2.50236320496,0.969275057316,0.363024950027,0.111009530723,0.02242423594,0.0129554355517,0.01636027731,0.0562845207751,0.0966866090894,0.052275698632,0.0124031789601],"median":[0.0941867157817,0.798534393311,2.47587299347,3.74845838547,3.75694656372,3.09641551971,4.76084136963,5.9927611351,6.37749052048,7.12347221375,6.74716615677,9.45212745667,12.7715787888,15.6992397308,20.300163269,18.5385417938,23.1075344086,27.5206069946,18.5658111572,11.3263893127,6.27062940598,5.89536762238,5.52119159698,5.08178663254,5.68436050415,3.92585277557,2.80007266998,1.96472144127,2.73967218399,1.35853934288,0.366019517183,0.13685490191,0.0407076366246,0.0088944779709,0.00471424497664,0.00683544110507,0.0176291838288,0.0485904701054,0.0265592075884,0.00573745090514],"min":[1.31486881298e-21,3.14957883764e-21,1.3694349857e-20,2.12781485081e-20,1.09743745003e-19,2.7753750028e-19,4.88633423917e-19,4.56629133933e-19,8.08631190714e-19,2.81378740929e-18,1.71078807437e-18,1.85211922326e-18,1.55963684405e-18,2.08187918495e-18,2.31672423945e-18,2.14490331659e-18,2.75146844912e-18,2.56388456571e-18,4.76835832809e-18,7.08905448205e-18,8.97301622978e-18,1.01330146162e-17,6.37907336817e-18,1.27465802698e-17,1.06928876779e-17,2.25057894856e-17,1.445723279e-17,1.91080590928e-17,1.71955844293e-17,1.37595142151e-17,1.59407977622e-17,2.53754461211e-17,1.75799984211e-17,1.3250278669e-17,8.72356916271e-18,6.82240247183e-18,4.51797571975e-18,1.60832128279e-18,3.59704685097e-19,3.48627224505e-20],"var":[0.271763980389,7.20278310776,122.902359009,149.389282227,229.189468384,267.276794434,1176.3392334,803.416564941,3348.6953125,1866.24267578,1705.21655273,842.819458008,2263.84155273,2032.3104248,4235.24853516,2518.6809082,3810.20629883,2846.09301758,1277.66088867,695.446777344,279.843231201,310.608612061,286.672851562,369.121734619,323.375518799,215.053344727,146.386016846,43.7054901123,33.8329353333,11.3410949707,2.94179439545,0.411905020475,0.0368879251182,0.0016454719007,0.000618428690359,0.000640998303425,0.0108185429126,0.0170782804489,0.00563570344821,0.000278752093436]},"erbbands_crest":{"dmean":2.55223846436,"dmean2":4.23433113098,"dvar":5.92793989182,"dvar2":15.3190670013,"max":30.7625083923,"mean":8.09537220001,"median":7.13572645187,"min":2.10076594353,"var":15.1007852554},"erbbands_flatness_db":{"dmean":0.0180180966854,"dmean2":0.0272300951183,"dvar":0.000236478925217,"dvar2":0.000539597123861,"max":0.291568934917,"mean":0.136069521308,"median":0.131385222077,"min":0.018442960456,"var":0.00140105094761},"erbbands_kurtosis":{"dmean":0.922032415867,"dmean2":1.47710216045,"dvar":1.37617099285,"dvar2":3.32864069939,"max":25.0035209656,"mean":0.650953888893,"median":0.220117807388,"min":-1.69694972038,"var":3.42683124542},"erbbands_skewness":{"dmean":0.345349669456,"dmean2":0.543107390404,"dvar":0.100090734661,"dvar2":0.233194604516,"max":4.65456676483,"mean":-0.0125188305974,"median":0.00169268669561,"min":-3.30428767204,"var":0.357386112213},"erbbands_spread":{"dmean":7.57959985733,"dmean2":11.6968955994,"dvar":53.3732337952,"dvar2":121.312980652,"max":109.760131836,"mean":33.7118911743,"median":30.4570007324,"min":3.52211284637,"var":277.701629639},"gfcc":{"cov":[[17859.3320312,1615.29870605,-685.483886719,-270.421478271,17.1682186127,-568.938476562,156.317428589,-633.018310547,-35.5003967285,-423.323913574,-132.902603149,-109.824584961,-257.534667969],[1615.29870605,961.141113281,-114.29561615,-310.088348389,13.2129650116,-64.4977874756,29.5398082733,-148.102584839,-49.9119033813,-41.7027854919,-19.8555088043,-67.0879974365,40.1787033081],[-685.483886719,-114.29561615,268.706359863,173.966720581,-33.1794471741,22.5118808746,-58.9630508423,79.3061752319,-21.9463100433,28.0309715271,-7.13743019104,-4.94382047653,8.16917800903],[-270.421478271,-310.088348389,173.966720581,366.021240234,75.3794937134,-55.0344429016,25.7230072021,24.6263847351,40.3892097473,-3.84471178055,-7.17670726776,24.5633392334,-40.3065795898],[17.1682186127,13.2129650116,-33.1794471741,75.3794937134,157.937088013,28.8373603821,65.2166671753,-34.3074684143,17.9021110535,-7.45070552826,9.73200035095,2.97434282303,1.58534407616],[-568.938476562,-64.4977874756,22.5118808746,-55.0344429016,28.8373603821,210.037017822,2.47504758835,54.906085968,-46.4781799316,31.3553218842,11.2000827789,1.8316116333,24.3788566589],[156.317428589,29.5398082733,-58.9630508423,25.7230072021,65.2166671753,2.47504758835,185.906524658,-21.8246936798,48.5885353088,-22.293050766,-5.38026046753,16.2950401306,-25.8232631683],[-633.018310547,-148.102584839,79.3061752319,24.6263847351,-34.3074684143,54.906085968,-21.8246936798,160.754898071,27.0618896484,39.3347473145,2.99948072433,-8.88101959229,30.0270328522],[-35.5003967285,-49.9119033813,-21.9463100433,40.3892097473,17.9021110535,-46.4781799316,48.5885353088,27.0618896484,146.624984741,46.779548645,9.94516944885,19.0104923248,-33.3018722534],[-423.323913574,-41.7027854919,28.0309715271,-3.84471178055,-7.45070552826,31.3553218842,-22.293050766,39.3347473145,46.779548645,102.751914978,41.6659393311,-3.91339254379,12.8771705627],[-132.902603149,-19.8555088043,-7.13743019104,-7.17670726776,9.73200035095,11.2000827789,-5.38026046753,2.99948072433,9.94516944885,41.6659393311,60.6487579346,26.1757659912,10.1862506866],[-109.824584961,-67.0879974365,-4.94382047653,24.5633392334,2.97434282303,1.8316116333,16.2950401306,-8.88101959229,19.0104923248,-3.91339254379,26.1757659912,72.1189956665,7.8186416626],[-257.534667969,40.1787033081,8.16917800903,-40.3065795898,1.58534407616,24.3788566589,-25.8232631683,30.0270328522,-33.3018722534,12.8771705627,10.1862506866,7.8186416626,76.9205093384]],"icov":[[0.0000922054096009,-0.000224777948461,0.000383998791222,-0.000363279948942,0.000267346797045,-0.0000674551483826,0.0000963708662312,0.0000295934987662,-0.0000473901272926,0.000293313118163,-0.000169285573065,0.000125160135212,0.00017172373191],[-0.000224777948461,0.00335930194706,-0.00393235450611,0.00500684650615,-0.00259316037409,0.0017928679008,-0.00125518580899,0.00258344272152,-0.000959573779255,0.000544451351743,-0.000161029936862,0.00203990051523,-0.00210329145193],[0.000383998791222,-0.00393235450611,0.0143953971565,-0.0120914559811,0.00727571593598,-0.00395413069054,0.0026952594053,-0.00418539438397,0.00290073966607,-0.00237601506524,0.00116196775343,-0.000681859557517,0.000685846782289],[-0.000363279948942,0.00500684650615,-0.0120914559811,0.0170459132642,-0.0123349782079,0.00832839589566,-0.0022928295657,-0.000105619626993,0.00244548055343,-0.00325304758735,0.00479228468612,-0.00480106007308,0.00472756847739],[0.000267346797045,-0.00259316037409,0.00727571593598,-0.0123349782079,0.0195487942547,-0.010092465207,-0.0010373640107,0.00628214282915,-0.00870460644364,0.00939721334726,-0.0105836894363,0.0108870286494,-0.0100382901728],[-0.0000674551483826,0.0017928679008,-0.00395413069054,0.00832839589566,-0.010092465207,0.0135088376701,-0.00201276526786,-0.00625605555251,0.0107771465555,-0.0106772193685,0.00843276176602,-0.00908719934523,0.00757498247549],[0.0000963708662312,-0.00125518580899,0.0026952594053,-0.0022928295657,-0.0010373640107,-0.00201276526786,0.00839571747929,-0.0007202567067,-0.00287350290455,0.00276335864328,-0.0000190504870261,-0.00121356605086,0.0016688281903],[0.0000295934987662,0.00258344272152,-0.00418539438397,-0.000105619626993,0.00628214282915,-0.00625605555251,-0.0007202567067,0.0173939932138,-0.0121222212911,0.00836054142565,-0.00715126888826,0.0120521290228,-0.0129655497149],[-0.0000473901272926,-0.000959573779255,0.00290073966607,0.00244548055343,-0.00870460644364,0.0107771465555,-0.00287350290455,-0.0121222212911,0.0260426700115,-0.0223036948591,0.016020834446,-0.0180432032794,0.0165682435036],[0.000293313118163,0.000544451351743,-0.00237601506524,-0.00325304758735,0.00939721334726,-0.0106772193685,0.00276335864328,0.00836054142565,-0.0223036948591,0.0374793820083,-0.0287778675556,0.0220915395766,-0.0142653677613],[-0.000169285573065,-0.000161029936862,0.00116196775343,0.00479228468612,-0.0105836894363,0.00843276176602,-0.0000190504870261,-0.00715126888826,0.016020834446,-0.0287778675556,0.0435417294502,-0.0253735315055,0.0108025725931],[0.000125160135212,0.00203990051523,-0.000681859557517,-0.00480106007308,0.0108870286494,-0.00908719934523,-0.00121356605086,0.0120521290228,-0.0180432032794,0.0220915395766,-0.0253735315055,0.0361300595105,-0.0173685718328],[0.00017172373191,-0.00210329145193,0.000685846782289,0.00472756847739,-0.0100382901728,0.00757498247549,0.0016688281903,-0.0129655497149,0.0165682435036,-0.0142653677613,0.0108025725931,-0.0173685718328,0.0304021649063]],"mean":[-3.88854432106,88.9075393677,-96.6956939697,6.77788686752,-12.1253118515,-13.7177019119,9.02847957611,-27.1785354614,-0.531479358673,-7.5793261528,-7.69295024872,0.0334059111774,-16.3553466797]},"hfc":{"dmean":19.8305721283,"dmean2":29.0075492859,"dvar":1006.62780762,"dvar2":2112.67480469,"max":1072.53625488,"mean":61.5041389465,"median":43.1219558716,"min":1.2610478288e-16,"var":3171.43408203},"melbands":{"dmean":[0.00207441113889,0.00240485812537,0.00108275702223,0.000469829537906,0.000457061774796,0.000255183083937,0.000179904847755,0.000116326467833,0.00010758456483,0.0000804260198493,0.0000947486914811,0.0000738108647056,0.0000949997047428,0.0000506092947035,0.0000584578774578,0.0000486059143441,0.0000466314268124,0.0000308725466311,0.0000172374675458,0.0000125639044199,0.0000081841408246,0.00000792872833699,0.00000661176864014,0.00000611547602603,0.00000579115067012,0.00000515417605129,0.00000403509829994,0.00000255503914559,0.00000236027221945,0.00000137715039727,0.00000123267307117,0.00000150786149788,0.00000163321192304,5.59793988941e-7,3.36150463909e-7,1.88555134173e-7,1.11588747131e-7,7.15588441835e-8,1.96037248656e-8,1.64336118047e-8],"dmean2":[0.00365767790936,0.00402383739129,0.0018444819143,0.000783089373726,0.000745643978007,0.00041740204324,0.000282924680505,0.000192404651898,0.000169844686752,0.000129498759634,0.000152071603225,0.000119407981401,0.000155152432853,0.0000830109129311,0.0000962393387454,0.000080783465819,0.0000770387850935,0.0000505459211126,0.0000282877699647,0.0000206523254747,0.000013153715372,0.0000127276862258,0.0000104946466308,0.0000096418107205,0.00000902136434888,0.00000805376839708,0.00000620708260612,0.00000393668733523,0.00000366467156709,0.0000021163425572,0.00000186967815807,0.000002260829433,0.00000248821152127,8.30431304166e-7,4.96929374094e-7,2.76807611499e-7,1.70754660189e-7,1.11401938341e-7,3.23099484945e-8,2.73029794329e-8],"dvar":[0.0000251673791354,0.0000214496976696,0.00000421196227762,7.7610337712e-7,0.00000131152944505,2.99995974729e-7,2.65303498281e-7,8.57186819303e-8,6.51929710216e-8,1.79703167902e-8,3.35692718068e-8,1.93207956301e-8,3.488181477e-8,7.382944478e-9,1.1120389054e-8,6.44046416198e-9,6.89820600641e-9,2.64407695738e-9,8.2507572996e-10,4.24125845555e-10,2.10813005941e-10,2.00055930155e-10,1.42086203914e-10,1.34656299999e-10,1.55616700082e-10,8.9727059116e-11,9.71629443569e-11,4.69862065922e-11,4.60975875527e-11,1.42407674195e-11,6.91584159732e-12,7.63128883002e-12,7.00511046739e-12,1.10713142213e-12,4.72541385362e-13,1.51334985667e-13,4.8998524964e-14,1.82985984492e-14,1.32487536126e-15,1.00884916859e-15],"dvar2":[0.0000707906947355,0.0000551130215172,0.0000115353359433,0.00000201745478989,0.00000327486873175,7.36742777008e-7,4.65534952809e-7,2.12762031992e-7,1.52551777433e-7,4.51088943976e-8,8.04283715183e-8,4.81739519387e-8,8.9615760146e-8,1.92240001695e-8,2.83663190714e-8,1.74251688634e-8,1.76756493886e-8,7.04724101297e-9,2.15643791712e-9,1.11544951054e-9,5.23017740228e-10,5.10219477778e-10,3.56100149368e-10,3.21089571598e-10,3.7150621468e-10,2.15410383975e-10,2.25929192021e-10,1.04888479846e-10,1.02521269252e-10,3.02262104235e-11,1.56129172091e-11,1.68967912578e-11,1.77492014142e-11,2.56750805512e-12,9.95593039434e-13,3.16063473137e-13,1.08115881699e-13,4.05366590447e-14,3.19952952716e-15,2.43694767057e-15],"max":[0.0741493925452,0.0588387958705,0.0304819606245,0.0137126399204,0.0130057381466,0.0104093383998,0.0354202724993,0.0107336854562,0.00636691087857,0.00229376810603,0.00355320144445,0.00354700512253,0.00674033118412,0.00143470917828,0.00327320140786,0.00217987340875,0.00310230231844,0.000891063187737,0.00089730322361,0.000308968679747,0.00038021162618,0.000231420679484,0.000215916632442,0.000239077024162,0.000369585031876,0.000247154850513,0.000269391777692,0.000278861174593,0.000204634357942,0.000133518464281,0.0000841124783619,0.000055952128605,0.0000529728022229,0.0000299284129142,0.0000190473165276,0.0000159469800565,0.00000600961675445,0.00000390162767872,6.16892577909e-7,5.50298693724e-7],"mean":[0.00215104687959,0.00283714011312,0.00141762092244,0.000625527114607,0.000544771901332,0.00034043105552,0.000260362954577,0.000173437496414,0.000156825859449,0.000118400923384,0.000139868541737,0.000116634102596,0.000148302933667,0.0000811718491605,0.000099770113593,0.0000833590020193,0.0000777296882006,0.0000513922495884,0.0000286992290057,0.0000211604383367,0.0000139540816235,0.0000139423900691,0.0000112179641292,0.0000102720796349,0.00000982010260486,0.00000880099469214,0.00000731343516236,0.0000048013275773,0.00000425893631473,0.00000254786914411,0.00000227559689847,0.00000267178393187,0.00000246195349973,9.8901466572e-7,6.02353964041e-7,3.29979798153e-7,1.76957200893e-7,9.91283357621e-8,2.03508037089e-8,1.61239057661e-8],"median":[0.0010184297571,0.0013641663827,0.000714621390216,0.000247312476858,0.000162353739142,0.000141293596243,0.000102192992927,0.0000695940179867,0.0000553609133931,0.0000577073005843,0.0000606868925388,0.000056948789279,0.0000683093167027,0.0000419630378019,0.0000496279681101,0.0000474363914691,0.0000489773665322,0.0000304017412418,0.0000160684721777,0.0000111874705908,0.00000567756524106,0.00000591750085732,0.00000520763160239,0.00000445790647063,0.00000382015514333,0.0000043089276005,0.00000340562064594,0.00000237643007495,0.00000191729986909,0.00000121603466141,0.00000105504204839,0.00000145784190408,0.00000126946929413,4.29727037954e-7,2.05992691349e-7,1.21897812733e-7,6.19979658723e-8,3.24524833673e-8,7.56459073159e-9,5.25252641381e-9],"min":[9.45092598689e-24,5.74883015769e-24,4.3628441457e-24,1.59542937118e-23,1.5631777397e-23,1.0306681508e-23,1.50174283013e-23,3.04191864801e-23,1.31725477012e-23,1.13365851737e-23,7.76111571929e-24,8.38208099147e-24,7.32386195244e-24,6.40896552925e-24,4.08538204381e-24,6.95759462301e-24,4.18853783451e-24,7.01636633817e-24,7.86380963193e-24,1.04071760765e-23,1.12920216323e-23,1.11466132682e-23,8.12539433038e-24,5.21725939215e-24,1.13863338978e-23,6.58949240311e-24,1.23021824761e-23,1.5176421639e-23,9.5879416598e-24,7.66269506617e-24,1.31240816649e-23,1.14708840097e-23,7.32547359527e-24,7.83053074579e-24,8.11347543097e-24,1.38751261561e-23,1.52955759233e-23,1.07142535944e-23,1.47396561771e-23,9.23512204222e-24],"var":[0.0000179145590664,0.0000212030190596,0.00000456002680949,0.00000100469810604,0.00000138775362757,4.22139578404e-7,5.90939009726e-7,1.83828944955e-7,1.21248234564e-7,3.02888025772e-8,5.96132920805e-8,3.54063587338e-8,7.43455856878e-8,1.41954155097e-8,2.3691539397e-8,1.19333964932e-8,1.21532126585e-8,4.78517758751e-9,1.52139789655e-9,8.21436363374e-10,4.53375864629e-10,4.14305145746e-10,2.57602605913e-10,2.5876575882e-10,2.64605004574e-10,1.68341091067e-10,2.06170580608e-10,8.33415281232e-11,8.63159335673e-11,2.56936676796e-11,1.31253454286e-11,1.32325175123e-11,1.13242731165e-11,2.65790557966e-12,1.28426024155e-12,3.68654081871e-13,1.06084066499e-13,3.47693099626e-14,1.42016783838e-15,1.04167127178e-15]},"melbands_crest":{"dmean":4.36664295197,"dmean2":7.36499977112,"dvar":14.4271297455,"dvar2":40.2100639343,"max":39.0327758789,"mean":14.726984024,"median":13.8368358612,"min":2.95327210426,"var":33.9950714111},"melbands_flatness_db":{"dmean":0.0340906493366,"dmean2":0.0552968531847,"dvar":0.000855382299051,"dvar2":0.00231557083316,"max":0.454311192036,"mean":0.224173501134,"median":0.223466262221,"min":0.00624767458066,"var":0.00245799310505},"melbands_kurtosis":{"dmean":8.83636188507,"dmean2":14.6659259796,"dvar":272.867675781,"dvar2":724.745727539,"max":429.015106201,"mean":12.7296466827,"median":5.60079956055,"min":-1.70739424229,"var":473},"melbands_skewness":{"dmean":0.965393185616,"dmean2":1.55595016479,"dvar":1.00245952606,"dvar2":2.53304600716,"max":17.2653446198,"mean":2.65932965279,"median":2.20833301544,"min":-1.47208321095,"var":3.30120038986},"melbands_spread":{"dmean":7.34114694595,"dmean2":11.805562973,"dvar":60.0177764893,"dvar2":142.135375977,"max":149.843780518,"mean":21.6415615082,"median":19.6795978546,"min":0.852996408939,"var":154.170120239},"mfcc":{"cov":[[8561.01367188,1398.97558594,-450.385498047,493.933105469,-260.167724609,285.805938721,-185.901077271,254.9637146,-210.344573975,75.9878692627,-114.025291443,-2.98602628708,-123.649864197],[1398.97558594,1225.54821777,-145.556838989,-135.338699341,-99.2211151123,76.1503982544,39.5191307068,-68.6709442139,16.8585891724,-84.0089950562,46.9165496826,-71.4723434448,-11.8518323898],[-450.385498047,-145.556838989,292.435211182,29.5195636749,59.2359275818,-79.291053772,9.36993598938,-36.437702179,14.2464532852,-7.7186164856,18.3481884003,-11.7439842224,-5.49795007706],[493.933105469,-135.338699341,29.5195636749,450.634643555,10.952501297,53.4101295471,-66.3970184326,67.2195892334,-18.0367298126,54.4864311218,-19.8936328888,21.9676361084,-14.5135135651],[-260.167724609,-99.2211151123,59.2359275818,10.952501297,152.271087646,-2.0860440731,26.5478420258,-28.2056655884,14.5567789078,-12.734746933,-0.583523690701,11.9840946198,4.42238998413],[285.805938721,76.1503982544,-79.291053772,53.4101295471,-2.0860440731,175.634094238,39.9242095947,42.9282417297,-28.2248668671,17.6287231445,0.765332460403,-1.00228524208,4.32490205765],[-185.901077271,39.5191307068,9.36993598938,-66.3970184326,26.5478420258,39.9242095947,153.640655518,0.328832924366,25.3862533569,-36.2438774109,3.82459664345,-18.7925395966,-4.4204120636],[254.9637146,-68.6709442139,-36.437702179,67.2195892334,-28.2056655884,42.9282417297,0.328832924366,133.210968018,4.5410785675,30.7833042145,-20.5301113129,9.51713943481,-7.19673252106],[-210.344573975,16.8585891724,14.2464532852,-18.0367298126,14.5567789078,-28.2248668671,25.3862533569,4.5410785675,97.2909927368,17.4013023376,23.6389007568,-3.29834246635,9.76946640015],[75.9878692627,-84.0089950562,-7.7186164856,54.4864311218,-12.734746933,17.6287231445,-36.2438774109,30.7833042145,17.4013023376,111.919494629,17.2094345093,36.487361908,4.62040805817],[-114.025291443,46.9165496826,18.3481884003,-19.8936328888,-0.583523690701,0.765332460403,3.82459664345,-20.5301113129,23.6389007568,17.2094345093,81.6635437012,4.5216460228,18.2831668854],[-2.98602628708,-71.4723434448,-11.7439842224,21.9676361084,11.9840946198,-1.00228524208,-18.7925395966,9.51713943481,-3.29834246635,36.487361908,4.5216460228,82.5604324341,17.6394939423],[-123.649864197,-11.8518323898,-5.49795007706,-14.5135135651,4.42238998413,4.32490205765,-4.4204120636,-7.19673252106,9.76946640015,4.62040805817,18.2831668854,17.6394939423,68.638168335]],"icov":[[0.000216699641896,-0.000317382538924,0.000134882968268,-0.000216624073801,-0.0000245775827352,0.000079603472841,0.0000864219036885,-0.000381748919608,0.000466873345431,-0.000247091666097,0.00018086284399,-0.0000413934394601,0.000175324981683],[-0.000317382538924,0.00162080628797,0.000188605379662,0.000461720628664,0.000829742173664,-0.000951700028963,0.000125167265651,0.0013210271718,-0.00143899105024,0.00137323455419,-0.000908679910935,0.000375692994567,0.00023179622076],[0.000134882968268,0.000188605379662,0.00499907508492,-0.000909520429559,-0.00153045228217,0.00265402137302,-0.00112002668902,0.000270185439149,0.00113568711095,-0.000610873452388,-0.00152415328193,0.00142637826502,0.000290136551484],[-0.000216624073801,0.000461720628664,-0.000909520429559,0.00320287258364,-0.000293533463264,-0.00157074676827,0.00159488234203,-0.000626154826023,-0.000743976794183,-0.000101390505733,0.000327356217895,-0.000248820811976,0.000538287044037],[-0.0000245775827352,0.000829742173664,-0.00153045228217,-0.000293533463264,0.00885893683881,-0.00193823303562,-0.000707338098437,0.00264501618221,-0.00254474231042,0.00202807714231,0.000917023862712,-0.00230361078866,0.000270881311735],[0.000079603472841,-0.000951700028963,0.00265402137302,-0.00157074676827,-0.00193823303562,0.0106615656987,-0.00448598945513,-0.00278559233993,0.00560820149258,-0.00362963113002,-0.00145812693518,0.0020099717658,-0.0019504011143],[0.0000864219036885,0.000125167265651,-0.00112002668902,0.00159488234203,-0.000707338098437,-0.00448598945513,0.0102504687384,-0.000582236913033,-0.00413030805066,0.00394341768697,0.0000940793688642,-0.000305808993289,0.00172811502125],[-0.000381748919608,0.0013210271718,0.000270185439149,-0.000626154826023,0.00264501618221,-0.00278559233993,-0.000582236913033,0.0115093281493,-0.00335689797066,-0.000720344192814,0.00247732899152,-0.000628631387372,0.000631948700175],[0.000466873345431,-0.00143899105024,0.00113568711095,-0.000743976794183,-0.00254474231042,0.00560820149258,-0.00413030805066,-0.00335689797066,0.0164782963693,-0.00544141978025,-0.00296731246635,0.00270305853337,-0.00216451496817],[-0.000247091666097,0.00137323455419,-0.000610873452388,-0.000101390505733,0.00202807714231,-0.00362963113002,0.00394341768697,-0.000720344192814,-0.00544141978025,0.015477922745,-0.00316583528183,-0.00554963108152,0.00200017425232],[0.00018086284399,-0.000908679910935,-0.00152415328193,0.000327356217895,0.000917023862712,-0.00145812693518,0.0000940793688642,0.00247732899152,-0.00296731246635,-0.00316583528183,0.0163455922157,-0.000431402324466,-0.00319300638512],[-0.0000413934394601,0.000375692994567,0.00142637826502,-0.000248820811976,-0.00230361078866,0.0020099717658,-0.000305808993289,-0.000628631387372,0.00270305853337,-0.00554963108152,-0.000431402324466,0.0165396109223,-0.00415869103745],[0.000175324981683,0.00023179622076,0.000290136551484,0.000538287044037,0.000270881311735,-0.0019504011143,0.00172811502125,0.000631948700175,-0.00216451496817,0.00200017425232,-0.00319300638512,-0.00415869103745,0.0174377914518]],"mean":[-660.568054199,149.189239502,-22.6201534271,37.2601356506,-8.95160102844,30.5281066895,-0.027007933706,10.3413677216,-5.3748459816,5.99104547501,2.72143673897,-0.341120988131,-1.65896236897]},"pitch_salience":{"dmean":0.0831193551421,"dmean2":0.140679448843,"dvar":0.0054047186859,"dvar2":0.0149315278977,"max":0.912148416042,"mean":0.565807580948,"median":0.580325961113,"min":0.0396053083241,"var":0.0131297698244},"silence_rate_20dB":{"dmean":0.000250720826443,"dmean2":0.00050150451716,"dvar":0.000250676763244,"dvar2":0.000752080406528,"max":1,"mean":0.999874651432,"median":1,"min":0,"var":0.000125323742395},"silence_rate_30dB":{"dmean":0.0373574011028,"dmean2":0.074724175036,"dvar":0.0359598435462,"dvar2":0.0879392400384,"max":1,"mean":0.969917297363,"median":1,"min":0,"var":0.0291764382273},"silence_rate_60dB":{"dmean":0.00300864991732,"dmean2":0.00601805420592,"dvar":0.00299976114184,"dvar2":0.00673347432166,"max":1,"mean":0.0350965149701,"median":0,"min":0,"var":0.033865198493},"spectral_centroid":{"dmean":246.850143433,"dmean2":388.216522217,"dvar":76013.109375,"dvar2":157241.3125,"max":10749.2841797,"mean":1278.67163086,"median":1135.94116211,"min":204.119064331,"var":366213.4375},"spectral_complexity":{"dmean":3.8267519474,"dmean2":5.51003026962,"dvar":16.6880569458,"dvar2":27.7815628052,"max":55,"mean":19.6307353973,"median":18,"min":0,"var":106.689720154},"spectral_contrast_coeffs":{"dmean":[0.0562040694058,0.0513904392719,0.0405683331192,0.03053307347,0.0198707673699,0.0448240786791],"dmean2":[0.0935242548585,0.0849938169122,0.0671656429768,0.0502081625164,0.032745949924,0.0700559988618],"dvar":[0.00200359034352,0.00162124552298,0.00102901132777,0.000581156287808,0.000257831969066,0.00137829140294],"dvar2":[0.00550383329391,0.00435500964522,0.00283341645263,0.00155688158702,0.000673232076224,0.00334214838222],"max":[-0.366220593452,-0.461106717587,-0.549570083618,-0.582494676113,-0.682644963264,-0.467060357332],"mean":[-0.676952362061,-0.766808211803,-0.792416095734,-0.790751636028,-0.816540896893,-0.680791556835],"median":[-0.679740190506,-0.774481892586,-0.795161485672,-0.793676257133,-0.817296624184,-0.674692988396],"min":[-0.99786221981,-0.971715629101,-0.969645619392,-0.961084365845,-0.959495007992,-0.961050271988],"var":[0.0071299308911,0.00506232073531,0.00318188453093,0.00243836012669,0.000986567465588,0.00516638346016]},"spectral_contrast_valleys":{"dmean":[0.440009623766,0.385221630335,0.331684976816,0.270989775658,0.236074507236,0.589534282684],"dmean2":[0.714362084866,0.610213637352,0.514027297497,0.415790438652,0.336561411619,0.921535372734],"dvar":[0.147849306464,0.120955228806,0.0969992652535,0.0773613154888,0.0716955214739,0.273139834404],"dvar2":[0.329222410917,0.254970610142,0.186814129353,0.136629521847,0.111475497484,0.655409812927],"max":[-4.8777089119,-4.76033878326,-5.35341405869,-5.56985425949,-5.48709869385,-9.05161476135],"mean":[-6.97418689728,-6.74587631226,-7.08183288574,-7.39231395721,-7.5619969368,-11.3933591843],"median":[-6.78909778595,-6.52948093414,-6.81083011627,-7.15731906891,-7.42513561249,-11.2410020828],"min":[-27.1834430695,-27.3294124603,-27.1079807281,-27.0217819214,-27.4420337677,-27.2050609589],"var":[1.84103190899,2.02827143669,1.97752821445,1.76834082603,1.58750450611,1.27263700962]},"spectral_decrease":{"dmean":4.22031254388e-9,"dmean2":6.92803547864e-9,"dvar":4.7235133102e-17,"dvar2":1.1844060378e-16,"max":7.37898403404e-13,"mean":-7.38730898675e-9,"median":-4.92458696044e-9,"min":-9.26172631921e-8,"var":5.82395303811e-17},"spectral_energy":{"dmean":0.0169417671859,"dmean2":0.0274780038744,"dvar":0.000758278241847,"dvar2":0.00186292140279,"max":0.437122792006,"mean":0.0334599763155,"median":0.0231578294188,"min":1.12036904534e-20,"var":0.00103636796121},"spectral_energyband_high":{"dmean":0.000305171502987,"dmean2":0.000397567637265,"dvar":2.50456480444e-7,"dvar2":4.32355903968e-7,"max":0.0135903991759,"mean":0.000827509851661,"median":0.000440857198555,"min":8.4561833916e-21,"var":0.00000119689980238},"spectral_energyband_low":{"dmean":0.012603786774,"dmean2":0.0214960221201,"dvar":0.000513205421157,"dvar2":0.00136121292599,"max":0.347320318222,"mean":0.01559400931,"median":0.00855839252472,"min":5.02017448566e-23,"var":0.0004792533},"spectral_energyband_middle_high":{"dmean":0.00194621749688,"dmean2":0.00295027298853,"dvar":0.00000609539029028,"dvar2":0.0000140186930366,"max":0.0493765212595,"mean":0.00572722638026,"median":0.00459923502058,"min":1.30586777122e-21,"var":0.0000258467316598},"spectral_energyband_middle_low":{"dmean":0.0055612931028,"dmean2":0.00883936695755,"dvar":0.0000795710730017,"dvar2":0.000194495427422,"max":0.166628956795,"mean":0.0105213122442,"median":0.00641095358878,"min":4.43591658379e-22,"var":0.000143288867548},"spectral_entropy":{"dmean":0.127948656678,"dmean2":0.197180479765,"dvar":0.0127400523052,"dvar2":0.0306578557938,"max":9.79607105255,"mean":7.63162660599,"median":7.64761066437,"min":6.26501703262,"var":0.0818386748433},"spectral_flux":{"dmean":0.0324825197458,"dmean2":0.0535112991929,"dvar":0.00187381706201,"dvar2":0.00399456871673,"max":0.46357485652,"mean":0.106140367687,"median":0.0917302519083,"min":1.05847483556e-10,"var":0.00363089237362},"spectral_kurtosis":{"dmean":2.21571516991,"dmean2":3.32699084282,"dvar":8.19134235382,"dvar2":20.0008869171,"max":94.1638946533,"mean":12.5700492859,"median":11.6559352875,"min":-1.18638169765,"var":26.4209938049},"spectral_rms":{"dmean":0.00125165469944,"dmean2":0.00197781738825,"dvar":0.000002440299113,"dvar2":0.00000564549372939,"max":0.0206509381533,"mean":0.00520307896659,"median":0.00475320965052,"min":3.30612013461e-12,"var":0.00000557200837648},"spectral_rolloff":{"dmean":2216.12158203,"dmean2":4065.69091797,"dvar":22464786,"dvar2":60821036,"max":22050,"mean":3293.26416016,"median":1442.72460938,"min":21.533203125,"var":29605730},"spectral_skewness":{"dmean":0.205434948206,"dmean2":0.304856449366,"dvar":0.0418644547462,"dvar2":0.0891718640924,"max":6.56077432632,"mean":2.26840162277,"median":2.20850515366,"min":0.00313182384707,"var":0.26821359992},"spectral_spread":{"dmean":367110.59375,"dmean2":557174.875,"dvar":213405941760,"dvar2":334821949440,"max":40046568,"mean":4032716,"median":3988917,"min":1132938.625,"var":958213259264},"spectral_strongpeak":{"dmean":0.481528043747,"dmean2":0.852113246918,"dvar":4.28697967529,"dvar2":12.6104946136,"max":82.5970153809,"mean":0.554903447628,"median":0.264169752598,"min":0,"var":2.54565215111},"zerocrossingrate":{"dmean":0.0268394928426,"dmean2":0.0360640622675,"dvar":0.00079994124826,"dvar2":0.00132847530767,"max":0.9873046875,"mean":0.169819965959,"median":0.16015625,"min":0.00048828125,"var":0.00408586254343}},"metadata":{"audio_properties":{"analysis_sample_rate":44100,"bit_rate":160000,"codec":"mp3","downmix":"mix","equal_loudness":0,"length":185.2081604,"lossless":false,"md5_encoded":"212dfd4eaa482f7981d70a06c617e73c","replay_gain":-3.74167823792,"sample_rate":44100},"tags":{"album":["This Note's for You"],"album artist credit":["Neil Young"],"albumartist":["Neil Young"],"albumartistsort":["Young, Neil"],"artist":["Neil Young"],"artist credit":["Neil Young"],"artistsort":["Young, Neil"],"bpm":["0"],"catalognumber":["1-25719"],"date":["1988-04"],"discnumber":["1/1"],"file_name":"09 - Neil Young - Hey Hey.mp3","genre":["Rock - Roots Rock"],"label":["Reprise Records"],"language":["eng"],"length":["185000"],"media":["12\" Vinyl"],"musicbrainz album release country":["US"],"musicbrainz album status":["Official"],"musicbrainz album type":["album"],"musicbrainz_albumartistid":["75167b8b-44e4-407b-9d35-effe87b223cf"],"musicbrainz_albumid":["b9ae3474-a49e-4484-9e67-b95ff1f1ac43"],"musicbrainz_artistid":["75167b8b-44e4-407b-9d35-effe87b223cf"],"musicbrainz_recordingid":["fb4bcc4e-1457-4399-b4b0-a8351423609e"],"musicbrainz_releasegroupid":["62810843-fe3f-3b4c-8537-182eedfad223"],"originaldate":["1988-04-12"],"replaygain_album_gain":["0.00 dB"],"replaygain_album_peak":["0.000000"],"replaygain_track_gain":["0.00 dB"],"replaygain_track_peak":["0.000000"],"script":["Latn"],"title":["Hey Hey"],"tracknumber":["9/10"]},"version":{"essentia":"2.1-beta1","essentia_build_sha":"ca57ba49d9b1854bd80e60cf9ccf267278fb7d6b","essentia_git_sha":"v2.1_beta1-28-g21ef5f4-dirty","extractor":"music 1.0"}},"rhythm":{"beats_count":473,"beats_loudness":{"dmean":0.0387468636036,"dmean2":0.074828453362,"dvar":0.000888454727829,"dvar2":0.00266575161368,"max":0.245261907578,"mean":0.0521876402199,"median":0.0477236844599,"min":5.45205702807e-9,"var":0.00102312245872},"beats_loudness_band_r