{"lowlevel":{"average_loudness":0.694766819477,"barkbands":{"dmean":[0.0000124706093629,0.0000568841205677,0.000103109312477,0.000203468865948,0.000574238249101,0.000836202700157,0.00224228482693,0.0023404059466,0.00160951388534,0.000433709734352,0.000280290027149,0.000330178212607,0.000287859234959,0.000152043561684,0.00011970270134,0.000112110021291,0.0000614942546235,0.0000334394717356,0.000072189985076,0.00000947111220739,0.00000419654952566,0.00000397456688006,0.00000786857071944,0.00000340384963238,0.00000125190001654,1.93089164213e-7,1.73488157174e-8],"dmean2":[0.0000183492466022,0.0000936102733249,0.000164893150213,0.000317993806675,0.000889126036782,0.00132071517874,0.0035091585014,0.00360060599633,0.00246638478711,0.000691894383635,0.000433110602899,0.00049645541003,0.000435368594481,0.000211172664422,0.000171581617906,0.000171454594238,0.0000908923102543,0.0000499321213283,0.000100476492662,0.000014202654711,0.00000595152096139,0.00000559832415092,0.00000961605837801,0.00000446252852271,0.00000173844921392,2.62224062908e-7,2.82855570077e-8],"dvar":[2.14739994675e-8,2.91022331567e-7,3.48340272183e-8,2.0094475417e-7,0.00000100198360542,0.00000507451295562,0.000023217386115,0.0000230954574363,0.0000153699911607,0.0000018679228333,6.02588841048e-7,0.00000109162886019,9.06919126464e-7,3.59112675596e-7,3.12238654487e-7,3.46882615077e-7,3.26250244598e-8,7.97590171686e-9,3.86848171274e-8,1.04841224591e-9,2.99938657244e-10,3.40396211218e-10,3.84980314294e-9,5.49691292484e-10,1.16729584332e-10,5.95121011932e-13,2.65417350506e-15],"dvar2":[3.77400937168e-8,7.38436142456e-7,8.86411086753e-8,4.83101871396e-7,0.00000238018037635,0.0000132406266857,0.0000523377275385,0.0000530180768692,0.0000369032095477,0.00000471331486551,0.00000147106561599,0.00000224696213991,0.00000203927493203,6.51662162454e-7,6.30005047242e-7,7.96960421212e-7,6.49458513635e-8,1.75000547387e-8,7.37696481679e-8,2.30843899551e-9,6.08932182455e-10,6.36548591615e-10,5.50163115065e-9,1.01028818644e-9,2.1367414782e-10,9.90099278605e-13,6.71302452171e-15],"max":[0.00898401532322,0.0324392467737,0.00472008716315,0.0136382449418,0.0207283049822,0.0688072443008,0.0907966643572,0.0828396528959,0.0956291630864,0.0508589372039,0.0238743424416,0.030392350629,0.0221398361027,0.0158315636218,0.0162948500365,0.0256080664694,0.0056255212985,0.00271624838933,0.00576753728092,0.00087459263159,0.00108311686199,0.00118461239617,0.00531949335709,0.0013543672394,0.00052344991127,0.0000285986825475,0.00000137410415846],"mean":[0.0000134455794978,0.0000766914890846,0.000189849393792,0.000360562145943,0.0011157336412,0.00146133720409,0.00383413839154,0.00413076113909,0.00300190062262,0.000788305944297,0.000472065323265,0.000575176090933,0.000504992320202,0.000264072907157,0.000212362341699,0.000249804841587,0.000142415956361,0.00007602932601,0.000173881213414,0.0000174815013452,0.00000807971537142,0.0000079258607002,0.0000131843426061,0.00000582443090025,0.00000213330645238,4.00603511252e-7,3.70419854789e-8],"median":[0.00000160676859196,0.0000278303396044,0.0000476903624076,0.0000913135882001,0.000515958818141,0.00050341989845,0.00131195131689,0.00128074036911,0.000868112721946,0.000183890806511,0.0000823806258268,0.0000755822838983,0.0000459417933598,0.00002409937224,0.0000233779610426,0.000016046276869,0.0000183193224075,0.0000127872226585,0.0000195898010134,0.00000251005394603,9.97035499495e-7,8.76370563674e-7,4.97685505252e-7,3.68098454828e-7,1.84198000852e-7,8.85219435531e-8,2.62273083251e-8],"min":[1.07597541054e-24,4.10296338681e-23,3.42162390742e-23,2.10431091937e-23,1.52424385683e-22,1.6268124668e-23,1.7733839274e-23,4.89423694422e-23,2.81002982948e-23,9.94852619305e-23,5.16423121546e-23,1.49020999924e-22,1.83791628354e-22,8.00815745141e-23,1.20553294396e-22,1.42498609607e-22,9.84259353307e-23,1.38455047446e-22,1.88286873336e-22,2.58795450372e-22,4.98056180375e-22,6.72020886391e-22,6.70996907071e-22,1.07765780867e-21,1.4561129318e-21,1.41881993009e-21,2.7940161803e-21],"var":[2.92566184612e-8,2.37495726196e-7,1.11037998352e-7,6.31414536656e-7,0.00000257326178144,0.0000116371738841,0.0000527287265868,0.0000592358373979,0.0000471808452858,0.00000585086854699,0.00000138619554946,0.00000269684915111,0.00000238182042267,0.00000106197978766,8.23984350973e-7,0.00000133949004066,1.30104425011e-7,2.85711312387e-8,1.5741596826e-7,2.59481813814e-9,9.45366673832e-10,1.09471687271e-9,1.19222711703e-8,1.25067367573e-9,2.00010993878e-10,1.87015463879e-12,3.80878190315e-15]},"barkbands_crest":{"dmean":2.86253595352,"dmean2":4.60786437988,"dvar":6.07594633102,"dvar2":15.427863121,"max":26.2777881622,"mean":12.2921438217,"median":11.556432724,"min":3.43154907227,"var":19.2451229095},"barkbands_flatness_db":{"dmean":0.0207724031061,"dmean2":0.0313409902155,"dvar":0.000339822523529,"dvar2":0.000752038147766,"max":0.42875239253,"mean":0.23163074255,"median":0.230917870998,"min":0.0636089667678,"var":0.00259448052384},"barkbands_kurtosis":{"dmean":3.49215054512,"dmean2":5.48441839218,"dvar":35.4421310425,"dvar2":89.4949111938,"max":174.759490967,"mean":7.29371738434,"median":5.07319545746,"min":-1.77342808247,"var":108.031402588},"barkbands_skewness":{"dmean":0.523305058479,"dmean2":0.821005821228,"dvar":0.267584085464,"dvar2":0.655759930611,"max":11.4130449295,"mean":1.31951117516,"median":1.25008523464,"min":-3.21314048767,"var":1.34492969513},"barkbands_spread":{"dmean":1.9460568428,"dmean2":2.96234917641,"dvar":8.03841018677,"dvar2":15.9330301285,"max":65.0554199219,"mean":6.7658367157,"median":4.99919366837,"min":0.27930700779,"var":41.1117362976},"dissonance":{"dmean":0.0391415394843,"dmean2":0.0659451633692,"dvar":0.00114815298002,"dvar2":0.00312031363137,"max":0.499999910593,"mean":0.408832758665,"median":0.418106585741,"min":0.197989076376,"var":0.00308279227465},"dynamic_complexity":4.85142278671,"erbbands":{"dmean":[0.00210891803727,0.0119660645723,0.08458917588,0.441112369299,0.911029696465,2.11433458328,3.95030045509,8.3611497879,27.2587776184,42.4765052795,41.7728652954,38.8164863586,13.8592720032,10.8914880753,10.8176183701,11.8472166061,11.6771202087,8.00359249115,6.11495256424,5.90235805511,5.31151533127,3.08140540123,1.33956122398,3.84215784073,2.23770713806,0.454455316067,0.21519677341,0.150726929307,0.130438685417,0.187387675047,0.249775454402,0.101962268353,0.0447948724031,0.0199307259172,0.00597151275724,0.00152960116975,0.00022293550137,0.000036224584619,0.00000449314484285,0.00000605270088272],"dmean2":[0.00344116101041,0.0198566373438,0.134423524141,0.693229317665,1.42065739632,3.28325939178,6.10114049911,13.2630672455,42.6770439148,64.8154220581,64.2509231567,59.310749054,21.8315467834,16.8515815735,16.6225948334,17.3694782257,17.3126945496,11.4004192352,8.67133140564,8.38493442535,7.85150575638,4.4861998558,1.90383160114,5.34293985367,3.1570391655,0.661923348904,0.316298902035,0.214737698436,0.181619077921,0.260218322277,0.301306664944,0.135510861874,0.0572570040822,0.0278781186789,0.0080739101395,0.00210251566023,0.000304550660076,0.0000533272468601,0.00000688602858645,0.00000883853226696],"dvar":[0.000846054230351,0.00484502781183,0.0225593782961,0.76083111763,3.72773885727,15.4019727707,78.7766571045,526.298278809,4230.96728516,7207.85253906,6318.18115234,8643.99609375,1980.98413086,860.40411377,974.844909668,1386.74157715,1399.65515137,940.42980957,617.106323242,1010.70355225,622.432189941,69.823425293,9.762758255,117.084625244,38.7267532349,1.98680484295,0.676539182663,0.419792324305,0.293054461479,1.1993432045,5.95391082764,0.357170701027,0.154064521194,0.0382123365998,0.00114773598034,0.0000475249617011,6.92784283274e-7,1.01996286972e-8,1.19168230839e-10,7.48587303256e-11],"dvar2":[0.00202439259738,0.0131990239024,0.0559164732695,1.91920375824,9.33410263062,37.4381790161,196.475112915,1383.51025391,9448.40429688,16923.1855469,14660.4765625,20411.3945313,4847.29833984,2198.99853516,2251.28637695,2637.38037109,3033.15307617,1946.36621094,1225.54956055,2084.08251953,1392.8425293,148.45904541,19.9226856232,237.041427612,76.0234222412,3.97192335129,1.44561719894,0.827651619911,0.508272051811,2.34986233711,8.2184715271,0.618127942085,0.302773445845,0.0684503391385,0.00197867304087,0.0000789257319411,0.00000112477823677,1.86796533796e-8,3.00805269582e-10,1.65114089068e-10],"max":[1.79173541069,3.86506557465,5.08412313461,22.4762592316,35.4178733826,69.5304260254,330.157012939,715.611450195,1390.11682129,1548.81787109,1357.57006836,2319.26025391,1723.06445313,835.228210449,982.127380371,1205.85522461,924.539428711,989.74597168,853.604248047,1257.25695801,982.013427734,244.776123047,122.03604126,420.071899414,159.804168701,41.6495018005,42.8357543945,42.1819877625,36.5482673645,43.1815681458,220.864227295,22.6234531403,26.02850914,10.4939260483,1.48055934906,0.288108706474,0.0288606099784,0.0041859280318,0.000359449157258,0.000132743603899],"mean":[0.00229404331185,0.019250234589,0.163054034114,0.824090540409,1.68551075459,3.90419983864,7.76156377792,14.8894834518,45.6002120972,78.0180206299,81.4691772461,73.1424255371,28.9442043304,21.6535358429,21.0219478607,22.800485611,21.7623443604,15.489815712,11.8306217194,12.3362388611,13.4262075424,7.833070755,3.77329826355,9.33437347412,5.3148226738,0.97629326582,0.415569394827,0.299522280693,0.264752328396,0.329613208771,0.410453766584,0.176695913076,0.0734110847116,0.0327621549368,0.0105727864429,0.00289529305883,0.000510156678502,0.0000982629062491,0.0000144579862535,0.0000206887925742],"median":[0.000725067395251,0.00835605338216,0.056958347559,0.295660793781,0.645642399788,1.64752936363,3.3461151123,5.00032997131,15.9461612701,26.8756561279,31.9623413086,23.3534317017,6.48341035843,5.80897760391,3.98415541649,3.19980239868,2.46981191635,1.47024941444,1.67694306374,0.920075714588,1.03691625595,1.07487499714,0.751217722893,1.22634863853,0.585021853447,0.15140581131,0.0572239607573,0.0336520522833,0.0315987020731,0.0226236060262,0.0134127857164,0.00993098691106,0.00452516321093,0.00244248565286,0.00107156822924,0.000398102594772,0.000165536985151,0.0000521030160598,0.0000093652306532,0.0000117569470603],"min":[1.31460244305e-21,9.14397276183e-21,3.68704352e-20,6.04321353425e-20,3.8254396899e-19,4.11708211889e-19,2.26547450684e-19,1.32831467423e-19,1.38340244733e-19,8.26240780281e-19,8.22568046662e-19,6.21493467845e-19,2.65482087315e-18,2.5634498823e-18,3.12240808225e-18,5.33287849047e-18,8.40258751628e-18,5.36502396985e-18,3.70068156988e-18,9.51621415751e-18,7.35203008803e-18,6.05637863069e-18,8.13925870417e-18,8.00760629224e-18,1.08288058602e-17,1.11287200436e-17,1.6731180418e-17,1.95844109009e-17,2.46409064284e-17,2.3286158293e-17,1.64739388281e-17,1.68931076404e-17,2.12648580938e-17,1.36788864393e-17,1.2239397786e-17,6.38665944157e-18,2.38320660644e-18,1.28485902509e-18,3.71298526111e-19,3.96335318699e-20],"var":[0.000755404937081,0.00376366521232,0.0777409672737,2.2024731636,8.76321983337,34.9796600342,189.460388184,1211.22558594,9189.20605469,17579.9765625,17331.6992188,25390.3007813,6634.04931641,2303.08837891,2776.67651367,3971.3359375,3766.89697266,2844.11791992,1820.00415039,2944.45141602,3311.02905273,342.848937988,55.1631813049,390.149078369,171.881134033,6.65097093582,1.95213031769,1.36195933819,1.15518689156,3.21085691452,16.8886394501,1.08703625202,0.271672636271,0.06194287166,0.00281388009898,0.000137624578201,0.0000021108760393,3.06223952862e-8,2.27252175411e-10,4.32120450533e-10]},"erbbands_crest":{"dmean":3.23708319664,"dmean2":5.21871328354,"dvar":7.78853654861,"dvar2":19.8808403015,"max":31.2423191071,"mean":13.5503578186,"median":12.7771635056,"min":2.17331695557,"var":23.5499973297},"erbbands_flatness_db":{"dmean":0.0186778176576,"dmean2":0.027743563056,"dvar":0.000281341955997,"dvar2":0.000591231160797,"max":0.478430718184,"mean":0.282714277506,"median":0.284114062786,"min":0.0382629521191,"var":0.00226787896827},"erbbands_kurtosis":{"dmean":2.40318322182,"dmean2":3.679251194,"dvar":9.4162940979,"dvar2":21.6082134247,"max":71.3578414917,"mean":4.69838047028,"median":2.97509288788,"min":-1.81390249729,"var":37.2800559998},"erbbands_skewness":{"dmean":0.458057820797,"dmean2":0.712472438812,"dvar":0.161775231361,"dvar2":0.399989575148,"max":6.08694314957,"mean":1.37425088882,"median":1.35940206051,"min":-2.11557841301,"var":0.914471268654},"erbbands_spread":{"dmean":3.50080513954,"dmean2":5.26816511154,"dvar":21.7799854279,"dvar2":41.981098175,"max":110.289634705,"mean":14.1071987152,"median":10.7912359238,"min":0.800953269005,"var":146.376907349},"gfcc":{"cov":[[7731.72900391,-806.549743652,-2120.16235352,668.536621094,-634.115600586,-51.6221389771,-111.262428284,126.382141113,-280.940002441,-303.411346436,297.91293335,-220.123947144,-403.598846436],[-806.549743652,880.415710449,389.554351807,-342.266662598,239.114334106,-171.823791504,69.7732696533,-29.7658748627,52.2486495972,-35.5776481628,31.9665908813,29.7281169891,33.5623435974],[-2120.16235352,389.554351807,1012.83721924,-108.645057678,78.4142532349,4.98124885559,-17.4946918488,-38.5850791931,56.1931266785,75.1155090332,-36.9127731323,86.5445480347,116.137207031],[668.536621094,-342.266662598,-108.645057678,499.979034424,-56.532875061,-13.0660839081,-113.304290771,-12.5481004715,-38.4570808411,-23.5332126617,19.8826980591,-2.68168401718,-6.85722064972],[-634.115600586,239.114334106,78.4142532349,-56.532875061,295.21194458,-28.6231765747,-51.0404281616,-52.4028129578,55.6087036133,45.341960907,-36.7351303101,-2.73406028748,42.700881958],[-51.6221389771,-171.823791504,4.98124885559,-13.0660839081,-28.6231765747,264.757446289,42.2782669067,-32.6903800964,3.75663876534,71.2140045166,-14.7209444046,-12.3677225113,-13.8929357529],[-111.262428284,69.7732696533,-17.4946918488,-113.304290771,-51.0404281616,42.2782669067,265.806610107,108.455215454,-22.0027256012,-28.8993854523,9.46861743927,9.6529302597,-36.0208053589],[126.382141113,-29.7658748627,-38.5850791931,-12.5481004715,-52.4028129578,-32.6903800964,108.455215454,156.330795288,-1.80571341515,-39.8099136353,12.8311357498,-0.975620687008,-19.7611598969],[-280.940002441,52.2486495972,56.1931266785,-38.4570808411,55.6087036133,3.75663876534,-22.0027256012,-1.80571341515,135.812942505,66.5271606445,-47.5958518982,-14.0745954514,49.5379180908],[-303.411346436,-35.5776481628,75.1155090332,-23.5332126617,45.341960907,71.2140045166,-28.8993854523,-39.8099136353,66.5271606445,154.453857422,0.214731603861,-24.9821243286,18.8338623047],[297.91293335,31.9665908813,-36.9127731323,19.8826980591,-36.7351303101,-14.7209444046,9.46861743927,12.8311357498,-47.5958518982,0.214731603861,131.106948853,25.2392730713,-51.248500824],[-220.123947144,29.7281169891,86.5445480347,-2.68168401718,-2.73406028748,-12.3677225113,9.6529302597,-0.975620687008,-14.0745954514,-24.9821243286,25.2392730713,97.2211532593,29.141960144],[-403.598846436,33.5623435974,116.137207031,-6.85722064972,42.700881958,-13.8929357529,-36.0208053589,-19.7611598969,49.5379180908,18.8338623047,-51.248500824,29.141960144,111.92035675]],"icov":[[0.00100163777824,-0.00193318468519,0.00237700901926,-0.00147394067608,0.0026238958817,-0.0011852493044,0.00177681911737,-0.00135200482327,0.000720033771358,-0.000445937999757,0.000145459125633,0.000211090649827,0.000587779446505],[-0.00193318468519,0.00891676917672,-0.00651580514386,0.0053185117431,-0.00850662775338,0.00498481513932,-0.00609277654439,0.00603799894452,-0.00436353730038,0.00530067272484,-0.00502122892067,0.00237760902382,-0.00146752572618],[0.00237700901926,-0.00651580514386,0.00761677138507,-0.00419553229585,0.00744716776535,-0.00370033271611,0.00521094165742,-0.00448739062995,0.00305316387676,-0.00351048563607,0.002417499898,-0.00165046751499,0.000725162331946],[-0.00147394067608,0.0053185117431,-0.00419553229585,0.00581716792658,-0.00509127462283,0.00282047386281,-0.00238351849839,0.00293017248623,-0.00178246805444,0.00283368350938,-0.00255592702888,0.000923532468732,-0.00125600013416],[0.0026238958817,-0.00850662775338,0.00744716776535,-0.00509127462283,0.0133707365021,-0.00404160004109,0.00655798474327,-0.00461996765807,0.00303651206195,-0.0049478104338,0.00420122686774,-0.00141962058842,0.00144723954145],[-0.0011852493044,0.00498481513932,-0.00370033271611,0.00282047386281,-0.00404160004109,0.00813555344939,-0.00511299259961,0.00508277444169,-0.00149160181172,-0.000481397903059,-0.000854060519487,0.000441270589363,0.000282542285277],[0.00177681911737,-0.00609277654439,0.00521094165742,-0.00238351849839,0.00655798474327,-0.00511299259961,0.0115127954632,-0.00902014691383,0.00380987999961,-0.00291798007675,0.00350358895957,-0.00243521830998,0.00270023173653],[-0.00135200482327,0.00603799894452,-0.00448739062995,0.00293017248623,-0.00461996765807,0.00508277444169,-0.00902014691383,0.0151864141226,-0.00568383745849,0.00564665207639,-0.00468816282228,0.00288042938337,-0.00100944144651],[0.000720033771358,-0.00436353730038,0.00305316387676,-0.00178246805444,0.00303651206195,-0.00149160181172,0.00380987999961,-0.00568383745849,0.0155143942684,-0.00887769460678,0.00638735061511,-0.00125151860993,-0.00261576846242],[-0.000445937999757,0.00530067272484,-0.00351048563607,0.00283368350938,-0.0049478104338,-0.000481397903059,-0.00291798007675,0.00564665207639,-0.00887769460678,0.0167269464582,-0.00887172948569,0.00668974500149,-0.00218508252874],[0.000145459125633,-0.00502122892067,0.002417499898,-0.00255592702888,0.00420122686774,-0.000854060519487,0.00350358895957,-0.00468816282228,0.00638735061511,-0.00887172948569,0.0176224019378,-0.00876323319972,0.00697292713448],[0.000211090649827,0.00237760902382,-0.00165046751499,0.000923532468732,-0.00141962058842,0.000441270589363,-0.00243521830998,0.00288042938337,-0.00125151860993,0.00668974500149,-0.00876323319972,0.0177496410906,-0.00706748059019],[0.000587779446505,-0.00146752572618,0.000725162331946,-0.00125600013416,0.00144723954145,0.000282542285277,0.00270023173653,-0.00100944144651,-0.00261576846242,-0.00218508252874,0.00697292713448,-0.00706748059019,0.0173975415528]],"mean":[-118.380638123,148.494995117,-132.951339722,-20.5280017853,-68.7634735107,-21.1707744598,-37.9737586975,6.57095479965,-13.8713722229,-6.45663785934,-8.77322483063,-8.21499156952,-16.650560379]},"hfc":{"dmean":3.32889127731,"dmean2":4.67379808426,"dvar":23.4331359863,"dvar2":46.5720710754,"max":88.3111724854,"mean":12.1784572601,"median":5.98787736893,"min":1.23900445809e-16,"var":183.150299072},"melbands":{"dmean":[0.0000170655821421,0.0000330546172336,0.0000831744109746,0.00010511266737,0.000135902853799,0.00019168772269,0.000420735421358,0.000504184747115,0.000338652695064,0.00022385099146,0.0000704115227563,0.0000483476178488,0.0000373776929337,0.000037628778955,0.0000361538113793,0.0000223811566684,0.0000147319424286,0.0000113282630991,0.00000862418164616,0.00000834132333694,0.00000607546780884,0.00000385661314795,0.00000151169660967,0.00000155462316798,0.00000351695302925,0.00000263535071099,6.22748871137e-7,2.68847429652e-7,1.61371076501e-7,9.31103372181e-8,9.26889356379e-8,7.37812300144e-8,8.69853167274e-8,1.160340517e-7,1.68103028386e-7,9.5572474379e-8,5.58728210365e-8,3.45498563092e-8,2.39827002702e-8,1.49582266573e-8],"dmean2":[0.0000276988357655,0.0000525513860339,0.000130132262711,0.000161919160746,0.000210072161281,0.000303922162857,0.000657941622194,0.000769635604229,0.000515258871019,0.000345273962012,0.000112216388516,0.0000751186453272,0.0000578245744691,0.0000564579095226,0.0000538373387826,0.0000329486174451,0.0000212516006286,0.0000162171254487,0.0000122133296827,0.000012217650692,0.0000091037236416,0.00000572416047362,0.00000220791207539,0.00000226452175411,0.00000490817592436,0.00000375998570235,9.09629761736e-7,4.09658440503e-7,2.45171463575e-7,1.36656026939e-7,1.35511399435e-7,1.04902518672e-7,1.24269732282e-7,1.63367985806e-7,2.08188922102e-7,1.31508045342e-7,7.92472931721e-8,4.70644252459e-8,3.29247633601e-8,2.14717061908e-8],"dvar":[3.89996515082e-8,3.95834032219e-9,2.52469085638e-8,3.97717165868e-8,8.05954911698e-8,2.42962073571e-7,9.68765334619e-7,9.74537442744e-7,3.98727308948e-7,3.08915616642e-7,5.43359455207e-8,1.75094587718e-8,1.06116733178e-8,1.46859981953e-8,1.89913258453e-8,6.26080298716e-9,3.26857363397e-9,2.3627830803e-9,1.97678695635e-9,2.28002172697e-9,6.63286647828e-10,1.29215527167e-10,1.14743813409e-11,1.72032370988e-11,1.04380185051e-10,5.80114949134e-11,4.28722422147e-12,9.20688980784e-13,4.41687620723e-13,1.3095121233e-13,1.56268078447e-13,8.06417581908e-14,2.26284472388e-13,5.22908973066e-13,3.35062056225e-12,4.04000400842e-13,1.21934783776e-13,8.58270228434e-14,6.70250123848e-14,1.74539355001e-14],"dvar2":[9.36279462849e-8,9.96117233143e-9,6.24141520689e-8,9.20989791098e-8,2.0123505351e-7,6.31389582395e-7,0.00000214855185732,0.00000226299448514,9.18628586533e-7,7.57928376061e-7,1.35614243391e-7,4.52130386464e-8,2.52170337944e-8,3.03252036815e-8,3.86538552277e-8,1.345287437e-8,6.57101129065e-9,4.58412108273e-9,4.08440170574e-9,4.84329376604e-9,1.54550283682e-9,2.79307632578e-10,2.46248958724e-11,3.68258375183e-11,2.14408893418e-10,1.13471503027e-10,8.79185352992e-12,1.95010197226e-12,1.03051974506e-12,2.58115198052e-13,3.25795786833e-13,1.3503098379e-13,4.99060374189e-13,1.07805897456e-12,5.15106230239e-12,7.18631913959e-13,2.2480671838e-13,1.8409485904e-13,1.14700661621e-13,3.2597470052e-14],"max":[0.0121503258124,0.00188112270553,0.00444145360962,0.00399335939437,0.00923716370016,0.0142240561545,0.0211896635592,0.0161171667278,0.0111038321629,0.0169584918767,0.00853667780757,0.0045825582929,0.00277235289104,0.00352152646519,0.00624352227896,0.00241823331453,0.00166401453316,0.00166229438037,0.00158945890144,0.00249356706627,0.000992973335087,0.000363233644748,0.0000712917026249,0.000153810338816,0.000417220056988,0.000185753422556,0.0000797291504568,0.0000334850337822,0.0000317579688272,0.0000214599749597,0.0000231447102124,0.0000180153147085,0.0000290038624371,0.000026732121114,0.000168237384059,0.0000345948137692,0.0000152569127749,0.0000190248301806,0.000013952975678,0.00000727099268261],"mean":[0.0000212384966289,0.0000641800288577,0.000159692659508,0.000194247448235,0.000268663075985,0.000336300727213,0.000710867636371,0.000920922087971,0.000668697932269,0.00041086866986,0.000136016315082,0.0000904670014279,0.000067995468271,0.0000659132638248,0.0000613060983596,0.0000407845254813,0.0000269210377155,0.0000194389267563,0.0000158850743901,0.0000174214655999,0.0000146951178976,0.00000890285446076,0.00000369923373,0.00000371912392438,0.00000820524473966,0.00000609790822637,0.00000119842593449,4.95655342547e-7,2.75872594102e-7,1.7500987326e-7,1.72720177716e-7,1.46167209891e-7,1.55019847625e-7,1.90862948557e-7,2.63977767645e-7,1.5354731886e-7,9.15031890258e-8,5.31560964134e-8,3.74163846573e-8,2.3892990697e-8],"median":[0.00000747850754124,0.0000231543053815,0.0000647843990009,0.0000916695571505,0.000118573778309,0.000113418413093,0.000250156503171,0.000318846636219,0.00025333208032,0.000124145881273,0.0000248361993727,0.0000239499295276,0.0000125089791254,0.00000889861166797,0.00000712458086127,0.00000358884699381,0.00000235607808463,0.00000262350476987,0.000001436882485,9.7238807939e-7,0.00000112209841063,0.0000010452697552,6.93686104114e-7,6.26853932317e-7,0.00000100393663161,5.86853730056e-7,1.59007356615e-7,6.63361703346e-8,3.40581181035e-8,2.08418242664e-8,1.64868048103e-8,1.66207883012e-8,1.56875756829e-8,1.02654640344e-8,7.39781924608e-9,6.04982552943e-9,5.43173062084e-9,2.8575901645e-9,2.15550688409e-9,1.78165060483e-9],"min":[1.12935307232e-23,1.64776240363e-23,1.6837265723e-23,3.59186356176e-23,9.5915151997e-24,2.99238449405e-24,2.71793229095e-24,1.03916804817e-23,6.51556824768e-24,3.79631855902e-24,1.35236428689e-23,1.05654965158e-23,8.69946339947e-24,1.11178679657e-23,1.81480007155e-23,2.01806633432e-23,8.30518440815e-24,5.59162635092e-24,9.88712820216e-24,1.09088221924e-23,8.35225889381e-24,4.92221200296e-24,9.21275862442e-24,5.80285332463e-24,6.43808948501e-24,7.80745735317e-24,1.07212500018e-23,6.07842847123e-24,8.93090966703e-24,1.32816897629e-23,1.07129740621e-23,1.43678502552e-23,1.35512924436e-23,1.29973858704e-23,9.87197023986e-24,8.71833610777e-24,1.05767819599e-23,1.59401825679e-23,1.14402249306e-23,1.15341309327e-23],"var":[3.50777078495e-8,1.17981819869e-8,7.59044240795e-8,9.50621696916e-8,1.99208088247e-7,5.60461785426e-7,0.00000212890722651,0.00000243657405008,0.00000122280459891,8.55228108776e-7,1.76634287641e-7,4.38064446939e-8,2.75886318235e-8,3.72513646596e-8,4.02900042218e-8,1.77726562356e-8,9.96890214822e-9,5.87361537185e-9,5.59084423202e-9,7.12460179741e-9,3.66394492524e-9,5.14474018942e-10,5.25542040442e-11,7.12726752616e-11,3.21201204523e-10,2.51579868049e-10,1.32171478623e-11,2.62796381878e-12,1.00168690616e-12,4.39853069332e-13,4.51233397435e-13,3.40264790085e-13,5.16680719476e-13,1.28703037811e-12,8.29005787628e-12,1.1803189719e-12,2.97151463591e-13,1.38802245522e-13,1.11483555948e-13,2.75770701983e-14]},"melbands_crest":{"dmean":3.26659989357,"dmean2":5.28948879242,"dvar":8.12722492218,"dvar2":21.2022590637,"max":34.8360519409,"mean":14.0398330688,"median":13.2107410431,"min":2.80049133301,"var":24.3148479462},"melbands_flatness_db":{"dmean":0.0228460188955,"dmean2":0.0333964377642,"dvar":0.000458651804365,"dvar2":0.000949948327616,"max":0.524837851524,"mean":0.302568286657,"median":0.303531706333,"min":0.0085065998137,"var":0.0046763732098},"melbands_kurtosis":{"dmean":4.09843826294,"dmean2":6.56165122986,"dvar":125.051261902,"dvar2":310.377929688,"max":501.716461182,"mean":8.67600631714,"median":5.6747469902,"min":-1.69451487064,"var":357.909423828},"melbands_skewness":{"dmean":0.520085394382,"dmean2":0.812789082527,"dvar":0.288987547159,"dvar2":0.689920842648,"max":17.9315185547,"mean":1.30946588516,"median":1.18820881844,"min":-3.37973499298,"var":1.77732408047},"melbands_spread":{"dmean":2.84816336632,"dmean2":4.41185283661,"dvar":18.5408267975,"dvar2":38.9920005798,"max":151.949188232,"mean":9.71788978577,"median":7.39480733871,"min":0.629324376583,"var":81.5680618286},"mfcc":{"cov":[[7995.37304688,-1168.35095215,-1708.37207031,375.882598877,-550.49395752,-224.755340576,23.1600341797,282.827697754,-637.581420898,-32.9044456482,186.548965454,-82.0686950684,-105.150032043],[-1168.35095215,1349.32531738,124.626075745,-161.669433594,71.1750793457,-132.619659424,30.60679245,0.573564231396,46.4188957214,-61.0131645203,49.5493240356,1.6713654995,28.2274055481],[-1708.37207031,124.626075745,875.351379395,-20.6749973297,75.8099212646,58.1807136536,4.28105068207,-58.4280319214,87.8562927246,-9.86359977722,-68.8899765015,38.672492981,47.7318916321],[375.882598877,-161.669433594,-20.6749973297,384.777435303,61.8046760559,-89.1603469849,-38.1077842712,25.9270992279,-54.0687065125,-20.3889045715,-45.8440437317,-49.200466156,18.5746479034],[-550.49395752,71.1750793457,75.8099212646,61.8046760559,324.463317871,89.2766113281,-109.47026825,-132.682800293,28.611497879,14.595946312,-57.5334815979,-21.7801628113,24.5527896881],[-224.755340576,-132.619659424,58.1807136536,-89.1603469849,89.2766113281,268.53302002,-9.92313861847,-94.0417022705,36.8001403809,38.4466667175,-0.97376948595,26.9155082703,-1.97165548801],[23.1600341797,30.60679245,4.28105068207,-38.1077842712,-109.47026825,-9.92313861847,194.104232788,95.7692565918,-39.1428260803,-12.4365730286,61.1918106079,21.8452644348,-15.8636932373],[282.827697754,0.573564231396,-58.4280319214,25.9270992279,-132.682800293,-94.0417022705,95.7692565918,211.162704468,-14.616736412,-52.7459106445,28.4606819153,-4.0409989357,-21.6036243439],[-637.581420898,46.4188957214,87.8562927246,-54.0687065125,28.611497879,36.8001403809,-39.1428260803,-14.616736412,220.992752075,62.1039161682,-46.4999923706,13.6693878174,2.97248268127],[-32.9044456482,-61.0131645203,-9.86359977722,-20.3889045715,14.595946312,38.4466667175,-12.4365730286,-52.7459106445,62.1039161682,147.129226685,26.6464385986,1.64683675766,-5.61094617844],[186.548965454,49.5493240356,-68.8899765015,-45.8440437317,-57.5334815979,-0.97376948595,61.1918106079,28.4606819153,-46.4999923706,26.6464385986,136.574111938,27.203289032,-17.2127380371],[-82.0686950684,1.6713654995,38.672492981,-49.200466156,-21.7801628113,26.9155082703,21.8452644348,-4.0409989357,13.6693878174,1.64683675766,27.203289032,98.7371444702,30.1145210266],[-105.150032043,28.2274055481,47.7318916321,18.5746479034,24.5527896881,-1.97165548801,-15.8636932373,-21.6036243439,2.97248268127,-5.61094617844,-17.2127380371,30.1145210266,94.1468200684]],"icov":[[0.000414662266849,0.000155519563123,0.00062799511943,-0.000244621012826,0.000590385287069,-0.000151970656589,0.000499992049299,-0.000323297135765,0.00102262431756,-0.000385292310966,0.000162665965036,-0.000166208235896,0.0000269356023637],[0.000155519563123,0.00113649538253,0.000113614361908,0.000576030695811,-0.000479093403555,0.000967811502051,-0.000226420903346,0.000212811777601,-0.000205582706258,0.000664961815346,-0.000849868636578,0.000423672114266,-0.000427186081652],[0.00062799511943,0.000113614361908,0.00229477370158,-0.000464571232442,0.00078191520879,-0.000384353799745,0.000201983973966,-0.0000925129061216,0.00108461605851,-0.000339064194122,0.000896260666195,-0.000689415202942,-0.00027368273004],[-0.000244621012826,0.000576030695811,-0.000464571232442,0.00408744206652,-0.00181347178295,0.00170102284756,-0.0001231758215,-0.00077855354175,0.000293384713586,-0.0000958468735917,0.00045668517123,0.00129360728897,-0.00105292035732],[0.000590385287069,-0.000479093403555,0.00078191520879,-0.00181347178295,0.00649461708963,-0.00223016226664,0.00228485232219,0.00157599616796,0.00133134541102,-0.000309046532493,0.000884445616975,0.000559301115572,-0.000307079433696],[-0.000151970656589,0.000967811502051,-0.000384353799745,0.00170102284756,-0.00223016226664,0.00636808853596,-0.00173012912273,0.00226560188457,-0.00123605481349,0.000470057362691,-0.000664217746817,-0.000707580009475,0.00051462079864],[0.000499992049299,-0.000226420903346,0.000201983973966,-0.0001231758215,0.00228485232219,-0.00173012912273,0.00946379732341,-0.00415629055351,0.00294011761434,-0.00140670256224,-0.00139510247391,-0.00115995295346,0.000496320193633],[-0.000323297135765,0.000212811777601,-0.0000925129061216,-0.00077855354175,0.00157599616796,0.00226560188457,-0.00415629055351,0.0102611808106,-0.00337012670934,0.00421487912536,-0.0016176267527,0.00104536709841,0.000793806859292],[0.00102262431756,-0.000205582706258,0.00108461605851,0.000293384713586,0.00133134541102,-0.00123605481349,0.00294011761434,-0.00337012670934,0.0100798793137,-0.00549371633679,0.00433554779738,-0.0023373819422,0.000839637243189],[-0.000385292310966,0.000664961815346,-0.000339064194122,-0.0000958468735917,-0.000309046532493,0.000470057362691,-0.00140670256224,0.00421487912536,-0.00549371633679,0.0114102503285,-0.00483252294362,0.00203378475271,-0.000298877595924],[0.000162665965036,-0.000849868636578,0.000896260666195,0.00045668517123,0.000884445616975,-0.000664217746817,-0.00139510247391,-0.0016176267527,0.00433554779738,-0.00483252294362,0.0128711350262,-0.00411852356046,0.00228685489856],[-0.000166208235896,0.000423672114266,-0.000689415202942,0.00129360728897,0.000559301115572,-0.000707580009475,-0.00115995295346,0.00104536709841,-0.0023373819422,0.00203378475271,-0.00411852356046,0.0146375084296,-0.00557464873418],[0.0000269356023637,-0.000427186081652,-0.00027368273004,-0.00105292035732,-0.000307079433696,0.00051462079864,0.000496320193633,0.000793806859292,0.000839637243189,-0.000298877595924,0.00228685489856,-0.00557464873418,0.0136399362236]],"mean":[-761.162536621,190.805923462,-17.3433418274,-2.04044151306,-16.4607048035,-27.3505592346,-18.0962677002,-2.07341122627,-11.4923210144,1.41441750526,3.68695855141,-2.51069355011,-0.691318809986]},"pitch_salience":{"dmean":0.0758397728205,"dmean2":0.122830420732,"dvar":0.00422612205148,"dvar2":0.0111453989521,"max":0.929709136486,"mean":0.622869253159,"median":0.643695354462,"min":0.083946429193,"var":0.0131811127067},"silence_rate_20dB":{"dmean":0,"dmean2":0,"dvar":0,"dvar2":0,"max":1,"mean":1,"median":1,"min":1,"var":0},"silence_rate_30dB":{"dmean":0,"dmean2":0,"dvar":0,"dvar2":0,"max":1,"mean":1,"median":1,"min":1,"var":0},"silence_rate_60dB":{"dmean":0.0474629588425,"dmean2":0.0949383676052,"dvar":0.0452134609222,"dvar2":0.0995677486062,"max":1,"mean":0.184583112597,"median":0,"min":0,"var":0.150505453348},"spectral_centroid":{"dmean":100.232788086,"dmean2":147.641204834,"dvar":28875.7617188,"dvar2":44859.046875,"max":11154.4511719,"mean":759.287719727,"median":650.870666504,"min":246.784469604,"var":138742.90625},"spectral_complexity":{"dmean":1.77999210358,"dmean2":2.85759234428,"dvar":3.03657674789,"dvar2":6.6967124939,"max":36,"mean":11.4843997955,"median":10,"min":0,"var":33.7922706604},"spectral_contrast_coeffs":{"dmean":[0.0458248816431,0.0467199087143,0.0373104587197,0.02789920941,0.0218573976308,0.0155938789248],"dmean2":[0.0746109634638,0.0757477208972,0.060534697026,0.04480599612,0.0341374725103,0.0235404856503],"dvar":[0.00130220269784,0.00143820338417,0.000884326873347,0.00052330159815,0.000363545987057,0.000212963714148],"dvar2":[0.00344776501879,0.00376136298291,0.00228021317162,0.00123985763639,0.000806265277788,0.000427729653893],"max":[-0.29985678196,-0.3622392416,-0.382379949093,-0.490270674229,-0.574115991592,-0.653169453144],"mean":[-0.593115985394,-0.687400698662,-0.737631082535,-0.77793776989,-0.765127837658,-0.803568661213],"median":[-0.59215092659,-0.693585932255,-0.744849801064,-0.789767205715,-0.770594596863,-0.805612206459],"min":[-0.945013821125,-0.979390084743,-0.95857667923,-0.967471539974,-0.95949447155,-0.958341956139],"var":[0.00791595503688,0.0059220273979,0.00494924653322,0.00383950816467,0.00361199188046,0.00182856107131]},"spectral_contrast_valleys":{"dmean":[0.363485127687,0.29970780015,0.290878593922,0.261331498623,0.241419196129,0.212875336409],"dmean2":[0.611401438713,0.48865044117,0.462912112474,0.410050243139,0.349914610386,0.283759117126],"dvar":[0.10459304601,0.0741629749537,0.0790667459369,0.073198877275,0.0777602568269,0.0718185603619],"dvar2":[0.249694481492,0.156684294343,0.149948075414,0.133331283927,0.117966540158,0.0907990261912],"max":[-6.43447542191,-4.90767765045,-5.16865205765,-6.46494340897,-6.64798974991,-8.21695995331],"mean":[-8.81891345978,-6.55873346329,-7.68626403809,-8.60351848602,-9.1938457489,-12.1903753281],"median":[-8.76441001892,-6.41585636139,-7.56685352325,-8.48199462891,-9.00388908386,-12.2499399185],"min":[-27.4489307404,-26.94231987,-27.4692707062,-27.1496543884,-27.2302570343,-27.3060379028],"var":[0.54587572813,0.801396071911,1.0141415596,1.04843688011,1.30720055103,0.967654287815]},"spectral_decrease":{"dmean":1.32955590981e-9,"dmean2":1.95197702446e-9,"dvar":3.66441755824e-18,"dvar2":8.1754594365e-18,"max":3.27722758878e-21,"mean":-4.3966319474e-9,"median":-2.46289233452e-9,"min":-2.81236864907e-8,"var":1.98901517445e-17},"spectral_energy":{"dmean":0.00529725290835,"dmean2":0.0077603245154,"dvar":0.00005798098573,"dvar2":0.000128746207338,"max":0.114115990698,"mean":0.0176985953003,"median":0.00985117070377,"min":1.11300681477e-20,"var":0.000322727544699},"spectral_energyband_high":{"dmean":0.0000211202404898,"dmean2":0.0000257889278146,"dvar":9.71805391714e-9,"dvar2":1.28669048749e-8,"max":0.00630402751267,"mean":0.000045646844228,"median":0.00000528067357664,"min":8.24330151393e-21,"var":4.01174951037e-8},"spectral_energyband_low":{"dmean":0.000236591455177,"dmean2":0.000370517460397,"dvar":5.00434907735e-7,"dvar2":0.00000119355217976,"max":0.0387406386435,"mean":0.000463010219391,"median":0.00019618603983,"min":8.48338619338e-23,"var":7.4736959732e-7},"spectral_energyband_middle_high":{"dmean":0.00108760525472,"dmean2":0.00156376755331,"dvar":0.00000456760699308,"dvar2":0.00000972639008978,"max":0.0637556761503,"mean":0.00339722190984,"median":0.0010588390287,"min":1.39526901157e-21,"var":0.0000315061843139},"spectral_energyband_middle_low":{"dmean":0.00499060191214,"dmean2":0.00750142196193,"dvar":0.0000537980122317,"dvar2":0.000125816048239,"max":0.10117983073,"mean":0.014116352424,"median":0.0081053795293,"min":3.21569997227e-22,"var":0.000220995672862},"spectral_entropy":{"dmean":0.172659128904,"dmean2":0.252714186907,"dvar":0.0283921547234,"dvar2":0.0580119900405,"max":9.80566215515,"mean":6.55964279175,"median":6.59451770782,"min":4.5528254509,"var":0.284760504961},"spectral_flux":{"dmean":0.0158324986696,"dmean2":0.0252850688994,"dvar":0.000316764839226,"dvar2":0.000782009330578,"max":0.235005572438,"mean":0.057699572295,"median":0.0508859679103,"min":1.05499137204e-10,"var":0.00149533979129},"spectral_kurtosis":{"dmean":7.59809827805,"dmean2":12.8208255768,"dvar":54.7828941345,"dvar2":148.073028564,"max":106.958686829,"mean":22.0231513977,"median":17.1800460815,"min":-1.22144782543,"var":284.276184082},"spectral_rms":{"dmean":0.000564562273212,"dmean2":0.000809059420135,"dvar":3.87027284887e-7,"dvar2":7.86350540238e-7,"max":0.010551430285,"mean":0.00363221857697,"median":0.00310014490969,"min":3.29523951528e-12,"var":0.00000407391053159},"spectral_rolloff":{"dmean":164.401794434,"dmean2":279.921447754,"dvar":204963.328125,"dvar2":429446.46875,"max":19832.0800781,"mean":893.031005859,"median":667.529296875,"min":64.599609375,"var":513624.5},"spectral_skewness":{"dmean":0.558436512947,"dmean2":0.91661220789,"dvar":0.242676004767,"dvar2":0.622679173946,"max":8.75670909882,"mean":3.21365380287,"median":2.94869375229,"min":0.00222215987742,"var":1.96593415737},"spectral_spread":{"dmean":293935.15625,"dmean2":441337.375,"dvar":274315034624,"dvar2":340447559680,"max":41374204,"mean":2229156,"median":2047920.25,"min":781115.3125,"var":1178749370370},"spectral_strongpeak":{"dmean":0.561019480228,"dmean2":0.890703618526,"dvar":0.556943118572,"dvar2":1.4005753994,"max":10.4912023544,"mean":1.45002698898,"median":1.0343837738,"min":0,"var":1.68131446838},"zerocrossingrate":{"dmean":0.00387007859536,"dmean2":0.00469687394798,"dvar":0.000060153168306,"dvar2":0.0000892850366654,"max":0.4990234375,"mean":0.0338111706078,"median":0.02978515625,"min":0.00146484375,"var":0.000337358942488}},"metadata":{"audio_properties":{"analysis_sample_rate":44100,"bit_rate":192000,"codec":"mp3","downmix":"mix","equal_loudness":0,"length":177.084075928,"lossless":false,"md5_encoded":"8a0108baa2209dc227f612387ed5f99e","replay_gain":-6.18508148193,"sample_rate":44100},"tags":{"acoustid_fingerprint":["AQADtEqkTE-UKMF-41JiOHmx-wWfF8kRHU-CdxbiPI1w_Lh0ePkxP8VfcBe2JD7-ID9xEZsjHWyXY9fxw1-EnCuhXgjzWPiFRkNOqH7QN0dzXTjyJTr2aRPBSXuOKfJx8UTYG_qRf2i2BmWizOifwHmO7ix-JEeO56hp3Al6GX_wHXmeIvlREsnyHDGPHz36Gg9u5GKG5MmMKXWMJpku4QrDebiSGz1l40kC_0WfCzua5TpKJfFxMfzw67B6_Plw5_jxJPcQZtKR7Dy-HGeFZ8LxS9h1fFKDM4mQZ5SRRPvxBE5fnOjz4yJ6PKGOmscfImmaIl1yXHnQ_Oh5PImOUtTRZMKYSCaeRUvBT0guI1cSJR6mVELLpTgZfHgq1I7QfNhF4tvxRsmEUPqRSD9e6vgt9Eefw1FOTIt-nNGF5iL6LBNu5Okj6Ep45BV-9EGzqlFwpS7CL4Z25GmFSyLx_Ei5ELqQf8M_XE5X5AwPzUMaoy-e4x2Hq5geDUyaH6GOZBFefagPL33AMsf0jTh8RTJeScetIz-0jNERak-IC1cefDqajAv6Ge-TIPaObi8UmsGjwyOeI8wZfClx-siL6phyhsKNmCnxOT7-5DhOXTiPPLmgS1JGpM_xVLi0pbgiicO1HMm7VEJIJmiqFI8enKOEH02_YlIT_AdHHs_x4TvyzdAfhGgcKdiZD9-O41yT4Dd-9AzCFF_yQ89jTBmZBcyTBCfxE_uWCT96Z0jDH98J9JhD_A8uNJeyoqrWIT8qf9DylMgtfNnRhyWmLO-CPBfuBsnhGC-uFO_RH0_x5vhx9CmSxgiDSjxeHb-PHw9R6iGaGz5z_BrOLEWyNNMRUktOHM2P6ni040pSnJ2GvoFPIrzwIJfx6MrwXDiP9Dn0CXmSoVn2GbXoTMIdVBEucRfC_0g-1JQN9-gz43zw4lIOJze-4z_yfWg27dCJMHRwXMceopQKPovR7sfFwHqGpJSSI0-e4U9w9EfTg3-QXLkQ58d2pREevfhyWC2e4zrCO0HapEe94ceZ405x5yiVHKnyC3qKMHGOi8E15uhzoxaLc9lR7hKmaA8ODk3VIFmlIR-uw79Y7A4llL2w8TAYjQuPfDl06WjioLeRxzF-jExyXFfx52gu9FKGH-8jPDnR_3CoHC9zVEd-6MJ5XL-DJ3mK_g0eIZ2aRJi6RMe14xHxTJxQmdSQJk0uJHuyGEepzfjhPcaP3-g35MmhM0f4dnCTrEnQE01-TNePR_hRLsKOsuDpEIz4IlmSpUdu7FZwpwn2HMZDhsGNWTncG3_wVG0x5cHBKsWjxvC6o76M-MHTo9khhXnxPcX4wclOhCQdmAqNH9OjBzxzRIeuHf4-5EwQMq7Q5HKEZM-CRjuOTw-cZ8elHM8wa8gamQkm8bCK6jpynMePPLiQVBFRNmh0_MH1BM2PcOGRdFzwwz9CZzm0lI8Qi7hwcTd-nAlJ4UeyIOwynMUZDj8-TJRaUEnywznCC4o3JcOz7Gh-Cb2Qp0b5CVOW4QUXwg--HPOHMmMuJER--LDFClUuxA6PQ3sk5NFQXseF08G