{"lowlevel":{"average_loudness":0.870678424835,"barkbands":{"dmean":[0.0000165138480952,0.000808935961686,0.000287035654765,0.000626516819466,0.00236574793234,0.00198907824233,0.0013534843456,0.00159889983479,0.00040796175017,0.00030692096334,0.000208210447454,0.000326591922203,0.0000364832631021,0.000025808074497,0.0000445335463155,0.0000313497403113,0.0000305789217236,0.0000537854066351,0.0000714698908268,0.0000301965446852,0.0000239910950768,0.0000151302601807,0.000010026239579,0.0000098067575891,0.00000642037230136,0.00000221242885345,3.09850577196e-7],"dmean2":[0.0000279661489913,0.001356710447,0.000508599448949,0.0010423901258,0.00384424766526,0.00300757028162,0.00201309449039,0.00260052480735,0.000614894728642,0.000470135913929,0.00029880402144,0.000506878364831,0.0000546238079551,0.0000401500437874,0.0000680073208059,0.0000480361195514,0.0000464366094093,0.0000796377207735,0.000094880881079,0.0000458507311123,0.0000360277954314,0.0000222387152462,0.0000146494148794,0.00001425688788,0.00000941289818002,0.00000321317702401,4.61731957557e-7],"dvar":[2.89890489391e-9,0.00000657629834677,7.24458857349e-7,0.00000222303606279,0.0000135375112222,0.0000174994984263,0.00000915870441531,0.0000194296226255,0.00000119856463243,8.91130241598e-7,3.3573348901e-7,0.00000141545081078,1.27346249101e-8,7.14768155774e-9,2.82408638697e-8,9.45374889483e-9,9.13897135746e-9,2.47430911315e-8,7.24644166894e-8,1.11142322012e-8,5.49959855434e-9,2.05580930057e-9,1.44075817943e-9,5.78243719573e-9,1.72705516555e-9,1.99081584551e-10,3.75456263302e-12],"dvar2":[7.23730719798e-9,0.0000162340984389,0.00000204772186407,0.00000619884804109,0.0000374167575501,0.0000397204894398,0.0000206181357498,0.000051496001106,0.00000256516091213,0.00000213442854147,6.85626332597e-7,0.00000342209227711,2.6722208446e-8,1.67828400066e-8,6.499642069e-8,2.11038493347e-8,2.09463202339e-8,5.06259247857e-8,1.09514921576e-7,2.45109887942e-8,1.18071508126e-8,4.08815514774e-9,2.59745092102e-9,1.05870388012e-8,3.25923910083e-9,3.95161153799e-10,9.18656817284e-12],"max":[0.00125223456416,0.0336406677961,0.0181902199984,0.0316416844726,0.0649147480726,0.0865742564201,0.070973418653,0.0738859921694,0.0408343970776,0.0269539374858,0.0310734994709,0.0393567383289,0.00551462685689,0.00209706020541,0.0120747368783,0.00551861850545,0.00282169086859,0.00477363029495,0.0135309994221,0.00478873122483,0.00256447633728,0.00234336964786,0.00272505846806,0.00772133050486,0.00240383925848,0.000716073147487,0.0000746079167584],"mean":[0.0000224452778639,0.0011139633134,0.00027982838219,0.00118833768647,0.00545960525051,0.00615960406139,0.00311351940036,0.00307320640422,0.00106145464815,0.000632543640677,0.000503617106006,0.000668973603752,0.0000724405108485,0.0000446235098934,0.0000835064711282,0.0000634682437521,0.0000706796126906,0.00014416196791,0.000281325454125,0.0000684195110807,0.0000496257853229,0.0000310863651976,0.0000223387905862,0.0000191567814909,0.0000114965278044,0.00000368637370229,4.51703556337e-7],"median":[0.00000395240249418,0.000173813474248,0.0000486550052301,0.00017599464627,0.00383453536779,0.00373731413856,0.000877967046108,0.000437925074948,0.000368383160094,0.00014821458899,0.0000860407526488,0.0000827001713333,0.0000135645341288,0.00000989515410765,0.0000176567245944,0.0000155552334036,0.0000185137396329,0.0000337115452567,0.0000402453006245,0.0000183371357707,0.0000107730811578,0.0000068244025897,0.00000550195181859,0.000003396296961,0.00000193504138224,4.89724811814e-7,7.99924819717e-8],"min":[5.45207508185e-25,2.4366797913e-23,1.3603347797e-23,6.41839573029e-23,5.92947362518e-23,4.53967362849e-23,5.82809679471e-23,9.24529014374e-23,4.17562694251e-23,2.29605302871e-23,1.04665724117e-22,4.43533352091e-23,5.8552979809e-23,7.63143661058e-23,1.48445421764e-22,1.1898122714e-22,1.84236684744e-22,2.05679060108e-22,2.76164728622e-22,4.42338871531e-22,3.61857994559e-22,5.12441772112e-22,6.24506670732e-22,1.0964613244e-21,9.85865095457e-22,1.86632322785e-21,2.24106250057e-21],"var":[4.72808725505e-9,0.0000103120746644,5.85909560868e-7,0.00000497475775774,0.0000320484214171,0.0000556918676011,0.0000348878274963,0.0000520117282576,0.00000619168895355,0.00000226834686146,0.00000323036829286,0.00000472355395686,4.75639581055e-8,1.52668633291e-8,8.11587881344e-8,3.97478139291e-8,2.89959682931e-8,1.01220237525e-7,6.58418173316e-7,3.07138918743e-8,1.33208093445e-8,5.65229907323e-9,5.12948306053e-9,2.15926156955e-8,5.34718891387e-9,4.30020768993e-10,5.02092811772e-12]},"barkbands_crest":{"dmean":2.28105664253,"dmean2":3.69596791267,"dvar":4.95542430878,"dvar2":12.9133768082,"max":25.7948703766,"mean":13.562538147,"median":12.8988676071,"min":3.92821192741,"var":19.4048976898},"barkbands_flatness_db":{"dmean":0.019703771919,"dmean2":0.0295283105224,"dvar":0.00040997803444,"dvar2":0.000834802514873,"max":0.426371574402,"mean":0.224183559418,"median":0.219047680497,"min":0.0595710799098,"var":0.00336170895025},"barkbands_kurtosis":{"dmean":5.16165208817,"dmean2":8.05963134766,"dvar":72.5191421509,"dvar2":176.970016479,"max":267.093170166,"mean":14.1652183533,"median":9.44940280914,"min":-1.9830070734,"var":277.324554443},"barkbands_skewness":{"dmean":0.565711438656,"dmean2":0.880251824856,"dvar":0.380996346474,"dvar2":0.941354095936,"max":12.7015285492,"mean":2.54898428917,"median":2.39944052696,"min":-3.61266493797,"var":2.23320055008},"barkbands_spread":{"dmean":2.05472230911,"dmean2":3.07575416565,"dvar":11.3618135452,"dvar2":21.5559329987,"max":153.885009766,"mean":9.21018123627,"median":6.02655792236,"min":0.24858635664,"var":146.478988647},"dissonance":{"dmean":0.0300736129284,"dmean2":0.0501949228346,"dvar":0.000810540514067,"dvar2":0.00220919004641,"max":0.499999910593,"mean":0.409142196178,"median":0.418833971024,"min":0.161844670773,"var":0.00283687841147},"dynamic_complexity":3.4090025425,"erbbands":{"dmean":[0.0196890663356,0.204994991422,0.365136146545,1.01810252666,5.94814872742,8.72318935394,11.5171022415,19.1823577881,16.8719902039,25.8004894257,29.1413555145,7.75893497467,9.96093654633,10.8703756332,7.47341012955,9.19983959198,2.24868607521,1.16949248314,1.21843028069,2.37951016426,1.79605126381,1.82138633728,3.1970038414,4.48031616211,1.7652862072,1.14223217964,1.16691529751,0.785653293133,0.597130894661,0.401265859604,0.290301144123,0.241910621524,0.151711076498,0.0880057886243,0.0365838706493,0.0134210027754,0.00340476236306,0.000490724225529,0.0000526254589204,0.00000925262884266],"dmean2":[0.0305574536324,0.351307690144,0.645618081093,1.70625531673,9.74808120728,14.3298501968,18.0002307892,29.0123214722,25.0260944366,40.0172195435,47.5914802551,11.7235565186,15.0338096619,15.9294509888,11.3540763855,14.3813800812,3.40997934341,1.78308224678,1.86487317085,3.57689762115,2.72638654709,2.71251606941,4.60577869415,6.02196931839,2.49487948418,1.70312535763,1.77166032791,1.18667626381,0.885525465012,0.594844520092,0.427829414606,0.357175588608,0.220790982246,0.129959002137,0.054035961628,0.0195615459234,0.00495004793629,0.000705312937498,0.0000764119467931,0.0000141307164085],"dvar":[0.00440953345969,0.427408665419,1.28803515434,5.14882612228,150.534912109,201.989959717,580.472717285,2004.62072754,1153.46984863,3861.00805664,5684.42578125,400.038787842,652.913757324,667.599060059,585.830993652,1231.03869629,65.3528366089,13.9160242081,12.5814533234,92.6148605347,32.5717887878,27.1900062561,108.69569397,268.054199219,27.9791812897,19.6450061798,15.9380378723,5.94098424911,3.47130393982,1.32529067993,1.41460311413,3.26586890221,1.47551095486,0.34218069911,0.0681591778994,0.0079432586208,0.000514728424605,0.000012385021364,9.21046705571e-8,6.25359430906e-10],"dvar2":[0.00901871547103,1.13906240463,3.64452075958,13.9543037415,410.360443115,564.765563965,1452.53723145,4585.265625,2564.39013672,9414.27636719,15873.9511719,817.021118164,1485.20678711,1464.42663574,1402.52148438,3125.9309082,135.260772705,32.3195915222,29.7285175323,206.951248169,73.3695602417,57.7204322815,212.419540405,399.08416748,49.8669548035,43.8079223633,36.0541534424,13.2288141251,7.10374689102,2.6738910675,2.59852170944,6.39225482941,2.89991474152,0.648349225521,0.146950766444,0.0161059498787,0.00106758868787,0.0000251665551332,2.09600557355e-7,1.58277158047e-9],"max":[0.979009687901,8.66063213348,18.0711269379,45.6177330017,278.066711426,232.560394287,456.250915527,1131.18200684,687.694519043,1470.58361816,1522.28137207,770.798217773,720.565368652,1233.19885254,777.826049805,1467.50683594,607.934387207,98.3238296509,156.839950562,726.067260742,359.915374756,188.124557495,336.741241455,829.632019043,220.843048096,274.478363037,159.539123535,77.3596725464,96.3223342896,47.5797538757,87.7660446167,179.070663452,127.473831177,39.0873184204,15.9888792038,5.95004558563,1.27600443363,0.228693857789,0.0129459891468,0.000750793959014],"mean":[0.0308489575982,0.249312534928,0.400760054588,1.89510166645,12.1538648605,17.6471099854,28.5909748077,59.6321983337,47.9580917358,54.5257568359,58.933391571,20.3352069855,24.0371189117,27.3824615479,15.9369525909,19.3556156158,5.48203849792,2.28110575676,2.50151014328,4.72168684006,4.02371835709,4.81731271744,9.41427516937,17.6840858459,5.86596441269,2.63657665253,2.14825725555,1.63261651993,1.21195793152,0.869645833969,0.627510309219,0.475573241711,0.282898068428,0.15596395731,0.0630450844765,0.0234762020409,0.00527144782245,0.000739942421205,0.0000890510345926,0.0000321590996464],"median":[0.00267085456289,0.0437967702746,0.0978834405541,0.4941213727,4.25706338882,11.2449913025,15.3495159149,35.9366226196,26.1395168304,18.0658016205,15.04342556,8.64227581024,9.26298332214,8.26278495789,4.18804693222,2.80537772179,1.05631935596,0.624793469906,0.685574948788,1.11625027657,1.11334133148,1.35339605808,1.98517632484,2.42267680168,1.50280559063,0.773916840553,0.518871188164,0.331376045942,0.254346311092,0.234837442636,0.144337251782,0.0876619741321,0.0471903309226,0.0211949516088,0.0113775217906,0.00357817532495,0.000590861716773,0.0000895783887245,0.000025111823561,0.0000255924369412],"min":[3.41521564319e-22,6.70130720127e-21,2.01314176851e-20,9.4923305064e-20,3.20740135547e-19,1.18791226823e-19,2.00046677659e-19,4.46847464696e-19,4.38127068184e-19,1.67571375525e-18,2.09318364199e-18,8.82019378443e-19,1.0803315876e-18,1.97629888554e-18,3.31242098153e-18,1.58957416478e-18,2.43649585625e-18,2.8122637426e-18,9.63944256209e-18,4.3300051294e-18,9.84750082002e-18,9.17883365543e-18,9.78092518842e-18,1.10163186061e-17,1.73299549568e-17,2.32994940988e-17,1.4970452038e-17,1.49171584455e-17,2.04319351934e-17,1.49358163314e-17,1.86040083147e-17,2.37212106274e-17,1.71868841437e-17,1.17872178498e-17,7.1318503254e-18,5.90069786273e-18,3.32976034153e-18,1.43121477921e-18,3.00026369786e-19,3.30526832492e-20],"var":[0.0100170345977,0.517679810524,1.09628629684,10.5466976166,382.514770508,409.968383789,1568.33911133,5900.47070312,4332.89941406,10744.0419922,15022.6992188,2024.64074707,2212.4765625,5394.26074219,1746.56616211,4057.13134766,427.710906982,29.3241634369,38.0275917053,263.862335205,155.237106323,119.514404297,490.505249023,2497.31738281,181.606018066,44.1204986572,29.5257434845,14.4300432205,8.92499542236,3.70914530754,5.29989767075,11.6258420944,4.77751493454,1.18830943108,0.140984863043,0.0169652923942,0.00106285640504,0.0000222903454414,1.53765611799e-7,1.03068142909e-9]},"erbbands_crest":{"dmean":2.32834482193,"dmean2":3.73118281364,"dvar":5.62617492676,"dvar2":14.1857910156,"max":30.5627536774,"mean":12.6898555756,"median":11.8864955902,"min":3.38311362267,"var":22.9073734283},"erbbands_flatness_db":{"dmean":0.0173746403307,"dmean2":0.0248170625418,"dvar":0.000370928581106,"dvar2":0.000717754941434,"max":0.449040561914,"mean":0.233186706901,"median":0.229083478451,"min":0.0291236639023,"var":0.00384583137929},"erbbands_kurtosis":{"dmean":2.0786242485,"dmean2":3.16938853264,"dvar":10.8203773499,"dvar2":22.6340026855,"max":113.3177948,"mean":4.86155939102,"median":2.96985578537,"min":-1.91791057587,"var":57.1145744324},"erbbands_skewness":{"dmean":0.383011430502,"dmean2":0.575724840164,"dvar":0.163270071149,"dvar2":0.360791742802,"max":8.467710495,"mean":1.55718231201,"median":1.49913179874,"min":-1.92187488079,"var":1.27895927429},"erbbands_spread":{"dmean":4.90171957016,"dmean2":7.28251218796,"dvar":45.7444496155,"dvar2":89.8680725098,"max":164.81803894,"mean":25.1791305542,"median":18.8569431305,"min":0.742155849934,"var":374.981628418},"gfcc":{"cov":[[21281.6054688,1901.46020508,-2224.80664062,698.498352051,-1399.2755127,293.830322266,-519.416564941,-262.57901001,-666.948059082,-526.536743164,-211.631851196,-134.425216675,-124.274162292],[1901.46020508,1265.88146973,-293.654083252,-298.549194336,45.7156219482,-182.56199646,47.9733963013,-80.275100708,-6.91297960281,-135.171157837,56.5427474976,-60.2337341309,9.6146774292],[-2224.80664062,-293.654083252,966.61126709,174.348876953,160.896942139,203.36882019,-39.6571617126,48.9985733032,32.8075828552,80.8855743408,-126.594017029,-28.4693279266,-28.5621128082],[698.498352051,-298.549194336,174.348876953,601.362609863,-23.0464172363,125.260787964,15.0822877884,60.4276428223,-20.4486274719,2.25922322273,-13.0324687958,-12.9882030487,-39.7767410278],[-1399.2755127,45.7156219482,160.896942139,-23.0464172363,427.458465576,46.7288513184,66.8751602173,97.5086898804,63.1282958984,47.8504676819,3.34506630898,8.04387569427,-19.4626083374],[293.830322266,-182.56199646,203.36882019,125.260787964,46.7288513184,383.844085693,10.969537735,5.00512170792,-10.2646532059,45.8337554932,-71.5490646362,-33.052532196,-37.0737838745],[-519.416564941,47.9733963013,-39.6571617126,15.0822877884,66.8751602173,10.969537735,204.147491455,61.8730278015,31.9431209564,26.2493095398,93.5468826294,23.0689563751,0.122791796923],[-262.57901001,-80.275100708,48.9985733032,60.4276428223,97.5086898804,5.00512170792,61.8730278015,197.585296631,46.6887245178,33.2308921814,55.6992835999,54.0919799805,-1.03014469147],[-666.948059082,-6.91297960281,32.8075828552,-20.4486274719,63.1282958984,-10.2646532059,31.9431209564,46.6887245178,167.514816284,88.3694229126,32.0054130554,14.1316623688,30.7138538361],[-526.536743164,-135.171157837,80.8855743408,2.25922322273,47.8504676819,45.8337554932,26.2493095398,33.2308921814,88.3694229126,136.151107788,33.2633476257,8.76464748383,5.26953697205],[-211.631851196,56.5427474976,-126.594017029,-13.0324687958,3.34506630898,-71.5490646362,93.5468826294,55.6992835999,32.0054130554,33.2633476257,174.592727661,52.9653205872,5.51214599609],[-134.425216675,-60.2337341309,-28.4693279266,-12.9882030487,8.04387569427,-33.052532196,23.0689563751,54.0919799805,14.1316623688,8.76464748383,52.9653205872,112.827819824,59.4177131653],[-124.274162292,9.6146774292,-28.5621128082,-39.7767410278,-19.4626083374,-37.0737838745,0.122791796923,-1.03014469147,30.7138538361,5.26953697205,5.51214599609,59.4177131653,120.098213196]],"icov":[[0.000369206507457,-0.00097326276591,0.000968550564721,-0.000856638711412,0.00100835051853,-0.000785976182669,0.000956281961408,-0.000806343276054,0.0011378901545,-0.00113548280206,0.00104748469312,-0.000820816203486,0.000436305825133],[-0.00097326276591,0.0038406222593,-0.00246220245026,0.00275342329405,-0.00300018605776,0.00218854402192,-0.00271187070757,0.0024258941412,-0.00362730235793,0.00479174591601,-0.00361562077887,0.00345574668609,-0.00160158635117],[0.000968550564721,-0.00246220245026,0.00400973111391,-0.00253298436292,0.00220516650006,-0.00235118111596,0.00262858951464,-0.00232745474204,0.00306093995459,-0.00378457945772,0.00381953129545,-0.00224390742369,0.00124103517737],[-0.000856638711412,0.00275342329405,-0.00253298436292,0.0041740112938,-0.00203159591183,0.00133092748001,-0.0023832146544,0.00118395779282,-0.00275578745641,0.003662398085,-0.00293679372407,0.00263618980534,-0.000857982144225],[0.00100835051853,-0.00300018605776,0.00220516650006,-0.00203159591183,0.00594984879717,-0.00226180581376,0.00173251784872,-0.00352301658131,0.00252433144487,-0.00362671143375,0.00378573290072,-0.00272457837127,0.00205694534816],[-0.000785976182669,0.00218854402192,-0.00235118111596,0.00133092748001,-0.00226180581376,0.00534297339618,-0.0030548858922,0.00184074626304,-0.00152114732191,0.000612646283116,-0.000329434667947,0.0016995620681,-0.000268736184807],[0.000956281961408,-0.00271187070757,0.00262858951464,-0.0023832146544,0.00173251784872,-0.0030548858922,0.00992915313691,-0.00311207957566,0.00269534322433,-0.00257097720169,-0.00153101724572,-0.00109465210699,0.000378680822905],[-0.000806343276054,0.0024258941412,-0.00232745474204,0.00118395779282,-0.00352301658131,0.00184074626304,-0.00311207957566,0.00984541233629,-0.00426752865314,0.00311850570142,-0.00319720921107,-0.00218385457993,0.00107668631244],[0.0011378901545,-0.00362730235793,0.00306093995459,-0.00275578745641,0.00252433144487,-0.00152114732191,0.00269534322433,-0.00426752865314,0.014583107084,-0.0110403532162,0.00360313663259,-0.00100588880014,-0.00172954017762],[-0.00113548280206,0.00479174591601,-0.00378457945772,0.003662398085,-0.00362671143375,0.000612646283116,-0.00257097720169,0.00311850570142,-0.0110403532162,0.019516216591,-0.00767235876992,0.00437889620662,-0.00146202021278],[0.00104748469312,-0.00361562077887,0.00381953129545,-0.00293679372407,0.00378573290072,-0.000329434667947,-0.00153101724572,-0.00319720921107,0.00360313663259,-0.00767235876992,0.015451987274,-0.00804632902145,0.00448184693232],[-0.000820816203486,0.00345574668609,-0.00224390742369,0.00263618980534,-0.00272457837127,0.0016995620681,-0.00109465210699,-0.00218385457993,-0.00100588880014,0.00437889620662,-0.00804632902145,0.0204801540822,-0.010419045575],[0.000436305825133,-0.00160158635117,0.00124103517737,-0.000857982144225,0.00205694534816,-0.000268736184807,0.000378680822905,0.00107668631244,-0.00172954017762,-0.00146202021278,0.00448184693232,-0.010419045575,0.014631928876]],"mean":[-86.8547363281,122.861083984,-108.50063324,12.5053958893,-82.5737609863,-24.4800815582,-39.6186065674,4.26529169083,-23.8540802002,-8.97835922241,-5.58126449585,4.04184246063,-4.37993621826]},"hfc":{"dmean":2.75232338905,"dmean2":4.04389953613,"dvar":17.9067363739,"dvar2":36.913974762,"max":123.092346191,"mean":12.5147199631,"median":9.80336666107,"min":1.19437680673e-16,"var":109.120246887},"melbands":{"dmean":[0.000205009142519,0.000213049293961,0.000307858688757,0.000541697023436,0.000376202020561,0.000406059582019,0.000273663172266,0.000320941588143,0.000208889250644,0.0000481838651467,0.0000532176745764,0.0000462709758722,0.0000233573555306,0.00003877871859,0.0000118430361908,0.00000346427532349,0.00000221233153752,0.00000189847639831,0.00000406953813581,0.00000215100658352,0.00000223434881264,0.00000172652016772,0.00000304250988847,0.00000221804293687,0.00000419574553234,0.00000174136482656,0.00000136416247187,6.95341555002e-7,8.13647375253e-7,5.61495085094e-7,4.67624715839e-7,3.81743205935e-7,3.19752359701e-7,2.08273718272e-7,1.78287052677e-7,1.61144370736e-7,1.51993333475e-7,1.14588601718e-7,9.65740554193e-8,6.97976219044e-8],"dmean2":[0.000334478652803,0.000373831106117,0.000505300471559,0.000894064665772,0.000589519680943,0.000612855132204,0.00040460791206,0.00050619780086,0.000341483275406,0.0000712565233698,0.0000804600640549,0.0000682172612869,0.0000349107685906,0.0000596773134021,0.0000184165783139,0.00000521741867487,0.00000343108763445,0.00000294320670946,0.00000618305602984,0.00000323456242768,0.00000343079204868,0.0000026076852464,0.00000445281284556,0.00000327650263898,0.0000056551216403,0.0000023860084184,0.00000210289795177,0.00000107269261207,0.00000125231645143,8.54934683048e-7,7.21215201338e-7,5.82314726216e-7,4.87261445414e-7,3.11845525403e-7,2.71511254368e-7,2.37803092773e-7,2.25963745493e-7,1.7051358725e-7,1.43989538515e-7,1.06566368174e-7],"dvar":[4.37130836417e-7,4.40904898369e-7,4.57178373381e-7,8.2109812638e-7,4.88719706482e-7,8.18519936274e-7,2.89746253657e-7,6.12376879872e-7,2.89145532406e-7,1.6863953789e-8,1.93991169795e-8,1.20484600075e-8,3.62747232252e-9,2.23866223337e-8,4.83133399953e-9,1.03427301446e-10,6.12766989927e-11,3.90589817434e-11,2.43412956458e-10,5.20996336351e-11,5.60470524158e-11,2.22671499295e-11,1.03945185792e-10,4.14427589468e-11,2.45750031436e-10,4.07986283646e-11,1.82293850154e-11,8.26430243683e-12,1.01265723237e-11,3.15383591638e-12,1.97606297644e-12,1.37665540859e-12,9.03147728045e-13,3.14153298644e-13,4.04127360916e-13,1.16005447436e-12,1.28645542569e-12,1.00634973445e-12,4.12790217589e-13,2.23143714877e-13],"dvar2":[0.00000100526460756,0.00000121712025702,0.00000122892220134,0.00000231081662605,0.0000012196400121,0.00000186936290447,6.41760095732e-7,0.00000152956249622,8.08224854154e-7,3.13428323295e-8,4.4316095682e-8,2.72178173333e-8,8.24291745971e-9,5.28496180152e-8,1.08169908586e-8,2.19287435432e-10,1.45494449821e-10,9.06531724687e-11,5.60508250924e-10,1.12147832687e-10,1.26589197458e-10,4.74441458342e-11,2.27038554623e-10,8.52348192026e-11,3.6644923207e-10,7.05199509898e-11,3.85267373559e-11,1.87614177666e-11,2.44321438081e-11,7.07389832474e-12,4.64242663409e-12,2.98415437326e-12,1.86347226712e-12,6.59355328583e-13,8.14909121086e-13,2.14587028702e-12,2.56308819654e-12,2.06352686674e-12,7.37755451348e-13,4.55443462891e-13],"max":[0.00793486926705,0.00882455892861,0.014156492427,0.0157103408128,0.0126374633983,0.0218114294112,0.012363307178,0.0155617529526,0.0116888685152,0.0051166205667,0.00374023686163,0.00455470755696,0.00199225591496,0.00534901022911,0.00553627219051,0.000327008281602,0.000214050756767,0.000222499089432,0.00107222562656,0.000375901523512,0.00052664015675,0.000161618561833,0.000294180732453,0.000179425871465,0.000804921728559,0.000279459694866,0.000224145769607,0.000179697395652,0.000114108646812,0.0000737813825253,0.0000458064569102,0.0000543979840586,0.0000532905141881,0.000021288273274,0.0000456207781099,0.000108045533125,0.000112427194836,0.00010350804223,0.0000528956261405,0.0000267631712632],"mean":[0.000296777812764,0.000252434518188,0.00064387137536,0.00108484528027,0.000946384505369,0.0012731916504,0.000762675132137,0.000663094164338,0.000421881559305,0.000125568069052,0.000123087374959,0.000112671572424,0.000053006260714,0.0000736218644306,0.0000296638791042,0.00000661886042508,0.00000377494529857,0.0000033927392451,0.00000762768877394,0.00000420482729169,0.00000471485509479,0.00000412147710449,0.00000810733490653,0.00000594998664383,0.0000163983895618,0.0000064043506427,0.00000314088924824,0.00000131700517159,0.0000013544072317,0.00000107706341623,8.92428658972e-7,6.98164853929e-7,6.01941223977e-7,4.20850881255e-7,3.67171878679e-7,3.20043938018e-7,2.77674075733e-7,2.01668655109e-7,1.70486686102e-7,1.17061887295e-7],"median":[0.0000381331628887,0.0000538180647709,0.000158874725457,0.000654429837596,0.000572361168452,0.000801070302259,0.00040506417281,0.000191725615878,0.000107145926449,0.000043177351472,0.0000421762051701,0.0000326538647641,0.0000138551458804,0.00000893032574822,0.00000189395120742,0.00000138748805512,9.05880540358e-7,7.41526775982e-7,0.00000157487068009,0.0000010411635003,0.00000118951288641,0.00000105543483642,0.00000160650267844,0.00000144344687669,0.00000200901217795,0.00000110826931632,8.15468638393e-7,3.62790871122e-7,3.15251355687e-7,2.22296563379e-7,1.63203566217e-7,1.3372880403e-7,1.36210246637e-7,1.19823354794e-7,8.66748308681e-8,5.51663532633e-8,5.01127779273e-8,3.29703695456e-8,2.33295800456e-8,1.46652050503e-8],"min":[5.06202142676e-24,9.84742562166e-24,2.73922388344e-23,1.439706493e-23,6.05117529911e-24,9.54574154568e-24,8.09138890334e-24,1.74311691219e-23,1.65070722139e-23,5.02623435736e-24,5.12727481755e-24,6.87325434819e-24,1.45009389785e-23,3.57530773794e-24,4.83374006915e-24,6.46207440641e-24,4.88485233935e-24,1.61603315585e-23,8.36220721869e-24,5.57098107217e-24,1.28597596191e-23,1.09597108206e-23,6.25004318901e-24,1.08269944396e-23,8.1598320532e-24,1.19196780227e-23,1.36427861091e-23,1.56725709722e-23,9.04582461282e-24,8.9607680523e-24,8.3935597065e-24,1.02803698414e-23,1.16843789585e-23,7.96797477016e-24,1.01167782334e-23,1.40501680801e-23,1.39368624105e-23,1.26958745549e-23,1.05803996761e-23,9.36983976331e-24],"var":[8.06316620583e-7,4.50014226772e-7,0.00000127867974697,0.00000163080699167,0.00000137132531108,0.00000246612671617,0.00000117528793453,0.0000017102019001,7.69918131027e-7,1.01594736179e-7,6.38289208155e-8,8.06129776265e-8,1.88631368303e-8,6.33370973446e-8,3.1299386194e-8,3.47467499218e-10,1.07379327652e-10,9.90392212685e-11,7.09109104768e-10,1.37617042761e-10,3.01760366694e-10,1.04477683449e-10,3.48886558532e-10,1.64504521116e-10,2.27907470673e-9,3.03445435446e-10,6.88596887843e-11,1.50991719128e-11,1.45572234822e-11,7.21054162559e-12,4.35778323149e-12,3.13209722914e-12,2.30605009914e-12,8.01330410447e-13,1.26380340654e-12,4.28323175539e-12,4.33272211511e-12,2.82170424179e-12,1.49642451208e-12,6.56028508426e-13]},"melbands_crest":{"dmean":2.6112370491,"dmean2":4.19970273972,"dvar":6.50157356262,"dvar2":16.5242538452,"max":32.4602508545,"mean":15.591003418,"median":14.5993394852,"min":2.65250897408,"var":27.9659423828},"melbands_flatness_db":{"dmean":0.020543018356,"dmean2":0.0300140921026,"dvar":0.000486505072331,"dvar2":0.00096518493956,"max":0.514557242393,"mean":0.292967647314,"median":0.287046998739,"min":0.00668945675716,"var":0.00474579678848},"melbands_kurtosis":{"dmean":6.66828250885,"dmean2":10.3709659576,"dvar":95.5332489014,"dvar2":219.271118164,"max":428.978729248,"mean":20.5181312561,"median":13.7932128906,"min":-1.57795059681,"var":829.37890625},"melbands_skewness":{"dmean":0.60850840807,"dmean2":0.939395844936,"dvar":0.399612754583,"dvar2":0.924925327301,"max":17.8737735748,"mean":2.76485013962,"median":2.51876878738,"min":-2.83040714264,"var":3.25649833679},"melbands_spread":{"dmean":2.22334241867,"dmean2":3.36097431183,"dvar":15.8010129929,"dvar2":30.7222728729,"max":161.696563721,"mean":9.67459392548,"median":6.94074058533,"min":0.604025483131,"var":165.804794312},"mfcc":{"cov":[[10098.8310547,406.693115234,-15.0650510788,327.920440674,-241.233566284,143.50012207,70.2826919556,208.930221558,-89.016494751,-103.636665344,-54.356464386,1.58485543728,-55.1572227478],[406.693115234,1729.05603027,-231.817398071,-80.2395553589,-20.785528183,-215.266204834,-47.1991729736,3.79387259483,-57.9759178162,-27.1445465088,-43.2321739197,-27.3185405731,31.1027736664],[-15.0650510788,-231.817398071,713.263000488,65.8939056396,87.0524597168,168.025268555,5.71660518646,-19.6552963257,48.5507545471,13.9734954834,-26.9878787994,-3.6658987999,-57.1547088623],[327.920440674,-80.2395553589,65.8939056396,374.932281494,33.7692070007,-41.9733467102,45.8246231079,53.6929702759,-8.56783485413,-11.6226348877,46.8875427246,-5.17907381058,-13.3691749573],[-241.233566284,-20.785528183,87.0524597168,33.7692070007,289.872375488,98.186164856,26.7829284668,35.2673873901,59.5323524475,45.5726623535,9.76761054993,11.2578210831,-13.8873949051],[143.50012207,-215.266204834,168.025268555,-41.9733467102,98.186164856,302.535675049,45.6110343933,-19.9593486786,65.309211731,44.000087738,-7.79235076904,29.4893474579,-22.2916698456],[70.2826919556,-47.1991729736,5.71660518646,45.8246231079,26.7829284668,45.6110343933,191.160903931,81.2734680176,-5.29802513123,5.82496786118,54.1680183411,18.0666484833,6.89519929886],[208.930221558,3.79387259483,-19.6552963257,53.6929702759,35.2673873901,-19.9593486786,81.2734680176,148.892974854,20.2786750793,-8.27613544464,18.3520336151,11.0023412704,16.9805717468],[-89.016494751,-57.9759178162,48.5507545471,-8.56783485413,59.5323524475,65.309211731,-5.29802513123,20.2786750793,136.119522095,32.9493141174,-9.70691776276,21.1182422638,11.9694910049],[-103.636665344,-27.1445465088,13.9734954834,-11.6226348877,45.5726623535,44.000087738,5.82496786118,-8.27613544464,32.9493141174,124.800888062,41.6847267151,4.17022895813,5.52575826645],[-54.356464386,-43.2321739197,-26.9878787994,46.8875427246,9.76761054993,-7.79235076904,54.1680183411,18.3520336151,-9.70691776276,41.6847267151,142.126312256,50.6414833069,17.3443946838],[1.58485543728,-27.3185405731,-3.6658987999,-5.17907381058,11.2578210831,29.4893474579,18.0666484833,11.0023412704,21.1182422638,4.17022895813,50.6414833069,126.115196228,55.0379371643],[-55.1572227478,31.1027736664,-57.1547088623,-13.3691749573,-13.8873949051,-22.2916698456,6.89519929886,16.9805717468,11.9694910049,5.52575826645,17.3443946838,55.0379371643,99.4477996826]],"icov":[[0.000120676733786,-0.0000520867215528,0.0000242488131335,-0.000139966854476,0.000188860722119,-0.00023637789127,0.00011299700418,-0.0002830697631,0.000119840879051,0.00000812162488728,0.0000637824705336,-0.0000603486623731,0.0000996290327748],[-0.0000520867215528,0.000692796893418,0.0000955560390139,0.000222435366595,-0.000283930246951,0.00060028617736,-0.000096249525086,0.000153932604007,0.00010193696653,-0.0000820572895464,0.000256112514762,-0.0000119613132483,-0.000131204287754],[0.0000242488131335,0.0000955560390139,0.00177981262095,-0.000454731896752,-0.000132049884996,-0.000834123406094,0.000109801672806,0.000125038481201,-0.000173311433173,0.0000291387732432,0.000402265664889,-0.000247694697464,0.000797117128968],[-0.000139966854476,0.000222435366595,-0.000454731896752,0.00339542236179,-0.000665358558763,0.00107228604611,-0.000387303007301,-0.000438817456597,-0.000120397526189,0.000580507796258,-0.00126346235629,0.000486249045935,0.00023062787659],[0.000188860722119,-0.000283930246951,-0.000132049884996,-0.000665358558763,0.00480686314404,-0.00160330417566,0.000423293415224,-0.00166343525052,-0.000813162361737,-0.00111852481496,0.0000936427168199,-0.000331543793436,0.000921935890801],[-0.00023637789127,0.00060028617736,-0.000834123406094,0.00107228604611,-0.00160330417566,0.00645916815847,-0.00268511334434,0.00249853194691,-0.00181087828241,-0.00130055856425,0.00151765649207,-0.00193259434309,0.00142452458385],[0.00011299700418,-0.000096249525086,0.000109801672806,-0.000387303007301,0.000423293415224,-0.00268511334434,0.00884547363967,-0.0051414440386,0.00172902911436,0.000602596730459,-0.003018141957,0.000778869143687,-0.00032061827369],[-0.0002830697631,0.000153932604007,0.000125038481201,-0.000438817456597,-0.00166343525052,0.00249853194691,-0.0051414440386,0.0113279754296,-0.00267952261493,0.00106564711314,0.000471886189189,0.000144308825838,-0.00134113314562],[0.000119840879051,0.00010193696653,-0.000173311433173,-0.000120397526189,-0.000813162361737,-0.00181087828241,0.00172902911436,-0.00267952261493,0.0102208200842,-0.00239096907899,0.00175535469316,-0.00147313077468,-0.000851216143928],[0.00000812162488728,-0.0000820572895464,0.0000291387732432,0.000580507796258,-0.00111852481496,-0.00130055856425,0.000602596730459,0.00106564711314,-0.00239096907899,0.0111915646121,-0.00485926447436,0.00293674855493,-0.00165839388501],[0.0000637824705336,0.000256112514762,0.000402265664889,-0.00126346235629,0.0000936427168199,0.00151765649207,-0.003018141957,0.000471886189189,0.00175535469316,-0.00485926447436,0.0121685918421,-0.00566151691601,0.00156829319894],[-0.0000603486623731,-0.0000119613132483,-0.000247694697464,0.000486249045935,-0.000331543793436,-0.00193259434309,0.000778869143687,0.000144308825838,-0.00147313077468,0.00293674855493,-0.00566151691601,0.0139405205846,-0.00737850181758],[0.0000996290327748,-0.000131204287754,0.000797117128968,0.00023062787659,0.000921935890801,0.00142452458385,-0.00032061827369,-0.00134113314562,-0.000851216143928,-0.00165839388501,0.00156829319894,-0.00737850181758,0.0153448302299]],"mean":[-725.30480957,153.667785645,12.4443311691,26.6436882019,-21.2587375641,-26.5998954773,-15.066034317,-0.536397397518,-14.0250110626,-9.38269138336,-7.79110479355,-6.37703752518,0.597356438637]},"pitch_salience":{"dmean":0.0578009411693,"dmean2":0.0933091416955,"dvar":0.0031229078304,"dvar2":0.00781380012631,"max":0.844310462475,"mean":0.522005438805,"median":0.526376724243,"min":0.0988660827279,"var":0.014216767624},"silence_rate_20dB":{"dmean":0,"dmean2":0,"dvar":0,"dvar2":0,"max":1,"mean":1,"median":1,"min":1,"var":0},"silence_rate_30dB":{"dmean":0.000944733095821,"dmean2":0.00188961497042,"dvar":0.000943883671425,"dvar2":0.00235862052068,"max":1,"mean":0.999291479588,"median":1,"min":0,"var":0.000708052539267},"silence_rate_60dB":{"dmean":0.0100771533325,"dmean2":0.0201558936387,"dvar":0.00997432600707,"dvar2":0.0238464009017,"max":1,"mean":0.0702196359634,"median":0,"min":0,"var":0.0652973428369},"spectral_centroid":{"dmean":96.4177627563,"dmean2":143.040969849,"dvar":24969.0449219,"dvar2":43545.7539062,"max":10991.3876953,"mean":737.562866211,"median":573.964111328,"min":218.232223511,"var":269079.15625},"spectral_complexity":{"dmean":1.51566684246,"dmean2":2.40500736237,"dvar":3.66794633865,"dvar2":7.29972887039,"max":50,"mean":9.87546253204,"median":10,"min":0,"var":22.7918701172},"spectral_contrast_coeffs":{"dmean":[0.0512555800378,0.0431948378682,0.0364772044122,0.026941748336,0.0188473407179,0.0137757370248],"dmean2":[0.0839700773358,0.0701996162534,0.0584164150059,0.0434632189572,0.0301302615553,0.0215400252491],"dvar":[0.00181150028948,0.00147715699859,0.00100086291786,0.000528713513631,0.00032725330675,0.000172208281583],"dvar2":[0.00458647450432,0.00379586056806,0.00242612487637,0.00126244104467,0.000677726813592,0.000367764965631],"max":[-0.244331344962,-0.341986238956,-0.363943994045,-0.516295433044,-0.495068579912,-0.636564910412],"mean":[-0.559006214142,-0.628776609898,-0.700919926167,-0.788789272308,-0.780178487301,-0.777141153812],"median":[-0.548945665359,-0.625589191914,-0.702133536339,-0.796280622482,-0.786207735538,-0.781397461891],"min":[-0.957988619804,-0.973331868649,-0.966122686863,-0.957557320595,-0.959696233273,-0.958828985691],"var":[0.0135307982564,0.00795729830861,0.00697803497314,0.00392525782809,0.00351571384817,0.00220526778139]},"spectral_contrast_valleys":{"dmean":[0.455519735813,0.318332821131,0.309501975775,0.284148603678,0.227547928691,0.220946311951],"dmean2":[0.748229324818,0.521823465824,0.499474227428,0.446370095015,0.336887776852,0.286844849586],"dvar":[0.155698895454,0.087530605495,0.0990187898278,0.088974379003,0.0828636959195,0.108640156686],"dvar2":[0.365120470524,0.204374164343,0.213136404753,0.178214907646,0.145501762629,0.16655112803],"max":[-5.36886119843,-4.81708574295,-5.82911014557,-6.27865171432,-6.15055322647,-7.56898355484],"mean":[-8.3423910141,-6.93943119049,-8.33527374268,-9.20174598694,-8.74042606354,-11.409327507],"median":[-8.09089279175,-6.69309043884,-8.10094451904,-9.00222301483,-8.51123332977,-11.2305898666],"min":[-27.5393791199,-26.605588913,-27.24568367,-27.5877475739,-27.3288173676,-27.3068447113],"var":[2.69215536118,2.38763809204,2.33062720299,2.09374809265,2.06198501587,1.96679282188]},"spectral_decrease":{"dmean":1.55442458905e-9,"dmean2":2.39256703338e-9,"dvar":4.28077919756e-18,"dvar2":9.93194851594e-18,"max":2.78531498407e-17,"mean":-6.12269879241e-9,"median":-5.2332245204e-9,"min":-3.42075594517e-8,"var":1.88232277207e-17},"spectral_energy":{"dmean":0.00608333526179,"dmean2":0.00934886839241,"dvar":0.0000656739794067,"dvar2":0.000151868385728,"max":0.13526622951,"mean":0.0242435187101,"median":0.0207666791975,"min":1.06878771024e-20,"var":0.000294090103125},"spectral_energyband_high":{"dmean":0.0000663433529553,"dmean2":0.0000913829935598,"dvar":5.60166952823e-8,"dvar2":9.78127872031e-8,"max":0.0135393776,"mean":0.000159541537869,"median":0.0000420043761551,"min":7.62246934468e-21,"var":2.05652597174e-7},"spectral_energyband_low":{"dmean":0.00106193893589,"dmean2":0.00175992609002,"dvar":0.00000888611793926,"dvar2":0.0000214525734918,"max":0.0397508107126,"mean":0.00165075308178,"median":0.000354799383786,"min":5.35364618514e-23,"var":0.0000156745154527},"spectral_energyband_middle_high":{"dmean":0.000818223750684,"dmean2":0.00120287830941,"dvar":0.00000282612813862,"dvar2":0.00000632392584521,"max":0.0438200682402,"mean":0.00258401711471,"median":0.00128252059221,"min":1.48383368072e-21,"var":0.0000151802260007},"spectral_energyband_middle_low":{"dmean":0.00557106174529,"dmean2":0.00863269530237,"dvar":0.0000538465646969,"dvar2":0.000131193606649,"max":0.100361406803,"mean":0.0201462712139,"median":0.0172698330134,"min":3.73897349881e-22,"var":0.000206141892704},"spectral_entropy":{"dmean":0.180457904935,"dmean2":0.259712547064,"dvar":0.0427925251424,"dvar2":0.0829828754067,"max":9.78959465027,"mean":6.60566329956,"median":6.61859416962,"min":4.44888925552,"var":0.42362216115},"spectral_flux":{"dmean":0.019577652216,"dmean2":0.0311572793871,"dvar":0.000504399708007,"dvar2":0.00116836326197,"max":0.287443369627,"mean":0.056615062058,"median":0.0490603111684,"min":1.03382191696e-10,"var":0.0015030085342},"spectral_kurtosis":{"dmean":3.62219929695,"dmean2":6.00306749344,"dvar":21.5870018005,"dvar2":56.6845779419,"max":85.8390579224,"mean":10.1946668625,"median":7.1397819519,"min":-1.21990311146,"var":87.5017776489},"spectral_rms":{"dmean":0.000573954719584,"dmean2":0.000868844508659,"dvar":4.50710928135e-7,"dvar2":9.85322913039e-7,"max":0.0114876916632,"mean":0.00450201611966,"median":0.00450113043189,"min":3.22911706055e-12,"var":0.00000338404447575},"spectral_rolloff":{"dmean":143.47366333,"dmean2":252.045150757,"dvar":225172.03125,"dvar2":476086.3125,"max":21317.8710938,"mean":896.499572754,"median":559.86328125,"min":64.599609375,"var":3894082.25},"spectral_skewness":{"dmean":0.342024862766,"dmean2":0.544230163097,"dvar":0.137779027224,"dvar2":0.333038330078,"max":7.81299114227,"mean":2.289727211,"median":2.12194013596,"min":-0.0191268529743,"var":0.93514919281},"spectral_spread":{"dmean":374442.1875,"dmean2":549390.375,"dvar":297520562176,"dvar2":480663470080,"max":41670760,"mean":3757734.5,"median":3467664,"min":993540.5,"var":4243009044480},"spectral_strongpeak":{"dmean":0.473780930042,"dmean2":0.800619959831,"dvar":0.594964027405,"dvar2":1.55993402004,"max":15.5751047134,"mean":1.32273721695,"median":1.01808166504,"min":0,"var":1.42312657833},"zerocrossingrate":{"dmean":0.00479043787345,"dmean2":0.00594768160954,"dvar":0.000056391232647,"dvar2":0.0000673311660648,"max":0.669921875,"mean":0.038532435894,"median":0.02880859375,"min":0.00732421875,"var":0.00304663809948}},"metadata":{"audio_properties":{"analysis_sample_rate":44100,"bit_rate":0,"codec":"flac","downmix":"mix","equal_loudness":0,"length":294.933319092,"lossless":true,"md5_encoded":"3a977b9fefdcd339726f9d335e75ac66","replay_gain":-16.1558685303,"sample_rate":44100},"tags":{"album":["Rubber Factory"],"albumartist":["The Black Keys"],"albumartistsort":["Black Keys, The"],"artist":["The Black Keys"],"artistsort":["Black Keys, The"],"asin":["B0002O06N0"],"barcode":["045778037926"],"catalognumber":["80379"],"date":["2004-09-07"],"discnumber":["1"],"disctotal":["1"],"file_name":"01-07 The Lengths.flac","label":["Fat Possum Records"],"media":["CD"],"musicbrainz_albumartistid":["d15721d8-56b4-453d-b506-fc915b14cba2"],"musicbrainz_albumid":["d8318a0e-474a-4ab3-9303-cde152591b83"],"musicbrainz_artistid":["d15721d8-56b4-453d-b506-fc915b14cba2"],"musicbrainz_recordingid":["fb95f981-8718-49e0-92cc-b0cf47135ead"],"musicbrainz_releasegroupid":["dc7f0c9d-fd57-33a2-bfd9-b345315c2258"],"originaldate":["2004-09-07"],"releasecountry":["US"],"releasestatus":["official"],"releasetype":["album"],"script":["Latn"],"title":["The Lengths"],"totaldiscs":["1"],"totaltracks":["13"],"tracknumber":["7"],"tracktotal":["13"]},"version":{"essentia":"2.1-beta1","essentia_build_sha":"ca57ba49d9b1854bd80e60cf9ccf267278fb7d6b","essentia_git_sha":"v2.1_beta1-28-g21ef5f4-dirty","extractor":"music 1.0"}},"rhythm":{"beats_count":700,"beats_loudness":{"dmean":0.0184890311211,"dmean2":0.0334317497909,"dvar":0.000222297778237,"dvar2":0.000674510723911,"max":0.105875521898,"mean":0.0334944427013,"median":0.0308912843466,"min":2.03697655965e-10,"var":0.00040118387551},"beats_loudness_band_ratio":{"dmean":[0.200779929757,0.206304237247,0.160482853651,0.0597638189793,0.0177199039608,0.0252026785165],"dmean2":[0.361207723618,0.369406670