{"lowlevel":{"average_loudness":0.819540739059,"barkbands":{"dmean":[0.00010987839778,0.00410502310842,0.00174281792715,0.00139983010013,0.00164559693076,0.00117402710021,0.00111814658158,0.000472735468065,0.000603316002525,0.000911742274184,0.000668959401082,0.00113541784231,0.000528621894773,0.000554717495106,0.000241278496105,0.000120189717563,0.0000900632294361,0.000107128544187,0.0000928947483771,0.0000952027039602,0.0000346909109794,0.000029491386158,0.0000299235744023,0.0000216552416532,0.0000081095031419,0.00000209955214814,2.60163716348e-7],"dmean2":[0.000181732262718,0.00663784286007,0.00301985279657,0.00238427566364,0.00275533716194,0.00175782176666,0.00177980132867,0.000768990954384,0.000959770113695,0.00146516913082,0.00106756726746,0.00184690835886,0.000839417276438,0.000902973057237,0.000393026362872,0.000196472494281,0.000146085731103,0.000167268139194,0.000145487472764,0.000148654929944,0.0000564259280509,0.0000466162891826,0.0000469498263556,0.0000318154525303,0.0000119018995974,0.00000317839521813,3.77910424731e-7],"dvar":[5.89935602591e-8,0.000147553961142,0.0000223717543122,0.0000131565684569,0.0000151403964992,0.00000606400180914,0.00000890354385774,0.00000217971091843,0.00000362072273674,0.00000561077513339,0.00000485715463583,0.00000947478656599,0.00000257567830886,0.00000233598825616,3.21319532759e-7,1.54448798639e-7,4.60313671624e-8,9.2814367747e-8,5.90006301593e-8,9.61023474133e-8,8.42988523431e-9,9.46976719263e-9,8.56413251427e-9,8.276794361e-9,1.09222619837e-9,6.13157372098e-11,1.46909903947e-12],"dvar2":[1.46674409507e-7,0.000374145951355,0.0000619489510427,0.0000351701637555,0.0000422376870119,0.0000136131557156,0.0000223822426051,0.0000055599530242,0.00000879213803273,0.000013791958736,0.0000120353988677,0.0000245034498221,0.00000599179247729,0.00000586342730458,8.17484988147e-7,4.03870501486e-7,1.07883884937e-7,2.14952905253e-7,1.30077395966e-7,2.19365233534e-7,2.26062208952e-8,2.08361949916e-8,2.04734558196e-8,1.44972869265e-8,2.31875452172e-9,1.41732001135e-10,2.91940495216e-12],"max":[0.00398978497833,0.211804449558,0.0742049962282,0.0674621611834,0.0700286254287,0.0553163066506,0.0637661665678,0.0412710905075,0.04771669209,0.0520823374391,0.0476130470634,0.0631129443645,0.0410814210773,0.0378661192954,0.0121711511165,0.0130673153326,0.00612250017002,0.00779040111229,0.00655729742721,0.0110965520144,0.00284717138857,0.00729465205222,0.00496917497367,0.005350952968,0.00235451408662,0.000250909564784,0.0000476232271467],"mean":[0.000131015302031,0.00518466625363,0.00216730986722,0.00171472108923,0.00254229246639,0.00208424869925,0.00179642206058,0.000659101759084,0.00085086125182,0.00129642605316,0.000961644283962,0.00194971938618,0.000847746559884,0.00094741396606,0.000410048611229,0.000195420041564,0.000173118300154,0.000192107982002,0.000191413331777,0.000193952510017,0.0000648551285849,0.000057449011365,0.0000667010099278,0.0000456098387076,0.0000165266465046,0.00000369864028471,3.66866373724e-7],"median":[0.0000230960449699,0.0010941575747,0.000802764901891,0.00055440509459,0.00117440032773,0.00053994206246,0.00049083068734,0.000194943218958,0.000186294011655,0.000292073294986,0.00012585541117,0.000193374813534,0.000111408764496,0.00014967971947,0.000121770674014,0.0000396529503632,0.0000497125802212,0.0000441422707809,0.0000352977695002,0.0000297930346278,0.000017537322492,0.00000785673182691,0.00000849928983371,0.00000623336245553,0.00000172889599526,2.73339111345e-7,2.24662297654e-8],"min":[9.09666768424e-25,4.33678728114e-24,4.07557862282e-25,2.07872461033e-24,1.13194298156e-23,8.67850652066e-24,5.88513664464e-24,8.50688588643e-24,1.95532806875e-23,2.00861404518e-23,7.20200266411e-24,2.60123112742e-23,3.99677766025e-23,4.24641143153e-23,4.80921982674e-23,6.26168630265e-23,8.10596105753e-23,1.05132180726e-22,1.50269747804e-22,1.89930304105e-22,2.39795085448e-22,3.5980008996e-22,3.88069128758e-22,6.21832672077e-22,8.54949122262e-22,1.31148708619e-21,1.93695649539e-21],"var":[8.67994955911e-8,0.000161015443155,0.0000184470791282,0.0000144147197716,0.0000179098133231,0.000015808878743,0.0000166509180417,0.00000328610622091,0.00000568155837755,0.00000924283085624,0.00000848477066029,0.0000223858060053,0.00000593694858253,0.00000579422521696,5.74452030833e-7,2.19353921693e-7,1.17840578184e-7,2.05668243325e-7,1.85213437476e-7,2.93196279699e-7,1.40795419767e-8,2.72171778448e-8,2.72926499179e-8,2.21170317616e-8,2.07158090682e-9,1.16002353556e-10,2.48727969644e-12]},"barkbands_crest":{"dmean":2.80300045013,"dmean2":4.52970027924,"dvar":6.84109163284,"dvar2":16.538105011,"max":26.4052581787,"mean":11.272649765,"median":9.92308616638,"min":2.34877943993,"var":27.4397697449},"barkbands_flatness_db":{"dmean":0.0248270053416,"dmean2":0.0378474593163,"dvar":0.00068384205224,"dvar2":0.00147565826774,"max":0.580090105534,"mean":0.186991140246,"median":0.168615043163,"min":0.022974614054,"var":0.0075342929922},"barkbands_kurtosis":{"dmean":7.66644239426,"dmean2":12.7769403458,"dvar":1440.32202148,"dvar2":4733.49169922,"max":1459.36022949,"mean":11.3772039413,"median":1.72975301743,"min":-1.86618340015,"var":2223.05200195},"barkbands_skewness":{"dmean":0.720748603344,"dmean2":1.11452293396,"dvar":0.949513316154,"dvar2":2.42493867874,"max":26.2974281311,"mean":1.71469843388,"median":1.24571359158,"min":-4.97176790237,"var":4.16156578064},"barkbands_spread":{"dmean":3.66873002052,"dmean2":5.70092391968,"dvar":20.8831520081,"dvar2":46.0213356018,"max":92.4560546875,"mean":14.8078947067,"median":13.8340349197,"min":0.0837084874511,"var":106.684524536},"dissonance":{"dmean":0.0278621520847,"dmean2":0.0471006333828,"dvar":0.000776181812398,"dvar2":0.0020899605006,"max":0.5,"mean":0.441835343838,"median":0.456586152315,"min":0.0786167234182,"var":0.00256373686716},"dynamic_complexity":5.06365871429,"erbbands":{"dmean":[0.0944286733866,1.03864896297,2.19651913643,3.10978984833,6.44852638245,4.93645000458,3.71508002281,11.0721139908,18.1461830139,12.947142601,9.48289585114,12.9118261337,27.8236675262,24.8224906921,27.7193279266,50.209438324,25.321308136,29.5616016388,12.9793157578,10.6491231918,5.17926311493,4.5523648262,5.50846099854,4.76062917709,4.55209589005,4.54911279678,1.97592878342,0.992493152618,1.08613991737,0.992817521095,0.832824587822,0.555288612843,0.312381118536,0.115633942187,0.0509541705251,0.0138789508492,0.00315668387339,0.000465562538011,0.0000471611565445,0.0000129967856992],"dmean2":[0.134358689189,1.74577105045,3.78656387329,5.30446767807,10.874089241,8.22571372986,5.93202590942,16.6685009003,28.010559082,21.121257782,15.249165535,20.4189434052,44.9548110962,39.6954803467,43.4107666016,82.0047225952,39.7824897766,48.1432952881,20.7405910492,17.1710300446,8.3146314621,7.27851867676,8.48467254639,7.44121170044,6.91145515442,7.04999780655,3.1338865757,1.61230254173,1.72811031342,1.56992018223,1.30115437508,0.830339848995,0.462310999632,0.172051489353,0.0763238817453,0.0207996424288,0.00484358146787,0.000687663792633,0.0000686951098032,0.0000203403305932],"dvar":[0.0656668767333,10.149148941,40.0697364807,55.6871871948,297.727874756,130.462905884,82.6942367554,597.272399902,1879.9354248,1969.84448242,742.507324219,1957.84240723,5667.02783203,7018.79345703,6492.76513672,19005.5585938,5353.28369141,6463.24316406,894.050292969,692.751342773,171.348571777,136.582824707,270.952575684,135.61895752,194.027877808,235.067245483,29.6450061798,6.74757194519,11.8855981827,12.3023414612,5.4706363678,4.03820085526,1.86919784546,0.36133107543,0.0234039034694,0.00260471366346,0.000140130665386,0.00000375200875169,4.09234068854e-8,5.26788723754e-10],"dvar2":[0.124089971185,27.2244338989,110.457267761,151.249588013,822.736755371,355.806243896,199.684692383,1355.75695801,4652.15625,4977.04052734,1777.38476562,4678.70703125,14338.1660156,17961.9785156,16784.5546875,50058.5507812,12678.4130859,16291.7373047,2098.64892578,1740.76147461,421.632049561,315.785217285,604.842041016,309.226104736,395.89553833,572.616210938,75.7315292358,17.7479305267,27.8554763794,28.149394989,12.302652359,7.13386774063,3.35471773148,0.823747754097,0.0486003346741,0.00582189299166,0.000328334397636,0.00000798155633674,8.27199500009e-8,1.28658439458e-9],"max":[3.88459014893,53.8401527405,97.5633087158,115.875183105,320.431060791,277.357940674,276.296325684,555.464477539,930.69708252,1313.23986816,642.124389648,1465.54455566,2007.43164062,2459.32275391,2277.95263672,2948.29541016,2059.18603516,1966.45483398,658.407714844,527.731323242,338.875701904,292.230255127,445.068359375,331.307830811,540.338500977,656.924133301,208.640182495,44.9480705261,206.068252563,252.129425049,120.854888916,98.431060791,87.3968353271,46.3793983459,5.93360137939,1.74357116222,0.302539795637,0.0668863430619,0.00754703069106,0.000350653921487],"mean":[0.132620170712,1.20661020279,2.68616986275,4.22970056534,8.86487007141,7.28366088867,6.42313432693,19.1783828735,31.0135536194,19.4876613617,13.6385307312,19.2550392151,41.4225006104,37.833152771,44.4015693665,87.5218658447,44.9491386414,53.5216941833,24.3799800873,18.8268585205,10.4566688538,9.24063396454,10.1629953384,10.2279014587,9.97246074677,9.4425611496,3.96542024612,1.96424865723,2.05731844902,2.05832648277,1.83445048332,1.19688796997,0.631199717522,0.228168517351,0.102478653193,0.0258932262659,0.00542883668095,0.000731758889742,0.0000765290169511,0.0000318965066981],"median":[0.0172977559268,0.276499867439,0.988457977772,1.70191550255,3.20361566544,3.40150737762,2.63213801384,4.67305374146,7.61686182022,5.36801052094,4.8739566803,5.01418304443,9.61337661743,7.82740688324,7.76350688934,10.8019018173,8.83084106445,11.2799816132,7.75307559967,5.4279255867,2.76413154602,2.63911724091,2.60819768906,2.24961209297,1.77051377296,1.43358278275,0.993586301804,0.492315113544,0.28840765357,0.268915772438,0.233766764402,0.136406719685,0.0962602943182,0.0287834983319,0.00932794995606,0.00225430727005,0.000328010908561,0.0000394792004954,0.0000160989184224,0.0000235435672948],"min":[6.21299402105e-23,7.65756494593e-22,2.10116255025e-21,4.28717533287e-21,1.61904610595e-20,3.36536848942e-20,4.52598560689e-20,7.4690060153e-20,1.12398283911e-19,1.10855113854e-19,3.53186139978e-19,4.4381589945e-19,5.71437511956e-19,8.11694292221e-19,8.30145848254e-19,1.24977498659e-18,1.98591692811e-18,2.38612365887e-18,2.65937739755e-18,2.88344863137e-18,4.27405215123e-18,4.56862026635e-18,4.67039905046e-18,6.35051247598e-18,8.73766928344e-18,1.01172857768e-17,8.31691311151e-18,1.15546336867e-17,1.22410438754e-17,8.27309735447e-18,1.07601200909e-17,1.12156865045e-17,1.01120191178e-17,9.21874677435e-18,6.18173578457e-18,3.99817376846e-18,2.39892117692e-18,9.98587945111e-19,2.57127852641e-19,2.93452371255e-20],"var":[0.1169013381,9.17779922485,31.7204704285,58.7004966736,327.059265137,168.432098389,148.681427002,1480.72875977,4073.02563477,3003.1862793,1079.30175781,2942.13256836,10005.2519531,11687.4199219,12447.7275391,44022.7734375,12829.1113281,16116.5107422,2006.05529785,1288.01879883,398.610290527,317.271118164,584.325866699,459.743255615,606.23840332,723.709777832,63.1456069946,12.4885749817,31.1132640839,38.1326789856,19.2729587555,13.5498189926,4.11856985092,0.521355390549,0.0647724047303,0.00538443261757,0.000262389570707,0.0000065228036874,7.07334066874e-8,1.0078781143e-9]},"erbbands_crest":{"dmean":3.23594903946,"dmean2":5.32259464264,"dvar":9.21394538879,"dvar2":23.9544582367,"max":33.1872291565,"mean":11.9147567749,"median":10.745929718,"min":2.28174257278,"var":33.0005111694},"erbbands_flatness_db":{"dmean":0.0205608848482,"dmean2":0.031028393656,"dvar":0.000406879378716,"dvar2":0.000868533796165,"max":0.428370594978,"mean":0.203504949808,"median":0.199729949236,"min":0.0513032898307,"var":0.0030149416998},"erbbands_kurtosis":{"dmean":2.01189088821,"dmean2":3.27800869942,"dvar":27.920042038,"dvar2":80.3075866699,"max":192.215255737,"mean":2.83876848221,"median":0.660314202309,"min":-1.83247292042,"var":101.132164001},"erbbands_skewness":{"dmean":0.43814355135,"dmean2":0.687597811222,"dvar":0.219569981098,"dvar2":0.544421434402,"max":11.6851606369,"mean":0.513969063759,"median":0.351962327957,"min":-4.80737257004,"var":1.49665045738},"erbbands_spread":{"dmean":6.64269971848,"dmean2":10.3015012741,"dvar":63.5617790222,"dvar2":133.105712891,"max":145.798675537,"mean":25.8082427979,"median":22.7067070007,"min":0.876491189003,"var":266.65512085},"gfcc":{"cov":[[24783.7128906,-959.755493164,-3824.39892578,1115.65551758,-1515.32849121,638.98059082,-702.202148438,46.8370170593,-732.169006348,5.47409200668,-61.393032074,47.5015258789,-173.513061523],[-959.755493164,1825.28430176,257.303100586,-338.146392822,433.977783203,-113.062850952,291.126373291,9.64939117432,204.729003906,-99.6469955444,128.657073975,-99.5433425903,72.6939163208],[-3824.39892578,257.303100586,1319.9152832,-29.1913795471,320.764404297,18.5012817383,156.768280029,27.6009941101,134.167175293,16.8505115509,-22.6872653961,22.0625,-18.61120224],[1115.65551758,-338.146392822,-29.1913795471,618.00012207,66.4054260254,74.9513931274,50.9187393188,-2.5493657589,-38.3653717041,-47.7517814636,-98.6617965698,9.54344654083,-6.87243413925],[-1515.32849121,433.977783203,320.764404297,66.4054260254,519.874328613,24.4721069336,235.60736084,50.7149620056,98.8971405029,-8.61283111572,-8.14182662964,1.97993004322,13.0630350113],[638.98059082,-113.062850952,18.5012817383,74.9513931274,24.4721069336,258.136138916,68.037399292,33.3596076965,-31.8532543182,8.60466194153,21.297203064,9.28988265991,-13.0253973007],[-702.202148438,291.126373291,156.768280029,50.9187393188,235.60736084,68.037399292,294.773406982,53.7056770325,34.1119995117,-33.9698448181,23.114944458,0.84999358654,5.93905687332],[46.8370170593,9.64939117432,27.6009941101,-2.5493657589,50.7149620056,33.3596076965,53.7056770325,148.173782349,56.1281814575,14.8586425781,9.8976316452,3.28040552139,20.4267997742],[-732.169006348,204.729003906,134.167175293,-38.3653717041,98.8971405029,-31.8532543182,34.1119995117,56.1281814575,181.207778931,39.8306159973,23.9929866791,-12.7529172897,35.9791221619],[5.47409200668,-99.6469955444,16.8505115509,-47.7517814636,-8.61283111572,8.60466194153,-33.9698448181,14.8586425781,39.8306159973,122.963539124,36.3782806396,12.1515684128,-3.49419784546],[-61.393032074,128.657073975,-22.6872653961,-98.6617965698,-8.14182662964,21.297203064,23.114944458,9.8976316452,23.9929866791,36.3782806396,148.520294189,10.0331144333,30.2492408752],[47.5015258789,-99.5433425903,22.0625,9.54344654083,1.97993004322,9.28988265991,0.84999358654,3.28040552139,-12.7529172897,12.1515684128,10.0331144333,82.9648590088,-0.524939119816],[-173.513061523,72.6939163208,-18.61120224,-6.87243413925,13.0630350113,-13.0253973007,5.93905687332,20.4267997742,35.9791221619,-3.49419784546,30.2492408752,-0.524939119816,90.1733093262]],"icov":[[0.000194693144294,-0.000418640207499,0.000458596739918,-0.000546129129361,0.000481179769849,-0.000525950745214,0.000413504807511,-0.00052434677491,0.000510229263455,-0.000547568721231,0.000223337294301,-0.000474786269478,0.000408533087466],[-0.000418640207499,0.00222354172729,-0.000923301617149,0.00187435478438,-0.00184464757331,0.00151872949209,-0.00153994199354,0.0017715463182,-0.00215247669257,0.00267908698879,-0.00144634011667,0.00220249965787,-0.000998410512693],[0.000458596739918,-0.000923301617149,0.00204951944761,-0.00111304409802,0.000654908537399,-0.0013528901618,0.000788879697211,-0.000959408935159,0.000495314248838,-0.00121746200603,0.000780643895268,-0.00145321316086,0.00132488540839],[-0.000546129129361,0.00187435478438,-0.00111304409802,0.00391887500882,-0.00198439881206,0.00100778893102,-0.00173819914926,0.00203522434458,-0.00188997387886,0.00258287671022,0.000372923095711,0.00155415514018,-0.00166832574178],[0.000481179769849,-0.00184464757331,0.000654908537399,-0.00198439881206,0.00533868931234,-0.00131674273871,-0.00127686013002,-0.00144566281233,0.000687621708494,-0.00263298978098,0.00185945990961,-0.00207262672484,0.000832665304188],[-0.000525950745214,0.00151872949209,-0.0013528901618,0.00100778893102,-0.00131674273871,0.00636967597529,-0.00238577229902,0.000345157459378,-0.000203150557354,0.00105116737541,-0.0019561140798,0.00174462154973,-0.000460876151919],[0.000413504807511,-0.00153994199354,0.000788879697211,-0.00173819914926,-0.00127686013002,-0.00238577229902,0.00775955943391,-0.00289388024248,0.00177368381992,0.000400264922064,-0.000896578887478,-0.00142881472129,0.00165254366584],[-0.00052434677491,0.0017715463182,-0.000959408935159,0.00203522434458,-0.00144566281233,0.000345157459378,-0.00289388024248,0.0103700887412,-0.00454857666045,0.00153337756637,-0.000133361012558,0.00113908259664,-0.00245357514359],[0.000510229263455,-0.00215247669257,0.000495314248838,-0.00188997387886,0.000687621708494,-0.000203150557354,0.00177368381992,-0.00454857666045,0.0112713910639,-0.00538011500612,0.000809903314803,-0.000207994453376,-0.00151883880608],[-0.000547568721231,0.00267908698879,-0.00121746200603,0.00258287671022,-0.00263298978098,0.00105116737541,0.000400264922064,0.00153337756637,-0.00538011500612,0.0141194891185,-0.00435285549611,0.00107301725075,0.00105195248034],[0.000223337294301,-0.00144634011667,0.000780643895268,0.000372923095711,0.00185945990961,-0.0019561140798,-0.000896578887478,-0.000133361012558,0.000809903314803,-0.00435285549611,0.0106387026608,-0.0024665358942,-0.00275240559131],[-0.000474786269478,0.00220249965787,-0.00145321316086,0.00155415514018,-0.00207262672484,0.00174462154973,-0.00142881472129,0.00113908259664,-0.000207994453376,0.00107301725075,-0.0024665358942,0.0150991566479,-0.00144242472015],[0.000408533087466,-0.000998410512693,0.00132488540839,-0.00166832574178,0.000832665304188,-0.000460876151919,0.00165254366584,-0.00245357514359,-0.00151883880608,0.00105195248034,-0.00275240559131,-0.00144242472015,0.014648498036]],"mean":[-76.9056549072,129.41444397,-117.704658508,21.6570396423,-52.6013717651,18.6493797302,-32.2115898132,-0.504379630089,-21.3319511414,-3.49611949921,-4.45238828659,-8.69389152527,-9.04326629639]},"hfc":{"dmean":4.81382322311,"dmean2":7.41812229156,"dvar":51.9783439636,"dvar2":119.790428162,"max":122.42578125,"mean":16.2069778442,"median":10.0405635834,"min":1.06696988274e-16,"var":325.482666016},"melbands":{"dmean":[0.000992174260318,0.00122785195708,0.000644307234325,0.000413063389715,0.000138800503919,0.000257757230429,0.000269784504781,0.00013099698117,0.0000765899603721,0.0000893386459211,0.000139531723107,0.000100240307802,0.0000859947758727,0.000140373871545,0.000083361963334,0.0000532311678398,0.0000621247163508,0.0000238161719608,0.0000189324964595,0.0000113105879791,0.00000598101996729,0.00000529677663508,0.00000538239874004,0.00000520088497069,0.00000420776632382,0.00000339492066814,0.00000407696870752,0.00000299461498798,0.00000149707636865,8.74247689353e-7,5.36307084076e-7,6.45489421913e-7,6.51912330341e-7,5.84141673698e-7,5.46355920505e-7,4.52834001408e-7,3.41408565419e-7,2.54169208347e-7,1.51251001057e-7,8.78399504245e-8],"dmean2":[0.00153560936451,0.00209931493737,0.00109481392428,0.000697152747307,0.000223465365707,0.000386442581657,0.00041879422497,0.000214305036934,0.000122494879179,0.000141357959365,0.000225473224418,0.000159791496117,0.000134507950861,0.000226073127124,0.000132081579068,0.0000838268606458,0.0001012891953,0.0000379138509743,0.0000306889851345,0.0000183476604434,0.0000097711208582,0.00000863060267875,0.00000844220539875,0.00000814867416921,0.00000669964265398,0.00000533578668183,0.00000631800094197,0.00000469653150503,0.00000242432111008,0.0000014400428654,8.82826498128e-7,0.00000103684135411,0.00000104706862203,9.39494896102e-7,8.76155297647e-7,6.98603059845e-7,5.18445517628e-7,3.80836468139e-7,2.29737509017e-7,1.33128381208e-7],"dvar":[0.00000797993743618,0.0000133584671858,0.00000248770243161,0.00000104217531316,9.54591357072e-8,3.12782844958e-7,4.06207988135e-7,1.95926460833e-7,5.3334840544e-8,8.59042330603e-8,1.42793169289e-7,1.15749855922e-7,7.40365422303e-8,1.44254798329e-7,5.15159399583e-8,2.53730423339e-8,2.92792279311e-8,3.92824395234e-9,2.37047270701e-9,1.36176558918e-9,1.95874011455e-10,1.99957578273e-10,3.08082837019e-10,2.44159747975e-10,1.13212793307e-10,1.02653427425e-10,2.12544204459e-10,1.01643055084e-10,1.88854123312e-11,4.96491649876e-12,2.01767942631e-12,3.84637070458e-12,6.41679027621e-12,4.84751995489e-12,2.4956738065e-12,1.72461697701e-12,2.14119021992e-12,1.47105298862e-12,4.14768588398e-13,2.0186022992e-13],"dvar2":[0.0000183953143278,0.0000366340500477,0.00000675232513458,0.00000290290063276,2.36664206454e-7,7.08498475888e-7,0.00000100642307643,4.96547670537e-7,1.23630613302e-7,2.07170387512e-7,3.58036771786e-7,2.93858079203e-7,1.83772726814e-7,3.72305947849e-7,1.25238585724e-7,5.68336524509e-8,7.31142293375e-8,8.98698448992e-9,6.09105210714e-9,3.54909768241e-9,4.76297112861e-10,4.86160056656e-10,6.86326384614e-10,5.7465454617e-10,2.62624061387e-10,2.2124165e-10,4.65035648878e-10,2.47948966914e-10,4.71972010085e-11,1.31120487731e-11,5.33783347384e-12,9.37522628974e-12,1.40361932147e-11,1.24198221152e-11,6.09479957822e-12,3.71812520009e-12,4.06229043459e-12,2.69548012383e-12,8.92829972281e-13,4.81761223796e-13],"max":[0.0486558675766,0.053864043206,0.0233055539429,0.0178343746811,0.00770973740146,0.0124120274559,0.0142802055925,0.0120319183916,0.00536190904677,0.00913778971881,0.00999789033085,0.00954910274595,0.00688920775428,0.00847301166505,0.00692832330242,0.00428387708962,0.0044576022774,0.0014126811875,0.00133436429314,0.00130832300056,0.000414776586695,0.000397130264901,0.000564105343074,0.000500312249642,0.000310948322294,0.000369847140973,0.000648467103019,0.000390297995182,0.000157646296429,0.0000465070806968,0.0000245603423537,0.0000801362621132,0.000215961204958,0.000151742598973,0.0000819979104563,0.0000498661102029,0.000073933020758,0.0000727095539332,0.0000461830677523,0.0000336056837114],"mean":[0.00132585666142,0.00151635915972,0.000895963341463,0.000605349487159,0.000232904902077,0.000452970998595,0.000463079399196,0.000192987979972,0.000105453902506,0.00012966725626,0.000203815157874,0.00014628462668,0.000127810446429,0.000235465049627,0.000138492003316,0.0000851754666655,0.000105854058347,0.0000389167980757,0.0000314229655487,0.000017944163119,0.0000113799887913,0.00000986985287454,0.00000905405795493,0.00000896797064343,0.00000825930328574,0.0000068016829573,0.00000777699369792,0.00000578015669817,0.00000268765552391,0.00000153333917297,9.68812855717e-7,0.00000114639146886,0.0000011678480405,0.00000113934277124,0.00000110982114165,9.09955076622e-7,6.61642729938e-7,4.82575273963e-7,2.82623062731e-7,1.59209704975e-7],"median":[0.000238871420152,0.000515370862558,0.000367625209037,0.000262905901764,0.00009981560288,0.00010300980648,0.000119608601381,0.0000503900482727,0.0000331289629685,0.0000298682207358,0.0000426807600888,0.0000245297487709,0.0000189643651538,0.0000243629656325,0.0000200661597773,0.0000137117895065,0.0000168322021636,0.00000975426974037,0.00000891028867045,0.00000396905261368,0.00000285823534796,0.00000268674648396,0.0000022936978894,0.00000194514086616,0.00000160870786203,0.00000114235115234,0.00000120783943203,7.60669195188e-7,5.80150242513e-7,4.00824660574e-7,1.94095719053e-7,1.52619946903e-7,1.45193581602e-7,1.48127583088e-7,1.44624110021e-7,9.71511298076e-8,7.23673210246e-8,7.21928756775e-8,4.0805758772e-8,1.64420974613e-8],"min":[9.99823511914e-25,1.18728565642e-24,1.56882878424e-24,1.59929893114e-24,1.87316303844e-24,1.74962919562e-24,1.47906006171e-24,1.47840856121e-24,2.49090127787e-24,2.91552932593e-24,2.57904307339e-24,2.61948678871e-24,1.57657096099e-24,3.79011219585e-24,2.79109342067e-24,2.99498319909e-24,2.8369189423e-24,3.26556387009e-24,3.84635127307e-24,3.29344951144e-24,3.87361548925e-24,4.17933261661e-24,4.59668736713e-24,4.94461131393e-24,4.59749239968e-24,5.72135965438e-24,5.60581953633e-24,6.11297347913e-24,5.3461533476e-24,5.13305361811e-24,5.96023107522e-24,5.37932337094e-24,5.02281582863e-24,4.49528560865e-24,5.31980105463e-24,5.61969914953e-24,6.09863119901e-24,6.69315503694e-24,6.40267633569e-24,7.31389232832e-24],"var":[0.0000107367668534,0.0000109858819997,0.00000266411620942,0.00000117328795568,1.70578516645e-7,8.15497230633e-7,8.88575357294e-7,3.04531653228e-7,7.84098475037e-8,1.32142019993e-7,2.52158571357e-7,1.92047778569e-7,1.38366502256e-7,3.23720229289e-7,1.10984416324e-7,5.65163027488e-8,7.28018463292e-8,7.41577821373e-9,3.89971344106e-9,1.83684045751e-9,5.01140740017e-10,3.97039734423e-10,5.92995763604e-10,4.74469963319e-10,3.3290428747e-10,2.93469804014e-10,5.17473175421e-10,2.89832907674e-10,3.72113555247e-11,8.31859581218e-12,3.3937416679e-12,8.64433958442e-12,1.77290248454e-11,1.14799437317e-11,7.42303267465e-12,5.58701956227e-12,5.65879764922e-12,2.97468061468e-12,7.01586466874e-13,2.66741923688e-13]},"melbands_crest":{"dmean":3.33343672752,"dmean2":5.34024572372,"dvar":9.07197570801,"dvar2":22.4513626099,"max":35.4910774231,"mean":14.7208499908,"median":13.6451120377,"min":1.60758543015,"var":36.1472244263},"melbands_flatness_db":{"dmean":0.0294321365654,"dmean2":0.044313903898,"dvar":0.00101120839827,"dvar2":0.00215830490924,"max":0.729960739613,"mean":0.261939823627,"median":0.241881161928,"min":0.00320778763853,"var":0.0127532426268},"melbands_kurtosis":{"dmean":8.55161762238,"dmean2":13.2847251892,"dvar":301.353912354,"dvar2":650.759155273,"max":398.666442871,"mean":15.4687337875,"median":5.02868843079,"min":-1.89081585407,"var":927.749816895},"melbands_skewness":{"dmean":0.798277854919,"dmean2":1.22761785984,"dvar":0.778175234795,"dvar2":1.67680728436,"max":15.1342973709,"mean":2.37231183052,"median":1.95358133316,"min":-3.3191204071,"var":3.83668160439},"melbands_spread":{"dmean":5.02191925049,"dmean2":7.88487768173,"dvar":40.3099365234,"dvar2":91.0426712036,"max":170.542633057,"mean":19.0955677032,"median":16.1522407532,"min":0.273926794529,"var":294.106506348},"mfcc":{"cov":[[16345.1738281,-1402.55297852,-2037.11450195,9.04615306854,-640.898864746,34.2508811951,-112.916366577,-34.0230979919,-519.37097168,18.4952831268,-302.701171875,-220.995193481,-54.1583976746],[-1402.55297852,2147.17163086,90.6925888062,-128.36164856,153.885528564,-10.4607944489,119.973190308,87.3379364014,124.734672546,30.0608062744,102.697158813,161.221908569,63.9023513794],[-2037.11450195,90.6925888062,795.684509277,37.3838157654,123.076690674,64.126083374,34.9239120483,34.2931289673,72.0165100098,-34.7023658752,71.9149703979,40.8157615662,-0.661309421062],[9.04615306854,-128.36164856,37.3838157654,482.046051025,104.02230835,99.443611145,39.377204895,80.5283660889,84.2956161499,-10.1018333435,-5.19538259506,-30.8626174927,-8.08972930908],[-640.898864746,153.885528564,123.076690674,104.02230835,227.648513794,55.4666786194,30.7327480316,39.621509552,88.05809021,19.0484085083,35.1388320923,34.4770469666,13.2691278458],[34.2508811951,-10.4607944489,64.126083374,99.443611145,55.4666786194,204.04145813,86.9242095947,60.1813659668,28.6947116852,-18.7248630524,46.8684043884,-1.30452156067,-3.99444389343],[-112.916366577,119.973190308,34.9239120483,39.377204895,30.7327480316,86.9242095947,221.88482666,93.6634063721,27.7432079315,6.85958862305,37.1751594543,30.5129356384,8.57988834381],[-34.0230979919,87.3379364014,34.2931289673,80.5283660889,39.621509552,60.1813659668,93.6634063721,162.082382202,68.018409729,-3.29761075974,27.4164085388,13.9721002579,12.7045087814],[-519.37097168,124.734672546,72.0165100098,84.2956161499,88.05809021,28.6947116852,27.7432079315,68.018409729,173.572799683,33.5653610229,34.6051902771,32.4472503662,3.34031319618],[18.4952831268,30.0608062744,-34.7023658752,-10.1018333435,19.0484085083,-18.7248630524,6.85958862305,-3.29761075974,33.5653610229,106.590339661,18.5155506134,18.0385074615,2.14311099052],[-302.701171875,102.697158813,71.9149703979,-5.19538259506,35.1388320923,46.8684043884,37.1751594543,27.4164085388,34.6051902771,18.5155506134,113.029159546,39.3227615356,9.97656440735],[-220.995193481,161.221908569,40.8157615662,-30.8626174927,34.4770469666,-1.30452156067,30.5129356384,13.9721002579,32.4472503662,18.0385074615,39.3227615356,107.66885376,31.1862354279],[-54.1583976746,63.9023513794,-0.661309421062,-8.08972930908,13.2691278458,-3.99444389343,8.57988834381,12.7045087814,3.34031319618,2.14311099052,9.97656440735,31.1862354279,88.2028884888]],"icov":[[0.000109180567961,0.0000385835737688,0.000241371861193,-0.0000307943555526,0.000133378023747,-0.000169006525539,0.0000868185525178,-0.000170906379935,0.000239570159465,-0.0000994998335955,0.000114638642117,-0.0000897759091458,0.0000386442043236],[0.0000385835737688,0.000593590200879,0.000129833162646,0.000213923514821,-0.000289048854029,0.000157637405209,-0.000187690602615,-0.000182966628927,-0.000140588643262,0.000137627619551,-0.000169110891875,-0.00052031094674,-0.0000854556128616],[0.000241371861193,0.000129833162646,0.00203959085047,0.000033217274904,-0.000394851667807,-0.000408293359214,0.000135531430715,-0.000252410682151,0.000152480381075,0.000673629634548,-0.000499656773172,-0.00041516229976,0.000317730446113],[-0.0000307943555526,0.000213923514821,0.000033217274904,0.00292797875591,-0.0011030882597,-0.000896699377336,0.000052226758271,-0.000754112959839,-0.00104821985587,0.000307478330797,0.00067935581319,0.000895719684195,-0.0000375392119167],[0.000133378023747,-0.000289048854029,-0.000394851667807,-0.0011030882597,0.0068320017308,-0.0013506335672,0.000329502916429,0.000271438853815,-0.00174759654328,-0.000942935468629,0.0001722733723,-0.00101297348738,-0.000545166083612],[-0.000169006525539,0.000157637405209,-0.000408293359214,-0.000896699377336,-0.0013506335672,0.00793558731675,-0.00245479191653,-0.000309103576001,-0.000126401209855,0.00190210435539,-0.00313603272662,0.00133256393019,0.000384717888664],[0.0000868185525178,-0.000187690602615,0.000135531430715,0.000052226758271,0.000329502916429,-0.00245479191653,0.00718606915325,-0.00376868853346,0.00138620263897,-0.00116497511044,0.0000833668746054,-0.00163533154409,0.000422756158514],[-0.000170906379935,-0.000182966628927,-0.000252410682151,-0.000754112959839,0.000271438853815,-0.000309103576001,-0.00376868853346,0.010718327947,-0.00391212338582,0.00162551563699,-0.00076911348151,0.000990954227746,-0.00143023754936],[0.000239570159465,-0.000140588643262,0.000152480381075,-0.00104821985587,-0.00174759654328,-0.000126401209855,0.00138620263897,-0.00391212338582,0.0101845245808,-0.00282872654498,-0.000432778033428,-0.00176694430411,0.00119652284775],[-0.0000994998335955,0.000137627619551,0.000673629634548,0.000307478330797,-0.000942935468629,0.00190210435539,-0.00116497511044,0.00162551563699,-0.00282872654498,0.0115863066167,-0.00219564372674,-0.000485340220621,0.000225187439355],[0.000114638642117,-0.000169110891875,-0.000499656773172,0.00067935581319,0.0001722733723,-0.00313603272662,0.0000833668746054,-0.00076911348151,-0.000432778033428,-0.00219564372674,0.0126971928403,-0.00327705522068,-0.0000215447489609],[-0.0000897759091458,-0.00052031094674,-0.00041516229976,0.000895719684195,-0.00101297348738,0.00133256393019,-0.00163533154409,0.000990954227746,-0.00176694430411,-0.000485340220621,-0.00327705522068,0.0138928992674,-0.0038328350056],[0.0000386442043236,-0.0000854556128616,0.000317730446113,-0.0000375392119167,-0.000545166083612,0.000384717888664,0.000422756158514,-0.00143023754936,0.00119652284775,0.000225187439355,-0.0000215447489609,-0.0038328350056,0.0129932397977]],"mean":[-710.172180176,151.371658325,0.759594798088,11.5658588409,5.23659944534,10.9562168121,5.29618263245,3.03386449814,-8.70365905762,5.31175136566,-2.67678403854,1.14413070679,-1.17038059235]},"pitch_salience":{"dmean":0.0773343294859,"dmean2":0.123925574124,"dvar":0.00489179510623,"dvar2":0.0120420791209,"max":0.99262368679,"mean":0.495505601168,"median":0.508881568909,"min":0.0373930409551,"var":0.019879065454},"silence_rate_20dB":{"dmean":0,"dmean2":0,"dvar":0,"dvar2":0,"max":1,"mean":1,"median":1,"min":1,"var":0},"silence_rate_30dB":{"dmean":0.0104176355526,"dmean2":0.0208372101188,"dvar":0.0103075057268,"dvar2":0.0282107125968,"max":1,"mean":0.993489563465,"median":1,"min":0,"var":0.00646798824891},"silence_rate_60dB":{"dmean":0.0355315767229,"dmean2":0.0710697695613,"dvar":0.03426226601,"dvar2":0.075332686305,"max":1,"mean":0.127790182829,"median":0,"min":0,"var":0.111477963626},"spectral_centroid":{"dmean":165.940597534,"dmean2":255.137161255,"dvar":55473.2382812,"dvar2":113219.539062,"max":11833.1708984,"mean":1020.86877441,"median":860.767883301,"min":84.6435165405,"var":1050670.25},"spectral_complexity":{"dmean":2.5344619751,"dmean2":3.93432569504,"dvar":8.40132141113,"dvar2":17.8937606812,"max":52,"mean":14.800409317,"median":13,"min":0,"var":103.481933594},"spectral_contrast_coeffs":{"dmean":[0.0492500402033,0.0479373559356,0.0401539951563,0.0310198422521,0.0214818455279,0.0164803341031],"dmean2":[0.0808461904526,0.0774771347642,0.0649387910962,0.0502339266241,0.0341813005507,0.0255331173539],"dvar":[0.00173636002,0.00161091785412,0.00120897078887,0.000704593781848,0.000409619475249,0.000287582777673],"dvar2":[0.00464784679934,0.00408502342179,0.00305246794596,0.00171696010511,0.000882334599737,0.00062082806835],"max":[-0.306331992149,-0.281058728695,-0.456642210484,-0.509438097477,-0.59082710743,-0.596501946449],"mean":[-0.650075316429,-0.711646080017,-0.75031632185,-0.766002118587,-0.79718452692,-0.788630783558],"median":[-0.655250430107,-0.727031171322,-0.763646662235,-0.767974495888,-0.7993298769,-0.777880549431],"min":[-0.983607828617,-0.996199131012,-0.981975078583,-0.971131026745,-0.966429233551,-0.96435546875],"var":[0.00754081830382,0.0122511005029,0.00831844564527,0.00481556588784,0.00278769200668,0.00244403840043]},"spectral_contrast_valleys":{"dmean":[0.407787114382,0.37954300642,0.32098582387,0.296277821064,0.288379579782,0.286094814539],"dmean2":[0.659425258636,0.599992275238,0.508416771889,0.447847157717,0.414929449558,0.384257256985],"dvar":[0.165101200342,0.16702991724,0.145549371839,0.141942471266,0.173925593495,0.180497780442],"dvar2":[0.350221455097,0.342492431402,0.28117415309,0.254284739494,0.30357760191,0.312496453524],"max":[-5.04967594147,-4.49899148941,-5.10499334335,-5.53138828278,-5.76687049866,-7.59956216812],"mean":[-7.66819238663,-7.40095806122,-7.75407981873,-8.34733009338,-8.68108654022,-11.3001661301],"median":[-7.32508707047,-6.97081851959,-7.32256698608,-7.96779680252,-8.1867351532,-11.0611534119],"min":[-28.1068878174,-28.2551631927,-27.6713504791,-27.7833271027,-27.5295658112,-27.4288082123],"var":[4.26492547989,4.44228839874,4.50363254547,4.77845096588,5.03573513031,4.13655424118]},"spectral_decrease":{"dmean":2.63045851767e-9,"dmean2":4.17661727425e-9,"dvar":2.20468117792e-17,"dvar2":5.58878558997e-17,"max":4.90567006309e-23,"mean":-6.16678397236e-9,"median":-4.5743311361e-9,"min":-6.59082743937e-8,"var":3.70667374896e-17},"spectral_energy":{"dmean":0.010294103995,"dmean2":0.0163293629885,"dvar":0.000326320965542,"dvar2":0.000826038536616,"max":0.250636249781,"mean":0.0247448347509,"median":0.0184054672718,"min":1.00143889095e-20,"var":0.000580152729526},"spectral_energyband_high":{"dmean":0.000134354777401,"dmean2":0.000202277122298,"dvar":1.25930881723e-7,"dvar2":2.70282185966e-7,"max":0.0154652735218,"mean":0.000335647957399,"median":0.0000686794519424,"min":7.13833038723e-21,"var":4.51197678331e-7},"spectral_energyband_low":{"dmean":0.00572404684499,"dmean2":0.00921405199915,"dvar":0.000235147672356,"dvar2":0.000602178333793,"max":0.246595174074,"mean":0.00826479960233,"median":0.00299454759806,"min":1.31765977131e-23,"var":0.000260518107098},"spectral_energyband_middle_high":{"dmean":0.00254955748096,"dmean2":0.00400242209435,"dvar":0.000020779289116,"dvar2":0.0000509412566316,"max":0.0843633785844,"mean":0.00693786563352,"median":0.00255819410086,"min":1.27779068436e-21,"var":0.000094459450338},"spectral_energyband_middle_low":{"dmean":0.00489519210532,"dmean2":0.00789031945169,"dvar":0.0000734572458896,"dvar2":0.000191446742974,"max":0.126484438777,"mean":0.0102792996913,"median":0.00689547788352,"min":1.63036066849e-22,"var":0.000128441810375},"spectral_entropy":{"dmean":0.189401715994,"dmean2":0.284207850695,"dvar":0.0465138107538,"dvar2":0.102207958698,"max":9.81942176819,"mean":7.08589029312,"median":7.24256420135,"min":4.14538288116,"var":0.539422690868},"spectral_flux":{"dmean":0.0268598906696,"dmean2":0.0425471179187,"dvar":0.00128979911096,"dvar2":0.00273247179575,"max":0.476181417704,"mean":0.0793612524867,"median":0.0693043023348,"min":6.37265379355e-11,"var":0.00335604907013},"spectral_kurtosis":{"dmean":3.75932788849,"dmean2":6.17840623856,"dvar":31.611492157,"dvar2":79.6843490601,"max":81.6866607666,"mean":10.278424263,"median":5.96573543549,"min":-1.39869737625,"var":128.80418396},"spectral_rms":{"dmean":0.000896938960068,"dmean2":0.00136760715395,"dvar":0.00000142901444633,"dvar2":0.0000032599257338,"max":0.015637235716,"mean":0.00433842418715,"median":0.0042375177145,"min":3.12572168669e-12,"var":0.00000531936484549},"spectral_rolloff":{"dmean":269.036865234,"dmean2":455.547393799,"dvar":340474.5625,"dvar2":754433.0625,"max":19616.7480469,"mean":1141.8873291,"median":925.927734375,"min":64.599609375,"var":3125175.5},"spectral_skewness":{"dmean":0.351799458265,"dmean2":0.555380284786,"dvar":0.186739400029,"dvar2":0.436467111111,"max":7.85415315628,"mean":2.2217669487,"median":1.84069156647,"min":-0.111837819219,"var":1.23507356644},"spectral_spread":{"dmean":455545.09375,"dmean2":663616.5625,"dvar":680081293312,"dvar2":1265110220800,"max":42287432,"mean":3798025.5,"median":3382530.75,"min":956001,"var":12071807746000},"spectral_strongpeak":{"dmean":0.643223702908,"dmean2":1.08938312531,"dvar":1.04705619812,"dvar2":2.68961310387,"max":13.6419181824,"mean":1.11400163174,"median":0.474913924932,"min":0,"var":2.09195160866},"zerocrossingrate":{"dmean":0.00628003012389,"dmean2":0.00757444603369,"dvar":0.000095907242212,"dvar2":0.000145826255903,"max":0.52685546875,"mean":0.0445775985718,"median":0.037109375,"min":0.001953125,"var":0.00233758613467}},"metadata":{"audio_properties":{"analysis_sample_rate":44100,"bit_rate":320033,"codec":"mp3","downmix":"mix","equal_loudness":0,"length":249.62612915,"lossless":false,"md5_encoded":"4ae0b766b9ad9da28efb5162c4edb084","replay_gain":-10.3904285431,"sample_rate":44100},"tags":{"album":["Lazaretto"],"albumartist":["Jack White"],"albumartistsort":["White, Jack"],"artist":["Jack White"],"artistsort":["White, Jack"],"asin":["B00JDB4PLM"],"barcode":["888430639829"],"catalognumber":["88843 06398 2"],"contentgroup":["Rock"],"date":["2014-06-10"],"discnumber":["1/1"],"file_name":"04 Would You Fight for My Love_.mp3","genre":["Rock; Blues Rock; Alternative; Alternative Rock; Garage Rock"],"label":["Columbia"],"media":["CD"],"mood":["Sexy; Mellow"],"musicbrainz album release country":["US"],"musicbrainz album status":["official"],"musicbrainz album type":["album"],"musicbrainz_albumartistid":["3ae2fb37-8a23-429d-9920-bac811c4fc22"],"musicbrainz_albumid":["83f1f87b-daaa-466e-8b3a-fe4267a32d9d"],"musicbrainz_artistid":["3ae2fb37-8a23-429d-9920-bac811c4fc22"],"musicbrainz_recordingid":["fba9f2f6-5204-4942-99e1-5c0dfae99a4c"],"musicbrainz_releasegroupid":["67e28d5b-f68e-4349-8e43-76189c90be65"],"originaldate":["2014-06-06"],"originalyear":["2014"],"script":["Latn"],"title":["Would You Fight for My Love?"],"tracknumber":["4/11"]},"version":{"essentia":"2.1-beta2","essentia_build_sha":"70f2e5ece6736b2c40cc944ad0e695b16b925413","essentia_git_sha":"v2.1_beta2","extractor":"music 1.0"}},"rhythm":{"beats_count":508,"beats_loudness":{"dmean":0.0204086732119,"dmean2":0.0377279035747,"dvar":0.000393704103772,"dvar2":0.00133815594018,"max":0.134408831596,"mean":0.0361369177699,"median":0.0345784761012,"min":0,"var":0.000582632783335},"beats_loudness_band_ratio":{"dmean":[0.21497631073,0.114798888564,0.112772889435,0.115653827786,0.0382933206856,0.0274568181485],"dmean2":[0.395481050014,0.201335057616,0.2