{"lowlevel":{"average_loudness":0.390019774437,"barkbands":{"dmean":[0.00000131524450353,0.000918974343222,0.00142142467666,0.000902843195945,0.00109987484757,0.000696839357261,0.000533514714334,0.000529292214196,0.00030304575921,0.000301897787722,0.000318406091537,0.000468582380563,0.000200370137463,0.000141984754009,0.000191779297893,0.000071548492997,0.0000750529143261,0.0000481233801111,0.000056822438637,0.0000536091574759,0.0000312556949211,0.0000182835938176,0.000021778694645,0.0000145775702549,0.0000164160701388,0.00000479785057905,9.34612955916e-8],"dmean2":[0.00000219884964281,0.0013238824904,0.00209764088504,0.00142646976747,0.00165673100855,0.000963598722592,0.000787114258856,0.000733380496968,0.000383897597203,0.000436720903963,0.000420797470724,0.000629736692645,0.000302994943922,0.000215034815483,0.000291859527351,0.000113182315545,0.000107225911052,0.0000736969377613,0.0000878531718627,0.0000839956701384,0.0000477067369502,0.0000282349210465,0.0000340079059242,0.0000222550024773,0.0000250808388955,0.00000743804366721,1.59208966011e-7],"dvar":[1.48452569682e-11,0.00000697122777638,0.0000137092984005,0.00000680405128151,0.00000749194441596,0.00000233285027207,0.00000233137870964,0.00000231854028243,7.43043699458e-7,0.00000125273788854,9.01810494724e-7,0.0000018635411152,4.5460458864e-7,2.06380491363e-7,4.40790898892e-7,6.26502867362e-8,9.5507033393e-8,2.9547319258e-8,5.35535562562e-8,1.14148797081e-7,4.03228312962e-8,8.7563831741e-9,1.69395946159e-8,5.47314416011e-9,1.02500221644e-8,9.11260678027e-10,1.25436694452e-12],"dvar2":[3.63873098319e-11,0.0000155025099957,0.0000309105198539,0.0000176511730388,0.0000153477230924,0.00000450940387964,0.00000532674039277,0.00000507729646415,0.00000111142355763,0.00000312914767164,0.00000158036982612,0.00000363021445082,0.00000111752081011,4.33053685356e-7,0.00000106585093818,1.64745372899e-7,1.56011623176e-7,7.09217857775e-8,1.29284046579e-7,2.32546497614e-7,9.8526641068e-8,2.16925517549e-8,4.20252241895e-8,1.2745411837e-8,2.40088660064e-8,2.23676344113e-9,3.30200732208e-12],"max":[0.0000822506044642,0.108859986067,0.099468074739,0.0701480209827,0.0806177780032,0.0409547761083,0.0560864508152,0.0477072894573,0.0350070223212,0.0344522446394,0.0230775829405,0.0467587783933,0.0190140772611,0.0145719628781,0.0223466102034,0.00765050249174,0.013493610546,0.00432748999447,0.00582338590175,0.0172844137996,0.00663799699396,0.00275732390583,0.00413585780188,0.00242741359398,0.00272009172477,0.000781268230639,0.0000514225393999],"mean":[0.00000154954443587,0.00239750905894,0.00348173105158,0.00232718838379,0.0024778698571,0.00242295209318,0.00176770589314,0.00150482647587,0.000974556140136,0.000785028445534,0.000860007421579,0.00130434159655,0.000432069180533,0.000301208812743,0.000392297137296,0.000152419059305,0.000169831429957,0.000089391010988,0.0000937288350542,0.0000792633945821,0.0000499049128848,0.0000300980937027,0.000029333981729,0.0000223077840928,0.0000206710774364,0.00000518416709383,8.09771165677e-8],"median":[3.58198207095e-7,0.000323603628203,0.00102752435487,0.000906036410015,0.00101880123839,0.00106897694059,0.000770081591327,0.00057108013425,0.000250294338912,0.000281767686829,0.000191657687537,0.000391869369196,0.000118093477795,0.0000717929069651,0.0000978196403594,0.0000327717971231,0.0000259959870164,0.00001493659056,0.0000111887311505,0.00000359918749382,0.00000202787987291,0.00000127681096274,7.6779099345e-7,3.15362711945e-7,2.14291318912e-7,3.15310693111e-8,5.9526861218e-10],"min":[1.91456036826e-23,9.99112215757e-24,1.90854262173e-23,5.31441076807e-24,1.00684810134e-23,7.29476876226e-24,3.25756639823e-23,5.35206657006e-23,3.55088066001e-23,7.78943282812e-23,1.43555014266e-22,1.64521637084e-22,8.12659765881e-23,7.25239651868e-23,5.18974676367e-23,1.64730148798e-22,1.7779419026e-22,1.48861561669e-22,1.51901364592e-22,2.94767659111e-22,5.83959321178e-22,4.47557217973e-22,7.28325663108e-22,9.03222663874e-22,1.29359647817e-21,1.5107112951e-21,2.52518631824e-21],"var":[1.946372577e-11,0.0000325458531734,0.0000503113988088,0.0000191586987057,0.0000205777050724,0.0000135853251777,0.00000836467370391,0.00000753677340981,0.00000457219766758,0.00000238463803726,0.00000368096198144,0.00000839604035718,0.0000010067351468,5.98069163971e-7,7.79877211698e-7,1.17770319719e-7,3.78292298819e-7,5.19340019878e-8,7.78964377446e-8,2.03988406611e-7,5.74990934865e-8,1.26197621242e-8,2.03341166127e-8,9.50729450722e-9,1.33665007951e-8,9.85814985199e-10,9.94311837726e-13]},"barkbands_crest":{"dmean":1.4351439476,"dmean2":2.19460439682,"dvar":2.4667134285,"dvar2":5.93650150299,"max":26.4432659149,"mean":9.58228302002,"median":8.69398212433,"min":3.09387874603,"var":15.0301437378},"barkbands_flatness_db":{"dmean":0.0203391406685,"dmean2":0.029412554577,"dvar":0.000508058059495,"dvar2":0.000987690291367,"max":0.490179508924,"mean":0.23021940887,"median":0.23056294024,"min":0.0439831279218,"var":0.00531338667497},"barkbands_kurtosis":{"dmean":1.44906997681,"dmean2":2.18434357643,"dvar":12.3057155609,"dvar2":26.7859859467,"max":189.075057983,"mean":3.29563498497,"median":1.39932203293,"min":-1.66466796398,"var":51.6753082275},"barkbands_skewness":{"dmean":0.29534637928,"dmean2":0.435842335224,"dvar":0.123695023358,"dvar2":0.27141559124,"max":9.77669525146,"mean":1.26701939106,"median":1.12462568283,"min":-2.98679566383,"var":0.928869724274},"barkbands_spread":{"dmean":1.91894555092,"dmean2":2.85900330544,"dvar":11.3950862885,"dvar2":24.0388469696,"max":63.8592414856,"mean":11.371006012,"median":9.87626647949,"min":0.268481552601,"var":52.1724967957},"dissonance":{"dmean":0.0207825507969,"dmean2":0.0343745276332,"dvar":0.000509832927492,"dvar2":0.00132313696668,"max":0.499951869249,"mean":0.441612184048,"median":0.451594114304,"min":0.209061071277,"var":0.00193262519315},"dynamic_complexity":3.96932840347,"erbbands":{"dmean":[0.00813022907823,0.275769531727,1.48326420784,2.23180294037,4.33680725098,2.5337164402,4.0175652504,6.29718255997,8.97978210449,5.2778635025,13.5618133545,6.64099645615,6.94366264343,11.3937225342,13.9776716232,18.4737167358,9.26993751526,7.97305822372,8.08680725098,9.47180271149,3.96297287941,3.57444930077,2.65245699883,2.25612425804,3.4902279377,2.3090057373,1.59807431698,0.882551312447,0.581508815289,0.860769987106,0.470532685518,0.320255696774,0.257762551308,0.164183586836,0.129213884473,0.0418076738715,0.00442512892187,0.0004327861825,0.0000131234428409,0.00000622989546173],"dmean2":[0.010911365971,0.396154731512,2.14868021011,3.52525115013,6.55463171005,3.85182237625,6.02348327637,8.58023548126,13.5139493942,7.69064664841,18.6691131592,8.42517375946,9.69804668427,15.621386528,18.6955394745,24.1295280457,13.8221473694,12.1323022842,12.1458034515,14.459394455,5.98909854889,5.08850240707,3.99557042122,3.47499132156,5.42769622803,3.65301585197,2.49215602875,1.31762909889,0.899863958359,1.32394301891,0.738116979599,0.495390594006,0.384726196527,0.251030892134,0.197360783815,0.0634518414736,0.00702308677137,0.000721500022337,0.0000204684893106,0.00000841199198476],"dvar":[0.000710850232281,0.595426738262,15.5744161606,30.0856876373,169.015594482,30.2048625946,62.1263923645,245.319381714,512.184020996,560.500305176,1627.86022949,337.023406982,692.659423828,1235.33032227,1314.50927734,2808.15942383,889.632141113,630.731994629,653.526611328,2118.2097168,170.454772949,243.378585815,83.364692688,61.7876243591,304.019165039,155.889358521,119.73475647,25.8139476776,9.16371822357,20.7394886017,7.45467424393,3.54093647003,1.59143579006,0.87252831459,0.755866587162,0.0735964924097,0.000759199028835,0.0000139259045682,7.0487216064e-9,1.80315623544e-10],"dvar2":[0.0012796119554,1.31817579269,32.8198547363,76.722869873,332.814086914,68.5160064697,149.847991943,443.012329102,1200.52111816,1288.7644043,3543.37451172,518.740234375,1622.24816895,2874.63867188,2461.26245117,4629.88964844,2181.90478516,1441.28625488,1527.21838379,5296.62744141,381.682159424,410.539459229,187.378082275,142.410522461,638.096862793,378.284179688,295.608551025,65.2061920166,23.1981906891,48.3169403076,18.5637950897,8.65272521973,3.56640625,2.03109264374,1.820114851,0.174866721034,0.00208510458469,0.0000381430800189,1.82888921785e-8,3.70214831014e-10],"max":[1.61318910122,28.812286377,111.75881958,138.482162476,379.227539062,105.014808655,195.861404419,443.23739624,902.556762695,914.311340332,1307.19970703,637.245361328,814.149108887,1114.30358887,831.498168945,2230.01904297,1007.88665771,608.72479248,615.976806641,1964.02880859,380.394500732,710.828125,193.167633057,163.284103394,817.036254883,334.244995117,395.30657959,163.597900391,79.4819641113,127.003845215,86.238319397,69.3586959839,32.0471954346,25.754234314,21.3897228241,8.60202121735,0.893687784672,0.1345923841,0.00264256098308,0.000389910914237],"mean":[0.0257114842534,0.720251500607,3.6463701725,6.77213144302,8.59776592255,6.42421483994,12.1562376022,21.3195800781,30.678850174,16.9610652924,39.8175354004,23.9135875702,19.093919754,32.7630653381,40.4791221619,56.0573387146,23.0417404175,17.5248260498,16.7830963135,19.1632995605,9.67337322235,8.31033706665,5.31457853317,4.26173973083,5.15310621262,3.59595441818,2.44312500954,1.52342915535,0.953949213028,1.30056142807,0.63333016634,0.443010061979,0.399904429913,0.228225558996,0.145627722144,0.0461053960025,0.00466066086665,0.000433687207988,0.0000233381651924,0.0000262851008301],"median":[0.00302738812752,0.12472230196,1.04852437973,2.97302389145,2.3479642868,2.83830738068,6.7643494606,7.19351291656,14.5924034119,8.94574165344,15.5878791809,7.92676925659,7.36142635345,13.0169010162,14.7205123901,16.8343925476,8.18979167938,5.11684989929,5.07079792023,3.71943855286,2.1774315834,1.311881423,0.99761736393,0.681392073631,0.445261746645,0.200793311,0.111204132438,0.069449737668,0.0382153615355,0.0439770668745,0.0183949992061,0.00843695178628,0.00431515648961,0.00277339131571,0.00128265772946,0.000348097004462,0.0000301545005641,0.00000380823030355,0.00000838964479044,0.0000161515272339],"min":[5.14342156966e-22,2.05878973869e-21,2.25437493856e-20,1.58984727656e-20,2.3028162185e-20,4.23108634811e-20,4.64396450358e-20,5.48161218205e-20,3.31836298176e-19,1.02232006708e-18,9.1208222383e-19,7.89834183378e-19,1.71885132759e-18,4.1789640175e-18,5.07728629864e-18,7.30220734537e-18,3.75011719201e-18,3.16446483972e-18,2.93302632177e-18,4.98450227651e-18,1.10867125034e-17,9.16678576981e-18,6.46593353635e-18,8.63324269419e-18,1.03680488882e-17,1.53481741385e-17,2.57282254174e-17,1.57596253557e-17,1.38145382695e-17,1.93920285427e-17,2.34563854456e-17,1.49695834983e-17,1.69952710635e-17,1.41608341242e-17,9.02391513441e-18,5.17908741663e-18,2.93571693351e-18,1.44290408204e-18,3.56939135966e-19,3.46049361363e-20],"var":[0.00523410039023,2.72965550423,63.8108787537,122.140045166,445.604797363,101.637229919,264.112182617,1474.05151367,2090.23730469,1188.84729004,5329.68945312,2274.43774414,1685.92675781,3159.98925781,5011.35058594,17779.0214844,2045.39257812,1568.67626953,1372.60449219,3285.59472656,497.592773438,839.426330566,167.582748413,118.730224609,481.396636963,252.210174561,157.683990479,39.3813247681,12.6305265427,32.4449005127,8.83680152893,5.09069871902,2.85584115982,1.32180213928,0.851339936256,0.0794195234776,0.000672033755109,0.0000106376810436,6.91471235825e-9,8.44935621469e-10]},"erbbands_crest":{"dmean":1.65696227551,"dmean2":2.44726514816,"dvar":3.55351114273,"dvar2":8.11647415161,"max":31.5048618317,"mean":10.3565397263,"median":8.95034790039,"min":2.98763632774,"var":23.1108093262},"erbbands_flatness_db":{"dmean":0.0188951212913,"dmean2":0.0271973814815,"dvar":0.000517877051607,"dvar2":0.00110256997868,"max":0.482240319252,"mean":0.248308032751,"median":0.250896632671,"min":0.0864341035485,"var":0.00458060065284},"erbbands_kurtosis":{"dmean":0.620164096355,"dmean2":0.928293347359,"dvar":1.82082915306,"dvar2":3.97107100487,"max":59.613948822,"mean":0.729396879673,"median":0.0716912746429,"min":-1.72946631908,"var":8.48533535004},"erbbands_skewness":{"dmean":0.223410740495,"dmean2":0.332527548075,"dvar":0.0652367696166,"dvar2":0.144738152623,"max":6.1845498085,"mean":0.309286147356,"median":0.241030186415,"min":-2.59745597839,"var":0.522081553936},"erbbands_spread":{"dmean":3.26622033119,"dmean2":4.96637821198,"dvar":24.6014823914,"dvar2":57.710105896,"max":90.4965591431,"mean":21.2874927521,"median":18.8435173035,"min":1.34318900108,"var":113.865814209},"gfcc":{"cov":[[9159.14941406,-2873.82788086,-1090.54394531,1579.42810059,-576.45892334,291.374206543,-84.1820526123,634.626159668,-350.780853271,358.372314453,-255.104415894,267.413085938,-204.66015625],[-2873.82788086,2598.37353516,148.65397644,-854.616394043,706.707275391,-368.083557129,300.392272949,-309.178985596,426.723571777,-364.034088135,307.367095947,-209.787902832,175.508880615],[-1090.54394531,148.65397644,944.657470703,-159.67906189,40.7144012451,222.123657227,-120.963874817,6.26645231247,-87.3199005127,56.7869415283,-83.0356140137,44.7709236145,-30.2310638428],[1579.42810059,-854.616394043,-159.67906189,687.665771484,-168.22883606,136.126358032,23.7692260742,104.539924622,-99.9062271118,83.8747634888,-92.3575820923,23.9278469086,-39.536655426],[-576.45892334,706.707275391,40.7144012451,-168.22883606,401.444671631,-51.4391326904,105.262519836,-36.8847885132,111.139724731,-98.0361404419,56.0161399841,-71.6628570557,9.21900463104],[291.374206543,-368.083557129,222.123657227,136.126358032,-51.4391326904,269.969329834,-30.7297229767,82.6896286011,-64.9106063843,59.9720878601,-94.9251251221,31.2262477875,-42.1999435425],[-84.1820526123,300.392272949,-120.963874817,23.7692260742,105.262519836,-30.7297229767,207.448059082,1.25421690941,100.502639771,-52.1044235229,46.6090621948,-36.4329910278,9.18334293365],[634.626159668,-309.178985596,6.26645231247,104.539924622,-36.8847885132,82.6896286011,1.25421690941,183.361206055,-25.2196712494,59.2557525635,-50.0021476746,28.816362381,-40.0681495667],[-350.780853271,426.723571777,-87.3199005127,-99.9062271118,111.139724731,-64.9106063843,100.502639771,-25.2196712494,180.472793579,-47.7536621094,68.2609405518,-27.7365455627,34.5575714111],[358.372314453,-364.034088135,56.7869415283,83.8747634888,-98.0361404419,59.9720878601,-52.1044235229,59.2557525635,-47.7536621094,137.380584717,-26.8352851868,50.5812339783,-28.0952091217],[-255.104415894,307.367095947,-83.0356140137,-92.3575820923,56.0161399841,-94.9251251221,46.6090621948,-50.0021476746,68.2609405518,-26.8352851868,146.835327148,7.77862644196,32.4988861084],[267.413085938,-209.787902832,44.7709236145,23.9278469086,-71.6628570557,31.2262477875,-36.4329910278,28.816362381,-27.7365455627,50.5812339783,7.77862644196,115.380760193,0.394983798265],[-204.66015625,175.508880615,-30.2310638428,-39.536655426,9.21900463104,-42.1999435425,9.18334293365,-40.0681495667,34.5575714111,-28.0952091217,32.4988861084,0.394983798265,95.6003265381]],"icov":[[0.000322202220559,-0.000303245324176,0.000523231108673,-0.000655985728372,0.000113482339657,-0.000165046629263,0.000395095412387,-0.000759188726079,0.000423004996264,-0.000288856070256,0.000248467724305,-0.000725334859453,0.000381441088393],[-0.000303245324176,0.00598461879417,-0.00293464306742,0.00360793992877,-0.00394991179928,0.0026463617105,-0.00345972087234,0.00258967303671,-0.00447822734714,0.00463087577373,-0.00368088646792,0.00422082003206,-0.00389164034277],[0.000523231108673,-0.00293464306742,0.00365570979193,-0.00166145444382,0.00127993198112,-0.00296245096251,0.00244161067531,-0.00149962934665,0.00292295799591,-0.00285683129914,0.00221464363858,-0.00308151333593,0.0020461617969],[-0.000655985728372,0.00360793992877,-0.00166145444382,0.00526141375303,-0.00176612858195,0.000555210630409,-0.00356920971535,0.00227796356194,-0.00183476565871,0.00208490155637,-0.00170543545391,0.00346039794385,-0.0028230745811],[0.000113482339657,-0.00394991179928,0.00127993198112,-0.00176612858195,0.00669519044459,-0.00170771684498,0.0011521182023,-0.00194062257651,0.00174711539876,-0.0013727163896,0.00167629180942,-0.00120855646674,0.00324546755292],[-0.000165046629263,0.0026463617105,-0.00296245096251,0.000555210630409,-0.00170771684498,0.00833260640502,-0.00217830692418,-0.00021048085182,-0.00203430466354,0.00161798007321,0.000928541761823,0.00102025317028,-0.00106398412026],[0.000395095412387,-0.00345972087234,0.00244161067531,-0.00356920971535,0.0011521182023,-0.00217830692418,0.0105587663129,-0.00278944638558,-0.000983771053143,-0.000903967942577,0.000620008737314,-0.00197031954303,0.0031246712897],[-0.000759188726079,0.00258967303671,-0.00149962934665,0.00227796356194,-0.00194062257651,-0.00021048085182,-0.00278944638558,0.0103688556701,-0.00277604698204,-0.000281675282167,0.000101461577287,0.00140925974119,-0.000323296786519],[0.000423004996264,-0.00447822734714,0.00292295799591,-0.00183476565871,0.00174711539876,-0.00203430466354,-0.000983771053143,-0.00277604698204,0.0137443123385,-0.00393351027742,0.000872519274708,-0.00289109372534,0.000748080608901],[-0.000288856070256,0.00463087577373,-0.00285683129914,0.00208490155637,-0.0013727163896,0.00161798007321,-0.000903967942577,-0.000281675282167,-0.00393351027742,0.01573032327,-0.00385156623088,0.00068156409543,-0.00099457334727],[0.000248467724305,-0.00368088646792,0.00221464363858,-0.00170543545391,0.00167629180942,0.000928541761823,0.000620008737314,0.000101461577287,0.000872519274708,-0.00385156623088,0.0138169704005,-0.0058519798331,0.00139558536466],[-0.000725334859453,0.00422082003206,-0.00308151333593,0.00346039794385,-0.00120855646674,0.00102025317028,-0.00197031954303,0.00140925974119,-0.00289109372534,0.00068156409543,-0.0058519798331,0.0159152075648,-0.00432919105515],[0.000381441088393,-0.00389164034277,0.0020461617969,-0.0028230745811,0.00324546755292,-0.00106398412026,0.0031246712897,-0.000323296786519,0.000748080608901,-0.00099457334727,0.00139558536466,-0.00432919105515,0.0156633090228]],"mean":[-92.8824920654,172.524902344,-129.108108521,-0.679574489594,-51.5739059448,7.89389610291,-35.2328948975,-6.02493238449,-20.3436737061,-9.79150009155,-6.90325546265,-11.3132820129,-7.16145133972]},"hfc":{"dmean":3.17099285126,"dmean2":4.18281459808,"dvar":74.3044662476,"dvar2":150.144195557,"max":191.422363281,"mean":12.2624397278,"median":6.83678722382,"min":1.1456912058e-16,"var":257.039550781},"melbands":{"dmean":[0.000160783645697,0.000631128787063,0.000432190747233,0.000260909699136,0.000123962352518,0.000138000657898,0.000131290624267,0.0000612612057012,0.000104385180748,0.0000405728169426,0.0000358437027899,0.0000475980268675,0.0000501000176882,0.000054818821809,0.0000289686468022,0.0000202370611078,0.0000147381779243,0.0000129358450067,0.0000120925506053,0.00000915679720492,0.00000496573875353,0.00000449653180112,0.00000244490956902,0.0000026814273042,0.00000180051267762,0.00000245047726821,0.00000220887295654,0.00000157571105319,0.00000126645750242,7.14096415777e-7,4.99264729115e-7,3.32340135856e-7,3.69556431679e-7,5.79046457005e-7,2.99419355088e-7,2.04987102848e-7,1.88383211253e-7,1.80415568707e-7,1.68702541714e-7,1.37454037485e-7],"dmean2":[0.000225473559112,0.000914989796001,0.000664056453388,0.00039407730219,0.000185992190382,0.000189814018086,0.000195970846107,0.0000897968420759,0.000143371828017,0.0000510533791385,0.0000504894524056,0.0000656918200548,0.0000659771685605,0.0000739627794246,0.0000399688724428,0.0000307825866912,0.0000226799365919,0.0000195977845578,0.0000186130073416,0.0000139338671943,0.00000752075766286,0.00000636922277408,0.00000372239878743,0.00000411946348322,0.00000278108632301,0.00000378169102078,0.00000347406148649,0.00000250434504778,0.0000020244094685,0.0000010672379176,7.84902510986e-7,5.09754158884e-7,5.71217469769e-7,8.97747554518e-7,4.76746095046e-7,3.29190385173e-7,2.93833608112e-7,2.67968204071e-7,2.53419699447e-7,2.14580836655e-7],"dvar":[2.33119763493e-7,0.00000272995362138,0.00000116511182569,4.76825704254e-7,5.51747554312e-8,1.11641050182e-7,1.0827233865e-7,5.38028501751e-8,9.42146414218e-8,1.27019692542e-8,1.82969124296e-8,2.39985542549e-8,2.04077785781e-8,2.78502909623e-8,6.09482819769e-9,4.21716395138e-9,2.17491180621e-9,1.74717329493e-9,1.96557192744e-9,1.90482918327e-9,2.68385869084e-10,4.15534329168e-10,7.93071441851e-11,1.01126183816e-10,3.85011501847e-11,1.05494862845e-10,2.47091291872e-10,7.54935419733e-11,9.38191815902e-11,2.21211399892e-11,1.15115235053e-11,2.68732236984e-12,4.30196373316e-12,1.13413922351e-11,3.16871941013e-12,2.12661594064e-12,1.13635479065e-12,9.74361433551e-13,1.08274467951e-12,6.39938406086e-13],"dvar2":[4.86723649828e-7,0.00000585810812481,0.0000027197665986,9.92536911326e-7,1.33559993287e-7,2.08463930562e-7,2.49752503123e-7,1.24406156488e-7,2.0338086415e-7,1.86919280054e-8,4.31261604206e-8,5.69321478849e-8,3.54428557614e-8,5.7250403529e-8,1.14611031776e-8,1.04492476893e-8,5.02290253834e-9,3.96303789785e-9,4.83647077942e-9,4.8598076674e-9,5.69692626406e-10,6.69904520745e-10,1.73742353837e-10,2.4816165789e-10,8.89573900653e-11,2.50907711274e-10,4.64491251018e-10,1.95032018313e-10,2.34298469515e-10,5.05193317735e-11,3.1212473578e-11,6.60667180685e-12,1.09947675964e-11,2.70295660854e-11,7.78817895591e-12,5.37896593586e-12,2.71075870084e-12,2.1607631049e-12,2.42334667958e-12,1.50668041411e-12],"max":[0.0242499262094,0.0469429530203,0.0260370485485,0.0194521509111,0.00534456176683,0.00922957621515,0.0133353387937,0.00857193488628,0.00985937938094,0.00424694223329,0.00406288215891,0.00499960547313,0.0034112452995,0.00507759070024,0.00273758987896,0.00175530661363,0.00103764841333,0.00138959346805,0.00161092390772,0.001880137017,0.000493043859024,0.000949028064497,0.000248866796028,0.000280693493551,0.000126268249005,0.000226052405196,0.000919908925425,0.000212270824704,0.000364696490578,0.000177862413693,0.000105340441223,0.000045008957386,0.0000585525303904,0.000100807214039,0.0000565789887332,0.0000474078660773,0.0000377325959562,0.0000311485673592,0.0000393162808905,0.0000227746586461],"mean":[0.000452785083326,0.00162173609715,0.00122243841179,0.000550772878341,0.000373130314983,0.000473161024274,0.00045673083514,0.000187147350516,0.000315296347253,0.000136755043059,0.0000945248975768,0.000131846725708,0.000138849936775,0.000150974621647,0.0000816583706182,0.0000438302304246,0.0000307091977447,0.0000254880214925,0.000024638733521,0.0000184581331268,0.0000113544865599,0.0000100792103694,0.00000466258006782,0.00000484255497213,0.00000318496176988,0.00000380768028663,0.00000309160918732,0.00000229866373047,0.00000171831243279,0.00000121368668715,7.69009261603e-7,5.25932534856e-7,5.70683596379e-7,8.17313093648e-7,3.96010648274e-7,2.5548590088e-7,2.61614616193e-7,2.68193844022e-7,2.55883804812e-7,1.74272202003e-7],"median":[0.0000567324095755,0.000489176833071,0.000512270780746,0.000167912861798,0.000217050779611,0.000170190614881,0.000221272086492,0.000100394783658,0.000125533872051,0.000038018788473,0.000034991215216,0.0000508125740453,0.0000382050820917,0.0000472016981803,0.0000272178349405,0.0000120683716887,0.00000752185587771,0.00000682199424773,0.00000596071049586,0.00000345435000781,0.00000204664775083,0.00000138438110753,7.99584086053e-7,7.4190182886e-7,4.44318686732e-7,3.38379607001e-7,1.86816208725e-7,1.01985321521e-7,6.49976357181e-8,4.7637954026e-8,3.12893462251e-8,1.96764489147e-8,1.93771541035e-8,2.38957191812e-8,9.91161286379e-9,5.89131321505e-9,4.06411881926e-9,2.42986342158e-9,2.64522936888e-9,2.02603711585e-9],"min":[4.67123906141e-24,8.09019535679e-24,2.93341635253e-24,2.56669917516e-24,1.54797850026e-24,1.20652400174e-24,5.29442103273e-24,1.21061639518e-23,7.23200462205e-24,4.61700724075e-24,8.45912824722e-24,1.58931822352e-23,1.96639152741e-23,1.47272158406e-23,1.90242421655e-23,5.27952497226e-24,6.01289621811e-24,4.96877294017e-24,5.3315665206e-24,9.31951280414e-24,1.33924379454e-23,1.00069080531e-23,6.56763937831e-24,6.24720841735e-24,7.073722048e-24,5.54871862857e-24,9.0282740354e-24,9.84317287252e-24,1.7578006113e-23,1.33802926429e-23,7.09269730822e-24,6.59640440236e-24,1.0371278961e-23,1.0750876462e-23,1.4834453592e-23,9.89874970101e-24,8.78813925382e-24,1.13963563756e-23,1.20525166771e-23,1.23320219287e-23],"var":[0.00000129549607664,0.0000114734739327,0.00000441077190771,0.00000126096620079,2.37307290263e-7,6.58326939629e-7,4.56057335896e-7,1.18779112768e-7,3.18602474181e-7,8.3474859025e-8,4.32181934684e-8,5.64508404466e-8,8.29383282053e-8,1.06952882106e-7,3.30266374249e-8,9.04124330958e-9,5.54869261649e-9,3.97054567003e-9,3.28411386974e-9,2.90624480037e-9,8.94575857835e-10,1.57162727277e-9,1.4133995363e-10,1.74100706074e-10,7.25458651485e-11,1.56606297375e-10,4.31650770683e-10,1.0671304812e-10,1.10779906082e-10,3.85111213752e-11,1.28417354875e-11,3.83700753462e-12,6.42002466814e-12,1.57136404583e-11,3.80102286451e-12,2.38158559714e-12,1.80685945806e-12,1.58758303812e-12,1.82498330684e-12,9.11346085403e-13]},"melbands_crest":{"dmean":1.93634927273,"dmean2":2.95587253571,"dvar":4.34865665436,"dvar2":10.8098249435,"max":31.0791435242,"mean":13.7898921967,"median":12.7835674286,"min":2.17445731163,"var":27.0992584229},"melbands_flatness_db":{"dmean":0.0224261023104,"dmean2":0.0316439904273,"dvar":0.000740195042454,"dvar2":0.00142389605753,"max":0.590157091618,"mean":0.298748731613,"median":0.30176320672,"min":0.0113400947303,"var":0.00858763419092},"melbands_kurtosis":{"dmean":2.30450105667,"dmean2":3.47450590134,"dvar":16.550075531,"dvar2":39.1957626343,"max":89.3362426758,"mean":6.18201637268,"median":3.29131221771,"min":-1.59189498425,"var":74.8727264404},"melbands_skewness":{"dmean":0.343985408545,"dmean2":0.509215772152,"dvar":0.161341205239,"dvar2":0.373280107975,"max":7.73327732086,"mean":1.78795230389,"median":1.59282636642,"min":-2.1600484848,"var":1.23151421547},"melbands_spread":{"dmean":2.52079129219,"dmean2":3.66766357422,"dvar":22.726606369,"dvar2":42.1415138245,"max":146.854248047,"mean":14.6918697357,"median":12.5348720551,"min":0.54861164093,"var":98.9359359741},"mfcc":{"cov":[[8781.09375,-2697.24951172,-1115.49389648,984.292785645,-281.706573486,-119.340446472,128.526168823,223.209365845,92.0726013184,134.876800537,40.5299224854,48.6308059692,146.004241943],[-2697.24951172,2537.71386719,-95.8058624268,-362.021820068,291.470062256,-68.1975250244,-23.3572254181,73.4751586914,12.8497667313,-27.3240280151,72.2780914307,69.1911010742,-57.3653793335],[-1115.49389648,-95.8058624268,840.740234375,-164.247711182,59.0940742493,151.075546265,8.27398586273,-44.7802963257,-2.07974100113,-33.1773872375,-32.6180000305,-17.4759368896,-37.959854126],[984.292785645,-362.021820068,-164.247711182,361.891967773,-27.6216716766,30.1795692444,56.8973808289,33.2354164124,14.4188146591,48.5911369324,-1.50594305992,-8.10850906372,12.4492225647],[-281.706573486,291.470062256,59.0940742493,-27.6216716766,218.474060059,38.1895217896,25.2954502106,28.235168457,13.2602558136,-2.04329705238,20.0936431885,9.08575439453,-34.0717163086],[-119.340446472,-68.1975250244,151.075546265,30.1795692444,38.1895217896,181.420791626,35.4696655273,20.6957702637,25.4463405609,17.0275382996,3.11050319672,-8.99772834778,-18.2714881897],[128.526168823,-23.3572254181,8.27398586273,56.8973808289,25.2954502106,35.4696655273,118.038597107,38.2705802917,15.2383289337,28.2459487915,13.4747371674,2.25293922424,-14.1714801788],[223.209365845,73.4751586914,-44.7802963257,33.2354164124,28.235168457,20.6957702637,38.2705802917,147.331863403,44.7995376587,29.3984737396,44.8174362183,12.2583475113,-4.61513805389],[92.0726013184,12.8497667313,-2.07974100113,14.4188146591,13.2602558136,25.4463405609,15.2383289337,44.7995376587,116.585449219,38.8545417786,3.89001464844,8.06649398804,-11.9601917267],[134.876800537,-27.3240280151,-33.1773872375,48.5911369324,-2.04329705238,17.0275382996,28.2459487915,29.3984737396,38.8545417786,113.563354492,30.0979499817,-5.16632604599,-0.263814926147],[40.5299224854,72.2780914307,-32.6180000305,-1.50594305992,20.0936431885,3.11050319672,13.4747371674,44.8174362183,3.89001464844,30.0979499817,117.001930237,18.8852920532,-5.44578647614],[48.6308059692,69.1911010742,-17.4759368896,-8.10850906372,9.08575439453,-8.99772834778,2.25293922424,12.2583475113,8.06649398804,-5.16632604599,18.8852920532,84.5473022461,18.7602310181],[146.004241943,-57.3653793335,-37.959854126,12.4492225647,-34.0717163086,-18.2714881897,-14.1714801788,-4.61513805389,-11.9601917267,-0.263814926147,-5.44578647614,18.7602310181,93.5898284912]],"icov":[[0.000307111797156,0.000328401423758,0.000324138702126,-0.000353891460691,-0.000146970909555,0.000180389455636,-0.0000226022602874,-0.00039534206735,-0.000110549779492,0.0000697731229593,-0.0000231539979723,-0.000277215585811,-0.000100187244243],[0.000328401423758,0.000950543151703,0.000554909638595,0.000260494329268,-0.000888246460818,0.000314227829222,0.0000082673441284,-0.000655129610095,-0.0000500042551721,-0.00000485879127154,-0.0000441011143266,-0.000606950896326,0.0000803464427008],[0.000324138702126,0.000554909638595,0.00211836281233,0.000707666098606,-0.000523646653164,-0.00131270533893,-0.000278368126601,-0.0000307917507598,-0.0000240919362113,0.000242524823989,0.000308549730107,-0.000299107923638,0.000184460994205],[-0.000353891460691,0.000260494329268,0.000707666098606,0.00476481160149,-0.000148811595864,-0.00117436132859,-0.00138934899587,-0.0000507521144755,0.000480686983792,-0.00115108687896,0.00068744859891,0.000279027415672,-0.0000890986557351],[-0.000146970909555,-0.000888246460818,-0.000523646653164,-0.000148811595864,0.00627652509138,-0.00101164134685,-0.000766641634982,-0.000193182146177,-0.0000889974544407,0.000523502763826,-0.000464322976768,-0.000225056748604,0.00146231474355],[0.000180389455636,0.000314227829222,-0.00131270533893,-0.00117436132859,-0.00101164134685,0.00778127554804,-0.00109852745663,-0.0007488229312,-0.00110825465526,-0.00028575482429,-0.000201541246497,0.000408374384278,0.000246526004048],[-0.0000226022602874,0.0000082673441284,-0.000278368126601,-0.00138934899587,-0.000766641634982,-0.00109852745663,0.010851316154,-0.00207151588984,0.000674076145515,-0.00179388711695,0.000236739375396,-0.000746244215406,0.00140408321749],[-0.00039534206735,-0.000655129610095,-0.0000307917507598,-0.0000507521144755,-0.000193182146177,-0.0007488229312,-0.00207151588984,0.0102024646476,-0.00311743328348,0.000217282271478,-0.00311991618946,0.000382006663131,-0.000473520398373],[-0.000110549779492,-0.0000500042551721,-0.0000240919362113,0.000480686983792,-0.0000889974544407,-0.00110825465526,0.000674076145515,-0.00311743328348,0.0114851845428,-0.00387802487239,0.00220414903015,-0.0017309585819,0.00169970886782],[0.0000697731229593,-0.00000485879127154,0.000242524823989,-0.00115108687896,0.000523502763826,-0.00028575482429,-0.00179388711695,0.000217282271478,-0.00387802487239,0.0119948089123,-0.00323523301631,0.0018838288961,-0.00101410911884],[-0.0000231539979723,-0.0000441011143266,0.000308549730107,0.00068744859891,-0.000464322976768,-0.000201541246497,0.000236739375396,-0.00311991618946,0.00220414903015,-0.00323523301631,0.0111447516829,-0.00249624834396,0.00113782717381],[-0.000277215585811,-0.000606950896326,-0.000299107923638,0.000279027415672,-0.000225056748604,0.000408374384278,-0.000746244215406,0.000382006663131,-0.0017309585819,0.0018838288961,-0.00249624834396,0.0140677569434,-0.00337540893815],[-0.000100187244243,0.0000803464427008,0.000184460994205,-0.0000890986557351,0.00146231474355,0.000246526004048,0.00140408321749,-0.000473520398373,0.00169970886782,-0.00101410911884,0.00113782717381,-0.00337540893815,0.0127040501684]],"mean":[-730.846313477,199.421829224,-10.6703920364,-0.587897062302,1.18353188038,3.77667927742,-1.40390610695,-0.907055139542,-6.44166469574,-3.9698240757,-2.95085859299,-2.80550551414,3.14464521408]},"pitch_salience":{"dmean":0.0454363524914,"dmean2":0.0706986114383,"dvar":0.00231727445498,"dvar2":0.00583804165944,"max":0.885744094849,"mean":0.537666082382,"median":0.545793235302,"min":0.101083815098,"var":0.0121104884893},"silence_rate_20dB":{"dmean":0,"dmean2":0,"dvar":0,"dvar2":0,"max":1,"mean":1,"median":1,"min":1,"var":0},"silence_rate_30dB":{"dmean":0.00882807280868,"dmean2":0.0176600441337,"dvar":0.00874991994351,"dvar2":0.0199974887073,"max":1,"mean":0.986981451511,"median":1,"min":0,"var":0.0128488074988},"silence_rate_60dB":{"dmean":0.0180975496769,"dmean2":0.0362030901015,"dvar":0.0177704002708,"dvar2":0.0388670675457,"max":1,"mean":0.104810237885,"median":0,"min":0,"var":0.0938255488873},"spectral_centroid":{"dmean":95.3146057129,"dmean2":142.010986328,"dvar":45022.8476562,"dvar2":75178.5625,"max":10692.8271484,"mean":742.818115234,"median":622.156921387,"min":186.398986816,"var":193342.734375},"spectral_complexity":{"dmean":1.76870453358,"dmean2":2.77880787849,"dvar":4.86992883682,"dvar2":9.8717918396,"max":43,"mean":14.3808469772,"median":14,"min":0,"var":50.2943496704},"spectral_contrast_coeffs":{"dmean":[0.0408413782716,0.0316617749631,0.0269821491092,0.0246799588203,0.0236901696771,0.021695971489],"dmean2":[0.0677136406302,0.0509251281619,0.0417716577649,0.0395517721772,0.0370338410139,0.0330809690058],"dvar":[0.00116828992032,0.00104098778684,0.000614945369307,0.000531174940988,0.000550664437469,0.000459403148852],"dvar2":[0.00312621588819,0.00259654549882,0.00146074802615,0.00130162783898,0.00119740562513,0.000984490965493],"max":[-0.34416949749,-0.362843930721,-0.49858301878,-0.498586475849,-0.548947513103,-0.566983997822],"mean":[-0.598648548126,-0.69183665514,-0.733562469482,-0.741391003132,-0.743137419224,-0.773767828941],"median":[-0.602289438248,-0.702100455761,-0.741169929504,-0.747286438942,-0.741701722145,-0.784128546715],"min":[-0.955313444138,-0.967375159264,-0.963935673237,-0.963555932045,-0.955780267715,-0.961863458157],"var":[0.00514273904264,0.00678215315565,0.00447218259797,0.00321489293128,0.00421397294849,0.00491587258875]},"spectral_contrast_valleys":{"dmean":[0.398060560226,0.260970681906,0.24133977294,0.261654615402,0.35263684392,0.455777674913],"dmean2":[0.647374749184,0.413583397865,0.375862330198,0.402942985296,0.509578645229,0.661483347416],"dvar":[0.182397067547,0.14927059412,0.120941385627,0.142714574933,0.223937019706,0.273551076651],"dvar2":[0.362067610025,0.232232376933,0.176762267947,0.221143245697,0.393761783838,0.536435604095],"max":[-5.33828639984,-4.80562448502,-5.35671234131,-5.55269479752,-6.03161334991,-8.14415645599],"mean":[-7.77362203598,-6.8397436142,-7.43713951111,-8.44623851776,-9.55076122284,-12.4218034744],"median":[-7.75289344788,-6.78704309464,-7.39853668213,-8.45194625854,-9.50870513916,-12.6621780396],"min":[-27.3158588409,-26.9439277649,-26.98985672,-27.1513080597,-27.2488918304,-27.2603778839],"var":[0.962859690189,0.752914190292,0.743332147598,0.937945961952,1.55533182621,1.43831539154]},"spectral_decrease":{"dmean":1.24526466916e-9,"dmean2":1.67798497319e-9,"dvar":6.2557593504e-18,"dvar2":1.24493808932e-17,"max":2.66012964759e-29,"mean":-5.5801607779e-9,"median":-3.46109629845e-9,"min":-7.61239604685e-8,"var":3.7114214348e-17},"spectral_energy":{"dmean":0.00494799343869,"dmean2":0.00664839753881,"dvar":0.0000992450586637,"dvar2":0.000196692402824,"max":0.302368670702,"mean":0.0221730154008,"median":0.0138603821397,"min":1.02913635521e-20,"var":0.000580067804549},"spectral_energyband_high":{"dmean":0.000120830780361,"dmean2":0.000177929774509,"dvar":3.44227458982e-7,"dvar2":8.17707928036e-7,"max":0.0126874735579,"mean":0.000193875093828,"median":0.00000866823756951,"min":7.93459189321e-21,"var":5.38656365734e-7},"spectral_energyband_low":{"dmean":0.00235283654183,"dmean2":0.00343811837956,"dvar":0.0000339117177646,"dvar2":0.0000752019914216,"max":0.18299908936,"mean":0.00731989648193,"median":0.00283189490438,"min":4.29823959301e-23,"var":0.000165148594533},"spectral_energyband_middle_high":{"dmean":0.00126733642537,"dmean2":0.00170052377507,"dvar":0.0000105501376311,"dvar2":0.0000207612247323,"max":0.0751887857914,"mean":0.00455467728898,"median":0.00212243502028,"min":1.35397591709e-21,"var":0.0000448446626251},"spectral_energyband_middle_low":{"dmean":0.0028069044929,"dmean2":0.00392763130367,"dvar":0.0000341375161952,"dvar2":0.0000682770914864,"max":0.119612045586,"mean":0.0116108488292,"median":0.00787416659296,"min":1.53405261643e-22,"var":0.000148431921843},"spectral_entropy":{"dmean":0.167222440243,"dmean2":0.247192680836,"dvar":0.0489935278893,"dvar2":0.106017075479,"max":9.79156208038,"mean":6.59880018234,"median":6.64178371429,"min":4.2322473526,"var":0.307165294886},"spectral_flux":{"dmean":0.0149259781465,"dmean2":0.0227649658918,"dvar":0.00051160849398,"dvar2":0.00112786109094,"max":0.38731110096,"mean":0.041328817606,"median":0.0301768165082,"min":1.01446358258e-10,"var":0.00134985963814},"spectral_kurtosis":{"dmean":10.9050712585,"dmean2":18.4324321747,"dvar":176.709716797,"dvar2":486.372528076,"max":158.79675293,"mean":26.896730423,"median":16.2437515259,"min":-1.25685381889,"var":735.426391602},"spectral_rms":{"dmean":0.000454880704638,"dmean2":0.000603390450124,"dvar":4.74138460049e-7,"dvar2":9.06729610506e-7,"max":0.0171753838658,"mean":0.00411451887339,"median":0.00367727107368,"min":3.16865197275e-12,"var":0.00000470297254651},"spectral_rolloff":{"dmean":148.832168579,"dmean2":241.896881104,"dvar":234095,"dvar2":374915.15625,"max":18669.2871094,"mean":902.351379395,"median":796.728515625,"min":107.666015625,"var":494418.59375},"spectral_skewness":{"dmean":0.70308727026,"dmean2":1.18247056007,"dvar":0.548785209656,"dvar2":1.4904011488,"max":10.6040716171,"mean":3.39714837074,"median":2.9040722847,"min":0.00555136892945,"var":3.04734325409},"spectral_spread":{"dmean":442917.53125,"dmean2":683229.875,"dvar":673581760512,"dvar2":1062366937090,"max":41927876,"mean":2324601.25,"median":1957893.375,"min":559044.1875,"var":1993915105280},"spectral_strongpeak":{"dmean":0.311303913593,"dmean2":0.517459273338,"dvar":0.47831594944,"dvar2":1.12002158165,"max":17.779586792,"mean":0.922303140163,"median":0.540293037891,"min":3.14558623593e-9,"var":1.21755850315},"zerocrossingrate":{"dmean":0.00455208308995,"dmean2":0.00542477238923,"dvar":0.0000969531465671,"dvar2":0.0000985703445622,"max":0.50537109375,"mean":0.0343289077282,"median":0.02880859375,"min":0.00439453125,"var":0.000508185126819}},"metadata":{"audio_properties":{"analysis_sample_rate":44100,"bit_rate":192000,"codec":"mp3","downmix":"mix","equal_loudness":0,"length":105.195098877,"lossless":false,"md5_encoded":"0e5849679f7b1fc2b0c33657a747a6bb","replay_gain":-3.81371688843,"sample_rate":44100},"tags":{"album":["Van Halen III"],"albumartist":["Van Halen"],"artist":["Van Halen"],"date":["1998"],"file_name":"314819.mp3","genre":["Hard Rock"],"musicbrainz_recordingid":["fbb38d1a-ad84-4a4f-b0f8-f8df38340408"],"title":["Neworld"],"tracknumber":["1"]},"version":{"essentia":"2.1-beta2","essentia_build_sha":"70f2e5ece6736b2c40cc944ad0e695b16b925413","essentia_git_sha":"v2.1_beta2","extractor":"music 1.0"}},"rhythm":{"beats_count":264,"beats_loudness":{"dmean":0.0212966296822,"dmean2":0.0352168157697,"dvar":0.000441306910943,"dvar2":0.00114706601016,"max":0.183918893337,"mean":0.0347979068756,"median":0.023903939873,"min":0.000756411231123,"var":0.00104112783447},"beats_loudness_band_ratio":{"dmean":[0.173169001937,0.157009884715,0.129437223077,0.108061097562,0.0383080691099,0.0272252205759],"dmean2":[0.295748889446,0.261776715517,0.220295608044,0.184003263712,0.066032409668,0.0494019761682],"dvar":[0.0204703193158,0.0195946544409,0.0131780691445,0.0122043984011,0.00463144667447,0.00314643187448],"dvar2":[0.0552166774869,0.0553558580577,0.0320684760809,0.0332898274064,0.0133559005335,0.00875747017562],"max":[0.901896357536,0.963523685932,0.741420209408,0.639906525612,0.656363129616,0.338296800852],"mean":[0.360092639923,0.242560297251,0.224555671215,0.159413337708,0.045829128474,0.0213281027973],"median":[0.326196670532,0.199124217033,0.193947210908,0.125958889723,0.0230578724295,0.0023722210899],"min":[0.00287521048449,0.015754705295,0.0131031982601,0.00415480835363,0.00043424576