{"lowlevel":{"average_loudness":0.941409945488,"barkbands":{"dmean":[0.000127476072521,0.0011507961899,0.000627978064585,0.000359995319741,0.000836586696096,0.000954994058702,0.0011077959789,0.000853876990732,0.00115500844549,0.00161577924155,0.000395885959733,0.000875531870406,0.000487106182845,0.000705651007593,0.000510575424414,0.000422548619099,0.000223791546887,0.0000689377629897,0.0000455805129604,0.0000819802298793,0.0000367327884305,0.0000681873425492,0.0000820277127787,0.0000820951681817,0.0000372029098799,0.00000335909408022,4.54669546457e-8],"dmean2":[0.000198685622308,0.00187454361003,0.000938461802434,0.000596137717366,0.00136891182046,0.00136993953492,0.00164034403861,0.00132989778649,0.0017489666352,0.00256658066064,0.000662667909637,0.00135456118733,0.000726609490812,0.00108086457476,0.000728301063646,0.000680452794768,0.000368902052287,0.000103820937511,0.0000684639962856,0.000124464495457,0.0000535963408765,0.0000971017216216,0.000106785599201,0.000108088432171,0.0000479825539514,0.00000463788501293,6.82731311485e-8],"dvar":[4.63958400587e-8,0.00000426093038186,0.00000249705681199,6.02908869496e-7,0.00000207906373362,0.00000305130424749,0.00000447615957455,0.00000371047030967,0.00000931720478548,0.0000145269395944,0.00000135133382173,0.00000846537841426,0.00000222711946662,0.00000568604900764,0.00000186141903669,0.00000123089739645,2.7980004802e-7,1.73305654272e-8,3.62490326644e-9,1.75454903939e-8,2.94026869518e-9,1.23580470301e-8,4.16334771103e-8,4.43998295907e-8,5.06945418977e-9,3.53481480198e-11,9.00801582306e-15],"dvar2":[1.01045309009e-7,0.0000109050160972,0.00000550858567294,0.00000169309635112,0.00000589822957409,0.00000604383967584,0.00000999257736112,0.00000859594820213,0.0000192245097423,0.0000374156734324,0.00000361129013982,0.0000204711031984,0.00000455627241536,0.0000124910593513,0.00000353267842002,0.00000300070928461,8.48869603942e-7,3.61508263325e-8,7.77746844705e-9,3.85260783275e-8,5.68716407301e-9,2.38619843884e-8,5.73297960216e-8,6.86116905513e-8,9.28347532181e-9,6.03394834098e-11,1.93884316967e-14],"max":[0.00287101697177,0.0262483973056,0.0176933556795,0.009834789671,0.0129471477121,0.0190320499241,0.0218909140676,0.0259614698589,0.0283292904496,0.0342411361635,0.0171985775232,0.0543368682265,0.0238687824458,0.0265862643719,0.0221985224634,0.0130657535046,0.00570912240073,0.00156680145301,0.000659525685478,0.0012393934885,0.000618770602159,0.0013303773012,0.00289849913679,0.0032761527691,0.000941748498008,0.0000701004028087,0.00000102198578134],"mean":[0.000176994639332,0.00260627898388,0.00189796695486,0.000652125512715,0.0012897241395,0.00152450439055,0.00144306349102,0.00105682015419,0.00169738184195,0.00250242371112,0.000525176408701,0.00145196996164,0.000714571389835,0.000866173533723,0.000809216697235,0.000784046365879,0.000394858856453,0.000143522105645,0.000107708612632,0.000172349478817,0.0000773446517996,0.00013571344607,0.00015848192561,0.000136398462928,0.0000637749544694,0.00000526530538991,7.52291313688e-8],"median":[0.0000616625911789,0.00116437894758,0.000200206210138,0.000136736402055,0.000592650205363,0.000428889703471,0.000343219202477,0.000137048307806,0.0000925968488446,0.0000862246524775,0.0000535739054612,0.0000727283768356,0.0000579656698392,0.000100441706309,0.0000790088015492,0.0000467211320938,0.0000463703654532,0.0000481554016005,0.0000630234135315,0.0000604935776209,0.0000455332228739,0.0000722732947906,0.0000652995222481,0.0000491878818139,0.0000230346449825,0.00000176721243861,3.28190417065e-8],"min":[9.16712065447e-24,5.94170917337e-23,4.95872127451e-23,1.93221677137e-24,4.73018795473e-23,3.87265796988e-23,8.43694879178e-23,6.30721430539e-23,5.86640892898e-23,6.22537598182e-23,4.41834177256e-23,3.80313408058e-23,1.64425926168e-22,1.87497482317e-22,1.95610342436e-22,2.34463849855e-22,1.55563395753e-22,3.05141394585e-22,3.12671646216e-22,2.40505767082e-22,4.23067567596e-22,4.84772923935e-22,4.12479741583e-22,8.03042983466e-22,1.36581362695e-21,1.76479468364e-21,2.61344160244e-21],"var":[9.51245908709e-8,0.000010982477761,0.0000118901798487,0.00000121573145861,0.00000388333546653,0.00000741177336749,0.00000838367213873,0.00000485739792566,0.0000198951638595,0.00003225803448,0.00000222104995373,0.0000227475993597,0.00000458042677565,0.0000074530908023,0.00000486365797769,0.00000343046508533,7.38296705549e-7,5.31970094642e-8,1.53046713081e-8,5.86691513149e-8,8.54664605754e-9,3.53716949064e-8,1.1161249347e-7,9.25415264419e-8,1.12860512047e-8,7.39573818853e-11,1.43389515078e-14]},"barkbands_crest":{"dmean":2.56145763397,"dmean2":4.13757324219,"dvar":5.51002836227,"dvar2":13.8750762939,"max":24.6731338501,"mean":11.2152080536,"median":10.0097236633,"min":3.76205086708,"var":23.046672821},"barkbands_flatness_db":{"dmean":0.0209715310484,"dmean2":0.032221339643,"dvar":0.000474077707622,"dvar2":0.00108554412145,"max":0.307282269001,"mean":0.138104170561,"median":0.129607364535,"min":0.0325433574617,"var":0.00219867564738},"barkbands_kurtosis":{"dmean":3.64244413376,"dmean2":5.52731609344,"dvar":29.513507843,"dvar2":59.8192443848,"max":84.2336502075,"mean":7.41445446014,"median":2.98515200615,"min":-1.88525557518,"var":152.895492554},"barkbands_skewness":{"dmean":0.627321779728,"dmean2":0.919803321362,"dvar":0.36779242754,"dvar2":0.62632894516,"max":7.66161489487,"mean":1.28802812099,"median":1.19683516026,"min":-6.68324995041,"var":4.61671304703},"barkbands_spread":{"dmean":7.37428379059,"dmean2":10.5196371078,"dvar":121.060836792,"dvar2":179.732345581,"max":143.09602356,"mean":24.9962234497,"median":19.2082881927,"min":1.41438102722,"var":463.810546875},"dissonance":{"dmean":0.0203158799559,"dmean2":0.0354164242744,"dvar":0.000482903124066,"dvar2":0.00144999264739,"max":0.500000059605,"mean":0.465390712023,"median":0.473080515862,"min":0.307883441448,"var":0.000825626309961},"dynamic_complexity":8.09477996826,"erbbands":{"dmean":[0.0414466634393,0.242811486125,0.706447780132,0.894834160805,1.51814603806,3.27066445351,5.94214344025,8.82112026215,15.7619228363,16.3629798889,16.3963832855,23.9687347412,54.1673812866,31.014667511,16.5557365417,39.1725616455,22.4795150757,26.0136890411,36.7519454956,24.6430854797,13.7292051315,11.7091474533,4.42776584625,2.31875777245,2.60175275803,3.97211742401,1.78169953823,1.57690536976,2.54655909538,2.2373342514,2.32032060623,1.97319698334,1.24142062664,0.598874926567,0.174064949155,0.0314891040325,0.00334059027955,0.000221018155571,0.0000145000221892,0.00000776912384026],"dmean2":[0.0674149543047,0.395077347755,1.03164100647,1.38657569885,2.5490694046,5.28458976746,8.91496276855,13.3143358231,21.8333930969,25.5737800598,24.8452129364,36.0345077515,83.9348144531,46.747795105,27.3966064453,61.2083358765,33.3801765442,39.1730117798,53.1223564148,35.3528137207,20.7927455902,19.1167507172,6.56954193115,3.49508500099,3.62084102631,5.94248199463,2.56141877174,2.35241484642,3.78386092186,3.03577136993,2.95819115639,2.66545987129,1.67690443993,0.785958170891,0.227341800928,0.0414091087878,0.00445141876116,0.000303908454953,0.0000188068097486,0.00000978609568847],"dvar":[0.00453756330535,0.25285422802,2.58430194855,3.77920722961,5.83363962173,38.6736717224,127.174438477,338.016876221,1238.10229492,1773.11279297,1290.88891602,4051.06201172,13684.0107422,6709.37695312,2139.48486328,18298.5488281,4163.47216797,7498.98828125,10446.7080078,4098.328125,1078.46374512,804.829589844,70.3715362549,10.5213804245,12.7706823349,42.4281959534,6.25892400742,5.631731987,16.1034393311,19.8309688568,32.3218765259,30.0676364899,9.11037063599,1.3501740694,0.111896172166,0.00311872712336,0.0000445727200713,1.93407657889e-7,5.8195487318e-10,9.08464900529e-11],"dvar2":[0.0119932079688,0.648260116577,5.47577619553,9.63103961945,15.5966453552,107.013122559,255.106933594,761.020935059,2551.80883789,3985.15307617,3068.55566406,8652.88085938,33627.7929688,17261.2285156,5754.94970703,45128.4960938,8728.49609375,16787.1582031,21859.6035156,7802.59277344,2508.75756836,2470.95922852,151.589752197,22.664068222,24.3373966217,93.8972091675,12.162946701,10.5538167953,32.0322113037,31.5028343201,40.8607368469,44.5822181702,15.43400383,2.54718112946,0.197008728981,0.00483492296189,0.0000821146095404,3.58938393674e-7,9.7453900505e-10,1.3562263812e-10],"max":[0.579948961735,6.63185882568,17.641292572,24.1312065125,20.3442764282,51.7914123535,137.064697266,187.209014893,424.22076416,736.622009277,409.772949219,675.403381348,1092.04211426,992.039489746,676.288146973,2686.84960938,1081.76733398,1146.23266602,1280.78210449,935.242980957,471.827972412,325.342254639,99.336227417,39.0629501343,43.570526123,63.2988777161,28.1431369781,26.6143417358,41.1919364929,60.2107086182,78.5751571655,81.2339019775,45.3920822144,14.903585434,4.48461389542,0.672989368439,0.119901359081,0.00648483261466,0.000308216898702,0.000101317476947],"mean":[0.0642422661185,0.621527552605,2.17478084564,2.24854111671,2.24936532974,4.64043283463,10.5449571609,12.6024484634,22.1134109497,19.5853939056,22.0832061768,38.1607246399,76.7369537354,47.5834960938,26.2314109802,66.2895507812,34.854850769,38.2986984253,56.2473144531,45.4360618591,29.8874378204,22.001581192,9.98197078705,5.82132148743,5.96152210236,8.3328371048,3.85522770882,3.25326824188,4.98173999786,4.55450677872,4.44061279297,3.42640590668,1.95417237282,0.971137166023,0.308097213507,0.0521257705986,0.00521767837927,0.000360896927305,0.0000346566266671,0.0000282720102405],"median":[0.0368861109018,0.187199741602,0.262185513973,0.43957054615,1.27044844627,1.70849466324,3.54249405861,3.64451766014,4.79476547241,5.0639629364,3.46958208084,2.73096704483,2.52767133713,2.90044498444,2.46310186386,3.17743682861,3.5553150177,4.76894950867,5.7152671814,3.895860672,2.55069375038,2.51016330719,2.6702747345,3.23859357834,2.96436405182,2.69130086899,2.00697803497,1.8967757225,2.55147695541,2.26113128662,1.6511592865,1.15478348732,0.727605998516,0.351115733385,0.0981513857841,0.0170019567013,0.0016626220895,0.000122710931464,0.0000237070125877,0.0000218557306653],"min":[1.60374376949e-21,1.37294775681e-20,6.077410344e-20,2.18953044088e-20,8.11729460322e-20,1.98710677572e-19,1.38416771865e-19,3.8306067253e-19,1.14928112417e-18,1.46807549827e-18,9.05327880539e-19,1.0728352633e-18,1.73732619977e-18,2.51355124582e-18,1.20756933661e-18,1.99448424451e-18,5.16830429016e-18,1.07511997751e-17,9.22868700377e-18,1.03309589367e-17,1.47629273115e-17,9.19325720377e-18,1.51174966267e-17,1.46236631836e-17,1.66735292381e-17,1.40102210782e-17,1.8480591313e-17,1.29519063502e-17,1.60071508822e-17,1.40197617794e-17,1.21831701838e-17,1.83023239648e-17,1.23814577844e-17,1.22890311043e-17,1.13880866606e-17,6.37872264359e-18,3.20551078249e-18,1.12523095125e-18,4.43545204594e-19,3.74331765105e-20],"var":[0.00652605341747,0.734048902988,13.1633043289,12.9429454803,8.08547401428,64.9671020508,397.478363037,560.601501465,2649.52929688,2284.0078125,1815.27697754,9370.12304688,28723.6738281,14961.5771484,4094.16308594,47222.9453125,8403.03417969,10818.1269531,19894.890625,10241.8369141,4433.31982422,2302.40698242,266.323669434,52.9074745178,51.9316749573,146.944442749,21.8885536194,16.2432003021,44.6081123352,60.330657959,90.6219406128,65.1307754517,17.7073974609,2.77530407906,0.275113791227,0.00717694545165,0.0000838307096274,3.79981742071e-7,1.62662905367e-9,6.64323984712e-10]},"erbbands_crest":{"dmean":2.7984290123,"dmean2":4.61605358124,"dvar":8.39629840851,"dvar2":21.0136966705,"max":31.0271091461,"mean":9.15144634247,"median":8.61273860931,"min":2.09301424026,"var":19.5504245758},"erbbands_flatness_db":{"dmean":0.0189630016685,"dmean2":0.0288803502917,"dvar":0.000423710036557,"dvar2":0.000815574545413,"max":0.308935821056,"mean":0.151378318667,"median":0.143846273422,"min":0.0187089461833,"var":0.00264219823293},"erbbands_kurtosis":{"dmean":1.22455704212,"dmean2":1.88207113743,"dvar":3.11039185524,"dvar2":7.14679384232,"max":29.0092086792,"mean":1.29029405117,"median":0.10744702816,"min":-1.66659879684,"var":9.60178565979},"erbbands_skewness":{"dmean":0.423062354326,"dmean2":0.634884893894,"dvar":0.16782464087,"dvar2":0.312384873629,"max":2.70929813385,"mean":0.274869203568,"median":0.3014575243,"min":-3.11083340645,"var":0.981767714024},"erbbands_spread":{"dmean":10.0024032593,"dmean2":15.3142910004,"dvar":141.0284729,"dvar2":275.282226562,"max":131.020111084,"mean":42.1229782104,"median":41.1214828491,"min":2.70037293434,"var":541.455200195},"gfcc":{"cov":[[81827.5234375,5812.73486328,-9489.87597656,2592.70336914,-4806.10546875,1648.46789551,-2490.11669922,1238.58251953,-144.946975708,288.157073975,-630.349853516,-761.983459473,-72.8721313477],[5812.73486328,1229.39855957,-768.897521973,-150.653213501,-152.322814941,109.398704529,-133.998458862,16.0409488678,-47.1881866455,-27.9406509399,-6.29063034058,-30.6257572174,18.0190677643],[-9489.87597656,-768.897521973,1694.1887207,116.073013306,595.248535156,-131.575820923,161.758346558,-146.444046021,4.52615499496,51.0560569763,83.8278884888,129.336837769,-41.4827537537],[2592.70336914,-150.653213501,116.073013306,864.761535645,-107.752510071,6.91507530212,-220.118164062,55.6918029785,85.9593734741,52.6575317383,-14.3972406387,-32.2507705688,-18.4197692871],[-4806.10546875,-152.322814941,595.248535156,-107.752510071,582.973876953,-66.0676574707,147.135864258,-40.4042472839,62.3265190125,-22.21534729,-23.0416374207,42.2343482971,30.0834827423],[1648.46789551,109.398704529,-131.575820923,6.91507530212,-66.0676574707,222.738357544,78.7802505493,52.2770996094,-58.5321884155,-0.679892778397,-8.41594982147,-5.7014632225,-37.4858932495],[-2490.11669922,-133.998458862,161.758346558,-220.118164062,147.135864258,78.7802505493,361.196990967,30.7366371155,-13.3449602127,-64.471534729,46.4774284363,1.21087729931,-22.8736896515],[1238.58251953,16.0409488678,-146.444046021,55.6918029785,-40.4042472839,52.2770996094,30.7366371155,119.720039368,52.7794876099,6.68210601807,-32.6875610352,-13.7100448608,9.40852546692],[-144.946975708,-47.1881866455,4.52615499496,85.9593734741,62.3265190125,-58.5321884155,-13.3449602127,52.7794876099,150.181228638,24.485502243,-18.3732223511,-26.4901428223,19.2085456848],[288.157073975,-27.9406509399,51.0560569763,52.6575317383,-22.21534729,-0.679892778397,-64.471534729,6.68210601807,24.485502243,94.6824874878,14.4949674606,10.1100111008,0.212956100702],[-630.349853516,-6.29063034058,83.8278884888,-14.3972406387,-23.0416374207,-8.41594982147,46.4774284363,-32.6875610352,-18.3732223511,14.4949674606,119.005149841,48.26612854,-7.57336044312],[-761.983459473,-30.6257572174,129.336837769,-32.2507705688,42.2343482971,-5.7014632225,1.21087729931,-13.7100448608,-26.4901428223,10.1100111008,48.26612854,86.5790328979,25.0528678894],[-72.8721313477,18.0190677643,-41.4827537537,-18.4197692871,30.0834827423,-37.4858932495,-22.8736896515,9.40852546692,19.2085456848,0.212956100702,-7.57336044312,25.0528678894,73.9258575439]],"icov":[[0.000337872013915,-0.000724943296518,0.00102173304185,-0.000810435099993,0.000874906312674,-0.00114111788571,0.000995389185846,-0.00127042608801,0.000349300913513,-0.000534212682396,0.000429940089816,-0.00000647940123599,0.000373186776415],[-0.000724943296518,0.00303008593619,-0.00145374529529,0.00207704887725,-0.00274329306558,0.00147329899482,-0.000825170427561,0.00260601029731,-0.000520988600329,0.00178246188443,-0.00244258274324,0.000734797853511,-0.000843970687129],[0.00102173304185,-0.00145374529529,0.00525374058634,-0.00317529262975,0.000920903345104,-0.00263154506683,0.00207143626176,-0.00213589100167,0.00155468750745,-0.00324467918836,0.00178210635204,-0.00266985036433,0.00341478991322],[-0.000810435099993,0.00207704887725,-0.00317529262975,0.00412982935086,-0.00191811856348,0.0013106475817,0.000286168738967,0.00111198285595,-0.00171341258101,0.0028507898096,-0.00320633267984,0.00240539992228,-0.00137239811011],[0.000874906312674,-0.00274329306558,0.000920903345104,-0.00191811856348,0.00703808898106,-0.00290384236723,0.000347541528754,-0.000924581545405,-0.0022015676368,-0.000923579849768,0.00505006173626,-0.00232606544159,-0.000661074824166],[-0.00114111788571,0.00147329899482,-0.00263154506683,0.0013106475817,-0.00290384236723,0.0136919189245,-0.0075327726081,0.00114737777039,0.00376939098351,-0.00215140497312,0.0020685698837,-0.00321271456778,0.00334113650024],[0.000995389185846,-0.000825170427561,0.00207143626176,0.000286168738967,0.000347541528754,-0.0075327726081,0.0128117669374,-0.00989321060479,0.00154710386414,0.00490211416036,-0.00767720211297,0.00724419951439,0.0000205365086003],[-0.00127042608801,0.00260601029731,-0.00213589100167,0.00111198285595,-0.000924581545405,0.00114737777039,-0.00989321060479,0.0255812611431,-0.0101900976151,-0.00120807671919,0.00787591934204,-0.00880667939782,-0.00172515795566],[0.000349300913513,-0.000520988600329,0.00155468750745,-0.00171341258101,-0.0022015676368,0.00376939098351,0.00154710386414,-0.0101900976151,0.0155250662938,-0.00410393578932,-0.00299695762806,0.00684913853183,-0.00115063833073],[-0.000534212682396,0.00178246188443,-0.00324467918836,0.0028507898096,-0.000923579849768,-0.00215140497312,0.00490211416036,-0.00120807671919,-0.00410393578932,0.0178662035614,-0.00674174167216,0.00280782487243,-0.0017433387693],[0.000429940089816,-0.00244258274324,0.00178210635204,-0.00320633267984,0.00505006173626,0.0020685698837,-0.00767720211297,0.00787591934204,-0.00299695762806,-0.00674174167216,0.0224246066064,-0.0160994138569,0.00538771599531],[-0.00000647940123599,0.000734797853511,-0.00266985036433,0.00240539992228,-0.00232606544159,-0.00321271456778,0.00724419951439,-0.00880667939782,0.00684913853183,0.00280782487243,-0.0160994138569,0.0303129721433,-0.0121144047007],[0.000373186776415,-0.000843970687129,0.00341478991322,-0.00137239811011,-0.000661074824166,0.00334113650024,0.0000205365086003,-0.00172515795566,-0.00115063833073,-0.0017433387693,0.00538771599531,-0.0121144047007,0.0228254236281]],"mean":[-117.880004883,80.4365921021,-108.155395508,39.2318840027,-64.7270126343,27.2260971069,-41.3593482971,8.48410415649,-16.4208259583,3.65298295021,-7.79268121719,-2.77418780327,-3.00281786919]},"hfc":{"dmean":6.51797246933,"dmean2":8.64310646057,"dvar":78.1605987549,"dvar2":116.978240967,"max":90.3881149292,"mean":20.1998767853,"median":12.1143665314,"min":1.16886695368e-16,"var":445.298370361},"melbands":{"dmean":[0.000332178315148,0.000336686091032,0.000171135965502,0.000150398846017,0.000200985276024,0.000206130862352,0.000217271823203,0.000177356865606,0.000127845589304,0.000176320507308,0.000278444756987,0.0001442762441,0.0000530964025529,0.0000851719159982,0.0000764678261476,0.0000502991133544,0.0000544455033378,0.0000686860730639,0.0000328935930156,0.0000375344679924,0.0000132904697239,0.0000153288565343,0.00000555512087885,0.00000302882335745,0.00000203443460123,0.00000184850898677,0.00000277501544588,0.00000289490321848,0.0000012478132021,9.21928801745e-7,0.00000101564080524,0.00000152583879753,0.00000141793611874,0.00000136392736749,0.00000138838640851,0.00000138461598453,0.0000012036634871,9.66493871601e-7,6.83120049416e-7,4.57884283378e-7],"dmean2":[0.000548837648239,0.000493791652843,0.000270464195637,0.000242258989601,0.000313480966724,0.00029817619361,0.000307033857098,0.000278723979136,0.000193779866095,0.000263966852799,0.000433574488852,0.000222974122153,0.0000896458877833,0.000125380101963,0.000125537640997,0.0000757111920393,0.0000818181215436,0.00010278456466,0.000045044147555,0.0000582364627917,0.0000207539633266,0.0000260405795416,0.00000833008743939,0.00000450854213341,0.00000320262779496,0.00000267083396466,0.00000418179070039,0.00000438507640865,0.0000018451565893,0.00000138349321332,0.00000150965797729,0.0000023007994514,0.00000213196653931,0.00000183147449206,0.00000182491510259,0.00000189671050066,0.00000166859172168,0.00000133393598389,9.61771661423e-7,6.06929745572e-7],"dvar":[3.15591336175e-7,4.93131381063e-7,1.12827635235e-7,5.60090498425e-8,1.3779894914e-7,1.58835462116e-7,2.10554446767e-7,2.17401748159e-7,7.90759742131e-8,2.27293583066e-7,3.60669275778e-7,1.4969081974e-7,2.39446205086e-8,8.68633378559e-8,6.63167796233e-8,2.83684382651e-8,3.70988360032e-8,4.28796980145e-8,6.7540049109e-9,1.06750626117e-8,9.65545532416e-10,1.60753477196e-9,1.10435396938e-10,3.49533076094e-11,8.56489965756e-12,6.0831118788e-12,2.6033321332e-11,2.59385533885e-11,3.21840275784e-12,1.86163280971e-12,2.39887471866e-12,5.30811635965e-12,6.97855532042e-12,7.70734257666e-12,1.04222437972e-11,1.62269937071e-11,1.07614802486e-11,5.6835525869e-12,2.16193881374e-12,8.13432004046e-13],"dvar2":[8.25216204703e-7,0.00000102010983483,2.96630418006e-7,1.49137704852e-7,3.22764947214e-7,3.29181574443e-7,4.40487383457e-7,4.86459214244e-7,1.85078988579e-7,4.79210314097e-7,8.8910866225e-7,3.90253489968e-7,6.65910349085e-8,1.86787673329e-7,1.71394304971e-7,5.56763168902e-8,8.32040498722e-8,9.25985119693e-8,1.17075700246e-8,2.39246187306e-8,2.39240427469e-9,5.06153297053e-9,2.35466229848e-10,8.09309216865e-11,2.05696692318e-11,1.31958350497e-11,5.7615086313e-11,6.27035368073e-11,6.60710115091e-12,3.98824593142e-12,4.70486800561e-12,1.05694038591e-11,1.50632856882e-11,1.25607527851e-11,1.32940550929e-11,2.62832533515e-11,1.59456371718e-11,9.8319442865e-12,4.21050781046e-12,1.53045870248e-12],"max":[0.00632195267826,0.00783658586442,0.00415319856256,0.00201060320251,0.00451377220452,0.00462827039883,0.00541976606473,0.00814179331064,0.00306446989998,0.00487298471853,0.00520958192647,0.00432638125494,0.00212181662209,0.00652610231191,0.00341667770408,0.00257569178939,0.00244020298123,0.00270629883744,0.00123961525969,0.00110087078065,0.000425824575359,0.000436242320575,0.000149472674821,0.0000843737943796,0.0000359839141311,0.0000226231713896,0.0000620491991867,0.0000536864354217,0.0000187879140867,0.0000171455649252,0.0000201757738978,0.0000234782983171,0.0000299942767015,0.0000404814054491,0.0000483180992887,0.000051253093261,0.0000521728106833,0.0000326589834003,0.0000231498706853,0.0000123958907352],"mean":[0.000644468411338,0.00106184917968,0.000399122713134,0.000220765170525,0.000349132635165,0.000310119125061,0.000307050126139,0.00020945565484,0.000169772218214,0.000261610053713,0.000395189970732,0.000213703649933,0.0000704845879227,0.00014833152818,0.000123579695355,0.000075671254308,0.0000717085931683,0.0000983728095889,0.0000546410592506,0.0000697601426509,0.0000265600574494,0.0000258656655205,0.0000116806040751,0.00000625400389254,0.00000453422535429,0.0000038388620851,0.00000541419012734,0.00000566202743357,0.00000247110210694,0.00000182030805718,0.00000188904630249,0.00000280377389572,0.00000267664722742,0.00000255511349678,0.00000256755015471,0.00000242269356932,0.00000200193744604,0.00000146358092934,0.00000103417960418,7.43404768855e-7],"median":[0.000346028537024,0.000170480954694,0.000122663506772,0.000114038906759,0.000115156843094,0.0000823360751383,0.0000802904251032,0.0000480559392599,0.0000211402857531,0.0000140953834489,0.0000118201623991,0.0000106912157207,0.00000743227519706,0.00000740001996746,0.00000696122060617,0.00000518283468409,0.00000809078665043,0.00000838464984554,0.00000573175520913,0.00000402279783884,0.00000269186784863,0.00000236955656874,0.00000246204399446,0.00000222625021706,0.00000248113315138,0.00000202839373742,0.00000187534067209,0.0000017897118596,0.00000121833932099,0.00000101473744962,9.99358007903e-7,0.00000140470160659,0.00000135310312999,0.00000125057408695,9.70645260168e-7,7.64066044212e-7,6.80858875057e-7,5.25772406945e-7,3.76455318474e-7,2.51627113812e-7],"min":[1.4957891391e-23,2.75418825927e-23,4.87379684819e-24,1.1954464422e-23,4.9923283268e-24,7.87841065843e-24,1.81720104861e-23,1.67719764391e-23,5.65119284345e-24,8.18659100397e-24,9.45028148754e-24,1.09248542126e-23,4.70555766623e-24,3.8975507124e-24,7.87463832558e-24,1.66781288126e-23,1.94244675903e-23,1.35334862752e-23,1.67944400422e-23,1.03546166409e-23,2.00080858207e-23,1.00368035149e-23,8.53180915786e-24,1.65960857008e-23,1.12547116669e-23,1.2919599452e-23,1.02285464131e-23,8.35998894182e-24,1.11345255526e-23,9.20321656291e-24,6.96158152602e-24,8.90284199603e-24,1.08958470082e-23,6.56872406206e-24,6.74493192246e-24,7.64515789939e-24,1.36393971627e-23,9.03940249619e-24,8.46234206655e-24,1.05121095652e-23],"var":[6.04130036663e-7,0.00000250968741966,3.44150038245e-7,9.43923623709e-8,3.85683307513e-7,3.37344204127e-7,4.44746319772e-7,2.80685128473e-7,1.15179908278e-7,5.05345212787e-7,7.56119504786e-7,3.14784500688e-7,3.67409533908e-8,2.69304365474e-7,1.50445245595e-7,6.10255597167e-8,4.8467487801e-8,6.77246276837e-8,1.87302280352e-8,2.79430754091e-8,3.50937434668e-9,3.70562158736e-9,4.18481388431e-10,1.01403684061e-10,3.37968993069e-11,2.03881043992e-11,7.14998130147e-11,8.17583084567e-11,9.83343875077e-12,4.71636835489e-12,6.51254701209e-12,1.42164743519e-11,1.63361355693e-11,2.22271957784e-11,3.00457575486e-11,3.37700839514e-11,2.26973058404e-11,1.06898916802e-11,3.76520472786e-12,1.70755673056e-12]},"melbands_crest":{"dmean":3.5396771431,"dmean2":5.7281036377,"dvar":14.3808908463,"dvar2":36.99634552,"max":37.038482666,"mean":14.2441320419,"median":13.2042636871,"min":1.69466090202,"var":39.6260185242},"melbands_flatness_db":{"dmean":0.023557363078,"dmean2":0.0349983088672,"dvar":0.000505429692566,"dvar2":0.00108244724106,"max":0.438970506191,"mean":0.184494927526,"median":0.175783902407,"min":0.00415284046903,"var":0.00549769075587},"melbands_kurtosis":{"dmean":9.31884860992,"dmean2":13.862443924,"dvar":215.225326538,"dvar2":399.757141113,"max":153.423080444,"mean":18.1751842499,"median":7.59006261826,"min":-1.37294876575,"var":643.650695801},"melbands_skewness":{"dmean":0.868740320206,"dmean2":1.25537514687,"dvar":0.810562252998,"dvar2":1.38993394375,"max":10.8406190872,"mean":2.75498104095,"median":2.42314243317,"min":-1.63367152214,"var":5.36749744415},"melbands_spread":{"dmean":8.93136692047,"dmean2":13.2448968887,"dvar":155.360214233,"dvar2":297.752441406,"max":161.940795898,"mean":28.8694934845,"median":20.6027774811,"min":1.12184691429,"var":875.299682617},"mfcc":{"cov":[[30047.875,3759.64477539,-952.386779785,-303.246337891,-366.163421631,-267.255401611,-824.237915039,11.7719602585,225.213272095,592.999328613,41.0122299194,-148.390365601,88.6530456543],[3759.64477539,1657.61987305,-316.298278809,-244.628845215,-49.5967597961,36.9514579773,22.2259922028,36.3286933899,23.6326026917,3.08935785294,31.35704422,-0.722143113613,-17.1780872345],[-952.386779785,-316.298278809,695.814880371,362.666748047,160.218032837,135.012023926,34.3243331909,-24.952009201,-96.1830825806,-3.87716412544,5.84160852432,78.7658920288,54.9200935364],[-303.246337891,-244.628845215,362.666748047,542.440246582,298.098999023,67.6823959351,-103.59022522,-37.1630706787,-1.83597779274,50.3436317444,-71.6952819824,30.2218208313,57.7719993591],[-366.163421631,-49.5967597961,160.218032837,298.098999023,331.508575439,73.7623062134,-90.1545333862,-35.6143569946,48.6705474854,27.4726676941,-63.0551376343,14.0275793076,36.8838615417],[-267.255401611,36.9514579773,135.012023926,67.6823959351,73.7623062134,143.681106567,87.6087799072,27.329706192,-7.15186023712,12.7918367386,19.9458084106,5.75393342972,-4.75754261017],[-824.237915039,22.2259922028,34.3243331909,-103.59022522,-90.1545333862,87.6087799072,241.434677124,102.144882202,-8.33823013306,-38.0716590881,49.8386497498,7.78785848618,-12.4960718155],[11.7719602585,36.3286933899,-24.952009201,-37.1630706787,-35.6143569946,27.329706192,102.144882202,142.328598022,49.464881897,3.62137675285,19.5310497284,8.38596534729,3.25321054459],[225.213272095,23.6326026917,-96.1830825806,-1.83597779274,48.6705474854,-7.15186023712,-8.33823013306,49.464881897,156.045043945,58.0857772827,-14.31001091,-13.2104530334,5.21241569519],[592.999328613,3.08935785294,-3.87716412544,50.3436317444,27.4726676941,12.7918367386,-38.0716590881,3.62137675285,58.0857772827,105.57334137,16.45662117,-5.55658102036,-4.03939247131],[41.0122299194,31.35704422,5.84160852432,-71.6952819824,-63.0551376343,19.9458084106,49.8386497498,19.5310497284,-14.31001091,16.45662117,78.24659729,25.1844329834,-3.82832241058],[-148.390365601,-0.722143113613,78.7658920288,30.2218208313,14.0275793076,5.75393342972,7.78785848618,8.38596534729,-13.2104530334,-5.55658102036,25.1844329834,62.8892707825,37.4085159302],[88.6530456543,-17.1780872345,54.9200935364,57.7719993591,36.8838615417,-4.75754261017,-12.4960718155,3.25321054459,5.21241569519,-4.03939247131,-3.82832241058,37.4085159302,70.3126602173]],"icov":[[0.0000777890090831,-0.000182523188414,-0.0000347899840563,-0.0000322628366121,0.000248240685323,-0.0000889123766683,0.000417160510551,-0.000220010304474,0.0000732099288143,-0.000339915772201,-0.0000459193433926,0.000402105710236,-0.000382294907467],[-0.000182523188414,0.00117208459415,0.000516852538567,0.000406476523494,-0.000660197052639,-0.000668532797135,-0.000631813250948,0.000318166159559,0.0000605096720392,0.000693596899509,0.000336586585036,-0.00158053194173,0.000847455929033],[-0.0000347899840563,0.000516852538567,0.00376904453151,-0.00227305688895,0.000772725383285,-0.00275922939181,-0.000524204340763,0.000810858851764,0.00113979016896,0.000483163428726,0.000182229618076,-0.00360129354522,0.0002403009712],[-0.0000322628366121,0.000406476523494,-0.00227305688895,0.0068692159839,-0.00455854041502,0.00112559390254,0.000238780863583,-0.00150455033872,0.00252983393148,-0.00404102215543,0.00382000673562,0.000019538199922,-0.00137124082539],[0.000248240685323,-0.000660197052639,0.000772725383285,-0.00455854041502,0.0114928083494,-0.00813744496554,0.0053700376302,0.00102784717456,-0.00472655892372,0.00276900432073,0.00261578033678,-0.0017791390419,-0.00140646495856],[-0.0000889123766683,-0.000668532797135,-0.00275922939181,0.00112559390254,-0.00813744496554,0.0200768969953,-0.00974880717695,0.000342069106409,0.00311106606387,-0.00478601455688,-0.00372362020425,0.00434769643471,0.00203640665859],[0.000417160510551,-0.000631813250948,-0.000524204340763,0.000238780863583,0.0053700376302,-0.00974880717695,0.0154511975124,-0.0070096841082,-0.00158966344316,0.00459969555959,-0.0033124499023,0.00297393254004,-0.00225381599739],[-0.000220010304474,0.000318166159559,0.000810858851764,-0.00150455033872,0.00102784717456,0.000342069106409,-0.0070096841082,0.0138192977756,-0.00509175099432,0.00124742474873,0.000373489252524,-0.0037642326206,0.00102894264273],[0.0000732099288143,0.0000605096720392,0.00113979016896,0.00252983393148,-0.00472655892372,0.00311106606387,-0.00158966344316,-0.00509175099432,0.014311899431,-0.00965323019773,0.00400629313663,0.00116439850535,-0.00242034369148],[-0.000339915772201,0.000693596899509,0.000483163428726,-0.00404102215543,0.00276900432073,-0.00478601455688,0.00459969555959,0.00124742474873,-0.00965323019773,0.0219534523785,-0.0105443038046,0.00208565033972,0.00281738326885],[-0.0000459193433926,0.000336586585036,0.000182229618076,0.00382000673562,0.00261578033678,-0.00372362020425,-0.0033124499023,0.000373489252524,0.00400629313663,-0.0105443038046,0.0296810809523,-0.0164679531008,0.00410378025845],[0.000402105710236,-0.00158053194173,-0.00360129354522,0.000019538199922,-0.0017791390419,0.00434769643471,0.00297393254004,-0.0037642326206,0.00116439850535,0.00208565033972,-0.0164679531008,0.0390938520432,-0.0178283937275],[-0.000382294907467,0.000847455929033,0.0002403009712,-0.00137124082539,-0.00140646495856,0.00203640665859,-0.00225381599739,0.00102894264273,-0.00242034369148,0.00281738326885,0.00410378025845,-0.0178283937275,0.0263276193291]],"mean":[-712.656860352,93.0896148682,13.8114261627,13.4767408371,6.58285284042,9.6457118988,-2.75203061104,2.11548519135,-1.14682912827,5.38013362885,-0.417123228312,-0.694908440113,0.757396221161]},"pitch_salience":{"dmean":0.0749888941646,"dmean2":0.120817795396,"dvar":0.00441064313054,"dvar2":0.0117709850892,"max":0.809238731861,"mean":0.542920649052,"median":0.551512956619,"min":0.158939734101,"var":0.0151899065822},"silence_rate_20dB":{"dmean":0,"dmean2":0,"dvar":0,"dvar2":0,"max":1,"mean":1,"median":1,"min":1,"var":0},"silence_rate_30dB":{"dmean":0,"dmean2":0,"dvar":0,"dvar2":0,"max":1,"mean":1,"median":1,"min":1,"var":0},"silence_rate_60dB":{"dmean":0.0372439473867,"dmean2":0.0746268630028,"dvar":0.0358566120267,"dvar2":0.0765205845237,"max":1,"mean":0.247211903334,"median":0,"min":0,"var":0.186098247766},"spectral_centroid":{"dmean":275.796966553,"dmean2":387.684692383,"dvar":206124.171875,"dvar2":250274.515625,"max":11124.0693359,"mean":1481.16430664,"median":1254.49487305,"min":277.553253174,"var":972449.375},"spectral_complexity":{"dmean":2.97951579094,"dmean2":3.97761201859,"dvar":12.5824403763,"dvar2":19.4957675934,"max":41,"mean":12.6226768494,"median":11,"min":0,"var":110.870635986},"spectral_contrast_coeffs":{"dmean":[0.0500382632017,0.0495969764888,0.0389168635011,0.0318178832531,0.0191754251719,0.0135512724519],"dmean2":[0.0819671750069,0.0783351063728,0.060731779784,0.0489073805511,0.0307075660676,0.0212819110602],"dvar":[0.00186003022827,0.00163387157954,0.00121169106569,0.000804140465334,0.000284060603008,0.000145457073813],"dvar2":[0.00477637816221,0.00416952231899,0.00261098868214,0.00155721127521,0.000715502770618,0.000318721664371],"max":[-0.406741470098,-0.473683774471,-0.509979426861,-0.563902854919,-0.687960386276,-0.718560159206],"mean":[-0.69402140379,-0.748883545399,-0.78575283289,-0.78510415554,-0.818500161171,-0.805941700935],"median":[-0.688416957855,-0.742462158203,-0.805363118649,-0.797610342503,-0.811909914017,-0.793699622154],"min":[-0.963794052601,-0.967409789562,-0.971937179565,-0.960222244263,-0.960476815701,-0.961879253387],"var":[0.00829869881272,0.00962630938739,0.00978562887758,0.00754422927275,0.00285571394488,0.00234270072542]},"spectral_contrast_valleys":{"dmean":[0.410532534122,0.432637184858,0.371756255627,0.345630645752,0.271909147501,0.306769996881],"dmean2":[0.625911831856,0.614601433277,0.510669410229,0.450369626284,0.346231877804,0.375197350979],"dvar":[0.305748552084,0.333902716637,0.30699890852,0.300070405006,0.28943875432,0.242290586233],"dvar2":[0.328669220209,0.352441012859,0.323337048292,0.266922861338,0.26771658659,0.252780109644],"max":[-5.76871490479,-5.2210931778,-5.44123125076,-6.04605913162,-6.14002132416,-7.80565261841],"mean":[-8.43707180023,-7.97887945175,-8.49544811249,-8.71747779846,-8.69801712036,-10.6177425385],"median":[-7.50048494339,-6.97933673859,-7.76954078674,-7.8344836235,-7.69277954102,-9.73624038696],"min":[-27.5012454987,-27.6270999908,-26.9699707031,-27.4719810486,-27.2556648254,-27.203496933],"var":[9.61635303497,9.16751384735,8.45182800293,8.42429447174,8.09157276154,7.07963848114]},"spectral_decrease":{"dmean":1.42645661949e-9,"dmean2":1.85858550772e-9,"dvar":3.3912256513e-18,"dvar2":5.47864756674e-18,"max":1.90300986435e-16,"mean":-5.18297094132e-9,"median":-3.60704111024e-9,"min":-1.88186941585e-8,"var":2.41429734781e-17},"spectral_energy":{"dmean":0.00581418536603,"dmean2":0.00756046595052,"dvar":0.0000575590711378,"dvar2":0.000091797868663,"max":0.0792245045304,"mean":0.0213938895613,"median":0.0149430669844,"min":1.07508219927e-20,"var":0.000411806482589},"spectral_energyband_high":{"dmean":0.000294135330478,"dmean2":0.000383509061066,"dvar":3.11691934485e-7,"dvar2":3.97017828391e-7,"max":0.0068719019182,"mean":0.000665937026497,"median":0.000324046559399,"min":7.70232377774e-21,"var":0.00000100448448848},"spectral_energyband_low":{"dmean":0.00165453879163,"dmean2":0.00251392018981,"dvar":0.00000813090355223,"dvar2":0.0000156952155521,"max":0.0325478427112,"mean":0.00504727102816,"median":0.00159779842943,"min":1.164089095e-22,"var":0.0000425928337791},"spectral_energyband_middle_high":{"dmean":0.00329203135334,"dmean2":0.0046977144666,"dvar":0.0000303831038764,"dvar2":0.0000641065707896,"max":0.058709949255,"mean":0.00802536215633,"median":0.00115744117647,"min":1.82640227172e-21,"var":0.000139603449497},"spectral_energyband_middle_low":{"dmean":0.00382373807952,"dmean2":0.00525526795536,"dvar":0.0000259955104411,"dvar2":0.0000532885169378,"max":0.0432567410171,"mean":0.0084107266739,"median":0.00507424538955,"min":2.95114202551e-22,"var":0.000090142370027},"spectral_entropy":{"dmean":0.151347741485,"dmean2":0.22721529007,"dvar":0.0233012083918,"dvar2":0.0440241992474,"max":9.80779933929,"mean":7.79086685181,"median":7.72260856628,"min":6.86697435379,"var":0.212390705943},"spectral_flux":{"dmean":0.0177981946617,"dmean2":0.0266583878547,"dvar":0.000471642182674,"dvar2":0.000961600628216,"max":0.212625741959,"mean":0.0702678337693,"median":0.0687968581915,"min":1.0368617076e-10,"var":0.00251941545866},"spectral_kurtosis":{"dmean":0.997811377048,"dmean2":1.54827404022,"dvar":1.13297605515,"dvar2":2.63857722282,"max":16.0025882721,"mean":3.20220828056,"median":2.81998896599,"min":-1.19874334335,"var":5.60944795609},"spectral_rms":{"dmean":0.000605669629294,"dmean2":0.000758663285524,"dvar":5.39491679774e-7,"dvar2":7.53345830162e-7,"max":0.00879159849137,"mean":0.00381150958128,"median":0.00381819345057,"min":3.23861185265e-12,"var":0.00000634447224002},"spectral_rolloff":{"dmean":549.196228027,"dmean2":884.506896973,"dvar":1725973.25,"dvar2":2798827,"max":22028.4667969,"mean":2743.76196289,"median":1378.125,"min":64.599609375,"var":23843394},"spectral_skewness":{"dmean":0.182338312268,"dmean2":0.269704729319,"dvar":0.0363124683499,"dvar2":0.0643210634589,"max":2.87951612473,"mean":1.4588136673,"median":1.44676351547,"min":-0.0614418797195,"var":0.282764077187},"spectral_spread":{"dmean":604989.1875,"dmean2":867488.5625,"dvar":1511411023870,"dvar2":1651841564670,"max":40560104,"mean":5963312,"median":5325655,"min":2239226.25,"var":8531186024450},"spectral_strongpeak":{"dmean":0.722276985645,"dmean2":1.19445610046,"dvar":1.7516759634,"dvar2":4.3984618187,"max":10.3321094513,"mean":1.09084498882,"median":0.334397494793,"min":0,"var":2.9211871624},"zerocrossingrate":{"dmean":0.0152949327603,"dmean2":0.0164330322295,"dvar":0.00064145156648,"dvar2":0.000771182763856,"max":0.751953125,"mean":0.0990058332682,"median":0.060791015625,"min":0.00439453125,"var":0.0204036813229}},"metadata":{"audio_properties":{"analysis_sample_rate":44100,"bit_rate":0,"codec":"flac","downmix":"mix","equal_loudness":0,"length":12.4666662216,"lossless":true,"md5_encoded":"39314c7179d64ee07294fe1698eaa739","replay_gain":-12.8694782257},"tags":{"album":["Tommy"],"albumartist":["The Who"],"albumartistsort":["Who, The"],"artist":["The Who"],"artistsort":["Who, The"],"asin":["B000002OZY"],"barcode":["008811141721"],"catalognumber":["MCAD-11417"],"date":["1996-03-12"],"file_name":"19 Miracle Cure.flac","format":["CD"],"genre":["Rock"],"isrc":["GBAKW6900122"],"label":["MCA Records"],"language":["eng"],"musicbrainz_albumartistid":["9fdaa16b-a6c4-4831-b87c-bc9ca8ce7eaa"],"musicbrainz_albumid":["cc6adf85-1f08-49fe-b074-22621cffc37a"],"musicbrainz_artistid":["9fdaa16b-a6c4-4831-b87c-bc9ca8ce7eaa"],"musicbrainz_recordingid":["fbcb02d1-9bfd-4015-b085-b8d2d142ee1f"],"producer":["Jon Astley"],"releasecountry":["US"],"releasestatus":["official"],"releasetype":["album"],"replaygain_album_gain":["-6.53 dB"],"replaygain_album_peak":["0.98202515"],"replaygain_reference_loudness":["89.0 dB"],"replaygain_track_gain":["-7.09 dB"],"replaygain_track_peak":["0.97729492"],"script":["Latn"],"title":["Miracle Cure"],"totaltracks":["24"],"tracknumber":["19"],"tracktotal":["24"]},"version":{"essentia":"2.1-beta1","essentia_build_sha":"eef087cf131c10083d474ad51def18efd0e38295","essentia_git_sha":"v2.1_beta1-7-ge0e83e8-dirty","extractor":"music 1.0"}},"rhythm":{"beats_count":29,"beats_loudness":{"dmean":0.0255201905966,"dmean2":0.0452271401882,"dvar":0.000359438563464,"dvar2":0.00125565694179,"max":0.0782172009349,"mean":0.0307595841587,"median":0.0249972436577,"min":8.50192347079e-11,"var":0.000533805170562},"beats_loudness_band_ratio":{"dmean":[0.205464079976,0.147004559636,0.155906006694,0.215479955077,0.123849451542,0.0717244520783],"dmean2":[0.303647428751,0.256367474794,0.299119770527,0.382036715746