{"lowlevel":{"average_loudness":0.441327720881,"barkbands":{"dmean":[0.00000282527958007,0.0000512897713634,0.000250989018241,0.000773495819885,0.00553929945454,0.000335311051458,0.000313467666274,0.0000922116596485,0.000174529777723,0.0000209287481994,0.0000208622805076,0.0000221166483243,0.000015781068214,0.0000120623171824,0.00000460644560007,0.0000027871101338,0.00000443388717031,0.00000389719116356,0.00000340782685271,0.0000318697057082,0.000033334184991,0.0000394290836994,0.0000191042927327,0.0000145761005115,0.00000633282115814,0.00000117878323636,1.51687373773e-7],"dmean2":[0.00000490577713208,0.0000832062432892,0.000393504684325,0.0011805195827,0.00866455491632,0.000532031874172,0.000439330906374,0.000118453193863,0.000225887983106,0.0000298782379105,0.0000308829548885,0.0000349389447365,0.000023821809009,0.0000178340997081,0.00000703913428879,0.00000420513561039,0.00000687592910253,0.00000596822383159,0.00000528688769919,0.0000543618807569,0.0000463658143417,0.0000604467240919,0.0000283939298242,0.0000212689847103,0.00000877945421962,0.00000166489496678,2.37619431687e-7],"dvar":[1.28710713962e-11,8.9672713699e-9,0.00000101583771084,0.00000481416236653,0.000336480239639,5.105089258e-7,0.0000018687105694,2.50828634307e-7,0.00000104821424429,8.13583067583e-9,2.40698661003e-8,1.85240498496e-8,1.0179586063e-8,6.50523901413e-9,2.75954425977e-10,1.9731420664e-10,1.54485646497e-10,1.59024474145e-10,7.10323744268e-10,5.62791342418e-7,8.5841463715e-8,1.83182976343e-7,2.62913744109e-8,1.95434388672e-8,3.36663763534e-9,5.88633933263e-11,3.04392334905e-13],"dvar2":[3.76841648164e-11,2.19346851793e-8,0.00000264511481873,0.0000115775710583,0.000739334092941,0.00000129756324441,0.0000036547221498,4.71256583978e-7,0.00000171019974005,2.03278727184e-8,5.88592392603e-8,4.57556978972e-8,2.05864800762e-8,1.4643703139e-8,6.51579734612e-10,4.2512396381e-10,3.68033575837e-10,3.84606263504e-10,1.97069116581e-9,0.0000015951630985,1.61155654155e-7,4.42015874569e-7,4.87494205004e-8,3.66619836711e-8,6.34871089034e-9,1.00210936771e-10,7.42747768671e-13],"max":[0.0000454132714367,0.00280467700213,0.0338785909116,0.0550865679979,0.359192192554,0.0131775122136,0.051561627537,0.0260113645345,0.0453422665596,0.00247998163104,0.00666289729998,0.00508312880993,0.00349859520793,0.00365131977014,0.000376722222427,0.00045522491564,0.0002832764294,0.000271870259894,0.000909611000679,0.0340085439384,0.0103104123846,0.013956381008,0.00518833566457,0.00568921444938,0.00264920038171,0.000302084867144,0.0000159864594025],"mean":[0.00000328770147462,0.0000705975326127,0.00042969698552,0.00287279277109,0.0106230964884,0.000848278752528,0.000737896363717,0.000226270392886,0.000361276499461,0.0000465944431198,0.0000368296423403,0.000035866170947,0.000026007208362,0.0000206535332836,0.00000889978309715,0.00000462022353531,0.0000096184812719,0.00000757934412832,0.0000055964146668,0.0000318784914271,0.0000483439871459,0.0000479368572996,0.000031143619708,0.0000212721352,0.00000993944468064,0.00000248488981924,7.73950773691e-7],"median":[0.00000187777845895,0.0000390618697566,0.0000732834887458,0.000147607104736,0.00262869056314,0.000380175421014,0.000119143012853,0.00000930002806854,0.0000202259179787,0.00000726957432562,0.00000259487342191,0.00000304100376525,0.00000473388899991,0.00000121895311622,0.00000180924484994,9.95823597805e-7,0.00000251308574661,7.35929404527e-7,7.51646950903e-7,5.83710630053e-7,3.91844366732e-7,2.56671910392e-7,1.81563066803e-7,2.18920021666e-7,3.56144113312e-7,6.01506542353e-7,6.38804010578e-7],"min":[2.18280904463e-9,3.63924463898e-8,2.29342278502e-9,2.74319056359e-9,1.42905398626e-9,2.01976924075e-9,8.80836181771e-10,7.54387330382e-10,4.92456408985e-10,5.04968400428e-10,2.23328258664e-10,8.70336303027e-11,7.0139272168e-10,3.20699661271e-10,3.74368702705e-10,1.20094090228e-9,5.05828212649e-10,4.96513219428e-10,1.59683444245e-9,1.4361394296e-9,8.57374837793e-10,1.86772952659e-9,1.30479715921e-9,3.34650995804e-9,4.29149560333e-9,6.58277077292e-9,1.57454920213e-8],"var":[1.66204949109e-11,1.14620943847e-8,0.00000212855411519,0.0000285286769213,0.000600059924182,0.00000159508090292,0.00000623878713668,0.00000131410195081,0.00000443839007858,2.10289865521e-8,5.46172813642e-8,4.20917345423e-8,1.52900607731e-8,1.16990177546e-8,5.37838162895e-10,3.43118089496e-10,4.30316143829e-10,3.95189575508e-10,6.02380534342e-10,3.53499387984e-7,2.41312250182e-7,2.57203367937e-7,6.22297733344e-8,3.79155693508e-8,7.3024906122e-9,1.48433793035e-10,4.94560067812e-13]},"barkbands_crest":{"dmean":2.16299080849,"dmean2":3.53072285652,"dvar":5.59211301804,"dvar2":13.8409605026,"max":26.8085174561,"mean":17.6199703217,"median":17.6908588409,"min":4.1507806778,"var":27.7941246033},"barkbands_flatness_db":{"dmean":0.0243372339755,"dmean2":0.0380041375756,"dvar":0.000761384493671,"dvar2":0.00165716791525,"max":0.524703860283,"mean":0.279918402433,"median":0.272762298584,"min":0.0488932617009,"var":0.00689991563559},"barkbands_kurtosis":{"dmean":34.6658363342,"dmean2":55.124294281,"dvar":6420.95410156,"dvar2":16348.8193359,"max":1960.26416016,"mean":92.7538833618,"median":47.5027618408,"min":-1.94080555439,"var":20303.8105469},"barkbands_skewness":{"dmean":1.28335857391,"dmean2":2.03330349922,"dvar":2.52503085136,"dvar2":5.85906791687,"max":32.3383750916,"mean":5.79581260681,"median":4.87837457657,"min":-6.54673147202,"var":15.5317621231},"barkbands_spread":{"dmean":2.13211131096,"dmean2":3.38857340813,"dvar":41.6387023926,"dvar2":95.7857437134,"max":134.977508545,"mean":6.36996555328,"median":2.20860314369,"min":0.0643223151565,"var":253.924682617},"dissonance":{"dmean":0.0292041804641,"dmean2":0.0491670146585,"dvar":0.000835517770611,"dvar2":0.00224016630091,"max":0.499999880791,"mean":0.387800306082,"median":0.391000390053,"min":0.189260601997,"var":0.00287642539479},"dynamic_complexity":6.48088264465,"erbbands":{"dmean":[0.00122530094814,0.0170163977891,0.227060332894,1.49312531948,14.8437643051,18.3622398376,3.57966256142,2.78357434273,4.54851818085,3.08856940269,2.87701392174,3.48048710823,0.64216864109,0.682075977325,0.891660809517,0.689931571484,0.626365542412,0.570909380913,0.449441671371,0.190386295319,0.105500817299,0.245626330376,0.198991283774,0.166669353843,0.317639321089,1.75361359119,1.03422391415,1.76428508759,1.51368761063,0.829992115498,0.56567043066,0.405601769686,0.155083030462,0.0900956168771,0.0359385050833,0.00897827371955,0.00183986965567,0.000287550064968,0.0000276726023003,0.00000806188472779],"dmean2":[0.00207766913809,0.0267999656498,0.34787902236,2.30840492249,23.6238498688,27.7996349335,5.36336803436,4.30342149734,6.43896198273,3.91594958305,3.39059972763,4.46683120728,0.90002644062,1.00816440582,1.31269335747,1.07242488861,0.899043560028,0.839924454689,0.668849170208,0.273842990398,0.163010492921,0.382243186235,0.3007619977,0.255505979061,0.492243766785,3.06694197655,1.51682722569,2.66788244247,2.32657790184,1.19008755684,0.844194233418,0.573882341385,0.223972529173,0.129072800279,0.0503262281418,0.0124347610399,0.00265172263607,0.000426797341788,0.0000441117153969,0.0000123860263557],"dvar":[0.00000205870264836,0.00206548068672,0.785482764244,18.8488063812,2676.29614258,3072.76928711,70.7864837646,45.1435203552,403.720825195,165.292495728,251.725387573,401.524993896,5.37327718735,15.4897413254,34.8539352417,17.7657966614,10.8843288422,12.007106781,6.78537034988,0.772708892822,0.103356070817,0.460846304893,0.367421656847,0.614238500595,13.0798854828,2011.29736328,89.8048324585,305.093322754,290.962158203,63.4543457031,25.9450588226,18.7036342621,1.31914329529,0.770442664623,0.087191157043,0.00397083023563,0.000156613183208,0.00000171313047304,7.84024134504e-9,4.53906107145e-10],"dvar2":[0.00000562129571335,0.0050619286485,2.02213168144,47.7279396057,5989.25683594,6621.85693359,145.753311157,107.284835815,794.300354004,283.870269775,424.297454834,658.42755127,10.5334472656,34.6723670959,86.3392028809,40.832069397,21.7842559814,26.2272529602,14.9972496033,1.61901640892,0.244489982724,1.09665369987,0.880553126335,1.61159944534,33.9398345947,5839.140625,200.93963623,664.080871582,729.419616699,133.627990723,48.0797042847,33.795501709,2.57443118095,1.47265982628,0.155356347561,0.00713814748451,0.000266810704488,0.0000033085832456,1.8426367987e-8,9.80686865049e-10],"max":[0.0186341311783,1.55209887028,30.2672233582,107.609420776,1045.04626465,1098.10681152,231.888458252,164.31817627,767.024414063,417.4659729,616.81652832,948.159118652,94.4760131836,164.415237427,251.33821106,200.618225098,128.425857544,115.209899902,118.73727417,29.7225914001,8.39834403992,13.2067422867,12.9569272995,23.1698246002,161.676055908,1977.1105957,325.265472412,647.140869141,551.809814453,271.66973877,159.009719849,194.482055664,36.1407737732,39.4703102112,12.6756925583,2.83505010605,0.466497600079,0.0369812212884,0.00243851309642,0.000424833327997],"mean":[0.00172676017974,0.0263569634408,0.457657754421,5.32404613495,24.8505134583,40.3902435303,11.3423233032,7.56608438492,10.3049077988,8.2019701004,6.79267120361,7.50233316422,1.70971727371,1.57224190235,1.65067756176,1.18804597855,1.21316719055,1.0149538517,0.828640758991,0.391274482012,0.209584012628,0.543277859688,0.420176893473,0.334456443787,0.46212670207,1.63355600834,1.3929823637,2.46849036217,1.8181014061,1.17924153805,0.896207511425,0.564321756363,0.257963120937,0.138689041138,0.0568573251367,0.0159213896841,0.00395320309326,0.000824084389023,0.000129837426357,0.0000270284926955],"median":[0.0011687669903,0.0115326130763,0.113551087677,0.670741021633,6.86316204071,8.87948131561,5.0343952179,3.42664766312,2.19716501236,0.795264601707,0.288209378719,0.421215683222,0.314925938845,0.238672599196,0.179326251149,0.18948186934,0.329737007618,0.0923132300377,0.117803111672,0.0973573178053,0.063942104578,0.137343913317,0.0855808928609,0.0459035970271,0.0472931079566,0.0334722660482,0.0216522328556,0.0125104598701,0.0100275827572,0.00680500548333,0.00500216754153,0.00410015275702,0.00409997161478,0.00355522194877,0.0028242978733,0.00203098054044,0.00119026529137,0.000472118495964,0.00010489167471,0.0000156611495186],"min":[0.0000014997785911,0.00000523135713593,0.00000591705838815,0.00000536547713637,0.0000109967377284,0.00000257713554674,0.0000135281807161,0.0000149957440954,0.00000710710355634,0.0000115503553388,0.0000158647671924,0.0000112046700451,0.0000142252738442,0.0000191760282178,0.00000535437493454,0.00000489085050503,0.0000296119906125,0.0000257637111645,0.0000145962994793,0.0000432099986938,0.0000615469180048,0.0000257358860836,0.0000314302706101,0.0000665740444674,0.0000709222149453,0.0000668330758344,0.0000367253996956,0.0000384837658203,0.0000709595769877,0.0000588351213082,0.0000331100854964,0.0000461567396997,0.0000606798494118,0.0000290892439807,0.0000452357089671,0.0000210736689041,0.0000128444262373,0.00000656909514873,0.00000223235656449,2.27698436106e-7],"var":[0.00000319552123074,0.00294176326133,1.51726877689,92.169128418,3892.52832031,7512.43945313,304.857757568,129.516311646,1281.85058594,934.594177246,1190.87353516,1801.64404297,29.9808521271,48.6336021423,81.7225952148,42.1281204224,19.9779834747,26.7107906342,11.1084842682,1.63407444954,0.229805216193,1.37264919281,0.985853433609,0.87697738409,10.6195459366,1169.51464844,153.024414063,704.734008789,381.374145508,109.712432861,57.684928894,35.8629226685,3.24789142609,1.57127523422,0.206566497684,0.00920488126576,0.000395745184505,0.00000410501297665,1.51190526765e-8,1.07615760747e-9]},"erbbands_crest":{"dmean":2.15117263794,"dmean2":3.43891835213,"dvar":5.81972980499,"dvar2":14.8969335556,"max":29.8556594849,"mean":14.6955718994,"median":14.0618181229,"min":2.1393840313,"var":28.7128486633},"erbbands_flatness_db":{"dmean":0.0177928041667,"dmean2":0.0275294650346,"dvar":0.000445064157248,"dvar2":0.000985176768154,"max":0.436791867018,"mean":0.227461531758,"median":0.228021919727,"min":0.0238709915429,"var":0.00421142904088},"erbbands_kurtosis":{"dmean":5.59202432632,"dmean2":8.70545196533,"dvar":104.286308289,"dvar2":237.205444336,"max":192.728347778,"mean":17.4578266144,"median":10.4818973541,"min":-1.92920851707,"var":463.6668396},"erbbands_skewness":{"dmean":0.540439724922,"dmean2":0.823098003864,"dvar":0.513455092907,"dvar2":1.07219457626,"max":10.2161006927,"mean":2.91129517555,"median":2.72109270096,"min":-5.64866065979,"var":3.48702692986},"erbbands_spread":{"dmean":4.92800807953,"dmean2":7.66003513336,"dvar":95.4527435303,"dvar2":232.4503479,"max":157.494155884,"mean":19.5068817139,"median":13.085606575,"min":0.617139101028,"var":452.564788818},"gfcc":{"cov":[[8033.58886719,794.468200684,-1856.62268066,462.313690186,-1137.57275391,-174.295410156,-330.515991211,-342.627105713,-404.46005249,-380.847442627,-337.100311279,-585.127624512,-310.41229248],[794.468200684,1217.86254883,40.1585273743,-344.153717041,186.810470581,-206.016326904,-114.617584229,-158.254364014,-190.152069092,-250.059524536,-98.5786972046,-83.6993865967,-65.4983825684],[-1856.62268066,40.1585273743,1083.79089355,-65.1315383911,131.818161011,130.640930176,20.8897247314,-13.2015457153,90.4212265015,2.4902408123,-64.6339492798,15.2867927551,-0.9682289958],[462.313690186,-344.153717041,-65.1315383911,405.837982178,-86.6539764404,30.8632183075,29.2091999054,-20.1991901398,1.55485379696,12.2752122879,-47.6037940979,-68.0349807739,-9.02922725677],[-1137.57275391,186.810470581,131.818161011,-86.6539764404,496.822967529,-39.3609237671,16.2493400574,22.3796806335,-11.4146385193,-23.8225479126,42.6135559082,96.894493103,51.3671188354],[-174.295410156,-206.016326904,130.640930176,30.8632183075,-39.3609237671,201.561340332,52.57787323,26.4282093048,61.3602333069,38.8314933777,-16.3584709167,-23.1541900635,-35.9425392151],[-330.515991211,-114.617584229,20.8897247314,29.2091999054,16.2493400574,52.57787323,147.522140503,62.960483551,11.4974470139,37.3798332214,30.0521526337,32.9452781677,11.670917511],[-342.627105713,-158.254364014,-13.2015457153,-20.1991901398,22.3796806335,26.4282093048,62.960483551,144.95173645,81.9024581909,69.2044296265,69.2317428589,60.7914085388,22.3115215302],[-404.46005249,-190.152069092,90.4212265015,1.55485379696,-11.4146385193,61.3602333069,11.4974470139,81.9024581909,142.518814087,93.9565811157,37.9441337585,38.9201278687,12.3767585754],[-380.847442627,-250.059524536,2.4902408123,12.2752122879,-23.8225479126,38.8314933777,37.3798332214,69.2044296265,93.9565811157,159.178253174,91.6650238037,62.3750228882,27.4835281372],[-337.100311279,-98.5786972046,-64.6339492798,-47.6037940979,42.6135559082,-16.3584709167,30.0521526337,69.2317428589,37.9441337585,91.6650238037,140.661239624,104.187652588,29.8572673798],[-585.127624512,-83.6993865967,15.2867927551,-68.0349807739,96.894493103,-23.1541900635,32.9452781677,60.7914085388,38.9201278687,62.3750228882,104.187652588,166.624832153,85.4618606567],[-310.41229248,-65.4983825684,-0.9682289958,-9.02922725677,51.3671188354,-35.9425392151,11.670917511,22.3115215302,12.3767585754,27.4835281372,29.8572673798,85.4618606567,109.802520752]],"icov":[[0.00295941717923,-0.00476999627426,0.00449535530061,-0.0054769795388,0.0059453076683,-0.00491721509025,0.00555569306016,-0.00333653227426,0.0035408672411,-0.000983343459666,0.00226744147949,-0.000948703149334,0.000775612832513],[-0.00476999627426,0.0103256544098,-0.00739419460297,0.0109760221094,-0.0102482726797,0.0101024555042,-0.00960331968963,0.00698380218819,-0.00598414475098,0.00413210969418,-0.00414854567498,0.00289324042387,-0.000268771371339],[0.00449535530061,-0.00739419460297,0.00807422213256,-0.00818219874054,0.00869984272867,-0.00809717550874,0.00809281785041,-0.00432007620111,0.00416463986039,-0.00157537625637,0.00455342512578,-0.0021374009084,0.00134357623756],[-0.0054769795388,0.0109760221094,-0.00818219874054,0.0148906046525,-0.0114002153277,0.0108235543594,-0.0119352824986,0.00825203210115,-0.0072978483513,0.00312064378522,-0.00397943891585,0.00447919219732,-0.00167852861341],[0.0059453076683,-0.0102482726797,0.00869984272867,-0.0114002153277,0.0146636320278,-0.0101597746834,0.0111727127805,-0.00735057983547,0.00738985324278,-0.00143760687206,0.00413516070694,-0.00352852907963,0.00110277952626],[-0.00491721509025,0.0101024555042,-0.00809717550874,0.0108235543594,-0.0101597746834,0.0179408919066,-0.0130051914603,0.00786943361163,-0.00945387594402,0.00255219987594,-0.00204718043096,0.0022964249365,0.00254887901247],[0.00555569306016,-0.00960331968963,0.00809281785041,-0.0119352824986,0.0111727127805,-0.0130051914603,0.0221683550626,-0.0136577356607,0.0136222373694,-0.00563685782254,0.00636510830373,-0.00455405656248,0.00169165455736],[-0.00333653227426,0.00698380218819,-0.00432007620111,0.00825203210115,-0.00735057983547,0.00786943361163,-0.0136577356607,0.0220101736486,-0.0157209523022,0.00665254890919,-0.0094355456531,0.00356742390431,-0.00173605384771],[0.0035408672411,-0.00598414475098,0.00416463986039,-0.0072978483513,0.00738985324278,-0.00945387594402,0.0136222373694,-0.0157209523022,0.0263313744217,-0.013120139949,0.0102649768814,-0.00572586758062,0.00305318809114],[-0.000983343459666,0.00413210969418,-0.00157537625637,0.00312064378522,-0.00143760687206,0.00255219987594,-0.00563685782254,0.00665254890919,-0.013120139949,0.0227491427213,-0.015596463345,0.00641906540841,-0.00428738817573],[0.00226744147949,-0.00414854567498,0.00455342512578,-0.00397943891585,0.00413516070694,-0.00204718043096,0.00636510830373,-0.0094355456531,0.0102649768814,-0.015596463345,0.0303756985813,-0.0175865776837,0.0104595385492],[-0.000948703149334,0.00289324042387,-0.0021374009084,0.00447919219732,-0.00352852907963,0.0022964249365,-0.00455405656248,0.00356742390431,-0.00572586758062,0.00641906540841,-0.0175865776837,0.0254529919475,-0.0144349243492],[0.000775612832513,-0.000268771371339,0.00134357623756,-0.00167852861341,0.00110277952626,0.00254887901247,0.00169165455736,-0.00173605384771,0.00305318809114,-0.00428738817573,0.0104595385492,-0.0144349243492,0.0206247027963]],"mean":[-168.489501953,110.698562622,-46.7724876404,6.77976465225,-54.4093894958,-17.4525928497,-49.157787323,-15.8951349258,-35.8601989746,-7.25184869766,-17.1222496033,-0.211522147059,-10.1009559631]},"hfc":{"dmean":2.08985352516,"dmean2":3.09484744072,"dvar":49.1590118408,"dvar2":97.349357605,"max":170.128173828,"mean":5.34395170212,"median":1.84424316883,"min":0.00056724488968,"var":140.760787964},"melbands":{"dmean":[0.0000113200212581,0.0000813433725853,0.000511136837304,0.00147150771227,0.000200191047043,0.0000641181613901,0.0000662260936224,0.0000298635695799,0.0000295785321214,0.0000193862051674,0.0000030944017908,0.00000285630903818,0.00000308030871565,0.0000025071010441,0.00000173626165179,0.00000138557709306,0.00000112656368856,9.36043818456e-7,2.55023252294e-7,2.46880603072e-7,1.01638526928e-7,2.66171838348e-7,2.30340873486e-7,1.9953002095e-7,1.3125313103e-7,1.51807853399e-7,3.94639272372e-7,0.00000149870265886,5.98364238158e-7,8.35051309878e-7,0.00000117265994959,9.31059673803e-7,6.24802510174e-7,4.28182488577e-7,3.71511816866e-7,2.80097225414e-7,2.4377791874e-7,1.12445903255e-7,8.0963886262e-8,7.8389284397e-8],"dmean2":[0.000018826665837,0.000126444851048,0.000804870040156,0.00229969271459,0.000296153390082,0.0000992012646748,0.0000939714882406,0.0000375640265702,0.0000354946532752,0.0000251653455052,0.00000445593695986,0.00000420679816671,0.00000456630232293,0.00000380553524337,0.00000259529952018,0.00000204172260965,0.00000167377345406,0.00000140190229558,3.82819536071e-7,3.58168136927e-7,1.6473457265e-7,4.18461866047e-7,3.49079385842e-7,3.00409510601e-7,2.03994858339e-7,2.30941566315e-7,6.47409478916e-7,0.00000264228538072,9.00013162664e-7,0.00000129117745473,0.00000194984340851,0.00000143970191857,9.74968088485e-7,6.07940307873e-7,5.73044644625e-7,3.83640070822e-7,3.84396827258e-7,1.64204877251e-7,1.23240155858e-7,1.13531918089e-7],"dvar":[2.39171793481e-10,1.01352355841e-7,0.00000206634899769,0.0000244549646595,2.45984210778e-7,2.11611155265e-8,9.04942183411e-8,1.74356475924e-8,2.92560535797e-8,1.17905294417e-8,1.25791363437e-10,2.43244674403e-10,4.99869479142e-10,2.91710294809e-10,8.7234983126e-11,1.12858840329e-10,4.83303744248e-11,3.88337140222e-11,8.46426661399e-13,1.65787858702e-12,8.4842316549e-14,5.74195205272e-13,6.25939892366e-13,4.50085904961e-13,4.06777801547e-13,1.36034412901e-12,3.7446816481e-11,1.56058144185e-9,3.31267444031e-11,7.43525449542e-11,1.76314046696e-10,1.10315159785e-10,5.56949729391e-11,1.32388822127e-11,1.13993198561e-11,6.68763698933e-12,8.4142857612e-12,5.94258800155e-13,5.13494140871e-13,6.502762738e-13],"dvar2":[6.05692773714e-10,2.59741511854e-7,0.00000475675369671,0.0000536456500413,5.25225573256e-7,5.03786452555e-8,1.82893799661e-7,3.06677385709e-8,4.65040663755e-8,1.95855953677e-8,2.59861299146e-10,5.56675761043e-10,1.29773769508e-9,7.425591253e-10,1.97459354423e-10,2.22148188733e-10,1.11489414922e-10,8.92384222073e-11,1.91542116369e-12,3.38969499171e-12,2.36916877176e-13,1.38858098197e-12,1.53366598935e-12,1.09630110979e-12,1.0872724162e-12,3.67019045364e-12,1.01708169664e-10,4.53761161978e-9,7.16688375313e-11,1.79024198244e-10,4.362868955e-10,2.71325906187e-10,1.38932976235e-10,2.54255366761e-11,2.2237179112e-11,1.15549054699e-11,1.77961465009e-11,1.24024152493e-12,9.70214360241e-13,1.27398916069e-12],"max":[0.000376497628167,0.0111143263057,0.0310068391263,0.096698820591,0.0096927350387,0.00323140621185,0.0118634160608,0.00507540581748,0.00752197578549,0.00506355892867,0.000479939131765,0.000611318391748,0.00105507939588,0.000668543798383,0.000543834234122,0.000431303109508,0.000211752500036,0.000285794754745,0.0000230569694395,0.0000411776272813,0.00000546334831597,0.0000163213226188,0.0000198097768589,0.0000157014346769,0.0000186416782526,0.0000367295542674,0.000281268148683,0.00173765688669,0.00022130740399,0.000269206793746,0.000467586622108,0.000356350996299,0.000296940328553,0.000123956066091,0.00011274463759,0.0000991882043309,0.00011332048598,0.0000211665992538,0.0000286172853521,0.0000370516354451],"mean":[0.000015881661966,0.000137432434713,0.00132015172858,0.00276438100263,0.000621197978035,0.000167844817042,0.000151387765072,0.0000785615338827,0.0000653736351524,0.0000412827539549,0.00000754100756239,0.00000658986755298,0.00000567361894355,0.00000383608630727,0.00000320876142723,0.00000234044159697,0.00000186547902103,0.00000157583394866,5.1779994692e-7,4.49184085483e-7,1.73466062847e-7,5.6104494206e-7,4.73887524777e-7,3.88533749174e-7,2.4114777375e-7,2.59649510781e-7,4.50436886013e-7,0.00000132062996272,8.12245900761e-7,0.00000105633910152,0.00000156043961397,0.00000108802498744,7.36778702048e-7,6.29301496247e-7,5.58589192678e-7,4.10858859823e-7,3.03695912862e-7,1.84576563811e-7,1.29843570562e-7,1.14460753764e-7],"median":[0.0000101211071524,0.0000275031507044,0.000232384132687,0.000731528329197,0.000241879475652,0.0000731182226446,0.0000298504637612,0.00000652509652355,0.00000238005100073,0.00000255424720308,0.00000154833526267,0.00000100351974197,5.56650320505e-7,2.42628374281e-7,7.67478297803e-7,3.15628142289e-7,1.00810218839e-7,1.82403340432e-7,1.14087733039e-7,9.10530459919e-8,3.96344042031e-8,1.15009171964e-7,1.12122400253e-7,3.57118636884e-8,2.97244184821e-8,2.98312237135e-8,2.65218851325e-8,1.58765516289e-8,1.29233939106e-8,9.68081526054e-9,5.42275513382e-9,5.59108315201e-9,4.31572244608e-9,3.26282112439e-9,2.8968105692e-9,2.46494558098e-9,2.47659870389e-9,2.81500955879e-9,2.89795831776e-9,3.01324831753e-9],"min":[1.37077575957e-8,6.35466390619e-9,1.15345055729e-9,3.93793414544e-10,3.92899379698e-10,3.3976874092e-10,1.27578128617e-10,1.43121056673e-10,1.16924803173e-10,6.65075008954e-11,5.89527662798e-11,8.28736107517e-11,2.36756204919e-11,9.50500442243e-12,2.67677494753e-11,8.09597111573e-11,4.20214280039e-11,1.6140077122e-11,3.87343108976e-11,7.33114124962e-11,6.87852066972e-11,2.10451898963e-11,3.90025199637e-11,1.90328707655e-11,5.88309331806e-11,5.75154299187e-11,4.8288956167e-11,4.30201811674e-11,2.48386363561e-11,1.42584000162e-11,2.68363352374e-11,3.58539690992e-11,4.38873104525e-11,3.20005306975e-11,2.02033580837e-11,1.86604603297e-11,3.17963815e-11,4.93122383205e-11,2.5702466197e-11,2.40589648898e-11],"var":[3.40175637659e-10,1.91832029373e-7,0.00000548978323422,0.0000438612005382,0.00000106255845367,6.42830855213e-8,2.81992925011e-7,9.56197823143e-8,1.30623334371e-7,5.22054435237e-8,6.25385021547e-10,7.56121443235e-10,1.12661202589e-9,5.70470615191e-10,1.89502316617e-10,1.71280503669e-10,9.67186955525e-11,5.37814098811e-11,1.93569812956e-12,3.29668193785e-12,1.43829921389e-13,1.66313805176e-12,1.465901402e-12,1.13486889157e-12,5.46162399161e-13,1.34891316866e-12,2.617580111e-11,9.0035850997e-10,4.94442785326e-11,1.321827231e-10,3.1071969997e-10,1.48231649177e-10,6.17172216111e-11,2.74696185937e-11,2.22135330963e-11,1.59548416145e-11,1.22131835895e-11,1.42792266726e-12,1.12765244191e-12,1.24376886828e-12]},"melbands_crest":{"dmean":2.82902526855,"dmean2":4.64614152908,"dvar":9.04909324646,"dvar2":23.5225658417,"max":35.2538833618,"mean":21.4277420044,"median":21.0412597656,"min":4.23853302002,"var":42.5461273193},"melbands_flatness_db":{"dmean":0.0266524031758,"dmean2":0.0410624742508,"dvar":0.000966735940892,"dvar2":0.00207938160747,"max":0.648892819881,"mean":0.38492590189,"median":0.377242594957,"min":0.0636080801487,"var":0.00934841297567},"melbands_kurtosis":{"dmean":19.8436317444,"dmean2":31.2077293396,"dvar":973.071838379,"dvar2":2231.23266602,"max":454.162445068,"mean":58.9218902588,"median":39.0008201599,"min":-1.91512417793,"var":3900.7421875},"melbands_skewness":{"dmean":0.960587739944,"dmean2":1.52046310902,"dvar":1.255012393,"dvar2":2.94096255302,"max":18.7974052429,"mean":4.334441185,"median":3.92711377144,"min":-2.53119850159,"var":6.49307346344},"melbands_spread":{"dmean":2.29314732552,"dmean2":3.72636055946,"dvar":104.036422729,"dvar2":239.760757446,"max":258.865966797,"mean":5.28006315231,"median":2.24303293228,"min":0.207193657756,"var":234.574584961},"mfcc":{"cov":[[9457.98632813,-372.429199219,-782.077514648,-31.8062286377,-968.714538574,-213.280899048,-323.947540283,-254.729782104,-332.075653076,-110.347099304,-142.677383423,-107.630332947,-380.236846924],[-372.429199219,1551.61950684,-27.92735672,-112.59539032,188.046524048,-144.512954712,27.8723545074,-4.48727655411,-96.9998931885,-185.602615356,-133.073165894,-122.163909912,-61.0636062622],[-782.077514648,-27.92735672,747.884338379,-48.2226638794,-1.45377802849,112.631591797,-64.7046203613,-10.8354701996,65.9507293701,37.0952758789,-20.3183956146,6.48564338684,1.0341783762],[-31.8062286377,-112.59539032,-48.2226638794,291.91192627,57.3216209412,5.47486591339,45.5678215027,-3.84691524506,17.3544578552,-34.4797554016,-13.1529216766,-21.1039390564,-13.4717378616],[-968.714538574,188.046524048,-1.45377802849,57.3216209412,312.898254395,46.6321563721,17.9919261932,30.299741745,29.5404338837,-7.22450447083,-2.54298996925,-16.8243179321,13.1087818146],[-213.280899048,-144.512954712,112.631591797,5.47486591339,46.6321563721,165.913040161,25.7562732697,1.81714725494,44.079284668,23.2615509033,-4.16240644455,2.50046849251,-7.93223619461],[-323.947540283,27.8723545074,-64.7046203613,45.5678215027,17.9919261932,25.7562732697,152.366348267,54.4738273621,7.57587814331,-13.5180416107,5.02772665024,6.21947813034,14.5352172852],[-254.729782104,-4.48727655411,-10.8354701996,-3.84691524506,30.299741745,1.81714725494,54.4738273621,107.699714661,31.7071933746,-0.255738019943,17.4573478699,20.7450752258,16.8687725067],[-332.075653076,-96.9998931885,65.9507293701,17.3544578552,29.5404338837,44.079284668,7.57587814331,31.7071933746,113.705505371,35.8336410522,-6.16143894196,13.5816698074,12.4902687073],[-110.347099304,-185.602615356,37.0952758789,-34.4797554016,-7.22450447083,23.2615509033,-13.5180416107,-0.255738019943,35.8336410522,126.369895935,63.7092132568,12.6536035538,11.1327800751],[-142.677383423,-133.073165894,-20.3183956146,-13.1529216766,-2.54298996925,-4.16240644455,5.02772665024,17.4573478699,-6.16143894196,63.7092132568,146.863082886,52.797088623,12.3764505386],[-107.630332947,-122.163909912,6.48564338684,-21.1039390564,-16.8243179321,2.50046849251,6.21947813034,20.7450752258,13.5816698074,12.6536035538,52.797088623,111.824012756,45.5489082336],[-380.236846924,-61.0636062622,1.0341783762,-13.4717378616,13.1087818146,-7.93223619461,14.5352172852,16.8687725067,12.4902687073,11.1327800751,12.3764505386,45.5489082336,103.347396851]],"icov":[[0.000295281381113,-0.0000329493886966,0.00038020851207,-0.000231385376537,0.000901200750377,-0.000342677871231,0.000768834084738,-0.000233511760598,0.00058885285398,-0.000202052571694,0.000434750632849,-0.000269660435151,0.000839721877128],[-0.0000329493886966,0.00135280366521,-0.00033059445559,0.00116367754526,-0.00130353390705,0.00163687719032,-0.00108995370101,0.000593877630308,-0.00000829057626106,0.00166983553208,0.000141684999107,0.000910208153073,0.00058341876138],[0.00038020851207,-0.00033059445559,0.00220938911662,-0.000402969773859,0.00159663334489,-0.00195794226602,0.00214017415419,-0.000607727619354,0.000214031926589,-0.000681933655869,0.000742584932595,-0.000534102960955,0.000768350961152],[-0.000231385376537,0.00116367754526,-0.000402969773859,0.00530025549233,-0.00239588157274,0.00202033738606,-0.0030004743021,0.00222244951874,-0.00211376301013,0.00313552003354,-0.000962340214755,0.00162903836463,0.000364370818716],[0.000901200750377,-0.00130353390705,0.00159663334489,-0.00239588157274,0.00759355304763,-0.00377734960057,0.00388608966023,-0.00244514411315,0.0012846630998,-0.00140961806756,0.000565537891816,-0.000248904689215,0.000855221238453],[-0.000342677871231,0.00163687719032,-0.00195794226602,0.00202033738606,-0.00377734960057,0.0107844863087,-0.00483943521976,0.00300296396017,-0.00302753481083,0.00107344298158,0.000261314446107,0.000346092041582,0.0015531181125],[0.000768834084738,-0.00108995370101,0.00214017415419,-0.0030004743021,0.00388608966023,-0.00483943521976,0.0125830965117,-0.00635410891846,0.00278640189208,-0.00109889858868,0.000854474492371,-0.000642975443043,0.000137870010803],[-0.000233511760598,0.000593877630308,-0.000607727619354,0.00222244951874,-0.00244514411315,0.00300296396017,-0.00635410891846,0.0147182745859,-0.00533209554851,0.00289990543388,-0.00239795912057,-0.0003084554628,-0.000425372738391],[0.00058885285398,-0.00000829057626106,0.000214031926589,-0.00211376301013,0.0012846630998,-0.00302753481083,0.00278640189208,-0.00533209554851,0.015146125108,-0.00585689675063,0.00496446480975,-0.00286376243457,0.00143508706242],[-0.000202052571694,0.00166983553208,-0.000681933655869,0.00313552003354,-0.00140961806756,0.00107344298158,-0.00109889858868,0.00289990543388,-0.00585689675063,0.0159734021872,-0.00750583643094,0.00462823640555,-0.00155259936582],[0.000434750632849,0.000141684999107,0.000742584932595,-0.000962340214755,0.000565537891816,0.000261314446107,0.000854474492371,-0.00239795912057,0.00496446480975,-0.00750583643094,0.0131652904674,-0.00646954961121,0.00325322430581],[-0.000269660435151,0.000910208153073,-0.000534102960955,0.00162903836463,-0.000248904689215,0.000346092041582,-0.000642975443043,-0.0003084554628,-0.00286376243457,0.00462823640555,-0.00646954961121,0.0154839428142,-0.00623974436894],[0.000839721877128,0.00058341876138,0.000768350961152,0.000364370818716,0.000855221238453,0.0015531181125,0.000137870010803,-0.000425372738391,0.00143508706242,-0.00155259936582,0.00325322430581,-0.00623974436894,0.0155652072281]],"mean":[-846.084411621,163.851745605,46.9297866821,27.6238212585,6.16199350357,-4.06434631348,-8.29261875153,-14.0240097046,-15.9655447006,-16.2003555298,-12.223443985,-10.3375101089,-9.27791309357]},"pitch_salience":{"dmean":0.0660232007504,"dmean2":0.107118412852,"dvar":0.00457247719169,"dvar2":0.0111640505493,"max":0.791506052017,"mean":0.442241311073,"median":0.452126502991,"min":0.0572378486395,"var":0.0222040694207},"silence_rate_20dB":{"dmean":0.000579374260269,"dmean2":0.00115908437874,"dvar":0.000579045910854,"dvar2":0.00173731194809,"max":1,"mean":0.999710381031,"median":1,"min":0,"var":0.000289511284791},"silence_rate_30dB":{"dmean":0.0121668595821,"dmean2":0.0243407711387,"dvar":0.0120192309842,"dvar2":0.0278062559664,"max":1,"mean":0.98609906435,"median":1,"min":0,"var":0.0137080764398},"silence_rate_60dB":{"dmean":0.0544611811638,"dmean2":0.108953922987,"dvar":0.0514950044453,"dvar2":0.113310754299,"max":1,"mean":0.31479871273,"median":0,"min":0,"var":0.215699195862},"spectral_centroid":{"dmean":76.186416626,"dmean2":116.422225952,"dvar":63642.0859375,"dvar2":112332.34375,"max":5796.95751953,"mean":436.219909668,"median":308.400146484,"min":156.723449707,"var":283885.4375},"spectral_complexity":{"dmean":0.81923520565,"dmean2":1.3399014473,"dvar":1.36365628242,"dvar2":2.9313211441,"max":21,"mean":4.69302034378,"median":4,"min":0,"var":8.6947183609},"spectral_contrast_coeffs":{"dmean":[0.0446727797389,0.0365212596953,0.0314651057124,0.0245834104717,0.0199023745954,0.0144930770621],"dmean2":[0.0718406885862,0.0593804977834,0.0495801903307,0.0381879732013,0.0298033691943,0.0222151130438],"dvar":[0.00172207434662,0.00113608210813,0.00084694265388,0.000528908218257,0.00045763203525,0.000323499174556],"dvar2":[0.00385796511546,0.00287146843038,0.00193833559752,0.001112908707,0.000841654487886,0.000646583735943],"max":[-0.193135723472,-0.431784331799,-0.540609061718,-0.598200321198,-0.428914666176,-0.62380194664],"mean":[-0.498465269804,-0.647208452225,-0.743811845779,-0.771756887436,-0.801336407661,-0.840011239052],"median":[-0.471748828888,-0.64211410284,-0.742338418961,-0.770729839802,-0.802510857582,-0.852286219597],"min":[-0.932149648666,-0.93957811594,-0.945703864098,-0.938334345818,-0.927084565163,-0.904102265835],"var":[0.0193293299526,0.0053655160591,0.00476558646187,0.00425574323162,0.00445786258206,0.0020895563066]},"spectral_contrast_valleys":{"dmean":[0.414640963078,0.341469079256,0.368128031492,0.318241834641,0.264802932739,0.158358484507],"dmean2":[0.689433217049,0.546134889126,0.593987345695,0.51487582922,0.420647799969,0.232143893838],"dvar":[0.124688528478,0.119281597435,0.14584210515,0.12015131861,0.114983595908,0.0496583096683],"dvar2":[0.31621581316,0.273098319769,0.335061848164,0.272836744785,0.263960361481,0.0859706774354],"max":[-6.50567293167,-5.21546125412,-5.95717191696,-7.14926719666,-6.94663476944,-7.57332992554],"mean":[-8.72348308563,-8.45777702332,-9.84355545044,-10.4716091156,-10.3726892471,-11.9233617783],"median":[-8.70132923126,-8.46853637695,-9.98271083832,-10.6626291275,-10.7174253464,-12.3124694824],"min":[-13.0387992859,-13.9856433868,-14.010890007,-13.347826004,-12.9149885178,-14.5456953049],"var":[0.522411704063,1.28271090984,1.14678835869,0.978346884251,0.923767626286,0.769172132015]},"spectral_decrease":{"dmean":1.68211145013e-9,"dmean2":2.58211629856e-9,"dvar":2.40745474435e-17,"dvar2":5.25850692975e-17,"max":1.02935170695e-14,"mean":-4.26167945378e-9,"median":-1.87823023801e-9,"min":-9.70220312979e-8,"var":5.15711179201e-17},"spectral_energy":{"dmean":0.00652292137966,"dmean2":0.0100061176345,"dvar":0.000356719247065,"dvar2":0.000778892019298,"max":0.373502641916,"mean":0.016569243744,"median":0.00729444762692,"min":1.52887196236e-7,"var":0.000769920356106},"spectral_energyband_high":{"dmean":0.000112808054837,"dmean2":0.000161597170518,"dvar":0.00000103063166534,"dvar2":0.00000214944975596,"max":0.0303315967321,"mean":0.000186132077943,"median":0.00000331180831381,"min":3.21118491797e-8,"var":0.00000242330224864},"spectral_energyband_low":{"dmean":0.000532282167114,"dmean2":0.000822706380859,"dvar":0.00000321219954458,"dvar2":0.00000858991825226,"max":0.0423724912107,"mean":0.00164418353233,"median":0.000276886334177,"min":8.32409128293e-8,"var":0.0000104052296592},"spectral_energyband_middle_high":{"dmean":0.0000776894303272,"dmean2":0.00010983608081,"dvar":9.72005480548e-8,"dvar2":2.18287638631e-7,"max":0.00890550669283,"mean":0.000209170946619,"median":0.0000580543419346,"min":7.0448940015e-9,"var":4.02435318847e-7},"spectral_energyband_middle_low":{"dmean":0.00627710483968,"dmean2":0.00966558046639,"dvar":0.000349446461769,"dvar2":0.000764216703828,"max":0.371848374605,"mean":0.0156738460064,"median":0.00671869236976,"min":1.38533744476e-8,"var":0.0007399104652},"spectral_entropy":{"dmean":0.242577135563,"dmean2":0.374187380075,"dvar":0.0935015305877,"dvar2":0.206377997994,"max":8.93727970123,"mean":5.87495088577,"median":5.83072471619,"min":3.5981798172,"var":0.892394840717},"spectral_flux":{"dmean":0.0193430259824,"dmean2":0.0313406735659,"dvar":0.0013036923483,"dvar2":0.00337017420679,"max":0.477931201458,"mean":0.0361691527069,"median":0.0211262181401,"min":0.000567999260966,"var":0.00192848721053},"spectral_kurtosis":{"dmean":4.04379177094,"dmean2":6.63749361038,"dvar":23.1434803009,"dvar2":56.6263122559,"max":83.1320343018,"mean":19.400270462,"median":15.6783065796,"min":-0.618875145912,"var":212.128311157},"spectral_rms":{"dmean":0.000604399014264,"dmean2":0.000906089961063,"dvar":0.00000122078427012,"dvar2":0.00000243092426899,"max":0.019089076668,"mean":0.00319684622809,"median":0.0026676831767,"min":0.0000122130359159,"var":0.00000594531775278},"spectral_rolloff":{"dmean":151.386520386,"dmean2":265.394775391,"dvar":706316.0625,"dvar2":1646080.5,"max":19444.4824219,"mean":668.181884766,"median":322.998046875,"min":64.599609375,"var":4222619},"spectral_skewness":{"dmean":0.376591414213,"dmean2":0.594280958176,"dvar":0.169650062919,"dvar2":0.367738038301,"max":8.15767288208,"mean":3.5216884613,"median":3.34898638725,"min":-0.309985816479,"var":2.10277509689},"spectral_spread":{"dmean":494245.75,"dmean2":782873.9375,"dvar":329130147840,"dvar2":677655281664,"max":13636793,"mean":4226839,"median":3573640,"min":1289662.625,"var":4946029707260},"spectral_strongpeak":{"dmean":0.197955206037,"dmean2":0.312084257603,"dvar":0.1405993402,"dvar2":0.26298469305,"max":9.67262744904,"mean":0.643652617931,"median":0.480629861355,"min":0,"var":0.438861966133},"zerocrossingrate":{"dmean":0.00587649038061,"dmean2":0.00719277467579,"dvar":0.000167406105902,"dvar2":0.000189030106412,"max":0.5,"mean":0.0300222970545,"median":0.0185546875,"min":0.00537109375,"var":0.00227107573301}},"metadata":{"audio_properties":{"analysis_sample_rate":44100,"bit_rate":0,"codec":"flac","downmix":"mix","equal_loudness":0,"length":80.1466674805,"lossless":true,"md5_encoded":"3c2b6699209da21e06124e25888f341a","replay_gain":-7.66661262512,"sample_rate":44100},"tags":{"album":["Simon & Garfunkel's Greatest Hits"],"albumartist":["Simon & Garfunkel"],"albumsort":["Simon & Garfunkels Greatest Hits"],"artist":["Simon & Garfunkel"],"asin":["B0000024TQ"],"barcode":["074646381526"],"bpm":["70"],"compilation":["1"],"composer":["Paul Simon"],"date":["1968"],"discnumber":["1/1"],"disctotal":["1"],"file_name":"E:\\Musique\\Simon_&_Garfunkel\\Simon_&_Garfunkel's_Greatest_Hits\\13-Bookends.flac","genre":["Folk Pop"],"initialkey":["E"],"isrc":["USSM16801644"],"language":["eng"],"mood":["Mellow, sad, melancholic, melancholy"],"musicbrainz_albumid":["7e7f5089-9bbf-4aef-ba20-a818e3ce849e"],"musicbrainz_recordingid":["fc1ff6f0-ffd5-46da-9654-a70a4d0f8b15"],"musicbrainz_releasegroupid":["a39bc4d1-82c9-3ff2-97d0-817f5913fb61"],"title":["Bookends"],"totaltracks":["14"],"tracknumber":["013"],"tracktotal":["14"]},"version":{"essentia":"2.1-beta2","essentia_build_sha":"2d9f1f26377add8aeb1075a9c2973f962c4f09fd","essentia_git_sha":"v2.1_beta2-1-ge3940c0","extractor":"music 1.0"}},"rhythm":{"beats_count":190,"beats_loudness":{"dmean":0.0327185019851,"dmean2":0.0607782155275,"dvar":0.00304444413632,"dvar2":0.00899023842067,"max":0.441512614489,"mean":0.0305025149137,"median":0.0156930163503,"min":0.00000154075189585,"var":0.00240318314172},"beats_loudness_band_ratio":{"dmean":[0.238018110394,0.293166011572,0.0758626312017,0.0130509547889,0.00576875079423,0.0434143021703],"dmean2":[0.409922629595,0.516653239727,0.131325930357,0.0230003129691,0.0107718557119