{"lowlevel":{"average_loudness":0.772199094296,"barkbands":{"dmean":[0.0000128896217575,0.00107988261152,0.000896081270184,0.000850803393405,0.00113066576887,0.00063591421349,0.000958696124144,0.00112925469875,0.00102626311127,0.00110678153578,0.000516852363944,0.000776113884058,0.000587985676248,0.000489736325108,0.000439730210928,0.000274584686849,0.000248922413448,0.000185912242159,0.000112434776383,0.0000743299169699,0.0000386182546208,0.0000296783618978,0.0000261873501586,0.0000461454728793,0.0000378089825972,0.0000181325540325,0.000003555855983],"dmean2":[0.0000195854918275,0.0018308480503,0.00150510540698,0.00144267268479,0.0018711501034,0.00101938750595,0.00153387815226,0.00177791505121,0.00159058556892,0.00160636706278,0.000803747621831,0.00119458325207,0.000879101513419,0.00074282271089,0.000676791009028,0.000412857159972,0.000383641687222,0.000281616637949,0.00017103771097,0.000111322209705,0.0000571678792767,0.0000446058656962,0.0000378119511879,0.0000670058216201,0.0000540764267498,0.0000255871873378,0.00000554689040655],"dvar":[1.40010913974e-9,0.00000689165790391,0.0000032176071727,0.00000182401868187,0.00000322107644024,0.00000114799490802,0.00000549642345504,0.00000696882443663,0.00000617996920482,0.00000794148490968,0.00000244443685915,0.00000436346317656,0.00000245456658376,0.00000143581326029,9.71500526248e-7,3.68557294905e-7,2.14958234324e-7,9.69928777295e-8,2.83841110615e-8,1.56885775482e-8,6.49148068632e-9,1.51170027607e-8,9.30706178792e-9,4.1937827433e-8,2.61186237083e-8,4.06084454951e-9,3.87406995372e-10],"dvar2":[3.07827430213e-9,0.0000180494826054,0.00000880411062099,0.00000505781508764,0.00000860028649186,0.00000286960062112,0.0000126305776575,0.0000164907905855,0.0000153812507051,0.0000155044963321,0.00000609245216765,0.00000967352752923,0.0000051886518122,0.00000301541808767,0.000002237291028,7.64510730278e-7,5.0663214779e-7,2.20743970658e-7,6.40303809973e-8,3.45982904548e-8,1.31407240644e-8,3.51392621667e-8,1.97538145841e-8,9.36237682936e-8,4.90659886054e-8,8.20397438872e-9,9.59948898149e-10],"max":[0.00101155554876,0.0298283994198,0.0295261740685,0.0169383082539,0.0219217184931,0.0294735785574,0.0774513408542,0.0605118684471,0.0684707909822,0.0686050951481,0.0417184531689,0.0751169621944,0.0498246401548,0.0276273284107,0.0223437193781,0.0160418394953,0.0132984286174,0.00818770565093,0.00335770659149,0.00241485680453,0.00336402049288,0.00468446873128,0.00309396418743,0.0065717943944,0.00547578698024,0.00289442250505,0.000623293744866],"mean":[0.0000132098830363,0.00126152671874,0.00151286064647,0.00140407006256,0.00205375347286,0.00118761113845,0.0015171917621,0.00164776889142,0.00172003195621,0.00201105908491,0.00080692890333,0.00140152184758,0.000995192211121,0.000829210330267,0.000755170476623,0.00050106656272,0.000500805093907,0.000392890506191,0.000247408781433,0.000160193550983,0.0000822671718197,0.000052378152759,0.0000471215062134,0.0000765448930906,0.0000638227356831,0.0000283044628304,0.00000393193931814],"median":[8.3924919636e-7,0.000484385498567,0.00086877803551,0.000757694535423,0.00133401399944,0.000747024954762,0.000557255931199,0.000510381592903,0.000743250304367,0.000530499964952,0.000230740610277,0.000380595971365,0.00023123754363,0.000215449123061,0.000277074694168,0.000221683701966,0.000280652777292,0.000226140080485,0.000154660796397,0.0000876009580679,0.0000395467504859,0.0000219761404878,0.0000136038834171,0.0000180121933226,0.0000135614754981,0.00000450908964922,2.46012149319e-7],"min":[2.83894694591e-23,3.32296643826e-23,7.98343092188e-24,1.14012173365e-23,3.50245690666e-23,2.74894801404e-23,5.64183600648e-23,5.51944518367e-23,6.10551771806e-23,1.23174647629e-22,8.76917850865e-23,6.74300820625e-23,6.80772824818e-23,9.86105287825e-23,9.16493740303e-23,7.48290293736e-23,8.7575122025e-23,2.85542732307e-22,3.2918241661e-22,4.24410701106e-22,5.61867580761e-22,4.5595791766e-22,5.89314336194e-22,8.18541765226e-22,1.34853774983e-21,1.83735373105e-21,2.34878520585e-21],"var":[1.71980329977e-9,0.00000662656930217,0.0000042593778744,0.0000031152160318,0.00000539634856978,0.00000222204562306,0.000012001185496,0.0000124382522699,0.0000109509992399,0.0000230210735026,0.00000478970423501,0.0000117590534501,0.00000586357100474,0.00000378379536414,0.00000213506427826,8.92990328794e-7,5.35168453553e-7,2.91889875825e-7,8.51964117032e-8,4.62290969949e-8,2.06297769978e-8,2.03317362946e-8,2.01214636064e-8,9.31004606741e-8,6.55212701872e-8,9.97017490789e-9,4.01942118478e-10]},"barkbands_crest":{"dmean":2.25932145119,"dmean2":3.69289541245,"dvar":4.83101558685,"dvar2":12.2735204697,"max":25.1961860657,"mean":8.17713451385,"median":7.27523136139,"min":2.36911797523,"var":12.8368368149},"barkbands_flatness_db":{"dmean":0.0174330547452,"dmean2":0.0258840303868,"dvar":0.000304309942294,"dvar2":0.000623478088528,"max":0.330218791962,"mean":0.1271122545,"median":0.120840594172,"min":0.0247578956187,"var":0.00179913709871},"barkbands_kurtosis":{"dmean":1.44796562195,"dmean2":2.27865672112,"dvar":6.29636192322,"dvar2":14.7897634506,"max":69.0212936401,"mean":1.72549796104,"median":0.539634943008,"min":-1.94168114662,"var":17.3248252869},"barkbands_skewness":{"dmean":0.3949855268,"dmean2":0.592429757118,"dvar":0.1640714854,"dvar2":0.353657275438,"max":7.15560150146,"mean":0.965847492218,"median":0.906086921692,"min":-6.28758192062,"var":0.789876937866},"barkbands_spread":{"dmean":4.60329961777,"dmean2":6.9759812355,"dvar":40.7598838806,"dvar2":85.7112808228,"max":120.685417175,"mean":20.9651927948,"median":19.153886795,"min":1.45494329929,"var":160.516983032},"dissonance":{"dmean":0.0189691092819,"dmean2":0.0317071378231,"dvar":0.00042382805259,"dvar2":0.00108729826752,"max":0.500000119209,"mean":0.465563744307,"median":0.473711192608,"min":0.1479819417,"var":0.000959329481702},"dynamic_complexity":4.13471364975,"erbbands":{"dmean":[0.0206225197762,0.29028660059,0.988279938698,1.79729604721,3.6215236187,4.13859653473,3.84565401077,6.03002166748,11.9146995544,16.8371047974,24.8436603546,23.9665374756,27.335062027,32.4105873108,23.0366744995,28.6825752258,24.6097564697,24.1734752655,25.7469177246,15.0324831009,13.9610671997,11.4899225235,10.5638942719,6.58118867874,4.96717882156,3.23877573013,2.09407424927,1.2676204443,1.0534799099,0.889482676983,0.755691587925,0.843278467655,0.83244407177,0.475907444954,0.255324751139,0.105837039649,0.0277250502259,0.00609066011384,0.000601634208579,0.00002039237188],"dmean2":[0.0330872237682,0.499475538731,1.68363165855,3.03062415123,6.07404947281,6.82699584961,6.14472007751,9.6948595047,19.3656730652,25.9784927368,39.2237586975,36.6123275757,40.0936889648,46.0711479187,35.1485710144,43.6516304016,36.6068000793,35.1623725891,39.435962677,22.1851825714,21.084394455,17.5073299408,15.8746318817,9.83722496033,7.58745384216,4.82354450226,3.09831595421,1.90347504616,1.59479486942,1.3130286932,1.08196127415,1.22195899487,1.22595083714,0.682062268257,0.36791664362,0.150994196534,0.039719555527,0.00901106186211,0.000932661176194,0.000030122237149],"dvar":[0.00292528956197,0.487790614367,4.02775287628,8.967628479,38.7092552185,46.4632492065,56.1670303345,104.221557617,750.991577148,1869.57128906,3313.54931641,2915.64404297,5923.42626953,5868.73779297,4414.91357422,5216.96484375,4083.35302734,3949.53125,3323.50805664,1147.78308105,830.698547363,387.63861084,302.771057129,102.112663269,63.4678840637,30.1001472473,19.9121627808,8.83489608765,16.9499568939,16.0994472504,7.82458877563,14.3938808441,14.109164238,4.3879275322,1.18978798389,0.165372222662,0.00835085194558,0.000823407957796,0.000010082375411,4.49332038244e-9],"dvar2":[0.0070801852271,1.32337284088,11.1428756714,24.8499641418,106.786590576,120.871017456,138.908279419,265.809082031,1869.73522949,4075.60620117,7951.13769531,7046.49072266,12901.2578125,11370.6669922,10571.5712891,11466.4960938,8978.40722656,8086.79541016,7671.40039062,2342.59716797,1934.35424805,887.531982422,689.896362305,230.619338989,147.956436157,66.1043395996,37.7130088806,21.013212204,38.5035324097,36.7928161621,16.6173458099,33.1278190613,31.3650150299,8.61113071442,2.31907296181,0.325718075037,0.017153583467,0.00199267966673,0.00002479975592,1.07365814017e-8],"max":[0.660048365593,8.14779853821,28.6021213531,54.3024177551,87.1145248413,120.570083618,171.726028442,239.002700806,736.873535156,1563.71875,1152.31921387,1966.63391113,2066.4375,1666.45336914,2220.59912109,2170.18505859,2147.01831055,1919.49694824,1349.25500488,979.272644043,742.577636719,649.222412109,469.764587402,223.320678711,237.461502075,133.348495483,224.806182861,102.848777771,199.793746948,154.283874512,110.751861572,153.093185425,146.942962646,84.0171127319,37.5920257568,19.2099781036,3.69679713249,0.976925134659,0.0741843730211,0.00148715253454],"mean":[0.0235951542854,0.343566358089,1.59036743641,3.36632847786,5.88443565369,7.20063447952,7.3679766655,11.0070438385,18.8778266907,25.7206230164,38.2077903748,41.4845733643,49.3250465393,59.1375961304,42.778377533,54.1092948914,44.966217041,46.7612266541,46.5747642517,29.5918197632,28.6238479614,25.8229446411,23.515712738,15.3078660965,10.9693088531,7.22114372253,4.66681337357,2.66358852386,1.91883385181,1.5371812582,1.3429710865,1.42769730091,1.33748674393,0.784090042114,0.418480664492,0.167441353202,0.0430369973183,0.00793550722301,0.000680013210513,0.0000428904713772],"median":[0.00605669943616,0.157013863325,0.922760248184,2.15541005135,3.6358962059,4.17643356323,4.23784160614,6.64657354355,8.34134674072,10.0677537918,13.8601617813,20.2033843994,16.2377662659,17.2666358948,13.9735651016,16.127948761,12.721075058,13.3876953125,17.6949996948,11.8344421387,14.2103509903,15.5266113281,14.0705127716,9.42429542542,7.03525829315,3.9609336853,2.18934869766,1.32440876961,0.830042541027,0.534127473831,0.378803998232,0.339437574148,0.304555922747,0.168585896492,0.082806147635,0.0281174220145,0.00645171152428,0.000976933864877,0.0000512413316756,0.0000261559507635],"min":[1.83247667739e-21,4.29872678088e-21,7.28044389388e-21,3.4823886967e-20,6.66619685778e-20,1.37408025108e-19,1.14511045367e-19,2.90205306072e-19,6.53183480895e-19,8.52876306198e-19,1.29183060669e-18,1.80347686734e-18,2.6665604272e-18,3.96982546169e-18,3.10532494144e-18,2.8814846978e-18,3.02014560427e-18,5.88414142918e-18,4.70515924775e-18,3.36391814454e-18,5.55519113831e-18,5.00846032218e-18,1.51744959884e-17,1.68483472431e-17,1.5861702752e-17,2.0065375068e-17,2.10783023959e-17,2.20183137527e-17,1.6902970942e-17,1.47326607729e-17,1.83821038805e-17,1.62667482826e-17,1.5366884964e-17,1.52427946372e-17,8.99678609186e-18,5.98383158224e-18,3.9409018508e-18,1.23423412404e-18,3.36494436548e-19,3.52882454834e-20],"var":[0.00323330867104,0.43207141757,4.67458248138,14.710521698,52.2437171936,84.6669540405,117.217300415,191.898178101,1499.68566895,3563.67797852,5787.2734375,4830.98632812,13613.0644531,17223.2734375,10179.7050781,14828.7617188,9366.72265625,12583.3232422,7879.8515625,3237.71704102,2393.0480957,1148.00854492,982.242797852,336.421813965,167.417556763,93.3768005371,71.1753463745,19.1131229401,25.1903686523,21.9839897156,17.7922477722,31.4728050232,29.5345096588,10.304526329,2.82304954529,0.418676108122,0.0191772747785,0.00100879697129,0.0000108045715024,5.92342264127e-9]},"erbbands_crest":{"dmean":2.50795984268,"dmean2":4.01658821106,"dvar":6.48622608185,"dvar2":15.3396711349,"max":30.3791484833,"mean":9.02457809448,"median":7.74645185471,"min":2.43460559845,"var":20.9870300293},"erbbands_flatness_db":{"dmean":0.0171789061278,"dmean2":0.0242099054158,"dvar":0.000309343333356,"dvar2":0.000567367067561,"max":0.35910436511,"mean":0.173108398914,"median":0.167388468981,"min":0.0321861095726,"var":0.00260418420658},"erbbands_kurtosis":{"dmean":0.825581908226,"dmean2":1.28352606297,"dvar":2.23449611664,"dvar2":5.15083837509,"max":39.8893241882,"mean":0.552844583988,"median":-0.191130161285,"min":-1.91650724411,"var":5.86998319626},"erbbands_skewness":{"dmean":0.327424049377,"dmean2":0.499784976244,"dvar":0.110787302256,"dvar2":0.242436334491,"max":4.76420402527,"mean":0.241961091757,"median":0.181853234768,"min":-4.89642763138,"var":0.447845935822},"erbbands_spread":{"dmean":5.72902441025,"dmean2":8.40885448456,"dvar":51.5193939209,"dvar2":104.696105957,"max":138.483352661,"mean":30.4749240875,"median":28.4692211151,"min":1.85617744923,"var":255.897521973},"gfcc":{"cov":[[10500.8808594,-313.547943115,-950.536865234,228.265182495,-354.939758301,408.003753662,-270.691680908,296.19430542,-37.3059120178,188.442749023,-85.6807250977,-104.579376221,-140.452850342],[-313.547943115,1427.99621582,-335.885620117,74.8248519897,276.725524902,-225.455307007,200.553878784,-74.2584686279,56.8995094299,-103.500770569,107.951919556,-76.5583724976,94.2044677734],[-950.536865234,-335.885620117,977.949401855,166.751220703,-52.8959541321,114.935935974,-95.3935546875,-3.52063941956,-13.3132610321,49.381565094,-31.0776557922,98.6973342896,-29.986289978],[228.265182495,74.8248519897,166.751220703,415.261535645,8.64183807373,18.6114082336,-57.4382171631,-9.26742744446,37.1612091064,5.64452838898,17.2492084503,11.3069820404,33.5047645569],[-354.939758301,276.725524902,-52.8959541321,8.64183807373,256.011993408,-39.1524810791,86.67628479,-17.9687328339,11.9842176437,-15.6944360733,7.43504142761,-1.6623467207,10.2227897644],[408.003753662,-225.455307007,114.935935974,18.6114082336,-39.1524810791,241.31791687,-3.2058737278,15.3444013596,-25.0532932281,30.2825756073,-2.73971152306,16.7125892639,-10.5557641983],[-270.691680908,200.553878784,-95.3935546875,-57.4382171631,86.67628479,-3.2058737278,191.993789673,-13.4132204056,-12.1453485489,-23.9704780579,14.0835895538,2.39673733711,-0.905417561531],[296.19430542,-74.2584686279,-3.52063941956,-9.26742744446,-17.9687328339,15.3444013596,-13.4132204056,115.650352478,29.9099025726,12.0663394928,-1.32389461994,-9.52781486511,-2.33940529823],[-37.3059120178,56.8995094299,-13.3132610321,37.1612091064,11.9842176437,-25.0532932281,-12.1453485489,29.9099025726,97.7061309814,19.6318855286,6.23134231567,-12.9410209656,6.75529241562],[188.442749023,-103.500770569,49.381565094,5.64452838898,-15.6944360733,30.2825756073,-23.9704780579,12.0663394928,19.6318855286,91.2376098633,14.4081287384,2.38170623779,-10.9019756317],[-85.6807250977,107.951919556,-31.0776557922,17.2492084503,7.43504142761,-2.73971152306,14.0835895538,-1.32389461994,6.23134231567,14.4081287384,81.7000961304,7.76945781708,13.1233911514],[-104.579376221,-76.5583724976,98.6973342896,11.3069820404,-1.6623467207,16.7125892639,2.39673733711,-9.52781486511,-12.9410209656,2.38170623779,7.76945781708,77.0648117065,9.17058563232],[-140.452850342,94.2044677734,-29.986289978,33.5047645569,10.2227897644,-10.5557641983,-0.905417561531,-2.33940529823,6.75529241562,-10.9019756317,13.1233911514,9.17058563232,78.4278335571]],"icov":[[0.000204664946068,-0.000235029758187,0.00038785560173,-0.000266338698566,0.000281769200228,-0.00045475945808,0.000383918581065,-0.000600231287535,0.000430069834692,-0.000608783622738,0.000628414913081,-0.00044146203436,0.0006243007374],[-0.000235029758187,0.00200699060224,-0.000448766601039,0.0000256486637227,-0.00137193803675,0.0014727077214,-0.00154766975902,0.00151461421046,-0.0012215821771,0.00206893635914,-0.00278126890771,0.0023852053564,-0.0020305046346],[0.00038785560173,-0.000448766601039,0.00220666779205,-0.00105539034121,0.000534279970452,-0.0012703865068,0.00120987277478,-0.00113762367982,0.000937711971346,-0.00165650388226,0.00190719752572,-0.00269799376838,0.00195292360149],[-0.000266338698566,0.0000256486637227,-0.00105539034121,0.0034006445203,-0.000548007606994,0.0000979693650152,0.000537594372872,0.00122817780357,-0.00170709379017,0.00113328604493,-0.00129527668469,0.000640742247924,-0.0017902267864],[0.000281769200228,-0.00137193803675,0.000534279970452,-0.000548007606994,0.00591111276299,-0.000548005686142,-0.00112168036867,-0.000761050381698,0.000283783272607,-0.00161150866188,0.00226878351532,-0.00168078881688,0.00127945980057],[-0.00045475945808,0.0014727077214,-0.0012703865068,0.0000979693650152,-0.000548005686142,0.00648352084681,-0.00216852128506,0.000818364671431,0.000405139842769,0.000346631451976,-0.00220947992057,0.00172571814619,-0.00198629265651],[0.000383918581065,-0.00154766975902,0.00120987277478,0.000537594372872,-0.00112168036867,-0.00216852128506,0.0085150077939,-0.00130583357532,0.00150718493387,-0.000414986512624,0.0011336497264,-0.00278782192618,0.0026419388596],[-0.000600231287535,0.00151461421046,-0.00113762367982,0.00122817780357,-0.000761050381698,0.000818364671431,-0.00130583357532,0.0120620122179,-0.00501263327897,0.00229580258019,-0.00271733338013,0.00295649166219,-0.00243992405012],[0.000430069834692,-0.0012215821771,0.000937711971346,-0.00170709379017,0.000283783272607,0.000405139842769,0.00150718493387,-0.00501263327897,0.0144862383604,-0.00503459013999,0.00206917757168,-0.0000591075440752,0.000923811516259],[-0.000608783622738,0.00206893635914,-0.00165650388226,0.00113328604493,-0.00161150866188,0.000346631451976,-0.000414986512624,0.00229580258019,-0.00503459013999,0.0165426973253,-0.00663550104946,0.00278521911241,-0.000854630023241],[0.000628414913081,-0.00278126890771,0.00190719752572,-0.00129527668469,0.00226878351532,-0.00220947992057,0.0011336497264,-0.00271733338013,0.00206917757168,-0.00663550104946,0.0183363761753,-0.00548761989921,0.00156045448966],[-0.00044146203436,0.0023852053564,-0.00269799376838,0.000640742247924,-0.00168078881688,0.00172571814619,-0.00278782192618,0.00295649166219,-0.0000591075440752,0.00278521911241,-0.00548761989921,0.0192486867309,-0.0053937905468],[0.0006243007374,-0.0020305046346,0.00195292360149,-0.0017902267864,0.00127945980057,-0.00198629265651,0.0026419388596,-0.00243992405012,0.000923811516259,-0.000854630023241,0.00156045448966,-0.0053937905468,0.0175138730556]],"mean":[-19.8495197296,98.427696228,-132.445266724,14.0643348694,-52.0714836121,5.16487360001,-39.5930023193,11.3778600693,-29.673538208,-2.97831177711,-19.0100212097,-5.1680226326,-13.3991203308]},"hfc":{"dmean":5.90056991577,"dmean2":7.82084751129,"dvar":58.525138855,"dvar2":108.521888733,"max":140.535476685,"mean":20.0706195831,"median":14.3635759354,"min":1.24135391573e-16,"var":334.949615479},"melbands":{"dmean":[0.000244740949711,0.000456937937997,0.000359758851118,0.000279480678728,0.000134920715936,0.000133056222694,0.000185758821317,0.000200413705898,0.000195862303372,0.00015233476006,0.000143329249113,0.000142427044921,0.0000739201277611,0.0000938896482694,0.0000565807968087,0.0000574950390728,0.0000462905336462,0.0000436995651398,0.0000269884494628,0.0000196000328287,0.0000174807191797,0.0000129989521156,0.0000128214460346,0.00000897183417692,0.00000554259167984,0.00000433755758422,0.00000320100502904,0.00000213291923501,0.00000165122776252,9.66835273175e-7,7.20759771866e-7,6.55284281947e-7,5.66445748973e-7,4.90618901949e-7,4.36652356939e-7,4.80792436974e-7,5.75480044063e-7,6.36211382243e-7,5.10513700647e-7,3.86865309565e-7],"dmean2":[0.000408598658396,0.000774451473262,0.000603665539529,0.000464084499981,0.000215630047023,0.000214004496229,0.000299247447401,0.000309399445541,0.00030942945159,0.000232805046835,0.000210439800867,0.000203437914024,0.000113765578135,0.000143450059113,0.0000866469417815,0.0000840024586068,0.0000688332002028,0.0000678923242958,0.0000413324269175,0.0000288582195935,0.0000270219352387,0.0000198826237465,0.0000199408314074,0.0000137751021612,0.00000845004615257,0.00000681729034113,0.00000488152409162,0.00000324883171743,0.00000252645963883,0.00000145352680647,0.00000111391705104,0.00000100870852293,8.59349881921e-7,7.3318392424e-7,6.43722330551e-7,7.04446676991e-7,8.55044561376e-7,9.51428830831e-7,7.64400340358e-7,5.63821004107e-7],"dvar":[3.76202478947e-7,9.14607539926e-7,3.33347287551e-7,2.1256745697e-7,5.74824916555e-8,4.99682961674e-8,1.85523987284e-7,2.30164758364e-7,1.95247494617e-7,1.25545128071e-7,1.60954073181e-7,1.1963807367e-7,4.82693280901e-8,6.63709656124e-8,2.55713139552e-8,2.52034801917e-8,1.4592509423e-8,1.01806048036e-8,4.0316194827e-9,2.14185558178e-9,1.38000599836e-9,5.25427257259e-10,5.77397185619e-10,2.34654601305e-10,7.92625617918e-11,4.66852910497e-11,3.16788088817e-11,1.40677235486e-11,1.30903378415e-11,4.00702908354e-12,4.03267740381e-12,6.00237090934e-12,8.44268058242e-12,4.24680820024e-12,2.60678523038e-12,3.7668427405e-12,8.42099046744e-12,8.72162585208e-12,5.53394005967e-12,2.8160787504e-12],"dvar2":[9.58804093898e-7,0.00000247928869612,9.17364900488e-7,5.7530775166e-7,1.42723251884e-7,1.2661502069e-7,4.50162332299e-7,5.15514727795e-7,4.74202920486e-7,2.99948226257e-7,3.44303174415e-7,2.29637549864e-7,1.2057597587e-7,1.47167313003e-7,5.88462185647e-8,5.20307494867e-8,3.09986560865e-8,2.31867716138e-8,8.61951843234e-9,4.15940171195e-9,3.36506178478e-9,1.18465504073e-9,1.35395228362e-9,5.45753719994e-10,1.82036496987e-10,1.12515947948e-10,7.2399398976e-11,3.21466880893e-11,2.72791424866e-11,8.14958170392e-12,1.04462679826e-11,1.39653705267e-11,2.07892505294e-11,9.6422409987e-12,5.71533141994e-12,8.70900834088e-12,2.06008873155e-11,2.02022946982e-11,1.20828937133e-11,5.48695637537e-12],"max":[0.00707916356623,0.0108800493181,0.00834572222084,0.00557879451662,0.00602045003325,0.00542044453323,0.0130021553487,0.0144493561238,0.00862518977374,0.0111618628725,0.0101756695658,0.00772862276062,0.00556247867644,0.00891082640737,0.00535384006798,0.00532443728298,0.00314962374978,0.00239391298965,0.00201967777684,0.00162450270727,0.00100038410164,0.000740566756576,0.000879791681655,0.000506319862325,0.000192611609236,0.000214869811316,0.000112203386379,0.000110403794679,0.000168746162672,0.0000713905101293,0.0000666221603751,0.000132208588184,0.000133342575282,0.000081062928075,0.0000584702429478,0.0000684506667312,0.000140972158988,0.00011823989189,0.000110098182631,0.0000604876950092],"mean":[0.000282075547148,0.000710806518327,0.000670076231472,0.000488982768729,0.000267774477834,0.00024241724168,0.000298420287436,0.000300864892779,0.000303358479869,0.000256407278357,0.000251685123658,0.000253746868111,0.000125204242067,0.000172543426743,0.0000963378115557,0.000103564547317,0.0000825338283903,0.0000753422864364,0.0000472242609248,0.0000352046699845,0.000033766242268,0.0000264889549726,0.0000256911589531,0.0000182152380148,0.0000117259469334,0.00000887407441041,0.00000644914962322,0.00000439517998529,0.00000336300672643,0.00000194663857656,0.00000136553614993,0.0000011355227798,8.97701966096e-7,8.26808275178e-7,7.39666688787e-7,8.08899926596e-7,9.03192699298e-7,9.8404586879e-7,7.93495360085e-7,6.21189542471e-7],"median":[0.0000946919171838,0.000421342265327,0.000468210899271,0.000308767484967,0.000169690028997,0.000149583021994,0.000125718230265,0.000115174727398,0.000115514245408,0.000114876951557,0.000073977484135,0.000067306413257,0.0000390946988773,0.0000464581353299,0.0000284158122668,0.0000242283167609,0.000020746330847,0.0000254625974776,0.0000178734808287,0.0000138672321555,0.0000155618090503,0.0000146799102367,0.0000146443389895,0.0000100702463897,0.00000684923043082,0.00000555520955459,0.00000376712500838,0.00000220455399358,0.00000144424711834,9.00763154732e-7,6.38143717424e-7,4.67851435815e-7,3.26356143887e-7,2.63697927494e-7,2.08250440892e-7,1.98392072548e-7,1.91679291106e-7,2.13276422301e-7,1.6356922572e-7,1.25460701383e-7],"min":[1.43295841904e-23,4.59048928699e-24,5.92877011903e-24,8.07794355807e-24,4.53759064127e-24,6.09810936752e-24,1.10909291547e-23,1.05180070893e-23,1.12241795945e-23,9.89485903903e-24,1.36491395948e-23,1.628711255e-23,1.13374844751e-23,7.5581070985e-24,5.69290149723e-24,9.13120776176e-24,1.08846735824e-23,7.14979032737e-24,6.16620147428e-24,3.27382206047e-24,7.66637589116e-24,4.86526058434e-24,9.14750010603e-24,1.50510889961e-23,1.36932700516e-23,1.18466642128e-23,1.32582448168e-23,1.2819618432e-23,1.24311178468e-23,1.24538283634e-23,1.37630700422e-23,1.03154481193e-23,7.97223067475e-24,7.40173751214e-24,1.00058746454e-23,1.06660960028e-23,9.83128394982e-24,9.75061661137e-24,1.39729496415e-23,1.22565587057e-23],"var":[3.80286280688e-7,9.9213195881e-7,5.24482629771e-7,3.32019340021e-7,1.24021283909e-7,9.2954927311e-8,3.90671459627e-7,4.28857106272e-7,3.28553426243e-7,2.22179608045e-7,3.82199203841e-7,3.52214044597e-7,1.000662877e-7,1.82904472013e-7,5.07725737009e-8,6.75307632036e-8,4.20667163326e-8,2.30083045949e-8,8.7834193252e-9,5.46500578125e-9,3.9989864753e-9,1.48741641226e-9,1.42183764762e-9,6.69723554392e-10,2.28899524335e-10,1.21310683721e-10,7.0153952092e-11,4.30944273322e-11,4.01205076106e-11,1.25713797011e-11,6.27321458668e-12,8.70781745321e-12,9.42376211788e-12,6.17303387226e-12,5.20681111074e-12,8.57685797384e-12,1.53414173726e-11,1.70645407527e-11,1.09455786448e-11,6.58748012736e-12]},"melbands_crest":{"dmean":2.99044942856,"dmean2":4.8846154213,"dvar":7.40106534958,"dvar2":19.2681484222,"max":33.217880249,"mean":11.504734993,"median":10.6801252365,"min":1.64271640778,"var":19.2615680695},"melbands_flatness_db":{"dmean":0.0210029426962,"dmean2":0.0311413984746,"dvar":0.000449507002486,"dvar2":0.000921527622268,"max":0.464923799038,"mean":0.182657524943,"median":0.17722736299,"min":0.00457844836637,"var":0.00252989307046},"melbands_kurtosis":{"dmean":2.8064763546,"dmean2":4.35937595367,"dvar":17.3958072662,"dvar2":39.8518791199,"max":121.166893005,"mean":5.33325481415,"median":3.14115524292,"min":-1.94805800915,"var":54.1124954224},"melbands_skewness":{"dmean":0.480784475803,"dmean2":0.717456936836,"dvar":0.223870307207,"dvar2":0.492041200399,"max":7.84656858444,"mean":1.66247749329,"median":1.58918106556,"min":-2.37002015114,"var":1.24643242359},"melbands_spread":{"dmean":6.39467763901,"dmean2":9.68699455261,"dvar":85.681640625,"dvar2":165.467330933,"max":280.035888672,"mean":25.8540019989,"median":23.9136276245,"min":1.73243737221,"var":254.891082764},"mfcc":{"cov":[[9852.21289062,-15.494931221,-738.233825684,-179.760192871,-93.6785430908,-56.5509185791,-36.0731048584,-19.0703372955,37.5300865173,174.15145874,123.130096436,84.7608261108,-91.2986068726],[-15.494931221,1217.51550293,-422.952362061,162.755187988,-24.1857185364,-33.5896148682,98.6057739258,32.3804016113,11.3873376846,-10.3506345749,3.96011304855,-12.0174913406,5.98258924484],[-738.233825684,-422.952362061,899.532226562,45.7978286743,121.382278442,100.382514954,-51.5685386658,-0.850480079651,-20.1277046204,-13.2497682571,-28.5830802917,14.7006263733,26.3240280151],[-179.760192871,162.755187988,45.7978286743,356.816223145,82.4433670044,17.3975429535,-22.0770874023,5.61055040359,-1.27154386044,10.4827337265,-34.3386917114,2.46179032326,23.3463630676],[-93.6785430908,-24.1857185364,121.382278442,82.4433670044,190.130645752,21.9837360382,-21.1969432831,-0.918704628944,11.0788755417,20.6233921051,-10.3739500046,0.393236368895,11.5238180161],[-56.5509185791,-33.5896148682,100.382514954,17.3975429535,21.9837360382,184.023422241,49.5925827026,15.5620307922,-8.90681552887,0.261463820934,4.39621019363,-6.07931089401,-8.74771595001],[-36.0731048584,98.6057739258,-51.5685386658,-22.0770874023,-21.1969432831,49.5925827026,142.499191284,35.1948776245,-4.30748462677,-6.12117815018,8.5349521637,5.05825948715,-9.5534324646],[-19.0703372955,32.3804016113,-0.850480079651,5.61055040359,-0.918704628944,15.5620307922,35.1948776245,104.387649536,14.8795385361,-1.50643420219,1.9361397028,-8.37314224243,-0.999134778976],[37.5300865173,11.3873376846,-20.1277046204,-1.27154386044,11.0788755417,-8.90681552887,-4.30748462677,14.8795385361,81.7019500732,22.8614463806,1.22315406799,-6.74674749374,-3.6388335228],[174.15145874,-10.3506345749,-13.2497682571,10.4827337265,20.6233921051,0.261463820934,-6.12117815018,-1.50643420219,22.8614463806,90.5958862305,21.926410675,2.616096735,-7.80631780624],[123.130096436,3.96011304855,-28.5830802917,-34.3386917114,-10.3739500046,4.39621019363,8.5349521637,1.9361397028,1.22315406799,21.926410675,79.8779602051,21.3972377777,1.42133510113],[84.7608261108,-12.0174913406,14.7006263733,2.46179032326,0.393236368895,-6.07931089401,5.05825948715,-8.37314224243,-6.74674749374,2.616096735,21.3972377777,77.5165634155,28.6965465546],[-91.2986068726,5.98258924484,26.3240280151,23.3463630676,11.5238180161,-8.74771595001,-9.5534324646,-0.999134778976,-3.6388335228,-7.80631780624,1.42133510113,28.6965465546,71.5800476074]],"icov":[[0.00011737163004,0.0000225406638492,0.000111024863145,0.0000366858839698,-0.00000352963343175,-0.0000433939312643,0.0000956903895712,-0.0000320125254802,0.0000190566497622,-0.000180783390533,-0.0000327621091856,-0.00020507494628,0.000166733268998],[0.0000225406638492,0.00117386761121,0.000534479680937,-0.000665704486892,-0.0000280711483356,0.000209800156881,-0.000782744842581,-0.0000427898448834,-0.000116625364171,0.000264661968686,-0.000257203122601,0.000267146213446,-0.000202759809326],[0.000111024863145,0.000534479680937,0.00172066071536,-0.000105628678284,-0.000780175440013,-0.000837509694975,0.000504024035763,-0.000264261674602,0.000286562310066,0.000160143201356,0.000356990087312,-0.000492524413858,-0.000192164909095],[0.0000366858839698,-0.000665704486892,-0.000105628678284,0.00376325473189,-0.00126175198238,-0.000551638775505,0.000966097984929,-0.000404486432672,0.000475474895211,-0.000828878895845,0.00170208874624,-0.000520963862073,-0.000718292198144],[-0.00000352963343175,-0.0000280711483356,-0.000780175440013,-0.00126175198238,0.00666834181175,-0.000474463682622,0.000510349404067,0.000122403856949,-0.000783055496868,-0.00139888236299,0.000370042020222,0.000214354004129,-0.000651070848107],[-0.0000433939312643,0.000209800156881,-0.000837509694975,-0.000551638775505,-0.000474463682622,0.00693469308317,-0.00293802958913,-0.0000693267647875,0.000572693475988,0.0000339359903592,-0.000926166656427,0.00108277751133,0.000562929664738],[0.0000956903895712,-0.000782744842581,0.000504024035763,0.000966097984929,0.000510349404067,-0.00293802958913,0.00992647744715,-0.00294883665629,0.00072116375668,0.000152733016876,0.000202659139177,-0.00207155873068,0.00140925962478],[-0.0000320125254802,-0.0000427898448834,-0.000264261674602,-0.000404486432672,0.000122403856949,-0.0000693267647875,-0.00294883665629,0.011100070551,-0.00231872033328,0.000670086476021,-0.000757081608754,0.00176143832505,-0.000810878234915],[0.0000190566497622,-0.000116625364171,0.000286562310066,0.000475474895211,-0.000783055496868,0.000572693475988,0.00072116375668,-0.00231872033328,0.0140173118562,-0.00360163417645,0.00069282669574,0.000783965631854,0.0000252755671681],[-0.000180783390533,0.000264661968686,0.000160143201356,-0.000828878895845,-0.00139888236299,0.0000339359903592,0.000152733016876,0.000670086476021,-0.00360163417645,0.0139019917697,-0.00405134772882,0.0000453149550594,0.00161313917488],[-0.0000327621091856,-0.000257203122601,0.000356990087312,0.00170208874624,0.000370042020222,-0.000926166656427,0.000202659139177,-0.000757081608754,0.00069282669574,-0.00405134772882,0.0158579684794,-0.0045668380335,0.000246354902629],[-0.00020507494628,0.000267146213446,-0.000492524413858,-0.000520963862073,0.000214354004129,0.00108277751133,-0.00207155873068,0.00176143832505,0.000783965631854,0.0000453149550594,-0.0045668380335,0.0176079366356,-0.00701049901545],[0.000166733268998,-0.000202759809326,-0.000192164909095,-0.000718292198144,-0.000651070848107,0.000562929664738,0.00140925962478,-0.000810878234915,0.0000252755671681,0.00161313917488,0.000246354902629,-0.00701049901545,0.0178381484002]],"mean":[-660.098510742,134.320175171,-21.081205368,13.1669902802,2.98617982864,-7.21684646606,1.84296345711,1.6575293541,-1.27393651009,-0.968535065651,-3.21536374092,-2.3527982235,-5.40973711014]},"pitch_salience":{"dmean":0.0656315162778,"dmean2":0.107044480741,"dvar":0.00332914246246,"dvar2":0.00873081292957,"max":0.943649828434,"mean":0.601365923882,"median":0.606557548046,"min":0.162410065532,"var":0.00897068250924},"silence_rate_20dB":{"dmean":0,"dmean2":0,"dvar":0,"dvar2":0,"max":1,"mean":1,"median":1,"min":1,"var":0},"silence_rate_30dB":{"dmean":0.000577256083488,"dmean2":0.00115462334361,"dvar":0.000576927210204,"dvar2":0.00173061888199,"max":1,"mean":0.99971139431,"median":1,"min":0,"var":0.000288504903438},"silence_rate_60dB":{"dmean":0.0236675012857,"dmean2":0.0473395548761,"dvar":0.0231097787619,"dvar2":0.0508672334254,"max":1,"mean":0.094564691186,"median":0,"min":0,"var":0.0856256037951},"spectral_centroid":{"dmean":203.496566772,"dmean2":307.987548828,"dvar":64985.7148438,"dvar2":124661.421875,"max":10643.1103516,"mean":1337.51586914,"median":1308.78588867,"min":243.874740601,"var":240385.578125},"spectral_complexity":{"dmean":3.60188579559,"dmean2":5.02684497833,"dvar":15.1751174927,"dvar2":25.5968379974,"max":53,"mean":20.250793457,"median":20,"min":0,"var":103.33744812},"spectral_contrast_coeffs":{"dmean":[0.0484912805259,0.0482069551945,0.039692260325,0.0332177355886,0.022197952494,0.0196117460728],"dmean2":[0.0803043693304,0.0779766067863,0.0621385462582,0.0516639240086,0.0352830141783,0.030071998015],"dvar":[0.00159576232545,0.00176776736043,0.00118861929514,0.000816499989014,0.000359517667675,0.000350982241798],"dvar2":[0.00425189547241,0.00431710202247,0.00261880736798,0.00179494300392,0.000827757117804,0.000741300347727],"max":[-0.310640186071,-0.335257709026,-0.3980473876,-0.515737831593,-0.565441966057,-0.603981435299],"mean":[-0.628313481808,-0.734832108021,-0.747416675091,-0.757906377316,-0.769387841225,-0.776447296143],"median":[-0.628251671791,-0.743703484535,-0.76337325573,-0.765914440155,-0.770548522472,-0.773349106312],"min":[-0.969647943974,-0.985519826412,-0.970127463341,-0.971781790257,-0.963769435883,-0.960617959499],"var":[0.0051449900493,0.00598902255297,0.0066457875073,0.00455956161022,0.00202506501228,0.0017498616362]},"spectral_contrast_valleys":{"dmean":[0.418714463711,0.384401381016,0.340062648058,0.320550203323,0.273149371147,0.311097532511],"dmean2":[0.678333044052,0.60295599699,0.515553951263,0.463555037975,0.374388635159,0.402560442686],"dvar":[0.15873478353,0.150692611933,0.126452863216,0.116709820926,0.110132671893,0.144826695323],"dvar2":[0.337892383337,0.302418977022,0.225820794702,0.188525900245,0.15983055532,0.213762417436],"max":[-5.50289773941,-4.45079612732,-5.01859474182,-5.67223787308,-5.95011854172,-7.52243614197],"mean":[-7.73948049545,-6.78652238846,-7.17984104156,-7.76202440262,-7.75403118134,-10.660235405],"median":[-7.44995832443,-6.55168008804,-6.94319009781,-7.54052448273,-7.51207494736,-10.4102239609],"min":[-27.4769306183,-27.0451202393,-26.7569942474,-27.345582962,-27.1770782471,-27.3192615509],"var":[1.29725599289,1.29702663422,1.29825282097,1.31146419048,1.2855181694,1.55314588547]},"spectral_decrease":{"dmean":1.57608148754e-9,"dmean2":2.28439400729e-9,"dvar":4.46008383022e-18,"dvar2":9.31474935624e-18,"max":6.83775727627e-29,"mean":-5.1542565771e-9,"median":-4.15524326058e-9,"min":-3.05410132739e-8,"var":1.71053340614e-17},"spectral_energy":{"dmean":0.00638312473893,"dmean2":0.00917712692171,"dvar":0.0000715843707439,"dvar2":0.000147634345922,"max":0.1280156672,"mean":0.0212739016861,"median":0.0170631166548,"min":1.10013664376e-20,"var":0.000289554707706},"spectral_energyband_high":{"dmean":0.000192214298295,"dmean2":0.000261291192146,"dvar":2.46022096917e-7,"dvar2":4.81329323065e-7,"max":0.0127171929926,"mean":0.000429562671343,"median":0.00018423559959,"min":7.96975191601e-21,"var":7.42505108065e-7},"spectral_energyband_low":{"dmean":0.00190242007375,"dmean2":0.00312128267251,"dvar":0.0000146432294059,"dvar2":0.0000362644896086,"max":0.0460200458765,"mean":0.0034434129484,"median":0.00232309452258,"min":7.07720628885e-23,"var":0.0000195677039301},"spectral_energyband_middle_high":{"dmean":0.00278346124105,"dmean2":0.00373547640629,"dvar":0.0000190086011571,"dvar2":0.0000344292129739,"max":0.102423027158,"mean":0.00832839217037,"median":0.00452874414623,"min":1.5169980495e-21,"var":0.000105185165012},"spectral_energyband_middle_low":{"dmean":0.00390986353159,"dmean2":0.00609179167077,"dvar":0.0000321776824421,"dvar2":0.0000774468353484,"max":0.0905665159225,"mean":0.00995391048491,"median":0.00794131029397,"min":2.80293714953e-22,"var":0.0000770223341533},"spectral_entropy":{"dmean":0.139476850629,"dmean2":0.197387069464,"dvar":0.0245633181185,"dvar2":0.0440474189818,"max":9.80467796326,"mean":7.48865365982,"median":7.49983978271,"min":5.46671581268,"var":0.145258635283},"spectral_flux":{"dmean":0.0203262809664,"dmean2":0.0304031483829,"dvar":0.000472851854283,"dvar2":0.000989666674286,"max":0.274464815855,"mean":0.0741241797805,"median":0.0671797096729,"min":1.04887397379e-10,"var":0.00188421143685},"spectral_kurtosis":{"dmean":1.96742522717,"dmean2":3.28883361816,"dvar":6.43326759338,"dvar2":17.4387321472,"max":79.9523391724,"mean":6.45210361481,"median":5.78299236298,"min":-1.45529639721,"var":15.8389835358},"spectral_rms":{"dmean":0.000655114592519,"dmean2":0.000914979144,"dvar":5.52094036266e-7,"dvar2":0.00000103611830582,"max":0.0111755691469,"mean":0.00414641434327,"median":0.00408006645739,"min":3.27613196988e-12,"var":0.00000356219788955},"spectral_rolloff":{"dmean":433.921142578,"dmean2":716.568725586,"dvar":914393.375,"dvar2":1935585.375,"max":19078.4179688,"mean":1716.72302246,"median":1442.72460938,"min":107.666015625,"var":2646676.5},"spectral_skewness":{"dmean":0.234070211649,"dmean2":0.37545761466,"dvar":0.0672693252563,"dvar2":0.158924922347,"max":6.82074117661,"mean":1.7829823494,"median":1.74753189087,"min":-0.379311621189,"var":0.242514148355},"spectral_spread":{"dmean":512368.84375,"dmean2":724926.1875,"dvar":750273036288,"dvar2":1220822040580,"max":41970424,"mean":3989435.5,"median":3629471.25,"min":793336.375,"var":3480312610820},"spectral_strongpeak":{"dmean":0.676466345787,"dmean2":1.10880434513,"dvar":1.04217553139,"dvar2":2.4333460331,"max":13.4164762497,"mean":1.31334984303,"median":0.529226958752,"min":0,"var":2.77175211906},"zerocrossingrate":{"dmean":0.00966509338468,"dmean2":0.011082992889,"dvar":0.000251257006312,"dvar2":0.000271400233032,"max":0.51416015625,"mean":0.0633313730359,"median":0.0556640625,"min":0.00634765625,"var":0.00159410294145}},"metadata":{"audio_properties":{"analysis_sample_rate":44100,"bit_rate":192000,"codec":"mp3","downmix":"mix","equal_loudness":0,"length":241.345306396,"lossless":false,"md5_encoded":"1188ff3e1a1a881b4a71b337f4722090","replay_gain":-12.2693347931,"sample_rate":44100},"tags":{"album":["Preservation Act 2"],"artist":["Kinks"],"asin":["B0002PUH9M"],"barcode":["634677980961"],"bpm":["159"],"composer":["Ray Davies"],"date":["1974"],"discnumber":["1/1"],"file_name":"08 Second-Hand Car Spiv.mp3","genre":["Rock"],"initialkey":["A"],"isrc":["USKO10403164"],"musicbrainz_albumid":["727ee667-9ff5-3f69-99ef-b7def9b7e6ba"],"musicbrainz_artistid":["17b53d9f-5c63-4a09-a593-dde4608e0db9"],"musicbrainz_recordingid":["fc3194db-2565-4455-beb2-0b316e68b2a9"],"musicbrainz_releasegroupid":["7ff726de-2dcd-3615-8a08-8e13a641a859"],"title":["Second-Hand Car Spiv"],"tracknumber":["8/23"]},"version":{"essentia":"2.1-beta2","essentia_build_sha":"cead25079874084f62182a551b7393616cd33d87","essentia_git_sha":"v2.1_beta2-1-ge3940c0","extractor":"music 1.0"}},"rhythm":{"beats_count":556,"beats_loudness":{"dmean":0.0152140315622,"dmean2":0.0267864298075,"dvar":0.000184502801858,"dvar2":0.000554258993361,"max":0.103902734816,"mean":0.0342096090317,"median":0.0326186083257,"min":3.19846066077e-7,"var":0.000343588762917},"beats_loudness_band_ratio":{"dmean":[0.211239218712,0.0880851298571,0.136670604348,0.173686861992,0.0813349932432,0.032420117408],"dmean2":[0.399297654629,0.153155088425,0.240609765053,0.315259575844,0.1469322294,0.0587780177593],"dvar":[0.0273761078715,0.00584666943178,0.0167032293975,0.0317022055387,0.0055712563917,0.00175581441727],"dvar2":[0.0965445637703,0.0162594877183,0.0494996421039,0.0909771323204,0.017516201362,0.00506522972137],"max":[0.809212565422,0.718099832535,0.93086630106,0.897706031799,0.454564481974,0.406545341015],"mean":[0.264050960541,0.14897