{"lowlevel":{"average_loudness":0.304156184196,"barkbands":{"dmean":[0.00181923864875,0.0047396523878,0.000906614935957,0.000321484752931,0.000462017720565,0.00027365249116,0.000175603592652,0.000126464918139,0.000364022591384,0.00046079425374,0.000480281363707,0.000751668238081,0.000430326123023,0.000290063966531,0.000381056976039,0.0002224790951,0.000278304709354,0.000187449521036,0.000125639460748,0.0000943505583564,0.0000763877760619,0.0000541506560694,0.000028333546652,0.00000703946898284,0.00000298872237181,0.0000169909708347,0.000230761739658],"dmean2":[0.00299458578229,0.00781366601586,0.00158734305296,0.000550071999896,0.000747194571886,0.000455179979326,0.000292037730105,0.000216319720494,0.000605701643508,0.00076915055979,0.000803677598014,0.00128424528521,0.000735312525649,0.000503634451889,0.000647329143248,0.000368777429685,0.000446224788902,0.000295035715681,0.000190769918845,0.000142107441206,0.000114274320367,0.0000796783788246,0.0000399250457122,0.0000104399287011,0.00000459019156551,0.0000242812875513,0.000359321507858],"dvar":[0.0000201543298317,0.000142919030623,0.0000069837801675,4.78324068354e-7,9.04330363483e-7,4.92849210332e-7,2.16494143501e-7,6.80465248593e-8,4.81378265249e-7,7.40877112548e-7,0.00000122020287563,0.00000382198868465,8.83558868736e-7,4.09977218396e-7,6.44732722321e-7,3.08632337465e-7,5.35337221663e-7,3.94771006995e-7,1.46367810316e-7,7.37215017921e-8,4.69474699116e-8,2.25985807845e-8,8.58070681176e-9,8.95541474311e-10,1.25046792365e-10,2.74492850671e-9,2.01976888548e-7],"dvar2":[0.0000543528331036,0.000371482194168,0.0000198049910978,0.00000130701300805,0.00000229750776271,0.00000129133104565,5.30581246494e-7,1.87745413882e-7,0.0000012370709328,0.00000198458928935,0.00000320028539136,0.0000110552100523,0.00000250696939474,0.00000119672472465,0.00000181232769592,7.81519077009e-7,0.00000136931237193,9.66841525951e-7,3.1744093576e-7,1.486553316e-7,9.67333022572e-8,4.79928168318e-8,1.60839697116e-8,1.71693270712e-9,2.68262190239e-10,4.88236073792e-9,5.00342480336e-7],"max":[0.112135097384,0.196814060211,0.0605512410402,0.0216955915093,0.0146844433621,0.0144782438874,0.0128301233053,0.00530953751877,0.00918394699693,0.0223677605391,0.0230408143252,0.0351949669421,0.0279533490539,0.0125718638301,0.0149576282129,0.0172533150762,0.0231256280094,0.020392620936,0.0128958057612,0.0148306470364,0.00719344848767,0.00440070871264,0.00345261814073,0.00112106220331,0.000264670263277,0.00199761334807,0.0118354698643],"mean":[0.00215180660598,0.00645321141928,0.00105566519778,0.000418770330725,0.000732347078156,0.000420320109697,0.00027273996966,0.000173513661139,0.000527709722519,0.000747630489059,0.00082161341561,0.00140193884727,0.000811052916106,0.000569266383536,0.000787812459748,0.00047134043416,0.00059124402469,0.000396427873056,0.000292621232802,0.000234647741308,0.000206389027881,0.000147970786202,0.0000613911906839,0.00000915457530937,0.00000339880739375,0.0000329676258843,0.000969965883996],"median":[0.000388915796066,0.00101721263491,0.00028602295788,0.000114824768389,0.000143167271744,0.000077416523709,0.0000848005802254,0.0000620363425696,0.00021180085605,0.000205450633075,0.00016774085816,0.0002607559436,0.000134153233375,0.0000924046544242,0.000065615568019,0.0000442243326688,0.0000461311283289,0.0000146899756146,0.00000928889039642,0.0000085904257503,0.00000844648729981,0.00000149502625391,6.827323773e-7,2.98948407362e-7,3.93839883372e-7,0.00000107746711819,0.000108310050564],"min":[4.13993956541e-25,2.11163273186e-24,1.57604183254e-24,1.04466305602e-24,3.31405869981e-24,6.59857455871e-24,1.17490103324e-23,9.73507052951e-24,1.49910235491e-23,1.57538804434e-23,9.83426347746e-24,2.3338489324e-23,2.93922221102e-23,3.34117492568e-23,4.51620564765e-23,6.23096679683e-23,5.88167938283e-23,8.2090841105e-23,1.42439867869e-22,1.9515272738e-22,2.32225630585e-22,3.20397939248e-22,3.83147949374e-22,5.20099503666e-22,8.27879253014e-22,1.20250846387e-21,1.83908846774e-21],"var":[0.0000259758562606,0.000222561808187,0.00000669422570354,6.98922008269e-7,0.00000183793042652,9.69888560576e-7,4.51116619615e-7,9.13156696924e-8,6.99633062595e-7,0.00000145529259044,0.00000254784322351,0.0000088078159024,0.0000019137057734,0.00000101409841591,0.0000018340601855,7.97999916813e-7,0.00000148421474933,0.00000113309738481,5.92860203597e-7,3.14036469717e-7,2.30520754485e-7,1.13833088733e-7,3.0757423275e-8,1.49572254582e-9,1.6174925288e-10,8.08531552821e-9,0.00000231402782447]},"barkbands_crest":{"dmean":3.0292994976,"dmean2":4.9660410881,"dvar":6.76703357697,"dvar2":17.5226554871,"max":25.9846668243,"mean":9.65919876099,"median":8.74715423584,"min":2.32947826385,"var":19.8388462067},"barkbands_flatness_db":{"dmean":0.0267863515764,"dmean2":0.0429392084479,"dvar":0.000635295931716,"dvar2":0.00162610120606,"max":0.446727633476,"mean":0.141186252236,"median":0.132584020495,"min":0.0264102108777,"var":0.0035243735183},"barkbands_kurtosis":{"dmean":3.96421384811,"dmean2":6.540766716,"dvar":98.657661438,"dvar2":256.128753662,"max":265.803863525,"mean":5.03490877151,"median":1.59733915329,"min":-1.68757402897,"var":153.026123047},"barkbands_skewness":{"dmean":0.638565540314,"dmean2":1.02202105522,"dvar":0.568083643913,"dvar2":1.42219150066,"max":12.1794452667,"mean":1.32463014126,"median":1.05618155003,"min":-2.63050985336,"var":2.02044939995},"barkbands_spread":{"dmean":7.12884664536,"dmean2":11.5361757278,"dvar":47.1031723022,"dvar2":114.504837036,"max":94.6032409668,"mean":32.1504058838,"median":29.6535758972,"min":0.656062483788,"var":315.042877197},"dissonance":{"dmean":0.019342713058,"dmean2":0.0334432199597,"dvar":0.000669856090099,"dvar2":0.00190635467879,"max":0.499999970198,"mean":0.474620580673,"median":0.485477685928,"min":0.17484164238,"var":0.000956787029281},"dynamic_complexity":7.90473842621,"erbbands":{"dmean":[0.225734770298,0.822680950165,1.07921814919,0.996856212616,1.346118927,1.65058100224,1.71515107155,2.60034298897,2.32654166222,2.60174465179,3.50097537041,7.98042154312,10.9249477386,16.4531097412,21.6987094879,30.1285171509,19.169757843,13.701631546,19.4037418365,13.5770320892,11.962594986,14.5193300247,10.5759334564,7.43616247177,5.6950917244,4.40068101883,3.32193040848,2.89154887199,2.12077498436,1.28410887718,0.740568816662,0.280756741762,0.0545633435249,0.0430068559945,0.0172803997993,0.0232045911252,0.0328277088702,0.0323095060885,0.0131333693862,0.0050259726122],"dmean2":[0.379591912031,1.34065008163,1.85816419125,1.69304609299,2.2348575592,2.67088913918,2.78474760056,4.35858631134,3.79489612579,4.37923812866,5.95361185074,13.2100286484,18.2720222473,27.392583847,36.3373756409,51.3555526733,32.6800537109,23.4877967834,33.2562408447,22.7134742737,19.4548549652,23.0784568787,16.3493289948,11.3748912811,8.45543479919,6.68200874329,4.977455616,4.29862689972,3.17532587051,1.80876946449,1.05810892582,0.398053050041,0.0824245885015,0.0654936432838,0.0270167589188,0.0359361991286,0.0455414503813,0.0441036075354,0.0178743023425,0.0078185275197],"dvar":[0.373614490032,3.89874458313,9.31780147552,4.46960401535,10.5149087906,15.9087877274,16.668264389,50.8574943542,40.8104629517,32.4867858887,49.4479179382,293.786895752,382.196014404,1188.71606445,2664.29248047,6597.76318359,1785.07531738,969.35144043,1833.19824219,853.358154297,979.442687988,1580.10339355,1251.57519531,554.219665527,290.262329102,184.151977539,94.3314208984,68.6988372803,33.885181427,14.1542749405,6.73211050034,1.36679255962,0.0438981428742,0.0331050828099,0.00319602363743,0.0103577924892,0.0143298320472,0.0085852490738,0.00122182606719,0.0000742436313885],"dvar2":[0.956395804882,10.3488292694,25.9706363678,12.4557352066,27.846364975,40.0441513062,42.4708709717,135.524993896,98.2310180664,83.2166137695,137.242584229,740.241943359,1028.27966309,3267.66040039,7148.12841797,19273.4160156,5104.64111328,2762.21801758,5170.33203125,2253.74023438,2498.90625,3928.05371094,3021.2668457,1299.08776855,618.773742676,404.021911621,195.319580078,151.751571655,72.9209976196,26.2175426483,12.8726139069,2.55347824097,0.083783686161,0.0700058415532,0.00700197042897,0.0233984030783,0.0249203722924,0.0151656074449,0.00204818043858,0.000183214215213],"max":[10.2506971359,33.7245521545,66.9444503784,45.2421646118,77.9748764038,84.5909500122,89.1187515259,140.369781494,187.025039673,143.68977356,172.35508728,248.721466064,493.478393555,796.07824707,874.949951172,1647.00976562,1348.69677734,791.863037109,1215.28881836,652.920959473,1154.07922363,1333.54675293,1095.14404297,678.406494141,589.057983398,767.610290527,442.148986816,281.339538574,163.568252563,122.716392517,104.125396729,39.0626487732,9.50682449341,4.44590997696,1.14741539955,2.33804559708,4.12198066711,2.94775891304,1.59875226021,0.209262415767],"mean":[0.279820114374,1.0869615078,1.3617054224,1.4069890976,1.95594513416,2.45669722557,2.59602427483,3.85896062851,3.71246933937,3.91517901421,5.22121906281,11.2651596069,18.1317310333,28.9909381866,41.1012992859,57.0088272095,39.7997169495,30.3493938446,40.6753845215,32.1346969604,27.4110012054,32.480670929,23.6553516388,17.1276893616,13.7112932205,10.9704637527,8.98338222504,7.60828495026,5.71552610397,3.19659566879,1.53014218807,0.43582674861,0.0690551400185,0.0495184101164,0.0199324674904,0.0277834776789,0.0626469403505,0.0980997383595,0.0516156740487,0.0249740481377],"median":[0.0395032167435,0.156451880932,0.341031223536,0.434026509523,0.414029955864,0.407299280167,0.515832781792,0.677467107773,0.917708456516,1.55874145031,2.11228108406,4.17428207397,7.23312664032,7.42587661743,9.69808959961,9.51134204865,6.26554203033,5.69996786118,3.71360230446,3.2656826973,2.69123196602,2.67024159431,1.18035387993,0.496238291264,0.489433258772,0.427132517099,0.442868202925,0.174683123827,0.0626840591431,0.0230215229094,0.0206140782684,0.00960198882967,0.00639415113255,0.00466408021748,0.00298328464851,0.00224441708997,0.00214505684562,0.00162874290254,0.00305330497213,0.00575005309656],"min":[7.69294945961e-23,6.66443980579e-22,1.30036346585e-21,5.18843101941e-21,1.47273934289e-20,1.43024681633e-20,6.73180714375e-20,8.13413160609e-20,1.28146781723e-19,2.76723709654e-19,1.94350246672e-19,3.51335866195e-19,3.47414151212e-19,4.22496508233e-19,7.94903197871e-19,9.52685831764e-19,1.30054381707e-18,2.16575571265e-18,2.06248779664e-18,2.49730024871e-18,3.34432037467e-18,4.15857980567e-18,4.2451132375e-18,6.72569554565e-18,7.55591025669e-18,8.30800354914e-18,8.99117284422e-18,1.04378869202e-17,1.10784613768e-17,9.68326493658e-18,1.12922519964e-17,1.08424990081e-17,8.35071005698e-18,8.41258978424e-18,5.68191107225e-18,4.10183107974e-18,2.38518873798e-18,8.91608573091e-19,2.45057995034e-19,2.53369557528e-20],"var":[0.536807000637,5.72009754181,9.60124969482,6.67835330963,18.5135688782,29.8134479523,32.0284614563,94.9838180542,90.0574874878,60.9181022644,71.5022659302,387.951873779,738.879943848,2266.12841797,6381.15722656,14299.9296875,4317.12695312,2631.36474609,5047.80810547,3037.91674805,2541.11035156,4488.8359375,3734.96508789,2055.7902832,1141.41174316,702.225219727,457.736419678,305.296264648,166.406677246,65.7900772095,20.818944931,2.72918391228,0.067259028554,0.0430775657296,0.00404861150309,0.0120884794742,0.0369122177362,0.050415456295,0.0109781324863,0.001186639769]},"erbbands_crest":{"dmean":2.80352377892,"dmean2":4.69536304474,"dvar":7.07963609695,"dvar2":18.4813652039,"max":32.5523872375,"mean":10.0456628799,"median":8.82225608826,"min":2.51186585426,"var":24.0839958191},"erbbands_flatness_db":{"dmean":0.0258152056485,"dmean2":0.0409622117877,"dvar":0.000582524458878,"dvar2":0.00153529143427,"max":0.412239283323,"mean":0.178031280637,"median":0.169720709324,"min":0.0419730991125,"var":0.00260459049605},"erbbands_kurtosis":{"dmean":2.35431003571,"dmean2":3.84826087952,"dvar":37.9914054871,"dvar2":93.7455596924,"max":173.570983887,"mean":3.63246464729,"median":1.55503177643,"min":-1.67371976376,"var":82.3423156738},"erbbands_skewness":{"dmean":0.461652815342,"dmean2":0.747446000576,"dvar":0.23569881916,"dvar2":0.609836518764,"max":8.68643951416,"mean":-0.137269228697,"median":-0.173115745187,"min":-3.97882819176,"var":0.927472710609},"erbbands_spread":{"dmean":4.8840970993,"dmean2":7.93286514282,"dvar":25.5835762024,"dvar2":66.8270721436,"max":91.6019439697,"mean":18.9833908081,"median":17.9271316528,"min":0.608016729355,"var":89.3348693848},"gfcc":{"cov":[[33764.8789062,-2038.29077148,-3431.57714844,2170.91796875,275.913665771,-1237.75195312,1073.7401123,-1168.37841797,658.644775391,424.538452148,-172.177856445,784.333007812,-254.806808472],[-2038.29077148,1361.66711426,303.345153809,-596.879150391,81.4532928467,92.0934524536,-162.650299072,127.674446106,-72.9440994263,-73.8548431396,68.8446655273,-210.7865448,167.442810059],[-3431.57714844,303.345153809,851.526000977,-322.815216064,-207.605117798,370.045288086,-239.135757446,200.782928467,-136.511154175,20.8964557648,41.6014328003,-110.813346863,42.5620498657],[2170.91796875,-596.879150391,-322.815216064,713.116027832,126.784477234,-197.535232544,215.026260376,-224.707183838,118.383384705,29.9156990051,-52.4791297913,165.159805298,-133.482162476],[275.913665771,81.4532928467,-207.605117798,126.784477234,406.845123291,0.953230619431,44.1877250671,-45.269657135,67.273727417,-30.6178283691,-2.87843060493,-17.0693740845,16.6527748108],[-1237.75195312,92.0934524536,370.045288086,-197.535232544,0.953230619431,406.444946289,-126.428108215,100.432098389,-61.8264846802,-9.63830566406,17.2654628754,-56.5228462219,11.4071559906],[1073.7401123,-162.650299072,-239.135757446,215.026260376,44.1877250671,-126.428108215,307.074798584,-113.234924316,94.9030914307,-24.1226863861,-16.1905117035,81.7774887085,-58.4506187439],[-1168.37841797,127.674446106,200.782928467,-224.707183838,-45.269657135,100.432098389,-113.234924316,289.719787598,-34.0489234924,27.8466949463,20.5266990662,-96.8215789795,85.1220169067],[658.644775391,-72.9440994263,-136.511154175,118.383384705,67.273727417,-61.8264846802,94.9030914307,-34.0489234924,191.501831055,4.25534248352,-19.7226104736,57.2638053894,-40.3553504944],[424.538452148,-73.8548431396,20.8964557648,29.9156990051,-30.6178283691,-9.63830566406,-24.1226863861,27.8466949463,4.25534248352,128.70954895,33.2450561523,-8.72739028931,21.0908031464],[-172.177856445,68.8446655273,41.6014328003,-52.4791297913,-2.87843060493,17.2654628754,-16.1905117035,20.5266990662,-19.7226104736,33.2450561523,77.7608032227,5.7676024437,20.2600269318],[784.333007812,-210.7865448,-110.813346863,165.159805298,-17.0693740845,-56.5228462219,81.7774887085,-96.8215789795,57.2638053894,-8.72739028931,5.7676024437,134.271942139,-35.8778648376],[-254.806808472,167.442810059,42.5620498657,-133.482162476,16.6527748108,11.4071559906,-58.4506187439,85.1220169067,-40.3553504944,21.0908031464,20.2600269318,-35.8778648376,126.593154907]],"icov":[[0.0000735877983971,-0.0000812009529909,0.000394956063246,-0.000169815917616,0.000204316500458,-0.000236334788497,0.0000177416113729,0.000059434933064,-0.0000113391542982,-0.000315590354148,0.000122097757412,-0.000110406064778,-0.0000955459909164],[-0.0000812009529909,0.00208046287298,-0.0012806103332,0.00134455785155,-0.000776131812017,0.00111465388909,-0.00011791716679,0.00132781651337,-0.0011388984276,0.00194303365424,-0.00197790004313,0.0026937071234,-0.0016193788033],[0.000394956063246,-0.0012806103332,0.00548645155504,-0.00193988112733,0.00303521892056,-0.00396767165512,0.0010066065006,-0.000690135755576,0.000329438480549,-0.00170920463279,0.00000953104608925,-0.0000910286471481,-0.00015171461564],[-0.000169815917616,0.00134455785155,-0.00193988112733,0.00523709272966,-0.00303848274052,0.0024553432595,-0.00112734304275,0.00071918341564,0.000719656643923,-0.00173545232974,0.00240656500682,-0.00293460022658,0.00253011472523],[0.000204316500458,-0.000776131812017,0.00303521892056,-0.00303848274052,0.00575676606968,-0.00302428356372,0.000696166360285,0.000851981516462,-0.00222721672617,0.00165833043866,-0.00250165723264,0.00383745878935,-0.00302101881243],[-0.000236334788497,0.00111465388909,-0.00396767165512,0.0024553432595,-0.00302428356372,0.00630134670064,-0.00000418880699726,-0.000265335664153,0.000551105535123,0.000893579446711,0.000189482510905,-0.000802858965471,0.00174835324287],[0.0000177416113729,-0.00011791716679,0.0010066065006,-0.00112734304275,0.000696166360285,-0.00000418880699726,0.0053606913425,0.000449644081527,-0.00161201052833,0.00136746594217,-0.00116720306687,-0.0000515531173733,0.000176638233825],[0.000059434933064,0.00132781651337,-0.000690135755576,0.00071918341564,0.000851981516462,-0.000265335664153,0.000449644081527,0.0075095910579,-0.00281069613993,0.000987193081528,-0.00230764853768,0.00552674243227,-0.00470115803182],[-0.0000113391542982,-0.0011388984276,0.000329438480549,0.000719656643923,-0.00222721672617,0.000551105535123,-0.00161201052833,-0.00281069613993,0.00940177682787,-0.00376211269759,0.00481772329658,-0.00669630244374,0.00447563268244],[-0.000315590354148,0.00194303365424,-0.00170920463279,-0.00173545232974,0.00165833043866,0.000893579446711,0.00136746594217,0.000987193081528,-0.00376211269759,0.0149952024221,-0.00949215888977,0.0077988547273,-0.00475967675447],[0.000122097757412,-0.00197790004313,0.00000953104608925,0.00240656500682,-0.00250165723264,0.000189482510905,-0.00116720306687,-0.00230764853768,0.00481772329658,-0.00949215888977,0.0219470094889,-0.0106959789991,0.0032944327686],[-0.000110406064778,0.0026937071234,-0.0000910286471481,-0.00293460022658,0.00383745878935,-0.000802858965471,-0.0000515531173733,0.00552674243227,-0.00669630244374,0.0077988547273,-0.0106959789991,0.0221139993519,-0.00647614151239],[-0.0000955459909164,-0.0016193788033,-0.00015171461564,0.00253011472523,-0.00302101881243,0.00174835324287,0.000176638233825,-0.00470115803182,0.00447563268244,-0.00475967675447,0.0032944327686,-0.00647614151239,0.0159073136747]],"mean":[-97.7348327637,91.4971008301,-101.849655151,-14.7953596115,1.78504884243,-1.81916975975,10.7782115936,-13.8512554169,-2.56068897247,-9.94454193115,-6.30325555801,-3.1261408329,-1.82024550438]},"hfc":{"dmean":22.7296123505,"dmean2":36.4589157104,"dvar":1178.29406738,"dvar2":3075.31347656,"max":737.919799805,"mean":104.414352417,"median":41.1805877686,"min":1.05994599438e-16,"var":14846.7539062},"melbands":{"dmean":[0.0016364606563,0.000688435859047,0.000173910419107,0.000106483457785,0.000061421567807,0.000055812568462,0.0000357263088517,0.000026881814847,0.0000324587490468,0.0000544289541722,0.0000565350674151,0.0000687967039994,0.000068828878284,0.0000831984652905,0.000067566994403,0.0000387810468965,0.0000269702632067,0.0000319849787047,0.0000273619625659,0.0000158386301337,0.0000157962440426,0.0000176805733645,0.0000124057596622,0.00000923764673644,0.00000639999007035,0.00000491847094963,0.00000407902598454,0.00000304174659504,0.00000230508021559,0.00000215829982153,0.00000177415233793,0.0000013751929373,0.00000102171702565,7.08751770162e-7,5.25001382812e-7,3.00479371163e-7,1.36064386425e-7,3.99280608576e-8,2.96463120719e-8,3.88861707279e-8],"dmean2":[0.0027090839576,0.00114638498053,0.000294672994642,0.000173319960595,0.0000996640737867,0.0000928565641516,0.0000583603832638,0.0000452485037385,0.000055503744079,0.0000904154585442,0.0000946584477788,0.000114977301564,0.000114366295747,0.000141578639159,0.000115813723824,0.0000662646998535,0.0000464361000923,0.0000547164345335,0.0000462682874058,0.0000262435005425,0.0000258643285633,0.0000284959933197,0.0000197040444618,0.0000144439791256,0.0000100560691862,0.00000763484877098,0.00000629611986369,0.00000479139453091,0.00000353699306288,0.00000335108870786,0.00000271532417173,0.00000210177950066,0.00000155089060172,0.00000102785440959,7.74665636527e-7,4.39402356278e-7,1.99598815698e-7,6.17647515355e-8,4.64229081842e-8,5.94618398964e-8],"dvar":[0.0000176169942279,0.00000273631371783,1.31972242912e-7,5.31921635627e-8,1.82551520567e-8,2.23447198522e-8,9.6048617948e-9,3.17807913319e-9,4.06251743357e-9,1.29417037087e-8,1.01190638091e-8,2.05087644645e-8,2.48889548971e-8,4.77926356268e-8,2.68246953539e-8,6.87751811057e-9,4.03637434587e-9,4.95305751969e-9,3.21496629319e-9,1.47006884443e-9,1.90896543018e-9,2.22772378322e-9,1.3322255521e-9,1.07368480773e-9,4.44253522858e-10,2.15404749593e-10,1.36525485361e-10,9.76036057532e-11,4.47689697813e-11,3.8924672513e-11,2.83821681435e-11,1.4321369611e-11,8.35383758696e-12,4.60396738095e-12,3.24547615345e-12,1.3564464222e-12,3.8096563122e-13,3.76412429329e-14,1.02377458792e-14,3.15035744345e-14],"dvar2":[0.0000451019004686,0.00000746814930608,3.63085860045e-7,1.35627217901e-7,4.60736053753e-8,5.83681369903e-8,2.32044232717e-8,8.28749868731e-9,1.12714841904e-8,3.28339666567e-8,2.73203824008e-8,5.59854917981e-8,6.49172307021e-8,1.38373408731e-7,7.7982669211e-8,1.91850588749e-8,1.1687047774e-8,1.402119576e-8,9.13766751154e-9,3.65425179005e-9,4.9874313568e-9,5.67746871738e-9,3.2700029351e-9,2.64306265763e-9,1.1151884971e-9,4.82158923898e-10,3.03627845089e-10,2.38175063005e-10,9.5372036657e-11,8.78456057896e-11,6.81959974602e-11,3.26399393624e-11,1.86934426272e-11,9.14383586209e-12,6.63200397377e-12,2.83425214721e-12,7.65752478787e-13,7.63972896447e-14,2.2556529737e-14,6.765331432e-14],"max":[0.0661597922444,0.0291028134525,0.00943397264928,0.00358410226181,0.00234451377764,0.00336402771063,0.00252994289622,0.00129382428713,0.0016631053295,0.00152483431157,0.00241290847771,0.0035787736997,0.00301406322978,0.00317388726398,0.00271079316735,0.00251662521623,0.00149789568968,0.00229467474855,0.00109744595829,0.00107410305645,0.00177186389919,0.001470318879,0.00111630721949,0.00108318810817,0.00061795237707,0.000516414409503,0.000541745394003,0.000555673846975,0.000322971114656,0.000214684245293,0.000203796065762,0.0000956642907113,0.0000943138002185,0.0000656823249301,0.000068017783633,0.0000327965099132,0.0000248121978075,0.00000998925133899,0.00000212041095438,0.00000450140987596],"mean":[0.00223637069575,0.000966114166658,0.000261679524556,0.000161846051924,0.000095668459835,0.0000846268521855,0.0000579677034693,0.0000403266349167,0.0000468149628432,0.0000753692802391,0.0000916707649594,0.000115734110295,0.000124895930639,0.000155019006343,0.000123731530039,0.0000731781037757,0.0000532189260412,0.0000627976405667,0.000056235712691,0.0000335978184012,0.0000321512488881,0.0000355334777851,0.0000255197792285,0.0000183196425496,0.0000133929943331,0.0000107229679998,0.00000881199048308,0.00000688528689352,0.00000560469879929,0.00000509158871864,0.00000422033053837,0.00000344306477018,0.0000023459977001,0.00000155055749929,9.98953396447e-7,4.68990862146e-7,1.71468556687e-7,4.38323048968e-8,3.33021112908e-8,4.30010693719e-8],"median":[0.000385211693356,0.000202345967409,0.0000808456752566,0.0000303335200442,0.0000181345058081,0.0000149921515913,0.0000157318754646,0.0000159537175932,0.0000182549774763,0.0000277738345176,0.0000356757300324,0.0000285893002001,0.0000281540578726,0.0000331359842676,0.0000138817804327,0.0000134247929964,0.00000966776315181,0.00000584452300245,0.0000051075517149,0.00000300095871353,0.00000287031730295,0.000002881552291,0.00000149249274273,5.48733964933e-7,3.21152299421e-7,3.5122516806e-7,3.233562893e-7,2.40989919575e-7,2.97733180332e-7,1.58799892347e-7,6.71131488161e-8,3.37697301234e-8,1.59346669193e-8,8.54039328146e-9,9.77339542629e-9,8.41453129397e-9,3.21561866024e-9,2.96603563932e-9,3.53185813928e-9,3.58278007262e-9],"min":[1.4083573184e-24,8.29104447086e-25,1.4712392947e-24,1.23197630303e-24,2.03948942992e-24,1.66041967686e-24,2.64644827951e-24,2.32569723824e-24,8.54666794466e-25,2.20761047997e-24,1.42239135111e-24,1.64904844412e-24,2.17241229524e-24,3.22258120594e-24,1.64843234376e-24,2.11726914302e-24,2.67548151627e-24,1.85620469834e-24,3.07394127317e-24,3.8690310241e-24,3.28373449218e-24,3.54094811235e-24,3.28021735583e-24,3.99415540772e-24,5.1681748889e-24,5.01818679284e-24,4.57899400588e-24,4.79366435744e-24,3.62445732221e-24,4.76380084458e-24,5.80333650193e-24,5.96602841401e-24,5.53339934422e-24,5.51143666776e-24,5.41115903607e-24,4.92795727693e-24,5.66461767833e-24,5.14407755483e-24,6.17621093588e-24,6.98572855833e-24],"var":[0.0000277173476206,0.00000370719931198,2.16168530187e-7,1.01682104514e-7,3.77513771355e-8,4.40591136908e-8,2.14427462453e-8,5.85464521308e-9,5.86010351356e-9,1.70858154291e-8,1.94128979558e-8,3.79958180474e-8,5.70764093766e-8,1.11523476676e-7,5.59438930736e-8,1.50310892622e-8,9.35877597641e-9,1.26049002347e-8,9.09196717913e-9,4.18225543086e-9,4.01443767117e-9,5.5291096146e-9,3.75376085771e-9,2.80838463596e-9,1.36204270085e-9,7.42841455015e-10,4.56028187434e-10,2.99914981738e-10,1.86707038718e-10,1.48362336305e-10,9.90631812692e-11,6.21920639987e-11,3.15555324926e-11,1.77567474613e-11,9.33280969867e-12,2.72738862744e-12,5.92757125936e-13,4.84171147727e-14,1.28930052805e-14,3.95423643373e-14]},"melbands_crest":{"dmean":4.68496704102,"dmean2":7.75510549545,"dvar":16.2336730957,"dvar2":42.6597213745,"max":38.4851303101,"mean":15.7118587494,"median":14.7350263596,"min":1.13266813755,"var":49.3604660034},"melbands_flatness_db":{"dmean":0.0359227769077,"dmean2":0.0574164390564,"dvar":0.00101723475382,"dvar2":0.00256991083734,"max":0.603974163532,"mean":0.243497699499,"median":0.24121107161,"min":0.0000867267808644,"var":0.00700837187469},"melbands_kurtosis":{"dmean":5.17439556122,"dmean2":8.63224983215,"dvar":130.104324341,"dvar2":345.368041992,"max":363.353057861,"mean":5.58605194092,"median":1.14234399796,"min":-1.82577502728,"var":202.580886841},"melbands_skewness":{"dmean":0.845393061638,"dmean2":1.36584436893,"dvar":0.737129092216,"dvar2":1.92177927494,"max":16.2169589996,"mean":1.59465134144,"median":1.29217112064,"min":-4.37975692749,"var":2.84375858307},"melbands_spread":{"dmean":8.22443294525,"dmean2":13.1068840027,"dvar":82.0632705688,"dvar2":182.872436523,"max":162.940704346,"mean":31.3150291443,"median":26.4022254944,"min":0.38467285037,"var":508.630004883},"mfcc":{"cov":[[21501.2050781,-623.624755859,-3565.35791016,2846.95483398,-1151.95288086,1196.79638672,-884.246826172,231.062255859,-352.416381836,161.919891357,78.0645980835,-30.641746521,101.011520386],[-623.624755859,1684.27246094,134.205184937,-506.045166016,275.642486572,-227.795593262,164.81867981,-187.658477783,163.515365601,43.8304634094,-28.7516536713,73.0898513794,-29.066318512],[-3565.35791016,134.205184937,1204.11132812,-683.787597656,152.338943481,-155.858474731,138.943878174,-20.2370567322,-10.5373630524,2.46481490135,-35.2207565308,28.2060947418,-6.01328897476],[2846.95483398,-506.045166016,-683.787597656,907.726623535,-255.521057129,220.65486145,-156.148864746,68.7845458984,-63.199005127,-19.1143436432,43.5749740601,-32.4009208679,9.79192066193],[-1151.95288086,275.642486572,152.338943481,-255.521057129,420.063354492,-13.0623617172,87.628692627,-41.7394332886,62.1441345215,14.1772918701,1.79566264153,17.1864681244,-8.68963623047],[1196.79638672,-227.795593262,-155.858474731,220.65486145,-13.0623617172,419.921478271,-68.5927886963,120.151130676,-86.2144927979,21.549665451,-6.89850711823,-19.8740024567,19.8649902344],[-884.246826172,164.81867981,138.943878174,-156.148864746,87.628692627,-68.5927886963,223.285888672,-43.1095657349,35.6401405334,-20.6098556519,-3.96976256371,11.5394153595,2.39936065674],[231.062255859,-187.658477783,-20.2370567322,68.7845458984,-41.7394332886,120.151130676,-43.1095657349,201.026504517,-11.6111402512,39.732963562,-5.44772148132,-18.7470474243,-2.44867801666],[-352.416381836,163.515365601,-10.5373630524,-63.199005127,62.1441345215,-86.2144927979,35.6401405334,-11.6111402512,148.835739136,10.429101944,34.8592643738,1.89737212658,-11.9987049103],[161.919891357,43.8304634094,2.46481490135,-19.1143436432,14.1772918701,21.549665451,-20.6098556519,39.732963562,10.429101944,121.083053589,11.8133525848,19.3961753845,-10.8563146591],[78.0645980835,-28.7516536713,-35.2207565308,43.5749740601,1.79566264153,-6.89850711823,-3.96976256371,-5.44772148132,34.8592643738,11.8133525848,109.097892761,3.56665301323,7.66621494293],[-30.641746521,73.0898513794,28.2060947418,-32.4009208679,17.1864681244,-19.8740024567,11.5394153595,-18.7470474243,1.89737212658,19.3961753845,3.56665301323,80.0459136963,10.6139163971],[101.011520386,-29.066318512,-6.01328897476,9.79192066193,-8.68963623047,19.8649902344,2.39936065674,-2.44867801666,-11.9987049103,-10.8563146591,7.66621494293,10.6139163971,63.5777168274]],"icov":[[0.000146451347973,-0.000100023891719,0.000283082918031,-0.000152269480168,0.000215312058572,-0.000226725300308,0.000195553977392,0.0000770951010054,0.000154861700139,-0.000178678223165,-0.00000516716954735,-0.0000707256185706,-0.000121178185509],[-0.000100023891719,0.00102255982347,0.0000505416028318,0.000596647034399,-0.000304764282191,0.000107469611976,-0.000353338458808,0.000649026944302,-0.000830712902825,-0.000273718149401,0.000437190930825,-0.000428824307164,0.000317751953844],[0.000283082918031,0.0000505416028318,0.00215959642082,0.00103196722921,0.00046028115321,-0.000309003458824,0.0000275983602478,-0.0000748191450839,0.000885321758687,-0.00023775389127,-0.000176650952199,-0.00043283944251,-0.00000575191597818],[-0.000152269480168,0.000596647034399,0.00103196722921,0.0030468585901,0.000660356890876,-0.000559454434551,0.0000989093387034,0.00013085239334,-0.000081704762124,0.000608358997852,-0.00073061574949,-0.000192603009054,0.000618119898718],[0.000215312058572,-0.000304764282191,0.00046028115321,0.000660356890876,0.0036768624559,-0.00130675849505,-0.000325620814692,0.000762535899412,-0.000912391929887,-0.000421057164203,-0.000135545968078,-0.000324600172462,0.00023935821082],[-0.000226725300308,0.000107469611976,-0.000309003458824,-0.000559454434551,-0.00130675849505,0.00429681735113,-0.0000996238959488,-0.00216609006748,0.001916637877,-0.0000769611651776,-0.0000672816750011,0.000645606312901,-0.000885622517671],[0.000195553977392,-0.000353338458808,0.0000275983602478,0.0000989093387034,-0.000325620814692,-0.0000996238959488,0.00594238610938,0.0004397034063,-0.000545052986126,0.000849505886436,0.000111666275188,-0.000397651427193,-0.000610443239566],[0.0000770951010054,0.000649026944302,-0.0000748191450839,0.00013085239334,0.000762535899412,-0.00216609006748,0.0004397034063,0.00752612808719,-0.00163759605493,-0.00253717042506,0.00103314430453,0.0011015641503,0.000150526553625],[0.000154861700139,-0.000830712902825,0.000885321758687,-0.000081704762124,-0.000912391929887,0.001916637877,-0.000545052986126,-0.00163759605493,0.0103901969269,-0.000327696325257,-0.00334702106193,0.000703081605025,0.000895573291928],[-0.000178678223165,-0.000273718149401,-0.00023775389127,0.000608358997852,-0.000421057164203,-0.0000769611651776,0.000849505886436,-0.00253717042506,-0.000327696325257,0.010583457537,-0.00146420649253,-0.00292899273336,0.00229016295634],[-0.00000516716954735,0.000437190930825,-0.000176650952199,-0.00073061574949,-0.000135545968078,-0.0000672816750011,0.000111666275188,0.00103314430453,-0.00334702106193,-0.00146420649253,0.010936351493,-0.000207741832128,-0.00182374124415],[-0.0000707256185706,-0.000428824307164,-0.00043283944251,-0.000192603009054,-0.000324600172462,0.000645606312901,-0.000397651427193,0.0011015641503,0.000703081605025,-0.00292899273336,-0.000207741832128,0.0145853785798,-0.00306095625274],[-0.000121178185509,0.000317751953844,-0.00000575191597818,0.000618119898718,0.00023935821082,-0.000885622517671,-0.000610443239566,0.000150526553625,0.000895573291928,0.00229016295634,-0.00182374124415,-0.00306095625274,0.0176000911742]],"mean":[-750.647277832,154.923751831,-31.2331542969,14.0162086487,2.4669854641,24.5665798187,13.3788528442,12.8021497726,10.4215583801,2.21575570107,0.138957291842,3.78384757042,2.78773403168]},"pitch_salience":{"dmean":0.081233844161,"dmean2":0.133119136095,"dvar":0.00494649773464,"dvar2":0.0129688940942,"max":0.980877995491,"mean":0.538482666016,"median":0.555720984936,"min":0.0773037970066,"var":0.0178565215319},"silence_rate_20dB":{"dmean":0,"dmean2":0,"dvar":0,"dvar2":0,"max":1,"mean":1,"median":1,"min":1,"var":0},"silence_rate_30dB":{"dmean":0.0165044441819,"dmean2":0.0330123789608,"dvar":0.0162330921739,"dvar2":0.0378486327827,"max":1,"mean":0.981381595135,"median":1,"min":0,"var":0.0182720515877},"silence_rate_60dB":{"dmean":0.0351248420775,"dmean2":0.0702571123838,"dvar":0.0338906534016,"dvar2":0.0737916901708,"max":1,"mean":0.288268268108,"median":0,"min":0,"var":0.205184042454},"spectral_centroid":{"dmean":177.271743774,"dmean2":269.868408203,"dvar":60456.8554688,"dvar2":109056,"max":11600.0878906,"mean":1480.59057617,"median":1234.46911621,"min":164.122039795,"var":1358976.125},"spectral_complexity":{"dmean":2.52264070511,"dmean2":3.91577601433,"dvar":9.10943984985,"dvar2":18.2539730072,"max":65,"mean":18.047498703,"median":12,"min":0,"var":290.33581543},"spectral_contrast_coeffs":{"dmean":[0.0488219372928,0.0409771278501,0.0388098210096,0.0283184554428,0.027569854632,0.0362156368792],"dmean2":[0.0821420624852,0.0693952590227,0.0650046765804,0.0478381663561,0.0452894717455,0.055698659271],"dvar":[0.0014478500234,0.00103576632682,0.000940487545449,0.000483106821775,0.000661621277686,0.00127737806179],"dvar2":[0.00416213599965,0.0029691637028,0.00266518350691,0.00137711421121,0.00172168156132,0.00282532954589],"max":[-0.499012202024,-0.576919257641,-0.570521295071,-0.642683744431,-0.560839891434,-0.374543190002],"mean":[-0.743083953857,-0.821446299553,-0.798911094666,-0.810922682285,-0.814913809299,-0.751238405704],"median":[-0.745744943619,-0.823884129524,-0.802344202995,-0.809099912643,-0.808411121368,-0.779800236225],"min":[-0.978907108307,-0.98166012764,-0.978759646416,-0.976319670677,-0.975377082825,-0.977000415325],"var":[0.00459499610588,0.00314607028849,0.00313797779381,0.00167620740831,0.003078246722,0.0155655229464]},"spectral_contrast_valleys":{"dmean":[0.414140969515,0.400750517845,0.310005575418,0.260712683201,0.366748213768,0.638317346573],"dmean2":[0.682565033436,0.653726518154,0.509277939796,0.415347754955,0.556857228279,1.02841615677],"dvar":[0.146211013198,0.157291531563,0.107762306929,0.101458825171,0.206334486604,0.316729903221],"dvar2":[0.310912907124,0.344815850258,0.202236160636,0.180369853973,0.428604781628,0.765579402447],"max":[-5.16717815399,-5.23503732681,-5.13334703445,-5.30090999603,-5.02685594559,-9.10034561157],"mean":[-7.94704246521,-7.7345252037,-7.52962207794,-8.05124282837,-8.7002286911,-12.0890493393],"median":[-7.57521820068,-7.25160455704,-7.08708047867,-7.77196502686,-8.54174041748,-11.8068246841],"min":[-28.2383174896,-27.9191665649,-27.9294033051,-27.6719150543,-27.5737800598,-27.398815155],"var":[5.33994340897,5.3245549202,5.47269964218,6.20895814896,7.01251411438,3.96186566353]},"spectral_decrease":{"dmean":1.78816861318e-9,"dmean2":2.9202018581e-9,"dvar":1.46090866068e-17,"dvar2":3.75345974615e-17,"max":1.73682934701e-9,"mean":-3.84549059262e-9,"median":-1.31945510073e-9,"min":-5.98533560492e-8,"var":3.59590665487e-17},"spectral_energy":{"dmean":0.0070039392449,"dmean2":0.0114200096577,"dvar":0.000202035007533,"dvar2":0.000523342052475,"max":0.241872683167,"mean":0.0239844899625,"median":0.0089380228892,"min":1.00199489526e-20,"var":0.000938915123697},"spectral_energyband_high":{"dmean":0.000249261705903,"dmean2":0.000321457628161,"dvar":3.95668593001e-7,"dvar2":5.89086710079e-7,"max":0.0258225072175,"mean":0.00107403530274,"median":0.000055116826843,"min":7.05716328962e-21,"var":0.000004265284133},"spectral_energyband_low":{"dmean":0.0059362500906,"dmean2":0.00975172035396,"dvar":0.000198335488676,"dvar2":0.000508584664203,"max":0.215523570776,"mean":0.00926224328578,"median":0.00214303494431,"min":9.1218723818e-24,"var":0.000352119473973},"spectral_energyband_middle_high":{"dmean":0.00181696424261,"dmean2":0.00293637090363,"dvar":0.0000104752452899,"dvar2":0.0000276828232018,"max":0.0552104450762,"mean":0.00694143120199,"median":0.00169320148416,"min":1.19769946681e-21,"var":0.0000840179054649},"spectral_energyband_middle_low":{"dmean":0.00110705068801,"dmean2":0.0017859947402,"dvar":0.00000318202955896,"dvar2":0.00000820673176349,"max":0.0360908694565,"mean":0.00270826159976,"median":0.00116908329073,"min":1.62388153299e-22,"var":0.0000117451427286},"spectral_entropy":{"dmean":0.168172702193,"dmean2":0.265657514334,"dvar":0.0372180491686,"dvar2":0.0964956432581,"max":9.82448863983,"mean":7.45038795471,"median":7.50337219238,"min":5.11952781677,"var":0.26570853591},"spectral_flux":{"dmean":0.0146931922063,"dmean2":0.0240477528423,"dvar":0.000425029196776,"dvar2":0.00110005913302,"max":0.377576977015,"mean":0.0745996683836,"median":0.0558194443583,"min":6.45385481168e-11,"var":0.0034813717939},"spectral_kurtosis":{"dmean":7.84176397324,"dmean2":12.5020170212,"dvar":124.907295227,"dvar2":330.623199463,"max":188.874282837,"mean":25.4776306152,"median":20.5943107605,"min":-1.25393927097,"var":265.238220215},"spectral_rms":{"dmean":0.000588164664805,"dmean2":0.000929360627197,"dvar":6.04026979545e-7,"dvar2":0.00000148952244672,"max":0.0153614236042,"mean":0.00385931553319,"median":0.00295296846889,"min":3.12658904843e-12,"var":0.00000850519518281},"spectral_rolloff":{"dmean":3514.24365234,"dmean2":6696.70654297,"dvar":44350332,"dvar2":104758232,"max":22050,"mean":15882.0859375,"median":20844.140625,"min":21.533203125,"var":72081000},"spectral_skewness":{"dmean":0.52884632349,"dmean2":0.832678616047,"dvar":0.448265850544,"dvar2":1.18193078041,"max":10.7727308273,"mean":3.42556786537,"median":3.10890936852,"min":-0.0811468884349,"var":1.66713178158},"spectral_spread":{"dmean":546314.875,"dmean2":851918.8125,"dvar":711283703808,"dvar2":1458225283070,"max":42616024,"mean":3947582.5,"median":3522203,"min":967540.25,"var":14296257921000},"spectral_strongpeak":{"dmean":3.73714113235,"dmean2":6.95873117447,"dvar":106.853607178,"dvar2":286.929260254,"max":114.330322266,"mean":3.13553929329,"median":0.186081767082,"min":0,"var":91.8866882324},"zerocrossingrate":{"dmean":0.0399371385574,"dmean2":0.0510378144681,"dvar":0.0013494406594,"dvar2":0.00218385946937,"max":0.80029296875,"mean":0.323620408773,"median":0.31005859375,"min":0.0263671875,"var":0.0121307400987}},"metadata":{"audio_properties":{"analysis_sample_rate":44100,"bit_rate":192000,"codec":"mp3","downmix":"mix","equal_loudness":0,"length":219.454696655,"lossless":false,"md5_encoded":"45a12748c0ef753f1dcc9e51fa6a6e1b","replay_gain":-11.4855670929,"sample_rate":44100},"tags":{"album":["Holy Wood (In the Shadow of the Valley of Death)"],"albumartist":["Marilyn Manson"],"albumartistsort":["Marilyn Manson"],"artist":["Marilyn Manson"],"artistsort":["Marilyn Manson"],"asin":["B000050ITX"],"barcode":["606949083229"],"catalognumber":["490 832-2"],"date":["2000"],"file_name":"09 A Place in the Dirt.mp3","genre":["Rock, Industrial Rock, Industrial Metal, Industrial"],"label":["Nothing Records"],"musicbrainz album release country":["XU"],"musicbrainz album status":["official"],"musicbrainz album type":["album"],"musicbrainz_albumartistid":["5dfdca28-9ddc-4853-933c-8bc97d87beec"],"musicbrainz_albumid":["c254c4cb-f28e-49d5-bf6f-134e63e566d2"],"musicbrainz_artistid":["5dfdca28-9ddc-4853-933c-8bc97d87beec"],"musicbrainz_recordingid":["fc3c32af-2782-475e-92d4-344a1e1b8d54"],"title":["A Place in the Dirt"],"tracknumber":["9/19"]},"version":{"essentia":"2.1-beta1","essentia_build_sha":"ec322331fa6aaecceef5ae0ec8bb6dd0710d66ba","essentia_git_sha":"v2.1_beta1-28-g21ef5f4","extractor":"music 1.0"}},"rhythm":{"beats_count":457,"beats_loudness":{"dmean":0.0128188896924,"dmean2":0.0235643554479,"dvar":0.000475577951875,"dvar2":0.00137718545739,"max":0.186990365386,"mean":0.027162745595,"median":0.0130775533617,"min":0,"var":0.00105686322786},"beats_loudness_band_ratio":{"dmean":[0.211923539639,0.0381929986179,0.061704903841,0.0860777199268,0.0787015780807,0.109472639859],"dmean2":[0.370833307505,0.0672771781683,0.10835916549,0.149073779583,0.142895922065,0.19568605721],"dvar":[0.0324258320034,0.00358027732,0.0061182808131,0.00725087616593,0.0169539060444