{"lowlevel":{"average_loudness":0.746530473232,"barkbands":{"dmean":[0.00626280903816,0.0152859389782,0.00329042342491,0.00154363946058,0.00147951662075,0.00156294030603,0.00157857721206,0.000852161087096,0.00120420055464,0.000665460538585,0.000435786991147,0.000559192732908,0.000366291438695,0.000353266164893,0.000362794846296,0.000280002626823,0.000301794672851,0.000209344230825,0.000125154168927,0.0000767433593865,0.0000552075471205,0.0000229134184337,0.000010633320926,0.00000619389084022,0.00000331384808305,0.00000746706200516,0.000325313216308],"dmean2":[0.0106331240386,0.0242753475904,0.00556338857859,0.00260969693772,0.00243615009822,0.00252374308184,0.00251688342541,0.00139606185257,0.00192502967548,0.00108870049007,0.000710263557266,0.00092340062838,0.000606209854595,0.000584118417464,0.000607694790233,0.000475052103866,0.00052936427528,0.000352643895894,0.000199372312636,0.000124785059597,0.0000858051935211,0.0000354448020516,0.000016892568965,0.000010502348232,0.00000548596290173,0.0000121310613395,0.000514517247211],"dvar":[0.000226689924602,0.000548677402548,0.0000423870369559,0.00000784964868217,0.00000867365906743,0.0000102657522802,0.0000143609622683,0.00000446193189418,0.00000703187015461,0.00000144208331676,7.11693701305e-7,0.00000101044304301,4.57930667608e-7,3.07394884658e-7,2.85902814312e-7,2.60924139184e-7,7.12401629244e-7,2.56505700236e-7,9.62698223361e-8,3.59393155236e-8,1.88735214124e-8,2.7941671199e-9,6.17895346e-10,1.97893326725e-10,2.92262394841e-11,1.84059101294e-10,1.97697076487e-7],"dvar2":[0.000584924593568,0.00144627690315,0.000110053435492,0.0000209432182601,0.0000219712546823,0.0000249653130595,0.0000328450696543,0.0000115111524792,0.0000178289355972,0.00000354962116944,0.00000174159026756,0.00000266239248958,0.00000121752202631,7.69000280343e-7,7.66359278259e-7,7.1998920248e-7,0.00000205608785109,7.08911159109e-7,2.40597898937e-7,9.06892765329e-8,4.35432134793e-8,6.05172667534e-9,1.43485934245e-9,5.42388689517e-10,7.41784203506e-11,4.70101346739e-10,4.6694455591e-7],"max":[0.160873234272,0.316107600927,0.0885279923677,0.0557939261198,0.0591844730079,0.0631736442447,0.0748572945595,0.0508706904948,0.0585458390415,0.0244413688779,0.0250357724726,0.023670880124,0.0190009735525,0.0165683403611,0.00879627186805,0.00948858819902,0.0125973280519,0.00903517380357,0.00544901331887,0.00281023862772,0.00319684902206,0.0020652085077,0.000586068024859,0.000218199609662,0.0000744584103813,0.000195672851987,0.0134918447584],"mean":[0.00783290434629,0.025085568428,0.00383902341127,0.00212754914537,0.00224707974121,0.00244410848245,0.00258543947712,0.00117841688916,0.00192079995759,0.00106467783917,0.00067766639404,0.000978305120952,0.000628386042081,0.000647189386655,0.000707269529812,0.00049942091573,0.000450632971479,0.000335886375979,0.000206617885851,0.000127531195176,0.0000961445985013,0.0000427097620559,0.0000173938860826,0.00000803381408332,0.00000360481681128,0.0000138525056173,0.0013789802324],"median":[0.00344007369131,0.012853205204,0.00166857254226,0.000906824367121,0.00116933113895,0.00115317339078,0.000881107000168,0.000399932236178,0.000760485010687,0.000562228728086,0.000378898577765,0.000565604306757,0.0003831544891,0.000478217669297,0.000522477785125,0.000359095574822,0.000281745655229,0.000190159669728,0.0000663153623464,0.0000480983908346,0.000036128640204,0.0000205071955861,0.00000833423382574,0.0000037716533825,0.00000141812756738,0.00000848847139423,0.00127705046907],"min":[5.19687660686e-25,2.89260916955e-24,8.14245019341e-25,1.44453250736e-24,1.08797424129e-23,5.92299447391e-24,6.40446113348e-24,6.59687693004e-24,1.53873772446e-23,1.0799116884e-23,1.19724465064e-23,1.56577214545e-23,1.82482191827e-23,3.2063822628e-23,4.28291802096e-23,5.91083757516e-23,6.92223109303e-23,8.96168707525e-23,1.0277591631e-22,1.10380068431e-22,2.89432889421e-22,3.60902627205e-22,3.6053023437e-22,5.72423271735e-22,8.94494454383e-22,1.25832548473e-21,1.93300901018e-21],"var":[0.000211897189729,0.000942103739362,0.0000459708317067,0.0000124556481751,0.0000126817139972,0.0000173281150637,0.0000340509541275,0.00000704833337295,0.0000134694337248,0.0000028216040846,0.00000114142005714,0.00000205162791644,8.90257012998e-7,6.05928676123e-7,5.7534083453e-7,3.50318458686e-7,5.71780276459e-7,2.87468566285e-7,1.60604201938e-7,6.09108852245e-8,3.8742296482e-8,7.05073244234e-9,1.20737142506e-9,1.9843851562e-10,3.39038519481e-11,3.33068100877e-10,0.00000149208051425]},"barkbands_crest":{"dmean":3.20908665657,"dmean2":5.15835857391,"dvar":7.46714353561,"dvar2":18.5288677216,"max":25.6001720428,"mean":11.5046606064,"median":10.9269180298,"min":2.46199345589,"var":20.9794750214},"barkbands_flatness_db":{"dmean":0.0303233508021,"dmean2":0.0478381849825,"dvar":0.000804427545518,"dvar2":0.00209143082611,"max":0.521040558815,"mean":0.156901240349,"median":0.148661822081,"min":0.043404944241,"var":0.00338116846979},"barkbands_kurtosis":{"dmean":6.64269733429,"dmean2":10.67648983,"dvar":172.807998657,"dvar2":444.133239746,"max":384.282318115,"mean":11.7396297455,"median":6.02953052521,"min":-1.86421656609,"var":406.332183838},"barkbands_skewness":{"dmean":0.764219641685,"dmean2":1.20248413086,"dvar":0.678866565228,"dvar2":1.70918726921,"max":17.2441043854,"mean":2.51147580147,"median":2.23403120041,"min":-2.77935671806,"var":2.43165516853},"barkbands_spread":{"dmean":7.37131738663,"dmean2":11.5320243835,"dvar":60.8660240173,"dvar2":143.621932983,"max":123.430992126,"mean":26.6960391998,"median":23.9745769501,"min":0.452981561422,"var":294.204620361},"dissonance":{"dmean":0.0186188071966,"dmean2":0.0313403643668,"dvar":0.000372760085156,"dvar2":0.0010121098021,"max":0.5,"mean":0.468736946583,"median":0.477234691381,"min":0.234336555004,"var":0.000801460293587},"dynamic_complexity":3.60321450233,"erbbands":{"dmean":[0.754377007484,2.44752454758,3.70141005516,4.07972812653,5.43723344803,4.70193099976,7.25738668442,15.255188942,23.1711483002,18.7583045959,20.3201847076,27.0267105103,20.918636322,18.8628196716,18.4834728241,20.0730857849,15.6998233795,15.2315196991,19.8335399628,16.380399704,13.5920362473,17.3667526245,12.0390176773,8.04102230072,5.32698726654,3.31721782684,2.7262198925,1.67113983631,0.918608009815,0.49488979578,0.275574237108,0.161513835192,0.0814169645309,0.0378740765154,0.0237371530384,0.0168285351247,0.0156932137907,0.0141193987802,0.0110503751785,0.00744086736813],"dmean2":[1.2083221674,3.88700246811,6.21892023087,6.82698106766,8.92809963226,7.89108371735,12.0154972076,24.6719226837,36.6556434631,30.2434749603,32.8788833618,43.1917800903,34.1528625488,30.5510902405,29.9575462341,32.8667259216,25.8754138947,25.3111000061,33.2591705322,27.46027565,23.1730155945,30.6262016296,20.3914661407,13.1131000519,8.55002117157,5.31590366364,4.25165510178,2.60490846634,1.41852509975,0.77442497015,0.44206815958,0.273095160723,0.137407794595,0.0628732815385,0.0392435118556,0.027820168063,0.0257100462914,0.0211504269391,0.0160677749664,0.0117309000343],"dvar":[1.86687934399,11.8570547104,48.0200386047,53.3947601318,126.774871826,95.7583084106,224.291778564,1107.88977051,3504.55053711,2724.18676758,2298.44946289,3942.88574219,1689.38720703,1363.26806641,1120.3260498,1312.23425293,935.354370117,518.692077637,902.91394043,625.799377441,755.872314453,2620.73364258,879.390136719,433.859802246,183.946853638,64.3133926392,50.5397644043,15.7641868591,4.40626955032,1.5077059269,0.423513710499,0.151461213827,0.0281067434698,0.00379082653672,0.00146497599781,0.000702871009707,0.000974804104771,0.000875572790392,0.00048186496133,0.0000887924034032],"dvar2":[4.95299863815,30.65051651,123.907165527,140.542572021,309.27822876,249.892776489,581.326538086,2697.15673828,7869.640625,6617.31933594,5883.59863281,10023.5439453,4205.35888672,3272.53833008,2801.90820312,3489.95141602,2460.80444336,1355.81628418,2374.86376953,1693.68115234,2087.16625977,7580.56298828,2427.31103516,1153.54382324,465.799255371,155.244796753,117.909179688,36.0131034851,9.63108539581,3.34514951706,1.00564324856,0.414019703865,0.0759767964482,0.0096219079569,0.00371273467317,0.00180864147842,0.002570906654,0.00179766805377,0.000962837657426,0.000206404132769],"max":[18.9161891937,36.0902862549,93.19896698,146.592926025,227.462905884,238.769042969,336.619476318,667.084350586,1324.53344727,2067.64208984,1243.30126953,1430.36499023,955.936462402,857.768005371,758.118774414,832.931335449,763.022216797,371.367370605,652.756530762,525.436401367,524.880126953,768.807189941,416.246124268,323.515472412,313.864074707,137.933319092,170.315170288,97.2726211548,80.2667541504,34.0424842834,15.5349559784,5.60684585571,3.12193346024,0.843797266483,0.520168304443,0.390921086073,0.393067866564,1.14315402508,0.885823726654,0.314888238907],"mean":[1.20222175121,3.76705241203,4.81596851349,5.94195747375,8.06971931458,6.66865158081,10.9628257751,23.2277297974,37.7572937012,30.1712303162,30.6349716187,43.1622238159,34.5626678467,32.0652770996,33.5523414612,37.0520324707,29.4067764282,30.5586471558,38.6311912537,33.7065238953,25.4925689697,26.5158309937,20.2188053131,12.8183259964,8.83564853668,5.80661296844,4.70443058014,3.03269910812,1.71460080147,0.868207931519,0.441083937883,0.220482230186,0.104218356311,0.0430456623435,0.0264099389315,0.023412656039,0.0287799630314,0.0369388647377,0.0405544303358,0.0409254916012],"median":[0.468478500843,2.00058817863,2.47087335587,2.96116757393,3.62759852409,3.36236548424,5.5013923645,10.1111736298,12.0675029755,11.5922145844,12.0129823685,16.8865299225,17.2323246002,18.0113830566,20.743724823,22.238948822,18.2622127533,23.5685043335,29.4965572357,26.0253257751,18.4216098785,16.6621818542,12.3998203278,4.58415937424,2.87243318558,2.23258924484,1.64459204674,1.30697035789,0.823499321938,0.409669488668,0.214891761541,0.104058250785,0.0498877353966,0.0188329201192,0.0108934221789,0.0131697552279,0.0171917900443,0.02218866162,0.0258438065648,0.0412942692637],"min":[7.42669438906e-23,6.301283586e-22,2.19725969246e-21,5.45985813974e-21,1.64390498362e-20,3.20903910846e-20,3.51724401976e-20,7.40556707843e-20,1.06393786307e-19,1.10034343892e-19,2.92177666544e-19,3.91371666337e-19,4.71949242661e-19,5.21311917799e-19,8.76760577699e-19,1.05358242775e-18,1.21430817026e-18,2.12601692205e-18,2.39299277347e-18,3.0657712325e-18,3.66318050963e-18,4.05560160967e-18,5.94393128463e-18,5.13412436007e-18,6.25969838448e-18,6.61874481476e-18,9.41788802528e-18,1.17843202361e-17,1.18705976555e-17,1.02555002125e-17,9.88344926226e-18,1.16179221025e-17,9.80039040259e-18,8.26468327328e-18,6.23746707834e-18,4.24873297986e-18,2.28440401817e-18,8.77121125048e-19,2.32081780121e-19,2.70244623636e-20],"var":[2.75314950943,21.4567604065,57.0672607422,82.2830581665,206.102111816,129.386322021,349.893829346,1811.56530762,8210.46972656,5961.95849609,3698.7512207,7410.56884766,3274.78637695,2537.88647461,2158.69799805,2811.47265625,1975.40039062,1042.69897461,1754.44189453,1244.03845215,951.14831543,2059.41772461,966.805114746,574.296569824,309.485198975,123.087516785,97.2200317383,35.2288475037,10.8429384232,3.42781972885,0.750540673733,0.157353103161,0.0297560337931,0.00445252843201,0.00172588485293,0.000949583074544,0.00154742924497,0.00274616153911,0.00230455980636,0.000973668356892]},"erbbands_crest":{"dmean":2.48620057106,"dmean2":4.09619092941,"dvar":5.92172431946,"dvar2":15.3255691528,"max":28.5335922241,"mean":8.35743904114,"median":7.12913656235,"min":2.58575844765,"var":17.2820739746},"erbbands_flatness_db":{"dmean":0.0216730758548,"dmean2":0.033944837749,"dvar":0.000454674765933,"dvar2":0.00116830738261,"max":0.372748225927,"mean":0.146759688854,"median":0.14100971818,"min":0.0287532620132,"var":0.00157217052765},"erbbands_kurtosis":{"dmean":1.42613148689,"dmean2":2.31554794312,"dvar":20.0513896942,"dvar2":51.0065917969,"max":189.613769531,"mean":1.34362018108,"median":0.175593137741,"min":-1.59149968624,"var":29.0980243683},"erbbands_skewness":{"dmean":0.38561886549,"dmean2":0.607113003731,"dvar":0.174454152584,"dvar2":0.433638691902,"max":11.4479551315,"mean":0.132462233305,"median":-0.0985512807965,"min":-3.13607287407,"var":1.0149461031},"erbbands_spread":{"dmean":5.91559696198,"dmean2":9.36169910431,"dvar":33.0721931458,"dvar2":78.4183349609,"max":137.765228271,"mean":27.8986873627,"median":26.912569046,"min":2.70144224167,"var":131.485473633},"gfcc":{"cov":[[26950.953125,342.905151367,-3764.62915039,17.2176113129,609.638427734,-631.823242188,404.821166992,38.8867378235,975.427001953,358.857666016,205.323699951,357.086853027,17.1842136383],[342.905151367,676.009460449,89.1681137085,-263.271759033,1.02364563942,-5.25773620605,-4.54126930237,-26.1246929169,-0.259299188852,-52.3673171997,20.310508728,-48.655216217,35.6657485962],[-3764.62915039,89.1681137085,940.635742188,35.5301971436,-178.98046875,196.691314697,-123.226394653,42.0265350342,-203.654174805,-73.7532577515,-50.7659988403,-58.4587669373,14.0666570663],[17.2176113129,-263.271759033,35.5301971436,358.734985352,64.5240325928,-20.0321502686,44.2566490173,-14.1069402695,-18.6385059357,12.714214325,-16.357213974,19.1851215363,-36.3712348938],[609.638427734,1.02364563942,-178.98046875,64.5240325928,316.099853516,33.0728340149,24.884677887,-1.32676267624,91.3994827271,-11.0618610382,23.6276378632,40.0473556519,32.3233833313],[-631.823242188,-5.25773620605,196.691314697,-20.0321502686,33.0728340149,224.248153687,-31.0190010071,36.1859474182,-57.0252838135,-18.3490028381,-16.7658996582,1.50194215775,22.4444999695],[404.821166992,-4.54126930237,-123.226394653,44.2566490173,24.884677887,-31.0190010071,179.301345825,-12.3121232986,31.8192844391,6.8657746315,8.15939998627,10.8501329422,-13.4420185089],[38.8867378235,-26.1246929169,42.0265350342,-14.1069402695,-1.32676267624,36.1859474182,-12.3121232986,155.822021484,70.9421463013,34.916431427,9.70389652252,-1.52649998665,24.023065567],[975.427001953,-0.259299188852,-203.654174805,-18.6385059357,91.3994827271,-57.0252838135,31.8192844391,70.9421463013,214.960586548,71.3658828735,31.7116241455,47.9354934692,17.13996315],[358.857666016,-52.3673171997,-73.7532577515,12.714214325,-11.0618610382,-18.3490028381,6.8657746315,34.916431427,71.3658828735,94.541015625,42.3100509644,20.3241615295,1.34539008141],[205.323699951,20.310508728,-50.7659988403,-16.357213974,23.6276378632,-16.7658996582,8.15939998627,9.70389652252,31.7116241455,42.3100509644,68.3606643677,35.4760818481,14.7891683578],[357.086853027,-48.655216217,-58.4587669373,19.1851215363,40.0473556519,1.50194215775,10.8501329422,-1.52649998665,47.9354934692,20.3241615295,35.4760818481,78.2444915771,30.6516742706],[17.1842136383,35.6657485962,14.0666570663,-36.3712348938,32.3233833313,22.4444999695,-13.4420185089,24.023065567,17.13996315,1.34539008141,14.7891683578,30.6516742706,70.3375778198]],"icov":[[0.000127468476421,-0.000368851295207,0.000669550499879,-0.000384814746212,0.000254816521192,-0.000227717871894,0.000191150887986,-0.000256626546616,-9.84224357126e-7,-0.0000707417057129,0.000299738923786,-0.000517100153957,0.0000666559644742],[-0.000368851295207,0.00397331500426,-0.00260537164286,0.00280397618189,-0.000886863213964,0.000794394814875,-0.00117636600044,0.00224112160504,-0.00178557238542,0.00258794915862,-0.00406128307804,0.00512782437727,-0.00178489461541],[0.000669550499879,-0.00260537164286,0.00583964772522,-0.00357863702811,0.00313302222639,-0.00317792082205,0.00214182282798,-0.00194137857761,0.000266692048172,0.00132091948763,0.000538859923836,-0.00181866378989,-0.000625186832622],[-0.000384814746212,0.00280397618189,-0.00357863702811,0.00745172286406,-0.00442916480824,0.0036442161072,-0.0023452588357,-0.000257203966612,0.00337007129565,-0.00403741933405,0.00369029561989,-0.0024694011081,0.00330954440869],[0.000254816521192,-0.000886863213964,0.00313302222639,-0.00442916480824,0.00838637072593,-0.00501265469939,0.00139379571192,0.00223533785902,-0.00661078793928,0.00792460981756,-0.00692728580907,0.00413065729663,-0.0041650980711],[-0.000227717871894,0.000794394814875,-0.00317792082205,0.0036442161072,-0.00501265469939,0.00950304046273,-0.00115122634452,-0.00326058641076,0.00615687249228,-0.00559792108834,0.00657002069056,-0.00528273591772,0.00186500116251],[0.000191150887986,-0.00117636600044,0.00214182282798,-0.0023452588357,0.00139379571192,-0.00115122634452,0.00707793002948,-0.0000154002227646,-0.0013004738139,0.00160804402549,-0.00108337914571,-0.000518783635926,0.000733485328965],[-0.000256626546616,0.00224112160504,-0.00194137857761,-0.000257203966612,0.00223533785902,-0.00326058641076,-0.0000154002227646,0.0128399860114,-0.00852087885141,0.00289243320003,-0.00660031847656,0.0102607952431,-0.006256157998],[-9.84224357126e-7,-0.00178557238542,0.000266692048172,0.00337007129565,-0.00661078793928,0.00615687249228,-0.0013004738139,-0.00852087885141,0.0180935580283,-0.0141801731661,0.013138522394,-0.0139740249142,0.00551922665909],[-0.0000707417057129,0.00258794915862,0.00132091948763,-0.00403741933405,0.00792460981756,-0.00559792108834,0.00160804402549,0.00289243320003,-0.0141801731661,0.0311493240297,-0.0236813537776,0.0126355532557,-0.00385033804923],[0.000299738923786,-0.00406128307804,0.000538859923836,0.00369029561989,-0.00692728580907,0.00657002069056,-0.00108337914571,-0.00660031847656,0.013138522394,-0.0236813537776,0.0408722050488,-0.0236973576248,0.00590513413772],[-0.000517100153957,0.00512782437727,-0.00181866378989,-0.0024694011081,0.00413065729663,-0.00528273591772,-0.000518783635926,0.0102607952431,-0.0139740249142,0.0126355532557,-0.0236973576248,0.0379711538553,-0.0156040741131],[0.0000666559644742,-0.00178489461541,-0.000625186832622,0.00330954440869,-0.0041650980711,0.00186500116251,0.000733485328965,-0.006256157998,0.00551922665909,-0.00385033804923,0.00590513413772,-0.0156040741131,0.024825181812]],"mean":[-17.1450767517,103.559539795,-82.9535293579,-5.42959117889,-5.50152444839,-13.1825113297,1.78319644928,-12.2973136902,3.63546943665,-7.29572296143,-3.03381872177,-2.91335272789,-3.02401685715]},"hfc":{"dmean":64.9320068359,"dmean2":104.651008606,"dvar":9225.12695312,"dvar2":20729.2617188,"max":3203.19262695,"mean":260.836914062,"median":252.212265015,"min":1.07218198087e-16,"var":41963.6484375},"melbands":{"dmean":[0.00549379456788,0.00212282733992,0.000736073183361,0.000346727436408,0.000233011611272,0.000337914098054,0.000336726458045,0.000196995184524,0.000181707786396,0.000166602549143,0.000106415071059,0.0000813865990494,0.0000598377300776,0.0000674858893035,0.0000460356895928,0.0000335604381689,0.0000301494146697,0.0000352273018507,0.0000264295285888,0.0000214015853999,0.0000161951265909,0.0000186750730791,0.0000157324338943,0.00000925907806959,0.00000668083157507,0.00000464240156361,0.0000035100686091,0.00000202358501156,0.00000190235084574,0.00000144653051848,8.69467271514e-7,5.86975488659e-7,3.66181922118e-7,2.59573965877e-7,1.77858368033e-7,1.20357356082e-7,9.12739253067e-8,6.27078478033e-8,3.9025053411e-8,3.01513409795e-8],"dmean2":[0.0087833236903,0.00348758907057,0.00122038053814,0.000570256728679,0.000386481930036,0.000543238478713,0.000533536600415,0.000317382015055,0.000295828707749,0.000266640330665,0.000174343775143,0.000132228859002,0.0000969479806372,0.000111617380753,0.0000761855553719,0.0000557047969778,0.0000501084432472,0.0000591235693719,0.0000445020668849,0.0000361143429473,0.0000277305862255,0.0000327271300193,0.0000272450888588,0.0000155971101776,0.0000109916891233,0.00000750404251448,0.00000589602404943,0.00000322507798955,0.00000302629541693,0.00000225958115152,0.00000139000803756,9.19149726997e-7,5.72664362153e-7,4.14338131804e-7,2.86069848698e-7,2.01738487249e-7,1.55632633891e-7,1.0638414949e-7,6.51448601729e-8,4.99493388872e-8],"dvar":[0.0000878493810887,0.0000102581998362,0.00000154657061557,4.93247910072e-7,2.31608908052e-7,5.0597225254e-7,6.73396584716e-7,2.7749845799e-7,1.75476941422e-7,1.41725536196e-7,4.34131948168e-8,2.53827927565e-8,1.24730856754e-8,1.51069841081e-8,8.86178064263e-9,3.2352727164e-9,2.08967532167e-9,3.04488634306e-9,1.56144408514e-9,1.18407506022e-9,1.07915087977e-9,2.56546162092e-9,1.79794645838e-9,5.56696300169e-10,2.96918739595e-10,1.29159877238e-10,8.78764908063e-11,2.34670460147e-11,2.47843082862e-11,1.39041998401e-11,4.11382646698e-12,1.77492200625e-12,8.16881501678e-13,4.40187952278e-13,1.92216387121e-13,8.09478894505e-14,4.93088642833e-14,1.96952168658e-14,4.21934046675e-15,2.46454421575e-15],"dvar2":[0.000231042940868,0.0000269293032034,0.00000405272794524,0.0000012450958593,6.01965950864e-7,0.00000122235587696,0.00000153244013745,6.88216744038e-7,4.50800229146e-7,3.58192011163e-7,1.07801064075e-7,6.09262826856e-8,3.05465057693e-8,3.91672791977e-8,2.4130228482e-8,8.43642844472e-9,5.41748290672e-9,7.90454812716e-9,4.18736689767e-9,3.25607274476e-9,2.97271096628e-9,7.40708205882e-9,5.12798736807e-9,1.5328570635e-9,7.88121012896e-10,3.28933796867e-10,2.34320063353e-10,5.47125920958e-11,5.98881777503e-11,3.22344373416e-11,9.79102129234e-12,3.99700281553e-12,1.7961373491e-12,1.02291460892e-12,4.56491290081e-13,2.17041242292e-13,1.35811866852e-13,5.39170792702e-14,1.08886949343e-14,6.26083852392e-15],"max":[0.129180952907,0.0371601805091,0.0212176349014,0.0152549762279,0.0115183712915,0.0144704598933,0.0176144838333,0.0193889029324,0.0101289767772,0.00810281839222,0.00470033660531,0.00386828230694,0.00352409249172,0.00309005519375,0.00294579938054,0.00129952153657,0.000941651698668,0.00129813456442,0.000631414179225,0.000576696998905,0.000705226848368,0.000750861538108,0.000582251814194,0.000472281273687,0.000297043065075,0.000253074074863,0.000164164244779,0.0000880499428604,0.000131543696625,0.000081661506556,0.0000588407965552,0.0000485649543407,0.0000352339302481,0.0000186386132555,0.0000100943361758,0.00000449721028417,0.00000326879921886,0.00000276966943602,0.00000101711964362,6.88389832249e-7],"mean":[0.00899450015277,0.00331153627485,0.00113947771024,0.000527924799826,0.000358040182618,0.000533063139301,0.000554809637833,0.000304057844914,0.00026963459095,0.000265203154413,0.000169403807377,0.000131524517201,0.000102213663922,0.000116194554721,0.0000779335459811,0.0000590694435232,0.0000558573519811,0.0000632857481833,0.0000507946751895,0.0000389081942558,0.0000274314425042,0.0000272327051789,0.0000237204749283,0.0000141750870171,0.0000100396118796,0.00000734842842576,0.00000513306440553,0.0000035166908674,0.00000310347036248,0.00000234838057622,0.0000015483151401,0.00000104694345282,6.29129090157e-7,4.21650639737e-7,2.73287781738e-7,1.71218701439e-7,1.17444095338e-7,7.87718050788e-8,4.72404479979e-8,3.23091171595e-8],"median":[0.00435516936705,0.00202176603489,0.000589002098422,0.000266397895757,0.00018812099006,0.000235611514654,0.000190567807294,0.00011172194354,0.00010565554112,0.000103077574749,0.0000812333164504,0.0000691357272444,0.0000611357318121,0.0000669417422614,0.0000422902303399,0.0000381755817216,0.0000414457899751,0.0000460256705992,0.0000375400704797,0.0000284370689769,0.0000188460489881,0.0000168508267961,0.0000145418462125,0.00000723582252249,0.0000032054501844,0.00000234922822528,0.00000159967885338,0.00000141088435157,0.00000106587413029,8.17787906726e-7,7.12428857241e-7,4.92565732202e-7,2.86036993202e-7,1.9420474473e-7,1.28524774823e-7,8.15343597083e-8,5.34762030213e-8,3.66697889831e-8,2.24278231542e-8,1.2226302637e-8],"min":[8.23985430064e-25,1.22829064627e-24,1.10216805778e-24,1.55324010389e-24,1.27552389019e-24,1.62212580472e-24,1.51093497266e-24,1.19062638374e-24,2.82190415826e-24,1.94729308656e-24,1.98901534819e-24,1.73472051337e-24,2.11374293478e-24,1.87784492791e-24,2.82115513483e-24,1.52579405528e-24,3.22182350505e-24,3.77055436186e-24,3.13904813305e-24,3.26404925715e-24,3.53082466036e-24,3.41856344266e-24,4.347631752e-24,3.68489432274e-24,3.46115719837e-24,4.37077062008e-24,4.16365834485e-24,3.75522837219e-24,4.63738233464e-24,5.84139982947e-24,6.15696746295e-24,5.79175996815e-24,5.58869770481e-24,5.07880641467e-24,4.96421726844e-24,6.04809558613e-24,6.24687985678e-24,6.70846367167e-24,6.03727399224e-24,6.30370269107e-24],"var":[0.000132649205625,0.0000162286705745,0.00000256914245256,7.35328455903e-7,3.59958335139e-7,8.79047433955e-7,0.00000154904785177,5.71949897221e-7,2.74698834346e-7,2.73986245247e-7,8.29859061469e-8,4.67628424872e-8,2.23304432723e-8,2.93372739435e-8,1.62874691512e-8,6.73112010574e-9,3.98312538508e-9,5.56754908843e-9,3.01282310211e-9,1.91600491029e-9,1.27434529595e-9,2.10321382532e-9,1.5793428787e-9,6.06114824997e-10,3.8877245867e-10,2.10656908584e-10,1.19533244414e-10,4.66189795101e-11,4.32036420528e-11,2.68816479493e-11,8.72074547992e-12,4.11070223e-12,1.83030869107e-12,8.72091082075e-13,3.29386041012e-13,9.56983448107e-14,4.76646886294e-14,1.93629817448e-14,5.04035510296e-15,2.82822861132e-15]},"melbands_crest":{"dmean":4.58829879761,"dmean2":7.41722679138,"dvar":16.157245636,"dvar2":40.0442695618,"max":37.1955108643,"mean":18.7183761597,"median":18.0613613129,"min":1.64224648476,"var":49.9863243103},"melbands_flatness_db":{"dmean":0.0381315238774,"dmean2":0.0600225552917,"dvar":0.00118980940897,"dvar2":0.00310462899506,"max":0.706329703331,"mean":0.273930370808,"median":0.268559038639,"min":0.00333445309661,"var":0.00595522625372},"melbands_kurtosis":{"dmean":9.28593063354,"dmean2":14.843462944,"dvar":240.628677368,"dvar2":604.070495605,"max":598.843994141,"mean":15.6931171417,"median":8.07618713379,"min":-1.79056215286,"var":630.226806641},"melbands_skewness":{"dmean":0.939934015274,"dmean2":1.47192895412,"dvar":0.855287313461,"dvar2":2.13247990608,"max":18.5048789978,"mean":2.89476370811,"median":2.57906484604,"min":-0.761897921562,"var":3.03429389},"melbands_spread":{"dmean":5.36719465256,"dmean2":8.52037620544,"dvar":41.3230476379,"dvar2":96.8475494385,"max":198.208877563,"mean":16.472858429,"median":13.2243852615,"min":0.265639603138,"var":251.458694458},"mfcc":{"cov":[[15140.5517578,808.651123047,-2932.38061523,595.225463867,-60.9728851318,132.972000122,-553.311523438,162.290405273,215.676589966,382.147796631,285.567108154,451.529022217,136.271484375],[808.651123047,1177.31030273,-65.4831237793,-221.112335205,7.86699104309,-43.3238754272,-18.3064441681,-3.95290327072,41.4420433044,-26.8529033661,39.394744873,3.89069604874,6.06583070755],[-2932.38061523,-65.4831237793,1013.47235107,-124.895355225,0.639202058315,-44.5949478149,134.850631714,-25.6793212891,-36.6573371887,-76.6692886353,-61.9963684082,-99.2702636719,-36.0379371643],[595.225463867,-221.112335205,-124.895355225,361.341156006,-29.0829772949,43.2051277161,-3.03285002708,16.4351654053,-22.6326770782,38.7617797852,-0.636174798012,11.5650577545,2.56341838837],[-60.9728851318,7.86699104309,0.639202058315,-29.0829772949,291.648681641,40.3967323303,-4.20495891571,39.6507606506,53.0526046753,-34.3870391846,-1.2556142807,41.1928939819,-5.18462181091],[132.972000122,-43.3238754272,-44.5949478149,43.2051277161,40.3967323303,165.98475647,49.0800590515,28.3493099213,-10.3072719574,-15.9950828552,-29.7902431488,4.85450029373,6.97521877289],[-553.311523438,-18.3064441681,134.850631714,-3.03285002708,-4.20495891571,49.0800590515,157.365356445,18.7533988953,-18.7590866089,-27.0350856781,-28.7138004303,-40.5192832947,0.349592119455],[162.290405273,-3.95290327072,-25.6793212891,16.4351654053,39.6507606506,28.3493099213,18.7533988953,95.5275878906,47.0564041138,9.17902851105,-5.07674407959,19.8282585144,-7.63096284866],[215.676589966,41.4420433044,-36.6573371887,-22.6326770782,53.0526046753,-10.3072719574,-18.7590866089,47.0564041138,99.5401229858,36.0652618408,20.7378234863,23.6926403046,-2.24849796295],[382.147796631,-26.8529033661,-76.6692886353,38.7617797852,-34.3870391846,-15.9950828552,-27.0350856781,9.17902851105,36.0652618408,89.4717636108,45.3699264526,15.4261302948,4.25331115723],[285.567108154,39.394744873,-61.9963684082,-0.636174798012,-1.2556142807,-29.7902431488,-28.7138004303,-5.07674407959,20.7378234863,45.3699264526,79.6421127319,35.5706672668,13.5311203003],[451.529022217,3.89069604874,-99.2702636719,11.5650577545,41.1928939819,4.85450029373,-40.5192832947,19.8282585144,23.6926403046,15.4261302948,35.5706672668,87.8963699341,24.0126876831],[136.271484375,6.06583070755,-36.0379371643,2.56341838837,-5.18462181091,6.97521877289,0.349592119455,-7.63096284866,-2.24849796295,4.25331115723,13.5311203003,24.0126876831,52.8593177795]],"icov":[[0.000193333573407,-0.00015428577899,0.000439866824308,-0.000195009546587,0.0000713662666385,-0.0000849113130243,0.000192647334188,-0.000106593775854,-0.0000209339887078,-0.000308664311888,0.0000983681384241,-0.000357413460733,-0.00000869242285262],[-0.00015428577899,0.00115393230226,-0.000192384846741,0.00071397179272,0.000124143101857,0.0000747974336264,-0.000133401408675,0.0000491873724968,-0.000527469674125,0.00114224129356,-0.000968676817138,0.000642301165499,-0.0000483300864289],[0.000439866824308,-0.000192384846741,0.00235435948707,-0.0000783229406807,0.0000455913468613,0.00046389081399,-0.000643833831418,0.0000174500200956,-0.00012125671492,-0.000124590500491,0.000390507921111,-0.000147446655319,0.000418950454332],[-0.000195009546587,0.00071397179272,-0.0000783229406807,0.00389332091436,-0.0000555548867851,-0.000453859160189,-0.000190920662135,-0.000862087472342,0.00186836079229,-0.00180597289,0.000493349332828,0.0000956431831582,0.000164903263794],[0.0000713662666385,0.000124143101857,0.0000455913468613,-0.0000555548867851,0.00507101882249,-0.00138128281105,0.000269246374955,0.0000625749817118,-0.00369105837308,0.00397203397006,-0.00121634593233,-0.0020676930435,0.00129650579765],[-0.0000849113130243,0.0000747974336264,0.00046389081399,-0.000453859160189,-0.00138128281105,0.0085197230801,-0.00281797349453,-0.00157256016973,0.00195493502542,-0.00100080203265,0.00345797510818,-0.00120264349971,-0.00109468249138],[0.000192647334188,-0.000133401408675,-0.000643833831418,-0.000190920662135,0.000269246374955,-0.00281797349453,0.0102476244792,-0.0038128956221,0.00129430764355,0.00126503454521,-0.00139209069312,0.00473199039698,-0.00297098816372],[-0.000106593775854,0.0000491873724968,0.0000174500200956,-0.000862087472342,0.0000625749817118,-0.00157256016973,-0.0038128956221,0.0179105009884,-0.00876446068287,0.000140412070323,0.00336622400209,-0.00525854621083,0.00429036468267],[-0.0000209339887078,-0.000527469674125,-0.00012125671492,0.00186836079229,-0.00369105837308,0.00195493502542,0.00129430764355,-0.00876446068287,0.020512714982,-0.00953019782901,0.0011109043844,-0.000227427852224,-0.000494264997542],[-0.000308664311888,0.00114224129356,-0.000124590500491,-0.00180597289,0.00397203397006,-0.00100080203265,0.00126503454521,0.000140412070323,-0.00953019782901,0.0249320492148,-0.0128402141854,0.00365288276225,0.000416786962887],[0.0000983681384241,-0.000968676817138,0.000390507921111,0.000493349332828,-0.00121634593233,0.00345797510818,-0.00139209069312,0.00336622400209,0.0011109043844,-0.0128402141854,0.0252494551241,-0.00902755558491,-0.00126257748343],[-0.000357413460733,0.000642301165499,-0.000147446655319,0.0000956431831582,-0.0020676930435,-0.00120264349971,0.00473199039698,-0.00525854621083,-0.000227427852224,0.00365288276225,-0.00902755558491,0.022786937654,-0.00843624398112],[-0.00000869242285262,-0.0000483300864289,0.000418950454332,0.000164903263794,0.00129650579765,-0.00109468249138,-0.00297098816372,0.00429036468267,-0.000494264997542,0.000416786962887,-0.00126257748343,-0.00843624398112,0.0242353826761]],"mean":[-676.830383301,167.732818604,-14.4804544449,27.6108932495,5.72872686386,16.0506763458,2.15058851242,9.32510375977,5.9457192421,4.74513626099,2.89658546448,4.7259812355,1.17906248569]},"pitch_salience":{"dmean":0.085263684392,"dmean2":0.136853203177,"dvar":0.00552742788568,"dvar2":0.0139932697639,"max":0.839911997318,"mean":0.513023674488,"median":0.526803553104,"min":0.0938872396946,"var":0.0159825291485},"silence_rate_20dB":{"dmean":0,"dmean2":0,"dvar":0,"dvar2":0,"max":1,"mean":1,"median":1,"min":1,"var":0},"silence_rate_30dB":{"dmean":0.13216266036,"dmean2":0.264349758625,"dvar":0.114688180387,"dvar2":0.236222013831,"max":1,"mean":0.779225587845,"median":1,"min":0,"var":0.172018691897},"silence_rate_60dB":{"dmean":0.00942698679864,"dmean2":0.0188557170331,"dvar":0.00933738611639,"dvar2":0.0236728452146,"max":1,"mean":0.0929673761129,"median":0,"min":0,"var":0.084320537746},"spectral_centroid":{"dmean":198.930633545,"dmean2":304.830535889,"dvar":55687.5078125,"dvar2":113499.179688,"max":11763.4638672,"mean":1122.9786377,"median":973.135681152,"min":109.553215027,"var":1150453.125},"spectral_complexity":{"dmean":3.4330868721,"dmean2":5.26056003571,"dvar":12.7024145126,"dvar2":25.3570137024,"max":63,"mean":23.5078086853,"median":26,"min":0,"var":149.120574951},"spectral_contrast_coeffs":{"dmean":[0.0534673333168,0.0503238029778,0.0379962213337,0.0278677698225,0.024136569351,0.0359031409025],"dmean2":[0.0894075855613,0.0838499292731,0.0635643601418,0.0465732850134,0.0397699959576,0.0564022772014],"dvar":[0.00180311698932,0.0016107421834,0.000908319780137,0.000516014057212,0.000462420866825,0.00105439394247],"dvar2":[0.0050532752648,0.0043558627367,0.00251814466901,0.00141368061304,0.00122894626111,0.00249166786671],"max":[-0.385024905205,-0.423669010401,-0.582520604134,-0.60225123167,-0.592482566833,-0.50593316555],"mean":[-0.71051377058,-0.763498604298,-0.799829602242,-0.81777215004,-0.81121391058,-0.762533307076],"median":[-0.714813172817,-0.768816828728,-0.802404761314,-0.814193665981,-0.799737811089,-0.755631446838],"min":[-0.979059398174,-0.979609549046,-0.975410878658,-0.990738451481,-0.984819412231,-0.96407186985],"var":[0.00553706660867,0.00507599906996,0.00329736527056,0.0025136100594,0.00387646770105,0.00625882018358]},"spectral_contrast_valleys":{"dmean":[0.380176723003,0.366259604692,0.308483660221,0.302309721708,0.352898687124,0.546787619591],"dmean2":[0.640539884567,0.606605648994,0.506117761135,0.487118929625,0.544394373894,0.8715736866],"dvar":[0.0951948165894,0.100195288658,0.0794203728437,0.111580431461,0.163297489285,0.222851514816],"dvar2":[0.257623195648,0.258571177721,0.204548001289,0.289128035307,0.404187619686,0.595563590527],"max":[-4.93533468246,-4.53012943268,-5.28506994247,-5.46000099182,-5.44069337845,-8.9269952774],"mean":[-6.88427305222,-6.66381406784,-7.08667898178,-7.47951126099,-7.9722442627,-11.1752853394],"median":[-6.44101524353,-6.179479599,-6.52013063431,-6.77487564087,-7.45961618423,-10.8744277954],"min":[-28.2272872925,-27.9499759674,-27.7125530243,-27.6990070343,-27.563249588,-27.3698577881],"var":[4.69602489471,5.15951824188,5.13148021698,5.49617528915,5.15845012665,3.34059786797]},"spectral_decrease":{"dmean":5.96450666634e-9,"dmean2":9.56543555475e-9,"dvar":8.35802481514e-17,"dvar2":2.16251548075e-16,"max":2.53151970497e-8,"mean":-1.15035909687e-8,"median":-8.35574276437e-9,"min":-1.18686635631e-7,"var":1.42320977192e-16},"spectral_energy":{"dmean":0.0224614404142,"dmean2":0.0361292660236,"dvar":0.00116597034503,"dvar2":0.00302207190543,"max":0.471982091665,"mean":0.0670756921172,"median":0.0613096430898,"min":9.90134304653e-21,"var":0.00270362384617},"spectral_energyband_high":{"dmean":0.000265807670075,"dmean2":0.000404116814025,"dvar":1.7872703495e-7,"dvar2":3.94296193917e-7,"max":0.00881846807897,"mean":0.000972063280642,"median":0.000776949978899,"min":6.85576823648e-21,"var":9.07176456622e-7},"spectral_energyband_low":{"dmean":0.0199063904583,"dmean2":0.0320251919329,"dvar":0.00101087137591,"dvar2":0.00267041195184,"max":0.435828745365,"mean":0.0359780006111,"median":0.0222844723612,"min":1.14322527023e-23,"var":0.00161419424694},"spectral_energyband_middle_high":{"dmean":0.00202766899019,"dmean2":0.00327096018009,"dvar":0.0000110826558739,"dvar2":0.0000294072342513,"max":0.0404453128576,"mean":0.0061029298231,"median":0.00545782456174,"min":1.26437293029e-21,"var":0.0000274294943665},"spectral_energyband_middle_low":{"dmean":0.00499656656757,"dmean2":0.00788511801511,"dvar":0.0000491277132824,"dvar2":0.000119632553833,"max":0.109525956213,"mean":0.0128061752766,"median":0.00921760872006,"min":1.53590082287e-22,"var":0.000159958304721},"spectral_entropy":{"dmean":0.191679447889,"dmean2":0.30322560668,"dvar":0.0576602295041,"dvar2":0.149492830038,"max":9.81754779816,"mean":7.43029403687,"median":7.52962255478,"min":4.40177202225,"var":0.266987979412},"spectral_flux":{"dmean":0.0318100340664,"dmean2":0.0527560152113,"dvar":0.0016904710792,"dvar2":0.0040742889978,"max":0.598299860954,"mean":0.127668321133,"median":0.127617374063,"min":6.28781957057e-11,"var":0.00510328775272},"spectral_kurtosis":{"dmean":5.88111448288,"dmean2":9.36800765991,"dvar":80.7448348999,"dvar2":220.98008728,"max":190.137130737,"mean":22.0909252167,"median":20.1315231323,"min":-1.26425278187,"var":126.471176147},"spectral_rms":{"dmean":0.00119105738122,"dmean2":0.00188383529894,"dvar":0.000002177874876,"dvar2":0.00000545980992683,"max":0.0214585717767,"mean":0.00729108834639,"median":0.00773396948352,"min":3.1080294588e-12,"var":0.0000122799101518},"spectral_rolloff":{"dmean":4805.83740234,"dmean2":9225.4765625,"dvar":62946184,"dvar2":144056768,"max":22028.4667969,"mean":14736.8798828,"median":21124.0722656,"min":43.06640625,"var":88817288},"spectral_skewness":{"dmean":0.466828614473,"dmean2":0.723669528961,"dvar":0.36192792654,"dvar2":0.957349538803,"max":11.6542663574,"mean":3.26159858704,"median":3.1850233078,"min":-0.0999376922846,"var":0.959853827953},"spectral_spread":{"dmean":514985.0625,"dmean2":824054.125,"dvar":415669125120,"dvar2":1076208467970,"max":43730264,"mean":4188333.25,"median":3759226.5,"min":1125548.875,"var":12368143712300},"spectral_strongpeak":{"dmean":4.95325946808,"dmean2":9.18169784546,"dvar":335.969970703,"dvar2":897.606628418,"max":302.140991211,"mean":4.4993057251,"median":0.350700855255,"min":0,"var":334.261169434},"zerocrossingrate":{"dmean":0.044746555388,"dmean2":0.0571961961687,"dvar":0.00144539785106,"dvar2":0.00232624541968,"max":0.85107421875,"mean":0.305141746998,"median":0.28515625,"min":0.0537109375,"var":0.0149068823084}},"metadata":{"audio_properties":{"analysis_sample_rate":44100,"bit_rate":184333,"codec":"mp3","downmix":"mix","equal_loudness":0,"length":251.220657349,"lossless":false,"md5_encoded":"482702cda74dd6405790f5da2c47a322","replay_gain":-10.0188694,"sample_rate":44100},"tags":{"#helium2 albumartist":["Megadeth"],"album":["United Abominations"],"albumartist":["Megadeth"],"albumartistsort":["Megadeth"],"artist":["Megadeth"],"artistsort":["Megadeth"],"asin":["B000OCXFCO"],"barcode":["016861802929"],"catalognumber":["1686-180292"],"commissioned":["Roadrunner Records"],"composer":["Dave Mustaine"],"date":["2007"],"discnumber":["1/1"],"file_name":"08. Megadeth - À tout le monde (Set Me Free).mp3","genre":["Thrash Metal"],"isrc":["NLA320784157"],"label":["Roadrunner Records"],"musicbrainz album release country":["US"],"musicbrainz album status":["official"],"musicbrainz album type":["album"],"musicbrainz_albumartistid":["a9044915-8be3-4c7e-b11f-9e2d2ea0a91e"],"musicbrainz_albumid":["d0cba0a5-8edc-4472-a49f-7e176a4230ad"],"musicbrainz_artistid":["a9044915-8be3-4c7e-b11f-9e2d2ea0a91e"],"musicbrainz_recordingid":["fc6365c9-01aa-4652-ace1-eec1b298e427"],"musicip_puid":["df5f9b6b-6f25-aefc-420a-6fa5f1e06d3c"],"title":["À tout le monde (Set Me Free)"],"tracknumber":["8/11"]},"version":{"essentia":"2.1-beta1","essentia_build_sha":"ca57ba49d9b1854bd80e60cf9ccf267278fb7d6b","essentia_git_sha":"v2.1_beta1-28-g21ef5f4-dirty","extractor":"music 1.0"}},"rhythm":{"beats_count":476,"beats_loudness":{"dmean":0.0285952482373,"dmean2":0.0494735911489,"dvar":0.000884983339347,"dvar2":0.00265658879653,"max":0.220720082521,"mean":0.0702053308487,"median":0.0691894739866,"min":0,"var":0.00231976760551},"beats_loudness_band_ratio":{"dmean":[0.184529393911,0.0689588859677,0.0800549685955,0.0518312901258,0.0280840080231,0.103281483054],"dmean2":[0.318722426891,0.122026540339,0.13931773603,0.0915932506323,0.0499787442386,0.177342951298],"dvar":[0.0181127805263,0.00742274383083,0.0122837172821,0.00406876718625