{"lowlevel":{"average_loudness":0.825387716293,"barkbands":{"dmean":[0.0139078926295,0.0212028641254,0.0027618620079,0.00167719519231,0.00195829174481,0.00109640648589,0.00135362485889,0.000746836478356,0.00125411956105,0.000712844426744,0.000478669593576,0.000649739115033,0.000569536699913,0.00033909274498,0.000377582327928,0.000152144042659,0.000106137078546,0.0000814841041574,0.0000685467603034,0.000059739471908,0.0000443448698206,0.0000257270075963,0.0000225239455176,0.0000207724606298,0.00000786221062299,0.0000225946696446,0.000144723773701],"dmean2":[0.0221674405038,0.0355030409992,0.00464949337766,0.0027745612897,0.00323416735046,0.0017829076387,0.00217772345059,0.0012224187376,0.002007040428,0.0011540815467,0.000792670587543,0.00104853580706,0.000950730638579,0.000571627751924,0.000632841081824,0.000248582364293,0.000177033783984,0.000134355781483,0.000109933462227,0.0000942553378991,0.0000684126061969,0.0000396204413846,0.0000335394397553,0.0000286145623249,0.0000123454838103,0.0000311911462632,0.000218818007852],"dvar":[0.000789018522482,0.00160309369676,0.0000241135912802,0.0000130054586407,0.0000105121353045,0.00000493247398481,0.0000085585661509,0.00000253798748417,0.0000122799820019,0.0000025518925213,9.92562377178e-7,0.00000152425741362,0.00000116858950605,3.50821267148e-7,3.68461485323e-7,5.6983417096e-8,3.58932048528e-8,2.37956783167e-8,2.08860360118e-8,1.96733278557e-8,1.01334141078e-8,2.46970999207e-9,1.69715286269e-9,1.04370589948e-9,1.96841223876e-10,1.50005896593e-9,5.02370980371e-8],"dvar2":[0.00187472428661,0.00433271983638,0.0000642852173769,0.0000320409890264,0.0000275412585324,0.0000127030616568,0.0000214220544876,0.00000629702708466,0.0000292625227303,0.00000618505464445,0.00000256672410615,0.00000389375645682,0.00000323110498357,9.39938047395e-7,0.00000100071508768,1.48809647271e-7,9.17264273426e-8,6.10808541524e-8,4.93562595238e-8,4.4367787666e-8,2.26837144623e-8,5.52846701751e-9,3.55200913127e-9,2.0775225984e-9,4.60037813399e-10,3.0167806031e-9,1.11151095439e-7],"max":[0.4497641325,0.421034306288,0.0963922515512,0.0882603675127,0.0500281155109,0.0494943112135,0.078642912209,0.0388275980949,0.087444588542,0.0513858050108,0.0234918761998,0.0275219734758,0.0186827741563,0.016569186002,0.00940446276218,0.00406763842329,0.00494934758171,0.00344776362181,0.00354376202449,0.00417276099324,0.00227329833433,0.000598744954914,0.000839574902784,0.000348200148437,0.000180883042049,0.000733749009669,0.00533133884892],"mean":[0.0181015692651,0.0304820146412,0.00384849845432,0.00225891801529,0.00304271653295,0.00171328440774,0.00231158803217,0.00126972654834,0.00224264222197,0.00116024643648,0.000764532247558,0.00114431243856,0.0010099519277,0.000627648842055,0.0007477971958,0.000292280194117,0.000179814000148,0.000139262279845,0.000115847491543,0.000108099389763,0.0000749705577618,0.0000387104773836,0.0000323767271766,0.0000321158659062,0.00000873551380209,0.0000343790597981,0.000432361703133],"median":[0.00620051892474,0.0163505673409,0.00175508786924,0.00090763089247,0.00142060779035,0.000801575020887,0.000674031558447,0.000329734466504,0.000473536318168,0.000443508324679,0.000286482914817,0.000521894311532,0.000424066965934,0.000327229005052,0.000329160742695,0.000131358596263,0.0000869287032401,0.000068410532549,0.0000526492403878,0.0000398072334065,0.0000285968289973,0.0000133874800667,0.0000111572398964,0.00000929661473492,0.00000265167545876,0.000010465088053,0.00023762951605],"min":[1.21939732425e-24,2.64403077583e-23,5.58540776041e-24,1.6507207898e-23,5.20056299331e-23,3.53840151158e-23,1.07932251975e-22,5.68421172104e-23,4.55724124531e-23,1.04799489683e-22,7.62565268242e-23,3.16537001543e-23,7.4402924578e-23,1.9426645162e-22,2.76778247836e-22,7.54610331765e-23,1.53432663515e-22,2.23713202951e-22,1.80602244782e-22,2.6322160376e-22,5.98099949516e-22,7.09643720311e-22,7.13680668661e-22,1.02998354891e-21,1.27373293533e-21,1.80000075067e-21,2.07710262081e-21],"var":[0.00111607811414,0.00186023663264,0.0000376113930542,0.0000195839947992,0.0000196947767108,0.00000802995054983,0.0000222871403821,0.00000618557669441,0.000031860301533,0.00000453313896287,0.00000162185142472,0.00000336836410497,0.00000243430645241,7.10119024916e-7,0.00000103346212654,1.47128105255e-7,6.56665903875e-8,4.13082332784e-8,3.9995978085e-8,4.5678099525e-8,1.99073308949e-8,3.99501720594e-9,2.93102986326e-9,2.35859665132e-9,2.449476455e-10,2.92395219148e-9,3.24479486835e-7]},"barkbands_crest":{"dmean":2.95895504951,"dmean2":4.83151769638,"dvar":6.88101053238,"dvar2":17.5338668823,"max":25.5774059296,"mean":12.3120861053,"median":11.7848415375,"min":2.64680051804,"var":21.4728431702},"barkbands_flatness_db":{"dmean":0.0371159128845,"dmean2":0.0570522472262,"dvar":0.00139747618232,"dvar2":0.00316426064819,"max":0.52629160881,"mean":0.176207721233,"median":0.15408089757,"min":0.0249521359801,"var":0.00686891842633},"barkbands_kurtosis":{"dmean":11.0483188629,"dmean2":17.451423645,"dvar":477.167724609,"dvar2":1082.12402344,"max":403.062744141,"mean":20.6425971985,"median":6.54246711731,"min":-1.79101622105,"var":1329.14953613},"barkbands_skewness":{"dmean":0.927666425705,"dmean2":1.43664979935,"dvar":1.08104109764,"dvar2":2.39606380463,"max":15.9295530319,"mean":2.96453928947,"median":2.29257154465,"min":-4.95365476608,"var":5.57129907608},"barkbands_spread":{"dmean":5.60503149033,"dmean2":8.79731082916,"dvar":49.9958076477,"dvar2":111.95866394,"max":107.154495239,"mean":16.8196239471,"median":15.7034053802,"min":0.194924622774,"var":153.677947998},"dissonance":{"dmean":0.0251204986125,"dmean2":0.0420461930335,"dvar":0.000777093577199,"dvar2":0.00205797352828,"max":0.500000119209,"mean":0.45973700285,"median":0.469503283501,"min":0.158950701356,"var":0.00129825575277},"dynamic_complexity":6.85658836365,"erbbands":{"dmean":[1.29943025112,2.5001642704,3.00993847847,4.58792924881,6.69478845596,6.46379947662,6.86047315598,10.1409263611,10.8967590332,28.261384964,19.3290672302,29.9243373871,16.8708019257,22.6347427368,18.9111309052,27.4011631012,26.5026226044,17.4855518341,21.5811443329,11.1337366104,7.48505830765,5.61112642288,4.61649465561,3.76851773262,3.12284326553,2.77843928337,2.15021681786,1.49000859261,0.9436840415,0.789461553097,0.611685395241,0.427017390728,0.362329393625,0.136508077383,0.0358077324927,0.0756108686328,0.0403803922236,0.0196325667202,0.00804355274886,0.00414272909984],"dmean2":[2.21806740761,4.16506528854,5.09398603439,7.46832847595,11.2458877563,10.6511106491,11.2696447372,16.6047458649,17.5298023224,45.7198944092,31.3605957031,47.8889541626,27.4491004944,36.6646652222,30.8798027039,44.4951019287,44.0410766602,29.0380401611,36.2797660828,18.5279006958,12.2062044144,9.26563072205,7.55256986618,6.16718530655,5.00228786469,4.39906311035,3.34820652008,2.30127167702,1.46081209183,1.19054758549,0.908515512943,0.626167476177,0.490849107504,0.203705862164,0.0574304647744,0.105501234531,0.0570396073163,0.027889424935,0.0117554189637,0.00635486282408],"dvar":[6.50363206863,20.9046897888,26.3947315216,85.8592910767,144.590316772,146.422546387,195.009033203,415.465942383,350.986999512,4821.15478516,1760.20056152,7905.46386719,1356.20471191,2359.06884766,1422.18554688,3009.12890625,2595.3059082,1010.54180908,1245.17114258,349.642150879,140.840591431,109.49181366,79.1954040527,59.5041427612,50.193523407,42.3119430542,24.1656684875,10.296292305,3.51169919968,2.29548668861,1.16659426689,0.451627224684,0.349346399307,0.062624886632,0.00369999883696,0.0173595361412,0.00461140973493,0.00214419001713,0.0002695559524,0.0000704650592525],"dvar2":[18.1882152557,55.3621940613,71.1687774658,214.07774353,397.547973633,367.505004883,515.428955078,1052.06762695,851.113586426,12396.6660156,4245.60986328,18458.9785156,3398.73779297,5632.37451172,3590.14135742,7810.51074219,7170.81787109,2708.49731445,3370.6340332,954.122070312,362.532592773,276.754119873,200.685272217,148.136032104,115.810134888,96.4351730347,53.9898414612,23.3614807129,8.01079940796,5.00681495667,2.41711354256,0.982688069344,0.667947351933,0.138746440411,0.00881904643029,0.0352734662592,0.00942426454276,0.00398885505274,0.000569363299292,0.00017543292779],"max":[28.3715438843,51.9762573242,82.7380828857,287.482879639,228.853408813,212.596298218,399.714385986,412.871826172,484.425872803,1726.45861816,937.59362793,2212.2043457,804.469848633,2047.72473145,746.468078613,1330.27746582,928.69128418,911.167724609,589.413452148,321.58782959,242.354293823,295.232666016,186.31791687,171.471008301,231.415664673,193.809936523,102.788070679,71.5618667603,24.8728866577,28.0297260284,24.1722888947,9.50193023682,7.40951824188,2.83770680428,0.98507553339,1.61677670479,1.44598543644,1.25138127804,0.532645046711,0.261292397976],"mean":[1.71335589886,3.70957899094,4.44063234329,6.84018850327,9.54526329041,9.24518108368,10.0316505432,15.4582052231,19.2838573456,45.7630882263,36.3958625793,53.398651123,30.502073288,38.9415512085,35.5161514282,50.0685920715,49.1119918823,34.9733505249,43.5832862854,23.7293510437,15.4283285141,10.1226081848,8.01995182037,6.50899791718,5.3816652298,5.04343414307,3.70540857315,2.5487165451,1.41996109486,1.16406321526,0.878813564777,0.645831942558,0.538554608822,0.160765230656,0.0409860350192,0.10100800544,0.0646366328001,0.0348936319351,0.020853864029,0.0140932137147],"median":[0.802114725113,2.07246541977,2.33271002769,3.08652925491,4.17151546478,3.97032117844,4.63633728027,6.81631803513,8.65780639648,9.4492893219,8.90809631348,10.601275444,9.74466133118,19.5936965942,17.3100700378,22.0238571167,22.0671520233,18.9991493225,20.1852397919,11.8423557281,7.68841505051,5.53731584549,4.05863142014,3.28561878204,2.26340484619,1.93489003181,1.31624865532,0.974080264568,0.502351641655,0.405757248402,0.302016854286,0.228060364723,0.127759188414,0.0443925410509,0.0150216855109,0.0255873054266,0.0215295702219,0.0107146101072,0.00788736343384,0.00839329883456],"min":[1.26816138115e-21,3.92462182805e-21,6.30537324288e-21,3.23280730326e-20,5.50611999264e-20,2.82106509942e-19,1.69106956199e-19,4.05797437726e-19,1.47536544101e-18,1.43136491249e-18,1.11622543592e-18,1.08711705357e-18,2.23984834807e-18,3.50607616384e-18,2.45426948607e-18,1.20551792869e-18,3.20458496059e-18,7.30131316313e-18,1.33248200499e-17,9.2749396349e-18,5.15837398691e-18,9.19634672336e-18,1.12574533352e-17,8.30479987862e-18,1.10433798198e-17,1.26700619273e-17,2.13203983088e-17,2.22864526201e-17,2.12336369887e-17,2.89601524196e-17,2.06481271183e-17,2.04765764767e-17,1.6615969048e-17,1.11556704152e-17,1.05421836421e-17,5.8042916167e-18,3.73019041105e-18,1.25027005419e-18,3.01832802997e-19,3.06775924478e-20],"var":[6.85144090652,25.8377895355,41.3707046509,139.655960083,237.042175293,234.300704956,262.66619873,703.178771973,906.452453613,11072.8125,4985.66699219,21422.9140625,2836.01171875,4120.26269531,2835.23779297,6690.03857422,5515.81396484,2231.24194336,3438.91210938,982.334350586,392.167785645,205.715545654,141.064315796,99.5525436401,98.8096466064,94.1152420044,57.0219802856,18.8696708679,5.40817213058,3.92404603958,2.05915999413,0.859525740147,0.778598427773,0.0859167128801,0.00481477892026,0.0301931928843,0.00950845144689,0.0051891990006,0.00174677348696,0.000294525234494]},"erbbands_crest":{"dmean":2.72845673561,"dmean2":4.38941335678,"dvar":6.44796943665,"dvar2":14.9575166702,"max":31.3227863312,"mean":9.03773784637,"median":7.89142227173,"min":2.34255480766,"var":18.9788703918},"erbbands_flatness_db":{"dmean":0.0254555046558,"dmean2":0.0381679087877,"dvar":0.000607801135629,"dvar2":0.00145735859405,"max":0.352930366993,"mean":0.138975277543,"median":0.132382214069,"min":0.0301967207342,"var":0.00210611103103},"erbbands_kurtosis":{"dmean":1.13749992847,"dmean2":1.78126621246,"dvar":2.78635144234,"dvar2":6.22904443741,"max":38.751739502,"mean":1.08141863346,"median":0.384784936905,"min":-1.71524465084,"var":7.13655281067},"erbbands_skewness":{"dmean":0.405762314796,"dmean2":0.621247708797,"dvar":0.156102120876,"dvar2":0.352438122034,"max":4.90148878098,"mean":0.130752488971,"median":0.0967735126615,"min":-3.60785508156,"var":0.732435941696},"erbbands_spread":{"dmean":6.98371553421,"dmean2":10.6535148621,"dvar":50.2645759583,"dvar2":108.622840881,"max":132.150299072,"mean":30.6684837341,"median":27.3326969147,"min":2.0238904953,"var":250.725830078},"gfcc":{"cov":[[31369.3984375,1554.08935547,-2839.04272461,-488.851867676,909.24017334,-653.284851074,838.95703125,85.8979187012,849.003234863,-78.2541046143,-13.842253685,-360.744384766,186.220092773],[1554.08935547,1286.05505371,70.8740539551,-250.379776001,226.188537598,68.2563934326,97.560005188,-126.160591125,15.0092477798,10.9585266113,86.4894104004,-93.6080932617,123.457725525],[-2839.04272461,70.8740539551,570.144470215,133.91468811,-96.3634414673,186.920761108,-92.0710830688,50.0817756653,-102.28993988,31.5154094696,6.77498054504,50.6593475342,-2.93498635292],[-488.851867676,-250.379776001,133.91468811,380.338378906,26.1326599121,-8.94480800629,53.73960495,33.1793556213,-51.8542976379,-5.71416664124,-29.3195743561,64.4438171387,-40.0560073853],[909.24017334,226.188537598,-96.3634414673,26.1326599121,237.016769409,48.2520446777,89.4273223877,-54.2124671936,15.7558832169,-21.5695381165,29.9687042236,-11.4310703278,44.606262207],[-653.284851074,68.2563934326,186.920761108,-8.94480800629,48.2520446777,277.500946045,-1.73402941227,46.9518623352,-53.6724090576,20.0977249146,30.2565765381,39.1986656189,43.2342529297],[838.95703125,97.560005188,-92.0710830688,53.73960495,89.4273223877,-1.73402941227,171.437530518,5.77997636795,34.5341796875,-4.44322967529,15.7210206985,2.18603587151,16.2963218689],[85.8979187012,-126.160591125,50.0817756653,33.1793556213,-54.2124671936,46.9518623352,5.77997636795,200.509048462,83.002166748,39.4132118225,-16.3408317566,-1.45844089985,-5.93146085739],[849.003234863,15.0092477798,-102.28993988,-51.8542976379,15.7558832169,-53.6724090576,34.5341796875,83.002166748,149.678329468,40.7805099487,-2.31176447868,-27.0983142853,-6.68822717667],[-78.2541046143,10.9585266113,31.5154094696,-5.71416664124,-21.5695381165,20.0977249146,-4.44322967529,39.4132118225,40.7805099487,76.2759628296,32.8811340332,-2.52883338928,-2.9646422863],[-13.842253685,86.4894104004,6.77498054504,-29.3195743561,29.9687042236,30.2565765381,15.7210206985,-16.3408317566,-2.31176447868,32.8811340332,73.2376251221,30.1709346771,19.4803028107],[-360.744384766,-93.6080932617,50.6593475342,64.4438171387,-11.4310703278,39.1986656189,2.18603587151,-1.45844089985,-27.0983142853,-2.52883338928,30.1709346771,85.6783905029,19.3040847778],[186.220092773,123.457725525,-2.93498635292,-40.0560073853,44.606262207,43.2342529297,16.2963218689,-5.93146085739,-6.68822717667,-2.9646422863,19.4803028107,19.3040847778,78.8999938965]],"icov":[[0.0000955836949288,-0.000260289903963,0.000697988900356,-0.000440507312305,0.000319700804539,-0.000341954728356,0.000134560905281,-0.0000497886030644,-0.000410914362874,0.000319267273881,-0.000157950664288,0.000182215837413,-0.0000693055553711],[-0.000260289903963,0.00273653748445,-0.00357046327554,0.00257388572209,-0.00238948897459,0.00180548045319,-0.00172298250254,0.000914670876227,0.000915842247196,-0.00073544611223,-0.00110361806583,0.0020662760362,-0.00189059216063],[0.000697988900356,-0.00357046327554,0.010485721752,-0.00784938503057,0.00722935656086,-0.00712925801054,0.00421380251646,0.000242856782279,-0.00429234979674,0.00437604542822,-0.00383477844298,0.00314693455584,-0.000710698775947],[-0.000440507312305,0.00257388572209,-0.00784938503057,0.0163932088763,-0.0143030202016,0.0110314432532,-0.00661347527057,-0.00661579426378,0.0151825575158,-0.0165629461408,0.0183673743159,-0.0176802743226,0.00840832386166],[0.000319700804539,-0.00238948897459,0.00722935656086,-0.0143030202016,0.021387303248,-0.0128466244787,0.00292722205631,0.00900369044393,-0.0167845096439,0.0193728003651,-0.0199163742363,0.0183926932514,-0.00926529057324],[-0.000341954728356,0.00180548045319,-0.00712925801054,0.0110314432532,-0.0128466244787,0.0147673860192,-0.00408205622807,-0.00780264753848,0.0143824974075,-0.0138251921162,0.0122389895841,-0.0130306817591,0.00361073296517],[0.000134560905281,-0.00172298250254,0.00421380251646,-0.00661347527057,0.00292722205631,-0.00408205622807,0.0110612576827,0.000938934856094,-0.00603451672941,0.00653783045709,-0.00703903986141,0.0043850755319,-0.00205533439294],[-0.0000497886030644,0.000914670876227,0.000242856782279,-0.00661579426378,0.00900369044393,-0.00780264753848,0.000938934856094,0.0147258397192,-0.0146227916703,0.00742526771501,-0.00751235568896,0.0102518498898,-0.00617899606004],[-0.000410914362874,0.000915842247196,-0.00429234979674,0.0151825575158,-0.0167845096439,0.0143824974075,-0.00603451672941,-0.0146227916703,0.0320487432182,-0.0259526893497,0.0222421418875,-0.0191926080734,0.0097859557718],[0.000319267273881,-0.00073544611223,0.00437604542822,-0.0165629461408,0.0193728003651,-0.0138251921162,0.00653783045709,0.00742526771501,-0.0259526893497,0.0476136766374,-0.0394539833069,0.0285504683852,-0.0096726315096],[-0.000157950664288,-0.00110361806583,-0.00383477844298,0.0183673743159,-0.0199163742363,0.0122389895841,-0.00703903986141,-0.00751235568896,0.0222421418875,-0.0394539833069,0.0564812645316,-0.0384809039533,0.0125968968496],[0.000182215837413,0.0020662760362,0.00314693455584,-0.0176802743226,0.0183926932514,-0.0130306817591,0.0043850755319,0.0102518498898,-0.0191926080734,0.0285504683852,-0.0384809039533,0.0471019037068,-0.0184926092625],[-0.0000693055553711,-0.00189059216063,-0.000710698775947,0.00840832386166,-0.00926529057324,0.00361073296517,-0.00205533439294,-0.00617899606004,0.0097859557718,-0.0096726315096,0.0125968968496,-0.0184926092625,0.0251384694129]],"mean":[-39.115070343,98.9226379395,-75.0485229492,0.339721232653,-17.927986145,7.7976026535,-7.04042482376,-8.81481075287,-5.60750818253,-0.133966967463,-0.498757630587,-2.10658621788,-5.51899814606]},"hfc":{"dmean":39.7665023804,"dmean2":65.1917495728,"dvar":6939.83105469,"dvar2":18898.6640625,"max":1312.91003418,"mean":119.588088989,"median":57.8187789917,"min":1.16523754985e-16,"var":20078.2363281},"melbands":{"dmean":[0.00873316265643,0.00189133535605,0.00079927558545,0.000465440971311,0.000247461779509,0.000221305905143,0.000190858292626,0.000268382078502,0.000188579797396,0.000174979388248,0.0000865209294716,0.0000979940014076,0.0000706971186446,0.0000710728418198,0.0000702751567587,0.0000504318268213,0.0000322746091115,0.0000369073604816,0.0000225986714213,0.0000124101243273,0.00000895003449841,0.00000647177421342,0.0000050578560149,0.00000416443162976,0.00000318126581078,0.00000255971804108,0.000002271558742,0.00000189631668945,0.00000148316769355,0.00000117122112897,8.19322849566e-7,5.70707129555e-7,4.63724290967e-7,4.50775644367e-7,3.79272421469e-7,3.02638881067e-7,2.51210508395e-7,2.59844426864e-7,2.40934866724e-7,7.18425141599e-8],"dmean2":[0.0146255316213,0.00316720688716,0.00131334899925,0.000769805104937,0.00040437138523,0.000360208534403,0.00030624732608,0.000434622023022,0.000303545588395,0.000281127518974,0.000141336451634,0.000158479306265,0.000116502291348,0.000115392540465,0.000114513532026,0.0000841869768919,0.000054041025578,0.0000623016967438,0.000037823258026,0.0000207299581234,0.0000146290349221,0.0000107490486698,0.0000083237518993,0.00000695618609825,0.00000522629534316,0.00000414777196056,0.00000366159338228,0.00000303180172523,0.00000234443427871,0.00000183546853805,0.00000128376370867,9.02367503386e-7,7.21177229934e-7,6.89367141149e-7,5.72655210362e-7,4.51138561175e-7,3.78801189527e-7,3.59012176432e-7,3.42361147432e-7,1.14190044087e-7],"dvar":[0.000282282300759,0.00000975163129624,0.00000220410856855,6.19116178768e-7,2.20338378654e-7,1.91771420077e-7,1.1459295024e-7,4.1051598032e-7,1.843437758e-7,2.36279120713e-7,3.76173368011e-8,4.58459368247e-8,2.20236842097e-8,2.19556905989e-8,1.56678297003e-8,8.46168024538e-9,3.33102323502e-9,3.62788665775e-9,1.40809952587e-9,4.2947406742e-10,2.08700015603e-10,1.50640278029e-10,9.98038873767e-11,5.73994948794e-11,4.46699309486e-11,2.96917802844e-11,3.51395232356e-11,1.86936542634e-11,1.17211492248e-11,7.63276768179e-12,3.03202233286e-12,1.34637299139e-12,7.94884394851e-13,8.30666210729e-13,5.08012577317e-13,2.4356135598e-13,1.64277757521e-13,1.7355070831e-13,2.12950317102e-13,1.67712676022e-14],"dvar2":[0.00077263743151,0.0000262016492343,0.00000557488237973,0.00000163100878581,5.73402303417e-7,4.86040732994e-7,2.83200506601e-7,0.00000106093727936,4.50227219062e-7,5.54243968054e-7,9.40882642908e-8,1.0960460628e-7,5.67861917489e-8,5.59045432169e-8,4.20458974304e-8,2.33285355478e-8,8.92500118255e-9,9.8394314918e-9,3.83663989467e-9,1.18328180587e-9,5.40294642359e-10,3.88910015303e-10,2.54454540771e-10,1.51062412579e-10,1.12474189684e-10,7.14283909797e-11,8.46168690671e-11,4.40297139026e-11,2.72393115008e-11,1.77032156295e-11,7.05373606746e-12,3.16582957766e-12,1.82252542051e-12,1.83112032481e-12,1.08079398296e-12,5.31001132821e-13,3.68989832179e-13,3.39039804261e-13,4.4770993011e-13,3.95672433891e-14],"max":[0.181715831161,0.0455131009221,0.0403300113976,0.0123701300472,0.01088074781,0.00879807211459,0.00728158932179,0.0153222382069,0.00847134646028,0.0119001530111,0.00414504157379,0.00887983478606,0.00343141914345,0.0035042357631,0.00239397026598,0.00150788226165,0.00158592208754,0.00100226991344,0.000545990129467,0.000328354246449,0.000296534533845,0.00038058537757,0.000213705468923,0.00012019368296,0.000153602421051,0.000121138880786,0.000192300838535,0.000100007426227,0.000074356677942,0.0000596126446908,0.000036586287024,0.000018163023924,0.0000121321490951,0.0000194671429199,0.0000178977115866,0.00000652571588944,0.00000541777717444,0.00000506067362949,0.00000666480354994,0.00000153003486503],"mean":[0.0125094410032,0.0030892167706,0.00127054005861,0.000695772876497,0.000365449232049,0.000346701854141,0.000343959894963,0.000441600423073,0.000333835312631,0.000308741233312,0.000146592312376,0.000161013449542,0.000117006005894,0.000122883444419,0.000128602463519,0.0000924401028897,0.0000589842675254,0.0000705912389094,0.0000446860867669,0.0000228500121011,0.000016703907022,0.0000107808718894,0.00000792693754192,0.00000668033590046,0.00000512028964295,0.00000415236627305,0.00000359431419383,0.00000333456546286,0.00000244759485213,0.00000189202546608,0.00000131011643134,8.12407733974e-7,6.62947741148e-7,6.39949632841e-7,5.26999372141e-7,4.23513455416e-7,3.80166000014e-7,4.00781232202e-7,2.92123530699e-7,7.8040329754e-8],"median":[0.00667375139892,0.00196733977646,0.000641315593384,0.000326471112203,0.000165772566106,0.000158395865583,0.000139971496537,0.0000967692903941,0.0000722455879441,0.0000637527846266,0.000046122528147,0.0000776803353801,0.0000482585819555,0.000052258692449,0.0000541090375918,0.0000405211249017,0.0000289536474156,0.0000304694385704,0.0000205085525522,0.0000107633659354,0.00000739492679713,0.00000497657583765,0.00000362788614439,0.00000319380046676,0.0000024454418508,0.00000175195191332,0.00000131182127916,0.00000123773918403,7.93408105437e-7,6.9618931775e-7,4.72496310522e-7,2.73797780892e-7,2.33416741935e-7,2.11254572946e-7,1.73187316932e-7,1.43781647921e-7,1.29882920419e-7,9.55159862315e-8,5.80766723601e-8,2.35170283247e-8],"min":[8.76484024699e-24,3.63488448565e-24,6.31854708116e-24,1.07780109105e-23,8.44978497866e-24,1.01356919625e-23,2.16845903714e-23,1.45496369399e-23,9.43383689311e-24,6.26560031492e-24,1.19912789828e-23,1.49577904168e-23,9.59008893919e-24,3.43329226462e-24,4.0576523997e-24,8.46686460612e-24,1.54820815739e-23,2.02800677059e-23,2.43657503057e-23,4.21791107032e-24,6.48519434182e-24,9.01328804478e-24,9.60943496402e-24,1.15713517568e-23,5.52313350283e-24,8.08796761359e-24,6.42511193426e-24,8.96951257543e-24,1.2881385452e-23,1.48292124002e-23,1.19629288995e-23,8.07898958763e-24,1.97488613941e-23,1.5079259219e-23,1.33399834284e-23,9.26495597279e-24,1.32215359634e-23,1.23223284059e-23,8.74353705824e-24,1.00520632402e-23],"var":[0.000325838336721,0.0000145129342854,0.00000387106865674,0.00000109569464257,3.31448347879e-7,3.36920635391e-7,3.19848169283e-7,9.48644981236e-7,4.81424081045e-7,6.42203417556e-7,7.24601676438e-8,7.77776563154e-8,3.60493110918e-8,4.42922072352e-8,3.82600973126e-8,1.86469897301e-8,6.69700472855e-9,9.53132150983e-9,3.63778029921e-9,1.01587127599e-9,5.06397146438e-10,2.64158167562e-10,1.57637611298e-10,9.51834722152e-11,6.78711808977e-11,5.57490269226e-11,5.85202997172e-11,4.18499748744e-11,2.69126873564e-11,1.41754889077e-11,4.93707895746e-12,1.89944240891e-12,1.23256569881e-12,1.32800389609e-12,8.37012804986e-13,4.14975996274e-13,3.05619597555e-13,4.12057405341e-13,3.15881462697e-13,2.01238477244e-14]},"melbands_crest":{"dmean":4.91229629517,"dmean2":8.06144714355,"dvar":20.6663074493,"dvar2":51.9201431274,"max":38.7437477112,"mean":20.7775878906,"median":19.7022838593,"min":2.25573158264,"var":68.998260498},"melbands_flatness_db":{"dmean":0.0439549535513,"dmean2":0.067508161068,"dvar":0.00184541742783,"dvar2":0.00410191947594,"max":0.672929942608,"mean":0.287412583828,"median":0.267179191113,"min":0.00738429510966,"var":0.00969960261136},"melbands_kurtosis":{"dmean":17.1583118439,"dmean2":27.0308227539,"dvar":1216.60131836,"dvar2":2769.13818359,"max":894.199829102,"mean":32.9398002625,"median":9.66392040253,"min":-1.81532514095,"var":3597.03393555},"melbands_skewness":{"dmean":1.15003097057,"dmean2":1.78412437439,"dvar":1.67992663383,"dvar2":3.84733271599,"max":23.6812343597,"mean":3.76520872116,"median":2.83021402359,"min":-1.73367393017,"var":8.92040729523},"melbands_spread":{"dmean":5.36452007294,"dmean2":8.53377056122,"dvar":64.5847930908,"dvar2":147.989349365,"max":243.530593872,"mean":15.5360584259,"median":12.4563322067,"min":0.104465641081,"var":426.596954346},"mfcc":{"cov":[[21456.3261719,1860.26330566,-2188.30297852,-66.8855514526,-359.203491211,-208.42880249,-336.502532959,262.762512207,323.663085938,748.711608887,153.107315063,288.169464111,-250.932312012],[1860.26330566,1693.39807129,-96.2048797607,-241.734909058,65.6523666382,166.903518677,122.348320007,-56.5588569641,33.3341560364,68.2666854858,27.9285354614,0.525963127613,29.4577007294],[-2188.30297852,-96.2048797607,585.282348633,-1.16761720181,96.1826782227,43.3521156311,78.5893630981,14.4597654343,-4.33509254456,-64.2257461548,11.0668420792,-23.9937286377,43.4597587585],[-66.8855514526,-241.734909058,-1.16761720181,381.61730957,-21.4950027466,21.4945983887,11.3727083206,45.2297019958,-9.22268486023,-4.65777921677,-1.29794406891,-15.4259958267,-0.145240724087],[-359.203491211,65.6523666382,96.1826782227,-21.4950027466,156.453674316,58.2728157043,46.4979972839,17.0737838745,16.1044616699,-22.4106998444,0.970096409321,-3.270175457,19.2859764099],[-208.42880249,166.903518677,43.3521156311,21.4945983887,58.2728157043,185.379257202,113.704925537,18.7031917572,-26.0752487183,-39.6932144165,-29.2982063293,-18.4627914429,27.0916404724],[-336.502532959,122.348320007,78.5893630981,11.3727083206,46.4979972839,113.704925537,155.030471802,38.653427124,-0.824827373028,-29.7794246674,-13.7373142242,-9.23063373566,26.042257309],[262.762512207,-56.5588569641,14.4597654343,45.2297019958,17.0737838745,18.7031917572,38.653427124,112.581039429,46.4877243042,17.7473106384,2.12389039993,9.01533412933,2.96074175835],[323.663085938,33.3341560364,-4.33509254456,-9.22268486023,16.1044616699,-26.0752487183,-0.824827373028,46.4877243042,97.3678436279,65.8530273438,26.2960224152,8.42819881439,-7.50504302979],[748.711608887,68.2666854858,-64.2257461548,-4.65777921677,-22.4106998444,-39.6932144165,-29.7794246674,17.7473106384,65.8530273438,119.712882996,50.6120071411,22.9411888123,-16.1691207886],[153.107315063,27.9285354614,11.0668420792,-1.29794406891,0.970096409321,-29.2982063293,-13.7373142242,2.12389039993,26.2960224152,50.6120071411,76.5411605835,42.5635604858,6.45902061462],[288.169464111,0.525963127613,-23.9937286377,-15.4259958267,-3.270175457,-18.4627914429,-9.23063373566,9.01533412933,8.42819881439,22.9411888123,42.5635604858,78.6670684814,19.571472168],[-250.932312012,29.4577007294,43.4597587585,-0.145240724087,19.2859764099,27.0916404724,26.042257309,2.96074175835,-7.50504302979,-16.1691207886,6.45902061462,19.571472168,52.8616981506]],"icov":[[0.000119536380225,-0.000138161733048,0.000318908918416,-0.00003851470683,-0.0000137090255521,0.0000151073973029,0.000161306685186,-0.000412058609072,0.000185307639185,-0.000492353574373,0.000250316516031,-0.000365298648831,0.000303375301883],[-0.000138161733048,0.00102228741162,-0.000127698527649,0.000558425497729,-0.0000652915841783,-0.000807953358162,-0.000678836368024,0.0012002409203,-0.000524558941834,-0.0000593521290284,-0.000688420259394,0.000783538213,-0.000712515669875],[0.000318908918416,-0.000127698527649,0.00323944585398,0.000087184162112,-0.000962460704613,0.000476727291243,-0.00058020913275,-0.00109448924195,0.000145736383274,0.0000940716345212,-0.0014972074423,0.000915837823413,-0.000730746076442],[-0.00003851470683,0.000558425497729,0.000087184162112,0.00328932772391,0.000554076104891,-0.000927289307583,0.0000903862164705,-0.00134434632491,0.000851295539178,-0.000132471293909,-0.00147889833897,0.0016792510869,-0.000613480049651],[-0.0000137090255521,-0.0000652915841783,-0.000962460704613,0.000554076104891,0.0089916465804,-0.00297391763888,0.000524745380972,0.0000266929509962,-0.00402869144455,0.00330837001093,-0.00183084490709,0.000224624876864,-0.000671747431625],[0.0000151073973029,-0.000807953358162,0.000476727291243,-0.000927289307583,-0.00297391763888,0.0129251712933,-0.00743445474654,-0.000970932829659,0.00457472307608,-0.00169906346127,0.00305432360619,0.000988432089798,-0.00230409088545],[0.000161306685186,-0.000678836368024,-0.00058020913275,0.0000903862164705,0.000524745380972,-0.00743445474654,0.0144321918488,-0.00413174647838,-0.00145097705536,0.00187468610238,-0.000796519627329,0.0000331475566782,-0.0011861367384],[-0.000412058609072,0.0012002409203,-0.00109448924195,-0.00134434632491,0.0000266929509962,-0.000970932829659,-0.00413174647838,0.016257641837,-0.00900368578732,0.00202072458342,0.00204022997059,-0.00236171251163,-0.00015105244529],[0.000185307639185,-0.000524558941834,0.000145736383274,0.000851295539178,-0.00402869144455,0.00457472307608,-0.00145097705536,-0.00900368578732,0.0247416682541,-0.013359409757,0.000741305178963,0.00216451892629,-0.0000667174172122],[-0.000492353574373,-0.0000593521290284,0.0000940716345212,-0.000132471293909,0.00330837001093,-0.00169906346127,0.00187468610238,0.00202072458342,-0.013359409757,0.0241670794785,-0.0120208105072,0.0017876054626,0.00254756887443],[0.000250316516031,-0.000688420259394,-0.0014972074423,-0.00147889833897,-0.00183084490709,0.00305432360619,-0.000796519627329,0.00204022997059,0.000741305178963,-0.0120208105072,0.0293859355152,-0.0138555560261,0.000147132654092],[-0.000365298648831,0.000783538213,0.000915837823413,0.0016792510869,0.000224624876864,0.000988432089798,0.0000331475566782,-0.00236171251163,0.00216451892629,0.0017876054626,-0.0138555560261,0.0243672709912,-0.00986625626683],[0.000303375301883,-0.000712515669875,-0.000730746076442,-0.000613480049651,-0.000671747431625,-0.00230409088545,-0.0011861367384,-0.00015105244529,-0.0000667174172122,0.00254756887443,0.000147132654092,-0.00986625626683,0.027776947245]],"mean":[-696.827209473,155.374404907,4.85667181015,16.5298194885,9.76027488708,21.4348583221,10.2185659409,5.78704357147,0.881357550621,7.9911775589,1.74569678307,6.65770816803,2.27648305893]},"pitch_salience":{"dmean":0.093604169786,"dmean2":0.151996165514,"dvar":0.00714724138379,"dvar2":0.0178677402437,"max":0.895569980145,"mean":0.45798137784,"median":0.480877459049,"min":0.0376282371581,"var":0.0254746191204},"silence_rate_20dB":{"dmean":0.0132239498198,"dmean2":0.0264511387795,"dvar":0.0130494618788,"dvar2":0.0357944332063,"max":1,"mean":0.99142998457,"median":1,"min":0,"var":0.00849660951644},"silence_rate_30dB":{"dmean":0.114117793739,"dmean2":0.228263527155,"dvar":0.101089991629,"dvar2":0.206292495131,"max":1,"mean":0.750612139702,"median":1,"min":0,"var":0.187189519405},"silence_rate_60dB":{"dmean":0.0244887955487,"dmean2":0.0489835888147,"dvar":0.0238863043487,"dvar2":0.0514899529517,"max":1,"mean":0.152546525002,"median":0,"min":0,"var":0.129263356328},"spectral_centroid":{"dmean":207.792373657,"dmean2":313.886505127,"dvar":89546.21875,"dvar2":168770.203125,"max":10350.5947266,"mean":937.91796875,"median":825.05065918,"min":106.762916565,"var":438777.03125},"spectral_complexity":{"dmean":3.23497009277,"dmean2":5.11511135101,"dvar":15.3786096573,"dvar2":35.7331504822,"max":58,"mean":17.3969154358,"median":19,"min":0,"var":145.843688965},"spectral_contrast_coeffs":{"dmean":[0.0531018264592,0.0481713414192,0.0410876497626,0.0334428213537,0.0235994793475,0.0248509924859],"dmean2":[0.0878611505032,0.0800186768174,0.0672204121947,0.0547616071999,0.0385029688478,0.0383570976555],"dvar":[0.00174151489045,0.00148781423923,0.00111075793393,0.000768244906794,0.000461795338197,0.000701226003002],"dvar2":[0.00474878540263,0.00404996564612,0.00293645542115,0.00199771346524,0.00113155227154,0.00145632098429],"max":[-0.378016620874,-0.491020053625,-0.543569564819,-0.63977265358,-0.701583981514,-0.576399683952],"mean":[-0.726070165634,-0.776010990143,-0.797305643559,-0.806241750717,-0.846651732922,-0.789074122906],"median":[-0.73236811161,-0.778708875179,-0.797605574131,-0.802302658558,-0.831206738949,-0.788028597832],"min":[-0.967152297497,-0.983554959297,-0.968277037144,-0.974123835564,-0.970983624458,-0.961507380009],"var":[0.00557663897052,0.00463660061359,0.00383111299016,0.00285230693407,0.00271997414529,0.00328542734496]},"spectral_contrast_valleys":{"dmean":[0.412157058716,0.414174616337,0.371095269918,0.364001125097,0.451256215572,0.536920547485],"dmean2":[0.658896803856,0.673600196838,0.590376257896,0.566990315914,0.68515586853,0.809669137001],"dvar":[0.130936339498,0.15024766326,0.120891436934,0.137923121452,0.261315196753,0.258837908506],"dvar2":[0.286210298538,0.352506667376,0.270041495562,0.303332298994,0.616447269917,0.64981085062],"max":[-4.72057151794,-4.60872793198,-5.20920610428,-5.50236749649,-5.70410251617,-8.67097473145],"mean":[-6.8562502861,-6.86101913452,-7.36234092712,-7.77390813828,-8.20633411407,-10.93663311],"median":[-6.34359359741,-6.29159641266,-6.75393772125,-7.08537912369,-7.61679458618,-10.5079803467],"min":[-28.3353729248,-27.9326457977,-27.3916187286,-26.980670929,-27.0962753296,-27.2620735168],"var":[3.13300156593,3.14788746834,3.41616201401,3.56149363518,3.11679577827,2.09664368629]},"spectral_decrease":{"dmean":8.84857787042e-9,"dmean2":1.42034926043e-8,"dvar":2.40039025796e-16,"dvar2":6.19532656056e-16,"max":5.67924729467e-9,"mean":-1.73955587712e-8,"median":-1.29508404001e-8,"min":-1.64570820971e-7,"var":3.90576447569e-16},"spectral_energy":{"dmean":0.0338606201112,"dmean2":0.0543120168149,"dvar":0.00345508893952,"dvar2":0.00884363986552,"max":0.639183878899,"mean":0.0765018165112,"median":0.0620309412479,"min":1.09243287807e-20,"var":0.00634284690022},"spectral_energyband_high":{"dmean":0.000218963978114,"dmean2":0.000312441698043,"dvar":1.1781648368e-7,"dvar2":2.40319110389e-7,"max":0.0055682528764,"mean":0.000519355759025,"median":0.000271985307336,"min":8.23995644077e-21,"var":4.93950210512e-7},"spectral_energyband_low":{"dmean":0.0300183538347,"dmean2":0.0493089668453,"dvar":0.00304914568551,"dvar2":0.00816648360342,"max":0.593054771423,"mean":0.048823043704,"median":0.0307091977447,"min":4.08932587502e-23,"var":0.0040181260556},"spectral_energyband_middle_high":{"dmean":0.00185081060044,"dmean2":0.00292044924572,"dvar":0.00000723539415048,"dvar2":0.0000183167012437,"max":0.0599762052298,"mean":0.00612006383017,"median":0.00429717916995,"min":1.47630474175e-21,"var":0.0000431710832345},"spectral_energyband_middle_low":{"dmean":0.00492913043126,"dmean2":0.00792347732931,"dvar":0.0000539517022844,"dvar2":0.000137204537168,"max":0.107685737312,"mean":0.0130660394207,"median":0.0092486217618,"min":3.24266134474e-22,"var":0.000210533151403},"spectral_entropy":{"dmean":0.247631683946,"dmean2":0.37757396698,"dvar":0.0721106156707,"dvar2":0.178418979049,"max":9.79103946686,"mean":7.44013786316,"median":7.52937984467,"min":5.40094614029,"var":0.246386677027},"spectral_flux":{"dmean":0.0427204072475,"dmean2":0.0680524557829,"dvar":0.00302358157933,"dvar2":0.00699236849323,"max":0.631415605545,"mean":0.128817513585,"median":0.120866604149,"min":1.04519511102e-10,"var":0.00896557886153},"spectral_kurtosis":{"dmean":4.81018543243,"dmean2":7.5962433815,"dvar":47.1088981628,"dvar2":127.092727661,"max":109.720489502,"mean":14.2697372437,"median":12.5443220139,"min":-1.21858179569,"var":75.7728729248},"spectral_rms":{"dmean":0.00160928524565,"dmean2":0.00246963044629,"dvar":0.00000430009777119,"dvar2":0.0000100752768049,"max":0.0249718651175,"mean":0.00741114048287,"median":0.00777933094651,"min":3.26464116157e-12,"var":0.0000197107947315},"spectral_rolloff":{"dmean":2741.09667969,"dmean2":5180.75976562,"dvar":37438660,"dvar2":93776640,"max":22028.4667969,"mean":4200.29248047,"median":882.861328125,"min":21.533203125,"var":55943632},"spectral_skewness":{"dmean":0.427641838789,"dmean2":0.659936547279,"dvar":0.286785364151,"dvar2":0.742585897446,"max":8.45606708527,"mean":2.69279623032,"median":2.6267580986,"min":0.0781139135361,"var":0.70037817955},"spectral_spread":{"dmean":651546.3125,"dmean2":969164.625,"dvar":428681920512,"dvar2":923350990848,"max":40361108,"mean":4351263.5,"median":4136474.5,"min":1280392.125,"var":2409251733500},"spectral_strongpeak":{"dmean":1.08847689629,"dmean2":2.05780887604,"dvar":53.7105484009,"dvar2":156.562652588,"max":126.026657104,"mean":0.811250269413,"median":0.245742470026,"min":0,"var":30.2051715851},"zerocrossingrate":{"dmean":0.0306382589042,"dmean2":0.0376780815423,"dvar":0.000826272414997,"dvar2":0.00116982113104,"max":0.53369140625,"mean":0.155410096049,"median":0.1474609375,"min":0.0029296875,"var":0.0100141894072}},"metadata":{"audio_properties":{"analysis_sample_rate":44100,"bit_rate":320000,"codec":"mp3","downmix":"mix","equal_loudness":0,"length":189.623916626,"lossless":false,"md5_encoded":"5d2d52cab78bd8f8385c76bc07149e53","replay_gain":-9.07259941101,"sample_rate":44100},"tags":{"album":["Beacon"],"album artist credit":["Two Door Cinema Club"],"albumartist":["Two Door Cinema Club"],"albumartistsort":["Two Door Cinema Club"],"artist":["Two Door Cinema Club"],"artist credit":["Two Door Cinema Club"],"artistsort":["Two Door Cinema Club"],"asin":["B008D3LJ60"],"barcode":["602537096183"],"bpm":["0"],"catalognumber":["CDA046"],"date":["2012"],"discnumber":["1/1"],"encoding":["LAME 32bits version 3.99.5 (http://lame.sf.net)"],"file_name":"10 Pyramid.mp3","label":["Kitsuné"],"language":["eng"],"length":["189600"],"media":["CD"],"musicbrainz album release country":["GB"],"musicbrainz album status":["official"],"musicbrainz album type":["album"],"musicbrainz_albumartistid":["6f1de078-6684-4792-820d-2ffad64c15ed"],"musicbrainz_albumid":["e55f3f92-d003-4103-992d-16bdebc2ed91"],"musicbrainz_artistid":["6f1de078-6684-4792-820d-2ffad64c15ed"],"musicbrainz_recordingid":["fc95e43c-6aa2-42fd-91ab-cfdbd3f940d9"],"musicbrainz_releasegroupid":["38d45b9a-922c-4f3a-b1a7-0fcfb3ee8cfd"],"originaldate":["2012"],"replaygain_album_gain":["0.00 dB"],"replaygain_album_peak":["0.000000"],"replaygain_track_gain":["0.00 dB"],"replaygain_track_peak":["0.000000"],"script":["Latn","Latn"],"title":["Pyramid"],"tracknumber":["10/11"]},"version":{"essentia":"2.1-beta1","essentia_build_sha":"9f04d4dd351e2d05498f0c7e4880499648f24ac0","essentia_git_sha":"v2.1_beta1-34-gf95df8b","extractor":"music 1.0"}},"rhythm":{"beats_count":445,"beats_loudness":{"dmean":0.0766088664532,"dmean2":0.136421889067,"dvar":0.00458148634061,"dvar2":0.013119250536,"max":0.516922533512,"mean":0.128025814891,"median":0.118309497833,"min":6.65478783191e-10,"var":0.00791428983212},"beats_loudness_band_ratio":{"dmean":[0.13150346279