{"lowlevel":{"average_loudness":0.833069741726,"barkbands":{"dmean":[0.00475095910951,0.0151295559481,0.00320750195533,0.00155720917974,0.0025284118019,0.00165069790091,0.00126199156512,0.000522680638824,0.00042089849012,0.000483208888909,0.000597336911596,0.000720230164006,0.000370402936824,0.000244252063567,0.000256145518506,0.00013767121709,0.000124171536299,0.000102947466075,0.0000837691695779,0.0000311710282404,0.0000156985479407,0.0000109912907647,0.00000832175646792,0.00000371914688913,0.00000254113706433,0.00000426353199146,0.000123663543491],"dmean2":[0.00822917744517,0.0253190398216,0.00548036070541,0.00246224296279,0.00402810843661,0.00254963850603,0.00187232217286,0.000833223515656,0.000655589392409,0.000740604940802,0.000937244214583,0.00111992179882,0.000594764074776,0.000391948473407,0.000405079947086,0.000212689279579,0.000191611412447,0.000155735397129,0.00013787370699,0.0000456861343991,0.000022096273824,0.0000157066933753,0.0000118915595522,0.00000608312620898,0.0000042381275307,0.00000667300491841,0.000183577329153],"dvar":[0.0000923686748138,0.00119329616427,0.0000289082927338,0.00000655897110846,0.0000175851600943,0.000013139893781,0.0000106778079498,0.00000199576311388,0.00000110486769245,0.00000150315111114,0.00000155010627623,0.00000257168267126,7.37853838473e-7,2.2871853389e-7,3.06934879291e-7,5.42159597217e-8,5.4831151175e-8,4.86346429796e-8,5.03528880813e-8,4.27050927954e-9,5.15322784445e-10,1.54030177502e-10,9.4020569108e-11,4.90687560029e-11,2.43811949796e-11,3.66726163326e-11,1.06987762649e-7],"dvar2":[0.0002563346643,0.00314006418921,0.0000789019177319,0.0000147379814734,0.0000404188504035,0.000034033873817,0.0000215744803427,0.00000508684206579,0.00000243752492679,0.00000312264796776,0.00000359842624675,0.0000058553200688,0.00000180708502739,5.34857349521e-7,7.47948888602e-7,1.2703650043e-7,1.29016143546e-7,1.03438289045e-7,1.26512617271e-7,9.10207909044e-9,1.093214963e-9,3.24285848174e-10,1.9486429137e-10,1.24481480679e-10,6.11546577267e-11,8.8010126964e-11,2.08846714145e-7],"max":[0.0999386385083,0.437222391367,0.0814073979855,0.070156224072,0.149763569236,0.108385786414,0.107461676002,0.0315108411014,0.0397679693997,0.0375962331891,0.0296422168612,0.0533547922969,0.0270512532443,0.0188686978072,0.0140566173941,0.00648858817294,0.00548691209406,0.00970355607569,0.009103695862,0.00300671765581,0.000453559157904,0.000185432261787,0.000151840635226,0.000121151359053,0.0000921794562601,0.00009241601947,0.0115960771218],"mean":[0.00460954662412,0.0163151230663,0.0040068696253,0.00217312062159,0.00430825259537,0.00274242344312,0.00214138766751,0.00078277871944,0.000648188695777,0.00071975303581,0.000953449285589,0.00120618601795,0.000680063210893,0.000425246107625,0.000451432337286,0.000235940824496,0.000217200897168,0.000178356931428,0.000122783574625,0.0000584197005082,0.0000292370514217,0.0000187804744201,0.0000125121759993,0.00000458204203824,0.00000253542907558,0.00000648010245641,0.000361586135114],"median":[0.000862316228449,0.00550240976736,0.00184614071622,0.000892206619028,0.00192816625349,0.000813148566522,0.000491431215778,0.000190821592696,0.000231672325754,0.000258332001977,0.000353444018401,0.000361433485523,0.000202635637834,0.000175237932126,0.000162394484505,0.00011445034761,0.0000836109684315,0.0000576982129132,0.0000318081947626,0.0000212826325878,0.0000129893669509,0.0000121342654893,0.00000829048258311,0.00000198782799998,8.72660109508e-7,0.0000038973471419,0.000124177400721],"min":[4.78553317366e-23,7.88995705772e-23,8.86243732932e-24,3.4821519425e-23,6.42981401857e-23,2.59037324592e-23,7.88078923183e-23,4.13831224397e-23,5.84061002193e-23,1.11024940133e-22,1.08642554956e-22,1.6649125237e-22,1.01118462751e-22,1.63697864351e-22,1.83875929186e-22,2.16700166395e-22,1.45330367821e-22,1.82524742984e-22,1.92136703881e-22,2.48648073801e-22,3.37630776117e-22,5.42523146265e-22,4.40724748523e-22,9.65567363578e-22,1.05318782302e-21,1.84324072862e-21,2.64276087385e-21],"var":[0.000085830433818,0.00103470333852,0.0000363261970051,0.0000176589564944,0.0000627317349426,0.0000281610427919,0.0000300712035823,0.00000358743159268,0.00000208867754736,0.00000253100438385,0.00000360467765859,0.00000653378629067,0.0000018798855308,5.18133049354e-7,6.97495181612e-7,1.13318463946e-7,1.33830909022e-7,1.10787347296e-7,7.96178198925e-8,1.1592739213e-8,1.88418614044e-9,4.04097644235e-10,1.81902631846e-10,5.73128489112e-11,2.47092693528e-11,5.83375986407e-11,4.08047469591e-7]},"barkbands_crest":{"dmean":3.32530212402,"dmean2":5.525431633,"dvar":8.85984325409,"dvar2":23.7192001343,"max":24.5003185272,"mean":10.8719005585,"median":10.0387744904,"min":2.60565972328,"var":19.3522796631},"barkbands_flatness_db":{"dmean":0.0306747704744,"dmean2":0.0487580001354,"dvar":0.000704406178556,"dvar2":0.00182315381244,"max":0.342746317387,"mean":0.158715322614,"median":0.155751556158,"min":0.0416083224118,"var":0.00215620407835},"barkbands_kurtosis":{"dmean":7.15097141266,"dmean2":11.7605848312,"dvar":116.888175964,"dvar2":308.177764893,"max":155.454940796,"mean":11.2547035217,"median":6.84339237213,"min":-1.60255813599,"var":199.604049683},"barkbands_skewness":{"dmean":0.849660754204,"dmean2":1.34818780422,"dvar":0.787301301956,"dvar2":2.00635361671,"max":10.9244804382,"mean":2.41293907166,"median":2.16324615479,"min":-1.79674971104,"var":2.33406043053},"barkbands_spread":{"dmean":5.94011926651,"dmean2":9.11287212372,"dvar":43.7505874634,"dvar2":95.1732788086,"max":105.939682007,"mean":19.141500473,"median":14.8212537766,"min":1.13414227962,"var":193.690612793},"dissonance":{"dmean":0.0176135953516,"dmean2":0.0298918392509,"dvar":0.000363574799849,"dvar2":0.000979876727797,"max":0.500000119209,"mean":0.472467988729,"median":0.480015993118,"min":0.223324760795,"var":0.000638913363218},"dynamic_complexity":3.89521551132,"erbbands":{"dmean":[0.619433164597,2.88777947426,4.15108156204,4.20029401779,6.68520259857,9.05613136292,12.5221147537,14.8023424149,15.7443132401,19.9151229858,9.52441978455,10.2538852692,11.4543390274,18.7962474823,25.6496315002,24.6772899628,17.3551101685,10.4805307388,12.1911592484,11.4331092834,6.78193664551,6.3835310936,5.23452138901,5.56071329117,2.90911960602,1.49688732624,0.850047111511,0.509268462658,0.389676988125,0.355848371983,0.206630542874,0.0997963547707,0.049449775368,0.0285087097436,0.0181620083749,0.0111952070147,0.00870915781707,0.00587041163817,0.0042456635274,0.00529667641968],"dmean2":[1.06274390221,4.82649374008,6.94913768768,6.6201171875,10.7881288528,14.3985834122,20.0440216064,22.821269989,23.8290138245,30.0079975128,14.8988819122,15.8967790604,17.6671466827,28.39037323,39.9681091309,38.0746688843,27.5346717834,16.3962440491,19.3936576843,17.8691978455,10.3150196075,9.70295143127,7.64276218414,9.02458190918,4.47511911392,2.18419766426,1.23826122284,0.712840735912,0.555986762047,0.49724021554,0.300809592009,0.157205119729,0.0823357775807,0.0475158281624,0.030224211514,0.0184024181217,0.0137191796675,0.00830371677876,0.00575090339407,0.00753951631486],"dvar":[1.98938596249,46.9010467529,53.278553009,46.0752220154,134.325271606,292.418273926,588.42578125,1359.37536621,2033.82775879,3219.54589844,629.346435547,769.252685547,957.290649414,2135.9621582,2369.5534668,3110.81713867,1563.70959473,462.792175293,594.847167969,548.367126465,99.8453521729,169.679641724,111.004737854,166.13482666,102.206230164,9.09792137146,1.58537912369,0.525337100029,0.199010804296,0.16052685678,0.0610961392522,0.029843410477,0.00890352483839,0.00310241198167,0.00122059567366,0.000405707891332,0.000180643823114,0.0000507051518071,0.000129436084535,0.000113587200758],"dvar2":[5.42282867432,122.43561554,139.664611816,106.578987122,316.124237061,652.600036621,1466.01062012,3727.03930664,4407.47558594,7155.46289062,1519.71643066,1681.42407227,2057.1237793,4483.80419922,5288.78857422,6887.28808594,3876.82397461,1003.77471924,1477.01599121,1278.10546875,224.806304932,400.253601074,240.677627563,419.114440918,214.132553101,19.1269054413,3.54518604279,1.07920777798,0.431554198265,0.321296811104,0.131513684988,0.073679946363,0.0226641781628,0.0077787656337,0.00305934296921,0.00100969581399,0.000443312106654,0.000102413621789,0.000230889418162,0.000227876516874],"max":[15.2599420547,85.6908035278,98.4080734253,219.961517334,337.984527588,611.663391113,480.451507568,1225.49475098,1581.29785156,1743.67736816,644.069580078,1059.13537598,941.780517578,1573.64697266,1589.16760254,1810.71887207,1082.36303711,1103.08276367,953.808410645,579.647705078,187.880340576,342.515625,348.754119873,446.545715332,572.241699219,146.615356445,31.2810726166,15.1683597565,7.56889390945,6.90704965591,4.02720308304,3.05888676643,1.57252192497,1.04540371895,0.648723006248,0.366130650043,0.209505364299,0.157432124019,0.483517020941,0.314556121826],"mean":[0.588766157627,3.13671660423,5.32047510147,6.24337387085,10.1873512268,14.5168676376,19.7142429352,23.8258781433,26.0314674377,32.2246704102,15.3281440735,15.8107538223,17.08710289,31.2505989075,45.8342781067,44.8334236145,33.35679245,20.7479515076,23.4902305603,20.5486106873,12.4671077728,11.8367118835,9.63188457489,8.2767868042,4.89979887009,2.79565215111,1.57990670204,0.943848371506,0.680881619453,0.561670124531,0.313969403505,0.14298003912,0.0506133511662,0.0284232217818,0.0183694735169,0.0121316500008,0.0135387908667,0.0119548579678,0.0124708889052,0.0186239499599],"median":[0.152315661311,1.07333302498,2.43206620216,2.959659338,4.58341598511,5.42772197723,5.86408948898,6.83076477051,6.87413692474,6.06356525421,4.55883979797,5.44253778458,7.32400798798,11.916437149,18.1889381409,14.285194397,10.3132038116,8.69289779663,8.7365398407,8.19091892242,6.63106679916,4.2083735466,3.28880858421,2.28690671921,1.36591684818,0.995080530643,0.701183795929,0.431861519814,0.424649327993,0.376768141985,0.205962449312,0.0736383572221,0.0164745803922,0.00976503361017,0.00651476578787,0.00478203548118,0.00782994460315,0.00695281894878,0.00490400893614,0.00995191093534],"min":[2.52941774289e-21,1.6297177052e-20,1.72540069165e-20,5.89333357713e-20,2.38836304358e-19,1.73335232071e-19,6.87324339627e-20,3.06975850155e-19,7.59676160521e-19,1.46790613304e-18,9.34352407462e-19,1.49347263141e-18,1.43052987366e-18,5.00022118969e-18,4.42524629154e-18,7.39678552225e-18,5.28941056287e-18,5.56374873534e-18,8.17787976697e-18,1.36927648756e-17,1.21163621145e-17,7.82071393182e-18,9.69099576658e-18,7.26709518273e-18,1.21110946283e-17,1.09184044098e-17,1.11946827344e-17,1.59772714641e-17,2.02574513694e-17,1.65682440353e-17,1.19321721531e-17,1.32076275822e-17,1.97195424345e-17,9.62982824183e-18,9.69339376318e-18,6.54229595536e-18,3.380956204e-18,1.32009826336e-18,4.34569674562e-19,3.59702494361e-20],"var":[1.57959711552,41.0306663513,65.2920227051,124.793884277,338.913513184,995.845336914,1281.68945312,2604.57714844,4887.23388672,7894.19287109,1277.39562988,1423.98181152,1419.59350586,4652.85400391,6825.93359375,8038.59179688,4227.23486328,1207.21740723,1652.51696777,1241.38793945,252.083572388,437.210906982,276.69744873,280.848602295,193.519226074,25.6391658783,5.68027353287,1.8303374052,0.5673584342,0.346490353346,0.116364367306,0.0417426228523,0.00941247213632,0.00314251077361,0.00124947924633,0.000448863022029,0.000278994994005,0.000208701181691,0.000554150145035,0.000606336048804]},"erbbands_crest":{"dmean":2.68870401382,"dmean2":4.34441328049,"dvar":5.96530532837,"dvar2":14.9339389801,"max":31.9199314117,"mean":8.90246391296,"median":7.8298535347,"min":2.54798555374,"var":17.2465267181},"erbbands_flatness_db":{"dmean":0.0231226794422,"dmean2":0.0355303399265,"dvar":0.000404965714552,"dvar2":0.00090899434872,"max":0.358898311853,"mean":0.154999405146,"median":0.149952605367,"min":0.0575489401817,"var":0.00173438328784},"erbbands_kurtosis":{"dmean":1.44098746777,"dmean2":2.23803186417,"dvar":4.75114631653,"dvar2":10.4909286499,"max":54.514465332,"mean":1.44586956501,"median":0.417720794678,"min":-1.67669391632,"var":13.2894067764},"erbbands_skewness":{"dmean":0.433707863092,"dmean2":0.645554125309,"dvar":0.150146827102,"dvar2":0.330966889858,"max":4.87106847763,"mean":0.0872483551502,"median":0.0249557550997,"min":-3.55699968338,"var":0.844651281834},"erbbands_spread":{"dmean":7.58350229263,"dmean2":11.5644054413,"dvar":51.1169052124,"dvar2":119.981582642,"max":84.5843734741,"mean":28.864408493,"median":26.2538585663,"min":1.23215734959,"var":227.698287964},"gfcc":{"cov":[[9967.96679688,918.369689941,-541.840026855,-402.763763428,-46.6375045776,31.4335422516,-195.7449646,187.968856812,-58.5417861938,-3.11202907562,210.261642456,-116.778251648,73.6686782837],[918.369689941,784.065551758,232.759552002,-295.892028809,-159.143188477,-21.5882225037,-53.1861152649,14.6889600754,7.00765562057,-13.1607141495,61.3734054565,-36.0415878296,35.6484832764],[-541.840026855,232.759552002,492.294433594,20.239484787,-176.769302368,55.3811950684,-137.549331665,105.874504089,-46.7395057678,44.7915382385,-25.1894264221,-19.5006084442,23.490655899],[-402.763763428,-295.892028809,20.239484787,550.081970215,168.436706543,-29.1433982849,18.3337974548,23.0496883392,71.5586547852,8.12852668762,-80.3089904785,36.6159934998,-56.2858085632],[-46.6375045776,-159.143188477,-176.769302368,168.436706543,334.338592529,74.6789321899,119.466697693,-62.6402702332,-0.678764879704,-49.5924530029,1.47480618954,5.20488882065,-15.6426086426],[31.4335422516,-21.5882225037,55.3811950684,-29.1433982849,74.6789321899,262.582427979,50.2957382202,41.7204360962,-94.6230316162,-32.3672294617,5.2140994072,-2.58370089531,24.0018730164],[-195.7449646,-53.1861152649,-137.549331665,18.3337974548,119.466697693,50.2957382202,187.61946106,-23.49518013,29.6014385223,-42.2588005066,2.25404882431,25.3598995209,-16.6608314514],[187.968856812,14.6889600754,105.874504089,23.0496883392,-62.6402702332,41.7204360962,-23.49518013,177.876403809,19.2427959442,56.3828125,2.54945111275,-19.3882465363,14.9722099304],[-58.5417861938,7.00765562057,-46.7395057678,71.5586547852,-0.678764879704,-94.6230316162,29.6014385223,19.2427959442,148.917449951,55.1593170166,5.46535968781,11.2110271454,-34.3071098328],[-3.11202907562,-13.1607141495,44.7915382385,8.12852668762,-49.5924530029,-32.3672294617,-42.2588005066,56.3828125,55.1593170166,102.527397156,36.3507385254,3.3365957737,0.593586683273],[210.261642456,61.3734054565,-25.1894264221,-80.3089904785,1.47480618954,5.2140994072,2.25404882431,2.54945111275,5.46535968781,36.3507385254,80.2453613281,15.9931783676,15.7558031082],[-116.778251648,-36.0415878296,-19.5006084442,36.6159934998,5.20488882065,-2.58370089531,25.3598995209,-19.3882465363,11.2110271454,3.3365957737,15.9931783676,63.0284767151,16.1440238953],[73.6686782837,35.6484832764,23.490655899,-56.2858085632,-15.6426086426,24.0018730164,-16.6608314514,14.9722099304,-34.3071098328,0.593586683273,15.7558031082,16.1440238953,64.8228149414]],"icov":[[0.000215937252506,-0.000544730108231,0.000882299849764,-0.000277293263935,0.000113242524094,-0.000232844176935,0.000606615329161,-0.000523844326381,0.000363286962966,-0.0000437979506387,-0.000173333406565,0.0000531676123501,0.000105663923023],[-0.000544730108231,0.00429140869528,-0.00439837668091,0.00188103166874,-0.000162077907589,0.000955683703069,-0.00146949605551,0.00155487901065,-0.00392042659223,0.00424452731386,-0.00314413802698,0.00174962438177,-0.00142879632767],[0.000882299849764,-0.00439837668091,0.00887991301715,-0.00295129045844,0.00234797643498,-0.00272523635067,0.00395520217717,-0.00288987299427,0.00410825759172,-0.00373134412803,0.00238480884582,-0.000509554229211,0.000651002570521],[-0.000277293263935,0.00188103166874,-0.00295129045844,0.00606297515333,-0.00460207322612,0.00161788670812,0.00131178309675,-0.00170989439357,-0.00195707357489,0.000303171342239,0.00491603882983,-0.00642160885036,0.00400302931666],[0.000113242524094,-0.000162077907589,0.00234797643498,-0.00460207322612,0.00876964628696,-0.00289591820911,-0.00299334852025,0.00320878811181,-0.00047709044884,0.00160684401635,-0.00539325363934,0.00725100189447,-0.00397059181705],[-0.000232844176935,0.000955683703069,-0.00272523635067,0.00161788670812,-0.00289591820911,0.00808024872094,-0.00324882310815,-0.00248211435974,0.00478734727949,-0.000266997230938,0.000269793701591,-0.00173700973392,0.00108218321111],[0.000606615329161,-0.00146949605551,0.00395520217717,0.00131178309675,-0.00299334852025,-0.00324882310815,0.0137490388006,-0.00392721686512,-0.00401493953541,0.00557980127633,0.000345036882209,-0.00660787895322,0.00413177302107],[-0.000523844326381,0.00155487901065,-0.00288987299427,-0.00170989439357,0.00320878811181,-0.00248211435974,-0.00392721686512,0.0122126219794,-0.00309728411958,-0.00425454089418,-0.000770459882915,0.00752760330215,-0.00612172391266],[0.000363286962966,-0.00392042659223,0.00410825759172,-0.00195707357489,-0.00047709044884,0.00478734727949,-0.00401493953541,-0.00309728411958,0.0202522892505,-0.0135679468513,0.00555721204728,-0.00432927021757,0.00692087691277],[-0.0000437979506387,0.00424452731386,-0.00373134412803,0.000303171342239,0.00160684401635,-0.000266997230938,0.00557980127633,-0.00425454089418,-0.0135679468513,0.0305404476821,-0.0171780399978,0.00292944349349,-0.00178032112308],[-0.000173333406565,-0.00314413802698,0.00238480884582,0.00491603882983,-0.00539325363934,0.000269793701591,0.000345036882209,-0.000770459882915,0.00555721204728,-0.0171780399978,0.0304250512272,-0.0127429002896,0.00307266181335],[0.0000531676123501,0.00174962438177,-0.000509554229211,-0.00642160885036,0.00725100189447,-0.00173700973392,-0.00660787895322,0.00752760330215,-0.00432927021757,0.00292944349349,-0.0127429002896,0.0324726551771,-0.0147660020739],[0.000105663923023,-0.00142879632767,0.000651002570521,0.00400302931666,-0.00397059181705,0.00108218321111,0.00413177302107,-0.00612172391266,0.00692087691277,-0.00178032112308,0.00307266181335,-0.0147660020739,0.0270590484142]],"mean":[-23.7352600098,108.820617676,-87.8619003296,2.22329521179,-6.58878946304,-9.97370815277,-3.24336409569,-20.4121303558,-1.08842265606,-11.8187961578,-1.73256289959,1.8568406105,-6.42527341843]},"hfc":{"dmean":54.7442741394,"dmean2":80.086730957,"dvar":5800.9609375,"dvar2":11627.71875,"max":3141.52368164,"mean":171.247268677,"median":142.144866943,"min":1.18699729687e-16,"var":27052.4375},"melbands":{"dmean":[0.00489836325869,0.00266476813704,0.000754592649173,0.000552856305148,0.00042604180635,0.000321920990245,0.000234646242461,0.000193541258341,0.000075589545304,0.0000627618574072,0.0000585290654271,0.0000759711983847,0.0000867205671966,0.0000868341739988,0.0000537872765562,0.0000313857926812,0.0000200096565095,0.0000216125499719,0.0000224430805247,0.0000113822225103,0.00000821936828288,0.00000758883834351,0.00000540961809747,0.00000512271026309,0.00000475075512441,0.00000279603546005,0.00000146877084717,9.37629408782e-7,6.26735356946e-7,3.95214470927e-7,2.86154488549e-7,2.26671019732e-7,2.1739461431e-7,2.02179947451e-7,1.35828273073e-7,7.8369183143e-8,5.8827602345e-8,3.77566173881e-8,2.63907864451e-8,2.32035990422e-8],"dmean2":[0.00825545471162,0.00434558652341,0.00117937242612,0.000874746183399,0.000677542062476,0.000493198167533,0.000351326947566,0.000293066957965,0.000119712494779,0.0000973785499809,0.0000907687863219,0.000115306771477,0.000135911017423,0.000134708185215,0.0000852432785905,0.0000505625575897,0.0000319868013321,0.0000348457942891,0.0000360743651981,0.0000176759222086,0.0000127884077301,0.0000118272373584,0.0000080599102148,0.00000795786763774,0.00000786840064393,0.00000452687891084,0.00000213719363273,0.00000141195459946,9.54434426603e-7,5.71053078602e-7,4.12867336763e-7,3.3240470998e-7,3.15984806321e-7,2.86865969201e-7,1.98382934968e-7,1.18525250059e-7,9.69407025764e-8,6.37306314388e-8,4.39725305057e-8,3.87427618875e-8],"dvar":[0.000121880460938,0.0000277581966657,0.00000134674303354,8.92936043329e-7,6.20326034095e-7,5.7579040913e-7,4.04190529935e-7,3.0353510283e-7,4.09533171819e-8,2.7781876355e-8,2.5956682137e-8,3.5018551614e-8,2.89423915945e-8,3.59999852151e-8,2.48628815314e-8,4.74562877883e-9,1.61858015879e-9,1.93383642433e-9,3.03340019769e-9,4.6002751608e-10,1.44785544665e-10,2.59346905063e-10,1.14730260015e-10,1.31173016893e-10,1.2351908385e-10,7.63829138828e-11,2.39178728906e-11,2.85525704642e-12,9.51405620953e-13,3.88781942837e-13,1.86558979528e-13,7.38905125779e-14,6.21063937041e-14,5.66230513811e-14,2.67292037706e-14,1.18666927277e-14,1.57687329584e-14,5.63977914391e-15,2.67135535663e-15,2.06289940337e-15],"dvar2":[0.000324485474266,0.0000697721770848,0.00000311974440592,0.00000201551915779,0.000001528933808,0.00000153724340635,8.53510641718e-7,6.95746507517e-7,9.73736007381e-8,6.11696293618e-8,5.6169927376e-8,7.35413294706e-8,6.67620838612e-8,8.05207847066e-8,6.09316330724e-8,1.19490568551e-8,3.6380649604e-9,4.96545382589e-9,7.52421325245e-9,1.08487985262e-9,3.49936440935e-10,6.39425623561e-10,2.61719534933e-10,2.8395458207e-10,3.24491655768e-10,1.7944955244e-10,4.36944265492e-11,6.98014692921e-12,2.27509135663e-12,8.51575212256e-13,4.16079876716e-13,1.68705747614e-13,1.30131691013e-13,1.17492021429e-13,5.77134572229e-14,2.69745875213e-14,4.14811244978e-14,1.4787599449e-14,6.69597120738e-15,5.17522646509e-15],"max":[0.132813856006,0.0728751718998,0.0304682459682,0.0387552343309,0.0193796828389,0.0246075950563,0.0235190112144,0.0163337737322,0.00576275214553,0.00608591083437,0.00502692628652,0.00621709041297,0.00423898268491,0.00580429984257,0.00676359096542,0.00170252670068,0.00190429668874,0.00162023946177,0.00140875368379,0.000726597965695,0.0002423573751,0.00039851423935,0.00022403433104,0.000514081970323,0.000352652161382,0.00044977988,0.000274021091172,0.0000552749843337,0.0000275030433841,0.0000107033802124,0.0000110920072984,0.0000055318273553,0.00000360671083399,0.00000412569261243,0.00000275219099422,0.00000163262120623,0.00000236872801906,0.00000113088128728,9.72135012489e-7,8.50228957461e-7],"mean":[0.00510993041098,0.00338640459813,0.00120372441597,0.000892476411536,0.000708162959199,0.000536084058695,0.000402350735385,0.000309326482238,0.00011617133714,0.0000950422254391,0.0000832502555568,0.000121646568005,0.000146343139932,0.000144608609844,0.0000951103284024,0.0000583126675338,0.0000357365061063,0.0000373216826119,0.0000365695304936,0.0000194692602236,0.0000135476257128,0.0000128893807414,0.00000962262492976,0.00000817934505903,0.00000665220613882,0.00000407560492022,0.00000261558329839,0.00000164648338341,0.00000109509710455,6.6664449605e-7,5.05807065565e-7,3.80000614086e-7,3.54246452616e-7,2.98722568459e-7,1.97399657509e-7,1.22827913174e-7,7.0262224483e-8,3.62843515234e-8,2.59451784501e-8,2.29575682908e-8],"median":[0.00159564509522,0.00146674923599,0.000617489684373,0.000396011688281,0.000217424661969,0.000156213762239,0.00010623021808,0.0000597076068516,0.000034720673284,0.0000328223068209,0.0000339757280017,0.000044132630137,0.0000565436312172,0.0000444371362391,0.0000269020220003,0.000018697746782,0.0000150310233948,0.0000138032291943,0.0000127680277728,0.00000849268690217,0.00000749857963456,0.00000461474519398,0.00000301508543998,0.00000272762645182,0.00000173985756646,0.00000104078355889,7.73823842337e-7,6.30339570762e-7,4.75108009823e-7,2.91212614911e-7,2.3385676684e-7,2.3117127057e-7,2.32224678598e-7,1.9781799665e-7,1.28037925151e-7,7.1928390355e-8,2.81932468482e-8,1.027777774e-8,8.52267678653e-9,7.7820550004e-9],"min":[2.29316721775e-23,1.35696587032e-23,1.63281080735e-23,1.60797699274e-23,3.32358064536e-24,6.80025631546e-24,1.25593045885e-23,1.41988478503e-23,7.34312988005e-24,9.20207192573e-24,6.90233728318e-24,2.01878814205e-23,1.64489284321e-23,1.24813793305e-23,2.00597530545e-23,9.98087879872e-24,1.09709710211e-23,1.43782253538e-23,1.66014531104e-23,1.50812392599e-23,1.47823919277e-23,8.29277247067e-24,6.05956522927e-24,1.09008483864e-23,4.80932009096e-24,7.721366596e-24,8.97968020364e-24,7.302233753e-24,6.05015293537e-24,9.55329094454e-24,8.7150363026e-24,1.14502765962e-23,1.03025037007e-23,8.61092480691e-24,6.59596540127e-24,6.74234919185e-24,8.80427303706e-24,1.56044402112e-23,9.85829454721e-24,7.43415101788e-24],"var":[0.000103813050373,0.0000311084477289,0.0000036782105326,0.00000294614619634,0.00000171046497144,0.00000120387016977,0.00000105524338778,7.12815960924e-7,8.31645152743e-8,4.98352470402e-8,3.70204134015e-8,7.41510248758e-8,7.29015141587e-8,9.51276106775e-8,4.51522161882e-8,1.30606743198e-8,3.67382191335e-9,4.53738113748e-9,5.52784662489e-9,9.30311938596e-10,2.90091117794e-10,5.50384182674e-10,3.05524106015e-10,2.57112720004e-10,1.89632545777e-10,1.24604312979e-10,5.33492139354e-11,7.40620238748e-12,2.97890076321e-12,9.98524505268e-13,5.59144473344e-13,1.89345148718e-13,1.40985544094e-13,1.05551004948e-13,4.80153230001e-14,2.18344781952e-14,1.64315650387e-14,5.57858990732e-15,2.69565757892e-15,2.07808649235e-15]},"melbands_crest":{"dmean":4.4790391922,"dmean2":7.43798208237,"dvar":16.0354576111,"dvar2":41.8546638489,"max":37.4702301025,"mean":15.9462614059,"median":15.2006978989,"min":2.06591963768,"var":35.3570594788},"melbands_flatness_db":{"dmean":0.0390064157546,"dmean2":0.0611115321517,"dvar":0.00107014691457,"dvar2":0.00266534136608,"max":0.484616398811,"mean":0.274589270353,"median":0.27383440733,"min":0.00606684340164,"var":0.00379359046929},"melbands_kurtosis":{"dmean":11.3416137695,"dmean2":18.8340682983,"dvar":373.43258667,"dvar2":1007.83288574,"max":298.260253906,"mean":17.0567684174,"median":8.19817733765,"min":-1.85317099094,"var":603.952758789},"melbands_skewness":{"dmean":1.07751965523,"dmean2":1.70053124428,"dvar":1.35786068439,"dvar2":3.42673659325,"max":15.187207222,"mean":2.90796852112,"median":2.47850584984,"min":-1.9491673708,"var":4.27848052979},"melbands_spread":{"dmean":5.66608476639,"dmean2":8.838139534,"dvar":49.5084152222,"dvar2":106.386161804,"max":133.316390991,"mean":15.4687891006,"median":11.3151988983,"min":0.777781367302,"var":165.220153809},"mfcc":{"cov":[[7202.90087891,1177.50622559,-693.506164551,155.288986206,-159.89932251,-35.3577957153,-15.9998130798,7.33179235458,-121.447937012,22.3144702911,30.4550666809,26.8571968079,-17.7714633942],[1177.50622559,1197.35742188,159.888656616,-247.521362305,-129.464309692,-93.673614502,-17.3362598419,-61.032913208,-58.8485717773,-59.3412971497,-15.3039398193,20.2681903839,6.90799808502],[-693.506164551,159.888656616,681.773742676,-94.1860122681,15.8026885986,-168.07699585,-36.4150390625,-77.2951889038,44.4803237915,-23.3638114929,8.61900138855,11.1474819183,13.6909160614],[155.288986206,-247.521362305,-94.1860122681,481.049133301,97.6249008179,67.927230835,-119.780632019,52.0272216797,16.4693126678,80.8081588745,1.73808121681,-20.5381660461,6.24707937241],[-159.89932251,-129.464309692,15.8026885986,97.6249008179,189.726287842,60.6473884583,64.9074020386,9.72590351105,22.5068836212,8.60577297211,-1.23208546638,-1.23931849003,-14.6719484329],[-35.3577957153,-93.673614502,-168.07699585,67.927230835,60.6473884583,228.239395142,79.8511047363,90.6496200562,-13.314997673,-13.5226459503,-33.1078262329,-16.3450164795,-2.896276474],[-15.9998130798,-17.3362598419,-36.4150390625,-119.780632019,64.9074020386,79.8511047363,213.441970825,67.5386276245,17.6034469604,-33.358997345,-23.5660305023,-0.984412968159,-17.0442752838],[7.33179235458,-61.032913208,-77.2951889038,52.0272216797,9.72590351105,90.6496200562,67.5386276245,132.545776367,32.5554084778,20.2845211029,-24.3755836487,-12.8089208603,0.844120442867],[-121.447937012,-58.8485717773,44.4803237915,16.4693126678,22.5068836212,-13.314997673,17.6034469604,32.5554084778,80.2531356812,35.7389984131,14.5892391205,-0.882746577263,1.50208699703],[22.3144702911,-59.3412971497,-23.3638114929,80.8081588745,8.60577297211,-13.5226459503,-33.358997345,20.2845211029,35.7389984131,83.8963317871,39.5685844421,18.6383228302,2.94672775269],[30.4550666809,-15.3039398193,8.61900138855,1.73808121681,-1.23208546638,-33.1078262329,-23.5660305023,-24.3755836487,14.5892391205,39.5685844421,69.5715484619,39.6134300232,16.3106002808],[26.8571968079,20.2681903839,11.1474819183,-20.5381660461,-1.23931849003,-16.3450164795,-0.984412968159,-12.8089208603,-0.882746577263,18.6383228302,39.6134300232,63.1787490845,26.8277168274],[-17.7714633942,6.90799808502,13.6909160614,6.24707937241,-14.6719484329,-2.896276474,-17.0442752838,0.844120442867,1.50208699703,2.94672775269,16.3106002808,26.8277168274,55.3990058899]],"icov":[[0.000231159952818,-0.000298535800539,0.000309770955937,-0.000346026412444,0.000154471155838,0.000271424767561,-0.000316611694871,0.0000419581410824,0.000072107417509,0.000132410161314,-0.000268100440735,-0.0000070291675911,0.000104236321931],[-0.000298535800539,0.0014221011661,-0.000617665995378,0.000868491013534,0.000159587943926,-0.000252347672358,0.000570495321881,-0.000160997369676,0.000564708083402,-0.000226816220675,0.000776394910645,-0.000418759329477,-0.0000403836893383],[0.000309770955937,-0.000617665995378,0.00256903958507,-0.000170960905962,-0.000851456192322,0.00182311830577,0.000189994010725,0.000159984716447,-0.00162402505521,0.00147389317863,0.00018618744798,-0.000340416067047,-0.000437725597294],[-0.000346026412444,0.000868491013534,-0.000170960905962,0.00583736691624,-0.00417062593624,-0.000839808955789,0.0052780425176,-0.00318665895611,0.00148703181185,-0.00343431765214,0.0014412754681,0.00165608758107,-0.0013953098096],[0.000154471155838,0.000159587943926,-0.000851456192322,-0.00417062593624,0.0109416013584,-0.00263508711942,-0.00630215555429,0.00604727910832,-0.00290714181028,-0.000271935947239,0.000367729284335,-0.00183474330697,0.00231283484027],[0.000271424767561,-0.000252347672358,0.00182311830577,-0.000839808955789,-0.00263508711942,0.00959997158498,-0.00115362950601,-0.00574868824333,0.00330092967488,0.00254944502376,-0.000565202382859,0.000742960721254,-0.00111913215369],[-0.000316611694871,0.000570495321881,0.000189994010725,0.0052780425176,-0.00630215555429,-0.00115362950601,0.0135839441791,-0.00796126388013,-0.00144808820914,0.00439535733312,-0.0000880100560607,-0.00267709628679,0.00288417702541],[0.0000419581410824,-0.000160997369676,0.000159984716447,-0.00318665895611,0.00604727910832,-0.00574868824333,-0.00796126388013,0.0208301711828,-0.00692877266556,-0.0077380281873,0.00870737899095,-0.000336185941705,-0.00291378446855],[0.000072107417509,0.000564708083402,-0.00162402505521,0.00148703181185,-0.00290714181028,0.00330092967488,-0.00144808820914,-0.00692877266556,0.0228313431144,-0.00877080950886,-0.00400725798681,0.00658321147785,-0.002911639167],[0.000132410161314,-0.000226816220675,0.00147389317863,-0.00343431765214,-0.000271935947239,0.00254944502376,0.00439535733312,-0.0077380281873,-0.00877080950886,0.0311061739922,-0.0147245042026,-0.0052901469171,0.00710551021621],[-0.000268100440735,0.000776394910645,0.00018618744798,0.0014412754681,0.000367729284335,-0.000565202382859,-0.0000880100560607,0.00870737899095,-0.00400725798681,-0.0147245042026,0.035797342658,-0.0150180486962,-0.00285818125121],[-0.0000070291675911,-0.000418759329477,-0.000340416067047,0.00165608758107,-0.00183474330697,0.000742960721254,-0.00267709628679,-0.000336185941705,0.00658321147785,-0.0052901469171,-0.0150180486962,0.0331305116415,-0.0128376409411],[0.000104236321931,-0.0000403836893383,-0.000437725597294,-0.0013953098096,0.00231283484027,-0.00111913215369,0.00288417702541,-0.00291378446855,-0.002911639167,0.00710551021621,-0.00285818125121,-0.0128376409411,0.0265999436378]],"mean":[-687.165588379,168.876022339,-15.4420566559,30.0221195221,8.53939056396,23.1083164215,0.213013783097,12.4494667053,-4.44633626938,1.38398170471,-2.37668943405,0.798827826977,5.80432319641]},"pitch_salience":{"dmean":0.0933788344264,"dmean2":0.154769971967,"dvar":0.00708746258169,"dvar2":0.019025914371,"max":0.956200838089,"mean":0.554827451706,"median":0.574476182461,"min":0.0794723704457,"var":0.0152776027098},"silence_rate_20dB":{"dmean":0,"dmean2":0,"dvar":0,"dvar2":0,"max":1,"mean":1,"median":1,"min":1,"var":0},"silence_rate_30dB":{"dmean":0.0878615230322,"dmean2":0.175742298365,"dvar":0.0801324471831,"dvar2":0.168304130435,"max":1,"mean":0.889911293983,"median":1,"min":0,"var":0.0979796946049},"silence_rate_60dB":{"dmean":0.0155565291643,"dmean2":0.0311164669693,"dvar":0.0153149161488,"dvar2":0.0336541458964,"max":1,"mean":0.0503888688982,"median":0,"min":0,"var":0.0478485524654},"spectral_centroid":{"dmean":207.474365234,"dmean2":304.144836426,"dvar":56650.9335938,"dvar2":103120.601562,"max":11264.7412109,"mean":936.232421875,"median":789.539245605,"min":182.180450439,"var":315696.59375},"spectral_complexity":{"dmean":3.68492555618,"dmean2":5.24663066864,"dvar":15.0944395065,"dvar2":25.6525688171,"max":51,"mean":17.2754955292,"median":16,"min":0,"var":106.279930115},"spectral_contrast_coeffs":{"dmean":[0.0566408000886,0.0505148433149,0.0374889299273,0.0278077498078,0.021776843816,0.0481330417097],"dmean2":[0.0936264619231,0.0828024819493,0.0616633035243,0.0458703935146,0.035502653569,0.073068715632],"dvar":[0.00188981718384,0.00156207720283,0.000882065563928,0.000475814420497,0.000345505366568,0.00157116435003],"dvar2":[0.00516468146816,0.0041737803258,0.00234795711003,0.00124991335906,0.000856871251017,0.00371025898494],"max":[-0.288815140724,-0.450918674469,-0.526744663715,-0.573125004768,-0.614761710167,-0.493361979723],"mean":[-0.68432444334,-0.765942931175,-0.808057546616,-0.817479670048,-0.821172177792,-0.755763411522],"median":[-0.689831018448,-0.774450421333,-0.81618976593,-0.821599304676,-0.821587383747,-0.763365507126],"min":[-0.974290907383,-0.963803172112,-0.986236274242,-0.964490532875,-0.959294259548,-0.960968911648],"var":[0.00603686040267,0.00547654461116,0.00346394511871,0.00165950681549,0.00119006901514,0.00434947293252]},"spectral_contrast_valleys":{"dmean":[0.447870820761,0.423229664564,0.361435949802,0.29951068759,0.36946412921,0.648262619972],"dmean2":[0.704853177071,0.666022002697,0.553575277328,0.450896143913,0.521396398544,1.03453159332],"dvar":[0.162000983953,0.160447314382,0.1248748824,0.093685939908,0.132674574852,0.315399646759],"dvar2":[0.327527821064,0.329834997654,0.234224885702,0.167773619294,0.253076553345,0.769398331642],"max":[-4.7077999115,-4.43249797821,-4.86817789078,-5.52790164948,-6.02953052521,-8.85313415527],"mean":[-6.77026414871,-6.72683525085,-7.03868961334,-7.42077636719,-7.91467761993,-11.3210554123],"median":[-6.61977624893,-6.55218172073,-6.79649972916,-7.30769729614,-7.8419213295,-11.2028656006],"min":[-27.0996360779,-27.1943969727,-27.1911582947,-27.2384109497,-27.2168960571,-27.2511844635],"var":[1.22962498665,1.46145665646,1.28664135933,1.1760610342,1.00075352192,1.20194649696]},"spectral_decrease":{"dmean":5.86485349174e-9,"dmean2":9.19526943477e-9,"dvar":1.10454452898e-16,"dvar2":2.70808900503e-16,"max":2.98052569292e-8,"mean":-9.23181797674e-9,"median":-5.10638065165e-9,"min":-1.3055746706e-7,"var":1.49444577218e-16},"spectral_energy":{"dmean":0.0237550958991,"dmean2":0.0363903865218,"dvar":0.00163179833908,"dvar2":0.00397648336366,"max":0.516749203205,"mean":0.050375662744,"median":0.0368705503643,"min":1.07430178991e-20,"var":0.00254805875011},"spectral_energyband_high":{"dmean":0.0000973107453319,"dmean2":0.000134928472107,"dvar":4.20727239714e-8,"dvar2":7.23933695213e-8,"max":0.00706194154918,"mean":0.000256009865552,"median":0.000126783677842,"min":7.74632914009e-21,"var":1.54717127998e-7},"spectral_energyband_low":{"dmean":0.0195643398911,"dmean2":0.0316969081759,"dvar":0.00155179342255,"dvar2":0.00391778536141,"max":0.488713204861,"mean":0.0248064342886,"median":0.0104671530426,"min":1.0583283436e-22,"var":0.00163794704713},"spectral_energyband_middle_high":{"dmean":0.00188702938613,"dmean2":0.00267821270972,"dvar":0.00000858931252878,"dvar2":0.0000172840864252,"max":0.0831944942474,"mean":0.00514314090833,"median":0.0027505743783,"min":1.66729359622e-21,"var":0.0000396059658669},"spectral_energyband_middle_low":{"dmean":0.00527684437111,"dmean2":0.00786550343037,"dvar":0.0000519747409271,"dvar2":0.000120375050756,"max":0.16154165566,"mean":0.0129688745365,"median":0.00706780096516,"min":3.10887962289e-22,"var":0.000247256510193},"spectral_entropy":{"dmean":0.207944333553,"dmean2":0.308806568384,"dvar":0.0374529622495,"dvar2":0.0820473730564,"max":9.80483913422,"mean":7.35798454285,"median":7.43185949326,"min":5.51801109314,"var":0.161635652184},"spectral_flux":{"dmean":0.037919215858,"dmean2":0.0592795945704,"dvar":0.00245895865373,"dvar2":0.00519493827596,"max":0.553517222404,"mean":0.122809410095,"median":0.109211295843,"min":1.03648527261e-10,"var":0.00572181679308},"spectral_kurtosis":{"dmean":6.36503601074,"dmean2":9.79974746704,"dvar":58.8704071045,"dvar2":139.388305664,"max":109.477638245,"mean":20.8350219727,"median":18.0709609985,"min":-1.20284235477,"var":130.474319458},"spectral_rms":{"dmean":0.00144856865518,"dmean2":0.0020881856326,"dvar":0.00000326183135257,"dvar2":0.0000069848365456,"max":0.0224531870335,"mean":0.00625578686595,"median":0.00599760515615,"min":3.23743614382e-12,"var":0.0000100120105344},"spectral_rolloff":{"dmean":4616.25634766,"dmean2":8910.30957031,"dvar":63656900,"dvar2":147142128,"max":22028.4667969,"mean":11968.9697266,"median":20564.2089844,"min":43.06640625,"var":102771752},"spectral_skewness":{"dmean":0.525333464146,"dmean2":0.773812711239,"dvar":0.29137352109,"dvar2":0.651600420475,"max":8.82151699066,"mean":3.10283470154,"median":2.91377496719,"min":-0.000607827794738,"var":0.970974385738},"spectral_spread":{"dmean":479838.28125,"dmean2":760240.125,"dvar":310995648512,"dvar2":581106794496,"max":40946576,"mean":3573045,"median":3513262.25,"min":1381065.25,"var":645635702784},"spectral_strongpeak":{"dmean":4.25442695618,"dmean2":7.75891065598,"dvar":204.351516724,"dvar2":524.074645996,"max":300.059356689,"mean":3.96980905533,"median":0.32436144352,"min":0,"var":248.231262207},"zerocrossingrate":{"dmean":0.0456316694617,"dmean2":0.0555932298303,"dvar":0.00157774391118,"dvar2":0.00231172190979,"max":0.8076171875,"mean":0.265953779221,"median":0.251953125,"min":0.0224609375,"var":0.0127189848572}},"metadata":{"audio_properties":{"analysis_sample_rate":44100,"bit_rate":320000,"codec":"mp3","downmix":"mix","equal_loudness":0,"length":211.931427002,"lossless":false,"md5_encoded":"a53983899b788480f46f8e6570c0ed2d","replay_gain":-1.98221969604,"sample_rate":44100},"tags":{"acoustid_id":["d6ac6555-01b9-4880-9d76-fbb2414caea3"],"album":["Trans"],"albumartist":["Neil Young"],"albumartistsort":["Young, Neil"],"artist":["Neil Young"],"artistsort":["Young, Neil"],"asin":["B000024R1I"],"barcode":["008811935726"],"catalognumber":["GFLD 19357"],"composer":["Neil Young"],"copyright":["(P) 1982 Geffen Records Inc."],"date":["1997"],"discnumber":["1/1"],"file_name":"03 We R in Control.mp3","genre":["Pop/Rock, Hard Rock, Album Rock"],"label":["Geffen Records"],"media":["CD"],"musicbrainz album release country":["GB"],"musicbrainz album status":["official"],"musicbrainz album type":["album"],"musicbrainz_albumartistid":["75167b8b-44e4-407b-9d35-effe87b223cf"],"musicbrainz_albumid":["bea65ab9-e114-443e-9127-73b3145e5099"],"musicbrainz_artistid":["75167b8b-44e4-407b-9d35-effe87b223cf"],"musicbrainz_recordingid":["fcb90fdd-dc82-47c9-b52b-5c0a2e6c31f3"],"musicbrainz_releasegroupid":["246568c5-1fe6-35b2-b056-c94d6c484eac"],"originaldate":["1982-12-29"],"script":["Latn"],"title":["We R in Control"],"tracknumber":["3/9"]},"version":{"essentia":"2.1-beta1","essentia_build_sha":"ca57ba49d9b1854bd80e60cf9ccf267278fb7d6b","essentia_git_sha":"v2.1_beta1-28-g21ef5f4-dirty","extractor":"music 1.0"}},"rhythm":{"beats_count":463,"beats_loudness":{"dmean":0.0451917350292,"dmean2":0.0807518213987,"dvar":0.0018403052818,"dvar2":0.00544525962323,"max":0.327555119991,"mean":0.0888223797083,"median":0.0799613147974,"min":4.34951061834e-7,"var":0.00225348467939},"beats_loudness_band_ratio":{"dmean":[0.194362357259,0.0817159488797,0.0565417185426,0.052967518568,0.0348962247372,0.0689880922437],"dmean2":[0.33719560504,0.142317399383,0.0993288978934,