{"lowlevel":{"average_loudness":0.926257133484,"barkbands":{"dmean":[0.00000301042837236,0.000517040956765,0.000951188325416,0.00060011993628,0.00332270073704,0.001667686156,0.000776807602961,0.000872268283274,0.000575497339014,0.00019060226623,0.000205056305276,0.000117118732305,0.000176268818905,0.000257665495155,0.000257797742961,0.000241038593231,0.000216335902223,0.00024080190633,0.000177984009497,0.000168525919435,0.000117313880764,0.0000613902884652,0.0000358905272151,0.0000170923285623,0.00000262998128164,7.26332487488e-8,7.60768448238e-10],"dmean2":[0.00000537215555596,0.000845920410939,0.00153642031364,0.00100369320717,0.00522246351466,0.00274365418591,0.00125488522463,0.00129442079924,0.000883090950083,0.000296026817523,0.000330016337102,0.000180355389602,0.000272845121799,0.000387610052712,0.000400984688895,0.000371727190213,0.00032800596091,0.00036244848161,0.000259547028691,0.000244167167693,0.000167691614479,0.0000860629734234,0.0000535288563697,0.0000253565322055,0.00000395355982619,1.19489996564e-7,1.39268108157e-9],"dvar":[3.24878665636e-11,0.00000109903589873,0.00000324307620758,0.00000109298787265,0.0000211901442526,0.00000713288955012,0.00000241597035711,0.00000330949046656,0.00000294057463179,3.0362821235e-7,4.25748311272e-7,8.51212718089e-8,2.8901291671e-7,7.12840801498e-7,4.45317937192e-7,3.57285244945e-7,2.47645147056e-7,2.40790654971e-7,1.14722539024e-7,1.30735017478e-7,4.72652388339e-8,8.65471960765e-8,3.08593222087e-8,3.23588245088e-9,4.05449146479e-11,3.19604199605e-14,1.31653290812e-18],"dvar2":[9.24603796304e-11,0.00000270982832262,0.0000074910449257,0.00000293030507237,0.0000525721188751,0.0000190495429706,0.0000053908947848,0.00000609387871009,0.00000641731185169,6.90719730301e-7,0.00000106373875042,1.88915578292e-7,7.13778888439e-7,0.00000139950793709,9.94858282866e-7,8.23665800453e-7,5.61026354262e-7,5.51128835014e-7,2.39290301352e-7,2.63277144086e-7,9.28526304733e-8,1.73593676323e-7,6.24606286692e-8,6.79506761969e-9,8.66466828842e-11,8.79076881275e-14,4.11590597146e-18],"max":[0.0000758767055231,0.0242675989866,0.0364867188036,0.0168794002384,0.064039170742,0.0378043986857,0.0488002970815,0.0427473001182,0.043911613524,0.014289509505,0.0177864059806,0.00852949731052,0.0127228014171,0.0310471393168,0.0186503864825,0.0128501150757,0.0128208268434,0.0100347669795,0.00941904261708,0.0104117663577,0.00607363739982,0.0144677590579,0.00747319078073,0.00240460643545,0.000217880675336,0.00000647181650493,1.09475832843e-8],"mean":[0.00000266298184215,0.000834873702843,0.00147856154945,0.000807435542811,0.00654589477926,0.00292284297757,0.00123700057156,0.0016953763552,0.00101504777558,0.000280740234302,0.000281914981315,0.000186673161807,0.00026384962257,0.000417291710619,0.00042363270768,0.000422254845034,0.000385606457712,0.000434160552686,0.000352741539245,0.000311848416459,0.000229043478612,0.0000965930594248,0.0000546520386706,0.000026906196581,0.00000449762319477,1.06634161057e-7,6.60376253681e-10],"median":[0.00000106246557152,0.000204783835215,0.000554027385078,0.000409397354815,0.00427169073373,0.00136961240787,0.000483137875563,0.000368688779417,0.000136536124046,0.000100935983937,0.0000697944124113,0.0000629846108495,0.000085069470515,0.000118786549137,0.000116111710668,0.000106311847048,0.000120564909594,0.000137236856972,0.000105111750599,0.0000966161533142,0.0000874681281857,0.0000295999834634,0.0000148115905176,0.00000978428306553,0.00000154498570737,7.36049798888e-8,2.71463407309e-10],"min":[7.30984399276e-25,9.83586170965e-24,9.20263438356e-25,9.23107045261e-24,3.55632064481e-23,1.70843764016e-23,1.23161650357e-23,3.78428882465e-23,7.08453953983e-23,6.9927470538e-23,8.90659366072e-23,5.05737527269e-23,6.65962560857e-23,1.04649606111e-22,6.18779906592e-23,8.34070839244e-23,1.15471755367e-22,2.12601320862e-22,2.58848461825e-22,2.64223091079e-22,4.09011732339e-22,5.38934573831e-22,4.53129579946e-22,9.68868512963e-22,9.84096835339e-22,1.73750277214e-21,2.282371448e-21],"var":[2.57959018729e-11,0.00000223507686314,0.00000698794019627,0.00000145701676502,0.0000526151197846,0.0000157514896273,0.00000552816300115,0.0000137966580951,0.00000835865466797,5.17582236625e-7,7.21060416708e-7,1.89670075201e-7,4.72454729561e-7,0.00000172399370513,0.00000118755463063,0.00000103027537079,6.69056134939e-7,6.42932150186e-7,4.05333935305e-7,3.33371446004e-7,1.5842152834e-7,1.44722790196e-7,4.91642175859e-8,4.93312413141e-9,7.43790862234e-11,2.68107815137e-14,1.08988573047e-18]},"barkbands_crest":{"dmean":2.8177652359,"dmean2":4.56860542297,"dvar":6.28329801559,"dvar2":15.655913353,"max":25.6784267426,"mean":11.5624084473,"median":10.8570623398,"min":3.22939682007,"var":18.5540866852},"barkbands_flatness_db":{"dmean":0.021856546402,"dmean2":0.033865775913,"dvar":0.000399760378059,"dvar2":0.000854362326209,"max":0.405818909407,"mean":0.190125793219,"median":0.182472005486,"min":0.0271032974124,"var":0.00199112202972},"barkbands_kurtosis":{"dmean":3.92834496498,"dmean2":6.00340127945,"dvar":47.3973121643,"dvar2":107.210548401,"max":157.168212891,"mean":6.52748775482,"median":3.35903358459,"min":-1.90437602997,"var":101.72101593},"barkbands_skewness":{"dmean":0.601628780365,"dmean2":0.899032115936,"dvar":0.394356548786,"dvar2":0.81966561079,"max":10.6754550934,"mean":1.98952186108,"median":1.86650884151,"min":-3.50795388222,"var":1.61916601658},"barkbands_spread":{"dmean":4.8892326355,"dmean2":7.41029167175,"dvar":35.3378677368,"dvar2":72.5885772705,"max":103.534545898,"mean":17.239112854,"median":15.4782924652,"min":0.50588452816,"var":137.877349854},"dissonance":{"dmean":0.0176749695092,"dmean2":0.0294294971973,"dvar":0.000329078582581,"dvar2":0.000820676679723,"max":0.500000059605,"mean":0.459292978048,"median":0.466730952263,"min":0.0498683787882,"var":0.00104075111449},"dynamic_complexity":2.84924936295,"erbbands":{"dmean":[0.00450928462669,0.156937912107,0.970576047897,1.29221987724,4.8746471405,14.5709581375,14.0331468582,14.9008665085,10.7793941498,16.0616016388,17.6732883453,14.0272378922,7.60404729843,4.73955535889,8.13895130157,5.49105262756,7.70501899719,13.1912584305,11.5056715012,12.4600105286,12.0179815292,9.98261737823,12.9813899994,10.4881753922,7.77508640289,8.0189409256,6.19283246994,3.33122873306,2.33745384216,1.62871062756,0.880171895027,0.500849723816,0.211795911193,0.052865754813,0.00761697860435,0.0008264525095,0.0000573654288019,0.00000473660338685,0.00000378855497729,0.00000763246407587],"dmean2":[0.00737715465948,0.254327088594,1.55141544342,2.1144618988,7.8149189949,23.3943252563,21.802614212,24.9292621613,17.1752414703,25.53606987,26.598487854,21.4041004181,11.5517234802,7.26612615585,13.0567121506,8.41801357269,11.837761879,19.5157108307,17.7190685272,19.1680316925,18.4413795471,14.9375095367,19.4190673828,15.1301021576,11.3704395294,11.549539566,8.73613834381,4.75680685043,3.33543467522,2.36448740959,1.30209839344,0.745786905289,0.312283337116,0.0786240398884,0.0114112505689,0.0013088460546,0.0000913719050004,0.00000714498082743,0.00000541053987035,0.0000111951057988],"dvar":[0.0000727670558263,0.0977049767971,3.537545681,3.95244216919,62.6334190369,506.571166992,391.791320801,710.760742188,363.294281006,1096.88012695,1764.42382813,2022.51391602,484.023406982,170.499984741,772.955688477,187.617919922,485.68359375,2028.67529297,1423.73120117,664.267333984,755.116088867,447.349609375,715.200195313,522.630554199,234.935028076,328.989593506,142.938568115,49.4752655029,135.347213745,66.5591278076,17.5190429688,3.81525731087,0.343259781599,0.0176134109497,0.000345903245034,0.00000481522056361,1.13282769831e-8,9.04530964019e-11,2.34988296183e-11,7.27306131987e-11],"dvar2":[0.000177766050911,0.233083114028,7.66120958328,10.1301269531,157.591094971,1315.55957031,923.363891602,1908.82836914,873.166809082,2377.40112305,3336.46582031,4452.296875,1009.92633057,341.5362854,1943.40246582,422.081848145,1176.2956543,3910.02709961,3086.68359375,1548.94873047,1685.453125,949.116210938,1572.46679688,1142.5411377,488.465820313,667.19543457,276.663635254,99.371635437,296.575958252,131.59487915,34.4124031067,7.63907670975,0.726229310036,0.0373841449618,0.000712767709047,0.000012481243175,2.87956147815e-8,1.95956709192e-10,4.5750608163e-11,1.51498216749e-10],"max":[0.133263170719,7.79789972305,45.4512901306,28.4681415558,149.280700684,285.016235352,313.708770752,462.401641846,397.085205078,1158.79882813,1175.25939941,1073.1932373,594.274719238,519.581481934,804.716003418,433.31539917,554.38494873,1836.12878418,1208.80004883,855.870788574,523.827636719,541.976806641,611.545715332,644.224609375,483.576843262,553.931274414,365.516571045,238.904830933,601.954589844,302.931274414,207.71131897,80.5814666748,24.0619182587,4.51885175705,0.56602370739,0.0782419145107,0.00416198000312,0.000367393513443,0.000158390335855,0.000129297986859],"mean":[0.00719400960952,0.261879295111,1.56542551517,2.21636080742,8.08094406128,25.9920711517,26.8829536438,25.4458332062,19.5083389282,29.5909805298,33.6554222107,25.1714763641,11.8179140091,7.86384296417,11.4922018051,9.54951381683,12.5414657593,22.1817493439,19.7065620422,24.1701927185,22.6187210083,18.5935459137,23.9268703461,21.720539093,15.6912183762,15.2330226898,12.4104328156,6.14772176743,3.74470114708,2.49875044823,1.36946058273,0.737479567528,0.356773495674,0.0937304198742,0.013503392227,0.0014437319478,0.0001143552945,0.0000110342980406,0.0000124787211462,0.0000248755513894],"median":[0.00250050588511,0.0764274969697,0.572722554207,1.32100379467,4.42475652695,14.9244289398,16.0331287384,10.3921060562,8.1611623764,9.41062831879,6.75119161606,3.64011144638,3.60787844658,2.77735900879,3.23706078529,3.42625761032,4.55034303665,6.57962608337,5.49485874176,7.68246603012,6.75132131577,6.82739448547,8.11811542511,6.22663974762,5.25146007538,4.96905851364,4.55299711227,2.50886106491,1.23343420029,0.70393717289,0.382051408291,0.253517329693,0.123384684324,0.0307409726083,0.00532408524305,0.000849724339787,0.0000880470615812,0.00000771315808379,0.000010475740055,0.0000214780320675],"min":[2.78608051727e-22,2.06898288182e-21,2.28807406669e-21,1.88493636683e-20,3.33057294308e-20,6.56503460757e-20,2.13155215621e-19,1.45661646184e-19,1.23126738907e-19,7.64137714252e-19,8.74333939974e-19,1.48874208888e-18,2.04271714603e-18,2.26475000002e-18,3.3291984791e-18,2.55893843924e-18,3.62092936471e-18,6.20903357196e-18,4.02586074434e-18,3.13786085006e-18,5.18904997992e-18,6.61754250774e-18,1.19126126404e-17,1.6496219765e-17,1.24991614496e-17,1.16851346632e-17,1.27781016414e-17,1.97530862627e-17,1.83173075144e-17,1.93770681542e-17,1.16401856687e-17,1.62475510749e-17,1.65076067334e-17,1.33695233717e-17,7.24856468265e-18,6.34765622133e-18,3.83817842643e-18,9.9716891677e-19,2.88000481999e-19,3.39076648852e-20],"var":[0.000161980671692,0.206126362085,8.19546794891,7.21038722992,113.883460999,1069.87487793,1010.13885498,1612.14074707,914.962219238,3809.96411133,6779.47070313,5363.78515625,982.44934082,476.254974365,1301.61633301,431.181121826,892.313964844,4807.30029297,4212.46044922,2641.13720703,2001.66369629,1288.27416992,1989.08422852,1849.91308594,822.784667969,817.463500977,483.267822266,128.728530884,200.896362305,111.610618591,29.237695694,6.01842689514,0.580819427967,0.0324235595763,0.000661858881358,0.00000521025867783,1.46095544551e-8,1.7754465953e-10,8.73029634696e-11,2.86719620268e-10]},"erbbands_crest":{"dmean":2.66562867165,"dmean2":4.34942865372,"dvar":6.10631608963,"dvar2":14.8140144348,"max":27.772354126,"mean":9.58716583252,"median":8.78704357147,"min":2.60305929184,"var":15.8117723465},"erbbands_flatness_db":{"dmean":0.0151327997446,"dmean2":0.0230401270092,"dvar":0.000181617710041,"dvar2":0.000414615642512,"max":0.348252385855,"mean":0.203911453485,"median":0.202562302351,"min":0.0449352487922,"var":0.000991621869616},"erbbands_kurtosis":{"dmean":0.987221479416,"dmean2":1.54178261757,"dvar":2.49710154533,"dvar2":5.82709217072,"max":35.4426383972,"mean":0.244558125734,"median":-0.643489718437,"min":-1.81638669968,"var":7.10023975372},"erbbands_skewness":{"dmean":0.423488259315,"dmean2":0.633262693882,"dvar":0.163003355265,"dvar2":0.349316507578,"max":4.59816932678,"mean":0.48140886426,"median":0.484789699316,"min":-3.45237517357,"var":0.856861531734},"erbbands_spread":{"dmean":7.75486516953,"dmean2":11.6431684494,"dvar":63.3059577942,"dvar2":136.637054443,"max":136.195892334,"mean":41.095664978,"median":40.6663208008,"min":3.63020586967,"var":249.498046875},"gfcc":{"cov":[[8342.99414063,-446.296203613,-1780.51025391,776.927124023,-687.882080078,-147.767196655,-77.2063674927,37.5154037476,270.530426025,-111.538696289,96.7756347656,-227.411071777,232.801681519],[-446.296203613,769.743286133,317.910522461,-215.510452271,311.119506836,-6.05719041824,11.3574724197,-112.006332397,-3.83904600143,35.2727737427,-4.245408535,59.3067359924,13.236000061],[-1780.51025391,317.910522461,788.102539063,-18.9671955109,210.689208984,69.3906860352,22.2690410614,-66.8896636963,-104.646270752,-19.3475914001,-28.4322624207,80.8182754517,-52.1905212402],[776.927124023,-215.510452271,-18.9671955109,503.123504639,-9.24656105042,-25.6022567749,-36.6959838867,-1.20972752571,51.6753196716,-46.6881790161,30.6191329956,21.0590190887,43.7449073792],[-687.882080078,311.119506836,210.689208984,-9.24656105042,366.745544434,9.97245311737,-24.3596324921,-46.1436271667,25.9427452087,53.1617431641,-10.6122360229,81.2626571655,15.3552112579],[-147.767196655,-6.05719041824,69.3906860352,-25.6022567749,9.97245311737,192.289505005,74.6722717285,2.41938948631,-28.700510025,10.5817527771,0.485695958138,-26.6202049255,-14.5007514954],[-77.2063674927,11.3574724197,22.2690410614,-36.6959838867,-24.3596324921,74.6722717285,147.265716553,52.2197303772,-33.7724494934,-2.22203159332,-8.91446781158,-22.8046283722,-24.6972408295],[37.5154037476,-112.006332397,-66.8896636963,-1.20972752571,-46.1436271667,2.41938948631,52.2197303772,149.067504883,43.6827659607,7.14622783661,-13.3131246567,-32.7083854675,-22.2181568146],[270.530426025,-3.83904600143,-104.646270752,51.6753196716,25.9427452087,-28.700510025,-33.7724494934,43.6827659607,154.526199341,59.0113220215,12.3708677292,-7.55189800262,18.9654769897],[-111.538696289,35.2727737427,-19.3475914001,-46.6881790161,53.1617431641,10.5817527771,-2.22203159332,7.14622783661,59.0113220215,111.850326538,18.393907547,6.52226114273,-1.01514530182],[96.7756347656,-4.245408535,-28.4322624207,30.6191329956,-10.6122360229,0.485695958138,-8.91446781158,-13.3131246567,12.3708677292,18.393907547,79.5785217285,24.5014286041,5.25690746307],[-227.411071777,59.3067359924,80.8182754517,21.0590190887,81.2626571655,-26.6202049255,-22.8046283722,-32.7083854675,-7.55189800262,6.52226114273,24.5014286041,110.267669678,23.2573623657],[232.801681519,13.236000061,-52.1905212402,43.7449073792,15.3552112579,-14.5007514954,-24.6972408295,-22.2181568146,18.9654769897,-1.01514530182,5.25690746307,23.2573623657,79.6503219604]],"icov":[[0.000619243772235,-0.00128817302175,0.00159749889281,-0.00148242153227,0.00135295605287,-0.000555517966859,0.000472197803902,-0.000229307988775,0.000316502235364,-0.000135713096824,0.000533287529834,-0.000086750202172,-0.000101411416836],[-0.00128817302175,0.00626456225291,-0.00437864521518,0.00494598736987,-0.00545555585995,0.00262004509568,-0.00331897451542,0.00321951438673,-0.00273532513529,0.00188285240438,-0.00259496178478,0.00167124229483,-0.00110517512076],[0.00159749889281,-0.00437864521518,0.00644074147567,-0.00456621218473,0.00330371083692,-0.00250409566797,0.00195952411741,-0.0010496043833,0.00239684479311,-0.000612754083704,0.00261827325448,-0.00190829997882,0.00181445956696],[-0.00148242153227,0.00494598736987,-0.00456621218473,0.0069978791289,-0.00457625463605,0.00201781583019,-0.0022030971013,0.00193558086175,-0.00331872422248,0.00312030082569,-0.0031808631029,0.000867814465892,-0.00143148738425],[0.00135295605287,-0.00545555585995,0.00330371083692,-0.00457625463605,0.00932318717241,-0.00272149010561,0.00285426573828,-0.0016319276765,0.000932455761358,-0.00321375974454,0.004110830836,-0.00398775655776,0.000397336349124],[-0.000555517966859,0.00262004509568,-0.00250409566797,0.00201781583019,-0.00272149010561,0.00843967497349,-0.00509239640087,0.00231332727708,-0.000478066591313,-0.000305565801682,-0.00224833679385,0.00329602812417,-0.00113738724031],[0.000472197803902,-0.00331897451542,0.00195952411741,-0.0022030971013,0.00285426573828,-0.00509239640087,0.0130963567644,-0.00658116536215,0.00487263221294,-0.00200230325572,0.00149774912279,-0.00101414939854,0.00142452598084],[-0.000229307988775,0.00321951438673,-0.0010496043833,0.00193558086175,-0.0016319276765,0.00231332727708,-0.00658116536215,0.01281707827,-0.00623280229047,0.00214072852395,0.000440828356659,0.00137987011112,0.00173419353087],[0.000316502235364,-0.00273532513529,0.00239684479311,-0.00331872422248,0.000932455761358,-0.000478066591313,0.00487263221294,-0.00623280229047,0.0141153717414,-0.00729530490935,0.000529909972101,0.00091809395235,-0.0013289025519],[-0.000135713096824,0.00188285240438,-0.000612754083704,0.00312030082569,-0.00321375974454,-0.000305565801682,-0.00200230325572,0.00214072852395,-0.00729530490935,0.0152768790722,-0.00401880592108,0.000444382312708,0.00057605287293],[0.000533287529834,-0.00259496178478,0.00261827325448,-0.0031808631029,0.004110830836,-0.00224833679385,0.00149774912279,0.000440828356659,0.000529909972101,-0.00401880592108,0.0172839723527,-0.00596664333716,0.00214475183748],[-0.000086750202172,0.00167124229483,-0.00190829997882,0.000867814465892,-0.00398775655776,0.00329602812417,-0.00101414939854,0.00137987011112,0.00091809395235,0.000444382312708,-0.00596664333716,0.0155028477311,-0.0046577793546],[-0.000101411416836,-0.00110517512076,0.00181445956696,-0.00143148738425,0.000397336349124,-0.00113738724031,0.00142452598084,0.00173419353087,-0.0013289025519,0.00057605287293,0.00214475183748,-0.0046577793546,0.0171940792352]],"mean":[-52.8913230896,128.347961426,-145.486129761,53.6620826721,-73.9675827026,-7.89507770538,-46.4871788025,-11.7539081573,-19.1321964264,-12.2366724014,-4.7464017868,-17.6229763031,-0.0497848689556]},"hfc":{"dmean":5.11316490173,"dmean2":6.91226530075,"dvar":56.0933837891,"dvar2":104.359115601,"max":233.240356445,"mean":15.5499296188,"median":10.6801109314,"min":1.16029630374e-16,"var":233.090805054},"melbands":{"dmean":[0.0000898584257811,0.000399985467084,0.000315267592669,0.000604223227128,0.00059028249234,0.000325493863784,0.00016750319628,0.00017983080761,0.000141745505971,0.0000825415918371,0.0000362609316653,0.0000181319173862,0.0000284293564619,0.0000145862741192,0.0000172532945726,0.0000164585799212,0.0000275517813861,0.0000183593656402,0.0000181274372153,0.0000199084861379,0.0000145851281559,0.0000112799389171,0.000011428527614,0.0000118616299005,0.00000891812123882,0.00000607448328083,0.00000565686605114,0.00000571754571865,0.00000455650661024,0.00000288209866994,0.00000183584438673,0.00000142035651152,0.00000114555723485,8.72399652962e-7,5.45497982785e-7,4.18596329155e-7,2.77906451629e-7,1.70511484043e-7,8.81070576497e-8,3.34778071931e-8],"dmean2":[0.000146996142576,0.000639320991468,0.000513889535796,0.000959871453233,0.000920147809666,0.000543282425497,0.000267690134933,0.000283440633211,0.000213259772863,0.000125931939692,0.0000556171253265,0.0000278899387922,0.0000458538561361,0.0000226613356062,0.0000272207907983,0.0000249160493695,0.0000413204616052,0.0000284009129246,0.0000282058663288,0.0000309083952743,0.0000223990500672,0.0000171078154381,0.0000170670355146,0.0000180159750016,0.0000131118931677,0.00000895373977983,0.00000839430595079,0.00000842659028422,0.00000649807088848,0.00000423116625825,0.00000269790484708,0.00000210164944292,0.00000166247832567,0.00000131288391003,8.3361965153e-7,6.09975529642e-7,4.26798379749e-7,2.53713437814e-7,1.34474532842e-7,5.00028427552e-8],"dvar":[3.19977537799e-8,5.68762573039e-7,2.32057601579e-7,7.04928140749e-7,6.89448370395e-7,3.12268241487e-7,8.72278818065e-8,1.28972914126e-7,1.19534078635e-7,7.50814734829e-8,1.17063736482e-8,2.94939894729e-9,9.3968095527e-9,1.12142151121e-9,2.80899237204e-9,2.4034998436e-9,9.0340934733e-9,4.27915836099e-9,1.60036150998e-9,2.54324827864e-9,1.2368883695e-9,6.68480160115e-10,5.34036870281e-10,7.09851177838e-10,4.31835123216e-10,1.681096512e-10,1.4309052554e-10,1.96871297042e-10,8.7537928295e-11,3.09825082256e-11,1.88403407458e-11,5.0986923017e-11,3.92775048597e-11,1.78135874107e-11,7.69513619492e-12,3.61920888224e-12,1.09992039348e-12,2.15328894038e-13,5.17975995483e-14,6.95428576311e-15],"dvar2":[7.88851650668e-8,0.00000124240409605,6.04603599186e-7,0.00000179052597105,0.00000166612664998,8.42041799842e-7,2.0631759412e-7,2.75370922509e-7,2.29282264286e-7,1.65172252764e-7,2.45680134014e-8,5.99719029992e-9,2.38786395101e-8,2.58409715848e-9,7.0188619361e-9,5.35917443756e-9,1.72599321502e-8,9.3882448482e-9,3.62220031747e-9,5.97649529865e-9,2.74341815931e-9,1.49004841798e-9,1.13687004255e-9,1.62385371816e-9,9.649535615e-10,3.28566202024e-10,3.10670711379e-10,4.12859135768e-10,1.77354991804e-10,6.33574651077e-11,4.00623041685e-11,1.20341694942e-10,7.83603459897e-11,3.73700619061e-11,1.56134914026e-11,7.61383664449e-12,2.37299741489e-12,4.58222327269e-13,1.20890764847e-13,1.42710668993e-14],"max":[0.00363182928413,0.0193276554346,0.00774200353771,0.0104456590489,0.0123241851106,0.0091266296804,0.00605644984171,0.0110285002738,0.0101875169203,0.00636098906398,0.00286004226655,0.00214953045361,0.00277222297154,0.000742814270779,0.00142371177208,0.00104849401396,0.00368424621411,0.0022105560638,0.00073899270501,0.00142026413232,0.000869850977324,0.000607837049756,0.000590219104197,0.000653625756968,0.000571636832319,0.000360869220458,0.000289924180834,0.000444891193183,0.000279861269519,0.000126146915136,0.000164192329976,0.000387253588997,0.000237998028751,0.000157998409122,0.000147806131281,0.0000827604962979,0.0000440773983428,0.0000187282821571,0.00000615889985056,0.0000035770856357],"mean":[0.00014498840028,0.000671121582855,0.000542209658306,0.00114257063251,0.00113569339737,0.000561809691135,0.0002953276271,0.000334216136253,0.000270334712695,0.000144336852827,0.0000534121281817,0.0000287911516352,0.0000385440434911,0.0000230463756452,0.000028609580113,0.0000254123206105,0.0000443274475401,0.0000291504657071,0.0000302865137201,0.0000366628919437,0.0000252999489021,0.000019912922653,0.0000194714048121,0.000021516916604,0.0000174100059667,0.0000114655313155,0.0000103113816294,0.0000101172463474,0.00000855323287396,0.00000540865903531,0.0000029660443488,0.00000214617944039,0.00000170652810993,0.00000127241651171,8.2649273736e-7,5.84112456181e-7,3.90277193674e-7,2.76215985195e-7,1.45759415204e-7,5.5654084008e-8],"median":[0.0000386812425859,0.000263332854956,0.000326225243043,0.000736021320336,0.000693475536536,0.000238293592702,0.000116882831207,0.000098575867014,0.0000475199703942,0.0000201382445084,0.0000162418909895,0.00000990406260826,0.00000975774582912,0.00000846997318149,0.00000937680761126,0.00000805657691672,0.0000119975775306,0.00000716571275916,0.00000861973057908,0.00000913874100661,0.00000714964198778,0.00000625546090305,0.00000728125314708,0.00000619592537987,0.00000440574649474,0.00000333580328515,0.00000336403513757,0.00000286609906652,0.00000271447220257,0.00000190123478205,0.0000011008154388,6.67481458549e-7,4.63486173885e-7,3.23872598074e-7,2.14455425862e-7,1.67788698491e-7,1.3471507998e-7,9.38070456868e-8,4.36251745839e-8,1.74786194407e-8],"min":[2.403943957e-24,3.28032030218e-24,3.19049862736e-24,4.63804576667e-24,7.79801705472e-24,3.0456085449e-24,1.9173518709e-24,8.37071192811e-24,7.06775037095e-24,8.95858132987e-24,1.04995729877e-23,8.85896397476e-24,1.30682303128e-23,5.8099313791e-24,5.60618477893e-24,7.1967543725e-24,1.23659847573e-23,6.52074948611e-24,4.68198886896e-24,4.913923047e-24,6.32332481723e-24,5.88962841863e-24,9.87960010254e-24,9.75413177556e-24,1.35044214841e-23,9.69025691921e-24,7.60604144254e-24,7.39229169166e-24,8.07952206874e-24,8.47146208748e-24,1.24433112698e-23,9.10155053603e-24,1.27879354114e-23,9.26672223236e-24,5.41219283828e-24,8.52182770083e-24,1.01103766272e-23,1.12058882767e-23,1.13889994588e-23,1.11126370291e-23],"var":[6.6913479202e-8,0.00000130639307372,4.03703666052e-7,0.000001548481805,0.00000183671568266,7.08948732608e-7,2.19485059461e-7,4.80449955376e-7,4.79148241084e-7,2.01306335157e-7,2.28366552335e-8,7.72401875793e-9,1.5211586657e-8,2.17851314765e-9,5.21404563969e-9,4.45278613981e-9,2.16926263619e-8,1.17933245392e-8,3.94091292932e-9,9.14439457489e-9,3.15594128608e-9,1.81198689386e-9,1.21562504507e-9,1.95290339455e-9,1.41337097581e-9,5.90838378223e-10,3.82519321773e-10,4.31497143571e-10,2.62378230254e-10,9.99498886434e-11,3.7687786919e-11,6.74576852711e-11,6.19641768451e-11,2.85348793205e-11,1.20038042006e-11,5.21785999824e-12,1.5386053976e-12,3.5689338854e-13,8.44370892108e-14,1.29863915099e-14]},"melbands_crest":{"dmean":2.95573925972,"dmean2":4.7911696434,"dvar":6.65758895874,"dvar2":16.4171943665,"max":31.6637020111,"mean":13.7722587585,"median":13.1003847122,"min":1.78066301346,"var":19.3690795898},"melbands_flatness_db":{"dmean":0.027921916917,"dmean2":0.0403445661068,"dvar":0.000747600512113,"dvar2":0.00144145160448,"max":0.517834365368,"mean":0.222490459681,"median":0.212377637625,"min":0.00516679137945,"var":0.00448574312031},"melbands_kurtosis":{"dmean":7.5166311264,"dmean2":11.5727052689,"dvar":106.224891663,"dvar2":229.369873047,"max":231.796905518,"mean":16.4880256653,"median":11.8298616409,"min":-1.80868923664,"var":284.080200195},"melbands_skewness":{"dmean":0.715981006622,"dmean2":1.09509050846,"dvar":0.514595091343,"dvar2":1.11115527153,"max":11.2348270416,"mean":3.05789422989,"median":2.93145608902,"min":-0.852897047997,"var":2.01899385452},"melbands_spread":{"dmean":6.31806135178,"dmean2":9.50636577606,"dvar":88.2149810791,"dvar2":177.363082886,"max":167.756744385,"mean":18.8379440308,"median":14.5025730133,"min":0.621422052383,"var":294.856750488},"mfcc":{"cov":[[6935.58349609,-991.691711426,-926.040710449,314.137115479,-379.584716797,-176.346557617,-319.542572021,-62.3876991272,85.9444274902,168.536636353,-2.65548253059,64.254737854,5.80577945709],[-991.691711426,1163.21398926,18.8728084564,-94.6247558594,168.741607666,126.456245422,43.692615509,-44.2100524902,16.4114017487,-81.3761825562,-1.43353569508,16.381111145,0.726212024689],[-926.040710449,18.8728084564,509.802215576,44.8032989502,41.4021339417,80.9198379517,93.7455749512,53.1810073853,-47.490146637,-31.9379367828,-30.2364406586,-14.0382623672,-17.9019184113],[314.137115479,-94.6247558594,44.8032989502,385.802734375,137.853271484,22.1749286652,-61.5498809814,23.2086486816,8.47982025146,-58.6410179138,-25.7434139252,27.5368919373,25.5860748291],[-379.584716797,168.741607666,41.4021339417,137.853271484,262.650085449,89.2434844971,-44.7955665588,-7.21671199799,18.0621948242,-39.8749961853,-4.94395065308,9.75335788727,24.6850700378],[-176.346557617,126.456245422,80.9198379517,22.1749286652,89.2434844971,200.708221436,52.1760597229,-4.92340707779,-1.90495657921,-17.915561676,-2.88342237473,-4.1929807663,-5.58155584335],[-319.542572021,43.692615509,93.7455749512,-61.5498809814,-44.7955665588,52.1760597229,190.585769653,56.1665878296,-13.6849517822,8.95142936707,-1.21742451191,-20.9427623749,-18.1685791016],[-62.3876991272,-44.2100524902,53.1810073853,23.2086486816,-7.21671199799,-4.92340707779,56.1665878296,107.46257782,11.3484382629,-2.92779254913,-0.195446878672,0.225330725312,3.53816556931],[85.9444274902,16.4114017487,-47.490146637,8.47982025146,18.0621948242,-1.90495657921,-13.6849517822,11.3484382629,123.508972168,42.3984565735,20.4927253723,14.4771642685,4.18524265289],[168.536636353,-81.3761825562,-31.9379367828,-58.6410179138,-39.8749961853,-17.915561676,8.95142936707,-2.92779254913,42.3984565735,128.487304688,53.3710174561,-5.59165382385,-1.0439350605],[-2.65548253059,-1.43353569508,-30.2364406586,-25.7434139252,-4.94395065308,-2.88342237473,-1.21742451191,-0.195446878672,20.4927253723,53.3710174561,103.361274719,28.9081439972,-3.9328994751],[64.254737854,16.381111145,-14.0382623672,27.5368919373,9.75335788727,-4.1929807663,-20.9427623749,0.225330725312,14.4771642685,-5.59165382385,28.9081439972,90.900428772,25.4198093414],[5.80577945709,0.726212024689,-17.9019184113,25.5860748291,24.6850700378,-5.58155584335,-18.1685791016,3.53816556931,4.18524265289,-1.0439350605,-3.9328994751,25.4198093414,86.5277328491]],"icov":[[0.000313874188578,0.000112402427476,0.000562584085856,-0.000480915827211,0.000665938830934,-0.000415133952629,0.000414374721004,-0.00016682597925,0.000103899023088,-0.000510320358444,0.000393624883145,-0.000229947574553,0.000187927202205],[0.000112402427476,0.00124152610078,0.000240602152189,0.000519368390087,-0.000716370821465,-0.000337555509759,-0.000384965795092,0.000549530202989,-0.000429075967986,0.000876700389199,-0.000102778991277,-0.00031895833672,0.0000778948087827],[0.000562584085856,0.000240602152189,0.00349753722548,-0.00107564544305,0.000796017295215,-0.00136539479718,-0.000104950428067,-0.00120832771063,0.00117461977061,-0.00114273000509,0.00135293800849,-0.00068573106546,0.000906460976694],[-0.000480915827211,0.000519368390087,-0.00107564544305,0.0048080580309,-0.00316775869578,0.000653551367577,0.000204635725822,-0.000730169878807,-0.000557208666578,0.00216410052963,-0.000109083375719,-0.00059602688998,-0.000374467665097],[0.000665938830934,-0.000716370821465,0.000796017295215,-0.00316775869578,0.00855340901762,-0.00358832767233,0.00300363590941,-0.000679080490954,-0.000671761168633,-0.00032243374153,-0.000181170747965,0.000823892711196,-0.00117212836631],[-0.000415133952629,-0.000337555509759,-0.00136539479718,0.000653551367577,-0.00358832767233,0.00793178379536,-0.00341677712277,0.00212641456164,-0.000424379599281,0.00102284480818,-0.000730977393687,0.000203701667488,0.000225702591706],[0.000414374721004,-0.000384965795092,-0.000104950428067,0.000204635725822,0.00300363590941,-0.00341677712277,0.00959680695087,-0.00506551750004,0.00108530116268,-0.00162421935238,0.000618637772277,0.000756614899728,0.000771873397753],[-0.00016682597925,0.000549530202989,-0.00120832771063,-0.000730169878807,-0.000679080490954,0.00212641456164,-0.00506551750004,0.0132477302104,-0.00249455263838,0.00200180499814,-0.00121012830641,0.000292831158731,-0.00129815901164],[0.000103899023088,-0.000429075967986,0.00117461977061,-0.000557208666578,-0.000671761168633,-0.000424379599281,0.00108530116268,-0.00249455263838,0.0106854420155,-0.00484552793205,0.00113466125913,-0.0019640843384,0.000951844966039],[-0.000510320358444,0.000876700389199,-0.00114273000509,0.00216410052963,-0.00032243374153,0.00102284480818,-0.00162421935238,0.00200180499814,-0.00484552793205,0.0148318838328,-0.00763891404495,0.00379131734371,-0.00216208468191],[0.000393624883145,-0.000102778991277,0.00135293800849,-0.000109083375719,-0.000181170747965,-0.000730977393687,0.000618637772277,-0.00121012830641,0.00113466125913,-0.00763891404495,0.0156230479479,-0.00631322292611,0.00288827181794],[-0.000229947574553,-0.00031895833672,-0.00068573106546,-0.00059602688998,0.000823892711196,0.000203701667488,0.000756614899728,0.000292831158731,-0.0019640843384,0.00379131734371,-0.00631322292611,0.0152435628697,-0.00464694108814],[0.000187927202205,0.0000778948087827,0.000906460976694,-0.000374467665097,-0.00117212836631,0.000225702591706,0.000771873397753,-0.00129815901164,0.000951844966039,-0.00216208468191,0.00288827181794,-0.00464694108814,0.0138304159045]],"mean":[-673.200622559,130.423370361,-8.66829013824,41.2470016479,-3.78472709656,-1.20961248875,-13.3825702667,-9.6673784256,-11.8755731583,-4.11696243286,-8.83758926392,-1.09229516983,-9.0243024826]},"pitch_salience":{"dmean":0.0722870975733,"dmean2":0.11621504277,"dvar":0.00411716662347,"dvar2":0.00989075843245,"max":0.968764662743,"mean":0.576729655266,"median":0.582704365253,"min":0.13875874877,"var":0.0121623836458},"silence_rate_20dB":{"dmean":0,"dmean2":0,"dvar":0,"dvar2":0,"max":1,"mean":1,"median":1,"min":1,"var":0},"silence_rate_30dB":{"dmean":0,"dmean2":0,"dvar":0,"dvar2":0,"max":1,"mean":1,"median":1,"min":1,"var":0},"silence_rate_60dB":{"dmean":0.0154320988804,"dmean2":0.0308694913983,"dvar":0.0151929249987,"dvar2":0.0333436653018,"max":1,"mean":0.050745755434,"median":0,"min":0,"var":0.0481732189655},"spectral_centroid":{"dmean":262.331481934,"dmean2":387.594024658,"dvar":94314.828125,"dvar2":187661.28125,"max":11295.3769531,"mean":1168.78295898,"median":1061.55529785,"min":207.185806274,"var":472950.75},"spectral_complexity":{"dmean":3.9509601593,"dmean2":5.47041654587,"dvar":20.1138687134,"dvar2":36.260093689,"max":52,"mean":16.0270881653,"median":14,"min":0,"var":80.9756546021},"spectral_contrast_coeffs":{"dmean":[0.0549074374139,0.050209954381,0.0366372726858,0.0310203880072,0.0252281725407,0.0208603758365],"dmean2":[0.0896581411362,0.0814389064908,0.0597972199321,0.0482779815793,0.0390843823552,0.0319254957139],"dvar":[0.00196965644136,0.00165700574871,0.000939010176808,0.00067499501165,0.000502764014527,0.000339290359989],"dvar2":[0.00515027623624,0.0041918437928,0.00220712320879,0.00150766829029,0.00105491641443,0.000751834013499],"max":[-0.270771324635,-0.363641828299,-0.505526423454,-0.526024639606,-0.59630215168,-0.575284898281],"mean":[-0.544102966785,-0.698229312897,-0.786476254463,-0.775267660618,-0.779771268368,-0.722612202168],"median":[-0.546025454998,-0.704396009445,-0.802667975426,-0.783612191677,-0.786921977997,-0.715955853462],"min":[-0.964723229408,-0.965393424034,-0.965301334858,-0.968604028225,-0.962717831135,-0.962379932404],"var":[0.00754853105173,0.00670596398413,0.00490445038304,0.00348421279341,0.00288990652189,0.00240789726377]},"spectral_contrast_valleys":{"dmean":[0.455215990543,0.414693772793,0.350446939468,0.310953617096,0.331559449434,0.356594055891],"dmean2":[0.74593693018,0.661721348763,0.543871104717,0.463215529919,0.44343829155,0.460841447115],"dvar":[0.139461457729,0.146183356643,0.103490069509,0.0894148945808,0.115519247949,0.133367210627],"dvar2":[0.352966308594,0.325272172689,0.214816868305,0.169926717877,0.194900050759,0.225574761629],"max":[-5.8199839592,-4.54589653015,-5.81299972534,-6.08815813065,-5.58739280701,-8.26209259033],"mean":[-7.87220191956,-6.84014463425,-7.81100940704,-8.0024766922,-7.74364805222,-10.9869565964],"median":[-7.71113395691,-6.69896650314,-7.71804475784,-7.83733463287,-7.60204172134,-10.8807725906],"min":[-27.5930500031,-27.4357738495,-27.5516548157,-27.1193618774,-27.3071060181,-27.2858371735],"var":[1.13164305687,1.13183271885,0.977337002754,1.11345624924,1.33824074268,1.06493508816]},"spectral_decrease":{"dmean":1.62345115129e-9,"dmean2":2.42041386933e-9,"dvar":3.23297669434e-18,"dvar2":7.07368629345e-18,"max":2.46196189095e-20,"mean":-5.11409625759e-9,"median":-4.46845316304e-9,"min":-2.24179128594e-8,"var":1.1786082958e-17},"spectral_energy":{"dmean":0.00648146634921,"dmean2":0.00961234793067,"dvar":0.0000513142331329,"dvar2":0.000110570006655,"max":0.086154691875,"mean":0.0207122266293,"median":0.0180808007717,"min":1.06110502796e-20,"var":0.000193330677575},"spectral_energyband_high":{"dmean":0.000290550029604,"dmean2":0.000394230999518,"dvar":6.64108597448e-7,"dvar2":0.000001262528599,"max":0.0380575321615,"mean":0.00058441812871,"median":0.00023374830198,"min":7.52578210927e-21,"var":0.00000149950244577},"spectral_energyband_low":{"dmean":0.00145109754521,"dmean2":0.00230470323004,"dvar":0.000006154060884,"dvar2":0.0000137757015182,"max":0.0612057931721,"mean":0.0026174406521,"median":0.0012658132473,"min":2.94598243343e-23,"var":0.0000144243995237},"spectral_energyband_middle_high":{"dmean":0.00138500193134,"dmean2":0.00194647791795,"dvar":0.00000437487005911,"dvar2":0.00000844221176521,"max":0.0393846854568,"mean":0.00351094850339,"median":0.00192441348918,"min":1.35225521582e-21,"var":0.0000184204563993},"spectral_energyband_middle_low":{"dmean":0.00538487220183,"dmean2":0.00824612751603,"dvar":0.0000382067009923,"dvar2":0.0000890219016583,"max":0.0791793316603,"mean":0.0143744675443,"median":0.0120277050883,"min":2.36659331795e-22,"var":0.000116250099381},"spectral_entropy":{"dmean":0.188023254275,"dmean2":0.273551732302,"dvar":0.0354392006993,"dvar2":0.0700268372893,"max":9.82004070282,"mean":7.25016260147,"median":7.3174123764,"min":4.99436664581,"var":0.199446439743},"spectral_flux":{"dmean":0.0202571079135,"dmean2":0.0317448452115,"dvar":0.000390180706745,"dvar2":0.000876543461345,"max":0.231215655804,"mean":0.0692509487271,"median":0.0645597651601,"min":6.75449002285e-11,"var":0.00119303003885},"spectral_kurtosis":{"dmean":2.25297665596,"dmean2":3.79156088829,"dvar":7.28069496155,"dvar2":19.272102356,"max":82.658241272,"mean":4.41408538818,"median":3.06999945641,"min":-1.21488177776,"var":35.3223381042},"spectral_rms":{"dmean":0.000705983315129,"dmean2":0.00102649594191,"dvar":4.87219381284e-7,"dvar2":9.96337007564e-7,"max":0.00916806235909,"mean":0.00420707929879,"median":0.00419997703284,"min":3.21749051013e-12,"var":0.00000250749326369},"spectral_rolloff":{"dmean":423.271514893,"dmean2":693.366821289,"dvar":485250.75,"dvar2":1002003.125,"max":20327.34375,"mean":1253.60229492,"median":710.595703125,"min":107.666015625,"var":1743512.875},"spectral_skewness":{"dmean":0.286336839199,"dmean2":0.446962028742,"dvar":0.0752963423729,"dvar2":0.171951785684,"max":7.45306396484,"mean":1.32806658745,"median":1.18963801861,"min":-0.104676924646,"var":0.522556841373},"spectral_spread":{"dmean":331550.71875,"dmean2":503902.75,"dvar":252134653952,"dvar2":492744605696,"max":41028448,"mean":3532013.25,"median":3467014.25,"min":964837.875,"var":1036017205250},"spectral_strongpeak":{"dmean":0.465309053659,"dmean2":0.775984406471,"dvar":0.561958193779,"dvar2":1.41059803963,"max":9.56644630432,"mean":0.995354235172,"median":0.674102783203,"min":0,"var":1.12054646015},"zerocrossingrate":{"dmean":0.00819721445441,"dmean2":0.00912326388061,"dvar":0.0000904441112652,"dvar2":0.0000967856976786,"max":0.52587890625,"mean":0.0482110120356,"median":0.04443359375,"min":0.005859375,"var":0.00101730262395}},"metadata":{"audio_properties":{"analysis_sample_rate":44100,"bit_rate":128023,"codec":"mp3","downmix":"mix","equal_loudness":0,"length":135.418777466,"lossless":false,"md5_encoded":"ecb7b7f3b25400126151df928494306a","replay_gain":-5.68196487427,"sample_rate":44100},"tags":{"acoustid_fingerprint":["AQADtEmUSIqiKJKC_IiJ48iPQHp-5E-EP7jRPB98PHo5pEkUVURShyv8HX8E8EeTsEQl8fiF_nj14VwBKskuVMoV_Al2_EbjiCdClzV0Is7DoDrRLOFxJT_u43CuhPikY2SOEmFY4Sf6VuD5BM-H7xCfoWxe5EmEWtPRPLlxH30nWAkPT8dbBa6kI8s1JA8XXCYa8aj1JMSjD9eC-kdzFTkJPUsPV5kFWnlC1Mp1WCFxPQfzxqioIx0jTH-CX2gmZxKmPwnRJ0OYUUqhOHyQ59jt4BWq5gF1-NkRXjuSuTlcCT8ufrj2BKnC4hHEo0fNozkdPFkhR0aTiSxCasfQPErRZxh9fLuQNU-Fa8mgC0yeo8-CvAV_PMGNMmqOMFUeoU9F-JFx8bjSwvmhLdJe3OGES3nQVE8CxsrxwFx28MdzVDkiJd_xisTnFD2P8-g3PDe-K7hIeCfOYOSPOEuo44dG6Qjj4z_OByZ9nASvRHhWDqF1IhmzxMR5TBGTDxVtHPt-3DvyQhMlGWcfxJJCpNwX1FQYQ590lEIao2vIBFeGC2G6a6gO6TyaLjd6IafgzsyxX7iPKadRORODUNF3NA_xiPjRXHIhhTtqkRX8D9SHnxOmTNJwJjTunGj_wEpp9DbO4ItyPPCaI8-EPeLxrGCew_mCUCkX1OzROFF06Dfaw9_RH88DlYm84MpThLzRxFlQZSLReArhayyS68GRZy2qhI-CMHGOXxCPPMlx5ejTwpMxya_weFkinNnhKouLRznCVMmQRD_OB1WSCxWFJ_nwBX6uIE4vJIwsRqhbYUrT40HzBLVo_EXeD0c5-BmDPqRw5ygvbNkLJkkoUcYDPVeQa0cPPzZOmXhy_BnMZUWVOBXO7QUjZseDEz9m_Wia8IAr6oib8PgdXLYI_Uhr47zxrNgePA_2nMLzGT9qJXCFPjfyQybCI7WeFPqPPGvRNXjwwPFFPA-e-_gS1DqaPCneRNjBiZmVYU7ENEiepAjTBj1znB0ePMJpPHEOr2WCl-mGZ0dzGr2WFGV2hImeQ18Qfkjrw1-KG89PeKWDHA9u5thOPHpwvTizoPnxSHhyXIlx02giU7iWI4skMYde43qQRw-8NcdFHX2K5jdmK8Q-osySw2fxXGAkUTdOcriIMHGWQ5eQD1t1-JGKiy0uH5N44sw45NKhJUfXLJpwHhV9aDmtId-GqidMaTm45E1QXsiFhsso6PqIMA_-BzvCrbGEJr6wK0R7aDmuoDnR5wr-4AMVE5L54eiTCeKPw9_xhEUewTnRaVkQrvAZ1MuBHo22Fvl0ND-mRy2-HQ_ChL7QZ5BbtIYfpkJ6CSeJN8T_wiM5TMfVgonYo9SP88SM8wi5ZBAZMT5yoXmGHzgjPTh14WQHH6-O8IKjLPoM_znOQp0T4yphPocm9ujSVviRZvnx6cFVeJExkS1OZUd_-C9-geHxXcGzNyjXg0mdCUeYHIo2Z8e10LiSJEbYHg3xPcIztB-uvXgvfLiUoymPB5XCWUWjyFE2xP2hPQhTPcep4F6OL8k1_MX04_GQqeIP7Q