{"lowlevel":{"average_loudness":0.847810447216,"barkbands":{"dmean":[0.000323457992636,0.00711869634688,0.00450409809127,0.00146087887697,0.00214424123988,0.000712851760909,0.000498295703437,0.000326851644786,0.000715288682841,0.00081220373977,0.000341270322679,0.000311059324304,0.000284095352981,0.000385751423892,0.000389007531339,0.000469220336527,0.000337324192515,0.000250709650572,0.000281341723166,0.000173983789864,0.000131706648972,0.000107041159936,0.0000906910499907,0.0000759685135563,0.0000412699264416,0.0000217077176785,0.00000204399225368],"dmean2":[0.000491512240842,0.0117799211293,0.00809276755899,0.00251456373371,0.00353657733649,0.00117980525829,0.000815507897642,0.000531543104444,0.00115532719065,0.00130554754287,0.000549777178094,0.00049708026927,0.00046054951963,0.000623359286692,0.000626115477644,0.000762492592912,0.000561054912396,0.000413831934566,0.000464198179543,0.000297131424304,0.000224597344641,0.000184163029189,0.000152468230226,0.000119984113553,0.0000625934408163,0.0000319417085848,0.00000317471904054],"dvar":[3.60111471309e-7,0.00021405472944,0.0000864073153934,0.00000617063597019,0.0000408679588872,0.00000224498307944,0.00000137555025503,7.249671512e-7,0.00000259457260654,0.00000479426580569,7.96815925241e-7,5.4656715065e-7,3.8866087948e-7,8.13706606095e-7,6.59051693219e-7,9.07686398932e-7,2.7608686537e-7,1.52314285629e-7,1.82336052035e-7,6.969970201e-8,5.40789493186e-8,6.04134910986e-8,4.14975893648e-8,2.83710424043e-8,8.50810177866e-9,3.14101411547e-9,6.12748948803e-11],"dvar2":[8.20429590931e-7,0.000528190576006,0.00025066852686,0.0000171963238245,0.000101329045719,0.00000598277256358,0.00000336287371283,0.000001754012942,0.00000650827814752,0.0000121706916616,0.00000186660372492,0.00000136488552016,9.52420521116e-7,0.00000201604666472,0.00000153443465933,0.00000224963218898,7.1803708579e-7,3.93804839405e-7,4.87064482968e-7,1.93010393446e-7,1.47693683061e-7,1.72146101818e-7,1.08592267622e-7,5.73694869388e-8,1.6652078827e-8,6.44947339978e-9,1.44125752999e-10],"max":[0.00609041238204,0.147297918797,0.0901242792606,0.0346723198891,0.0875472798944,0.0256749335676,0.0276955235749,0.0249405838549,0.0348954573274,0.0405745208263,0.0262066088617,0.0215980298817,0.0160041898489,0.0180719643831,0.0195743348449,0.0281869210303,0.0116472812369,0.00832761544734,0.0126083912328,0.00401156907901,0.00600164243951,0.00456802872941,0.00518027646467,0.00425611808896,0.00265714875422,0.00121163052972,0.000228999007959],"mean":[0.000403821963118,0.0090721314773,0.0051448866725,0.00187855912372,0.00273290253244,0.00107991194818,0.000716363138054,0.0004781690659,0.00110633391887,0.00123625458218,0.000527094933204,0.000551350007299,0.000489598722197,0.000631155911833,0.000683833495714,0.000928841647692,0.00073793908814,0.000581935863011,0.000712905894034,0.000397757597966,0.00030091550434,0.000233790502534,0.000184917676961,0.00017547616153,0.00010087335977,0.000047121244279,0.00000278313268609],"median":[0.0000995027148747,0.00347905000672,0.00270183268003,0.0010801643366,0.00120399810839,0.000521676614881,0.000330350536387,0.000181062001502,0.000441674143076,0.000313523429213,0.000211021193536,0.000261964916717,0.000240787951043,0.000239161570789,0.00032738695154,0.000541564717423,0.000572434393689,0.000463806762127,0.000562131754123,0.000311435898766,0.000218467714149,0.000158855677,0.0000947421940509,0.0000842531080707,0.0000467615645903,0.0000185075623449,7.59259890515e-8],"min":[7.55082591234e-24,1.90579675469e-23,1.45989470574e-23,6.69964893991e-24,1.4200961682e-22,3.57256739293e-23,3.55329141894e-23,1.81659615006e-23,3.96960708187e-23,9.2508165877e-23,6.94225175172e-23,7.95552780726e-23,8.14894009291e-23,1.09744170811e-22,7.23187982426e-23,1.31938841799e-22,1.90923309591e-22,1.79931877095e-22,2.55453507411e-22,2.32892691367e-22,4.79054654248e-22,3.5633339338e-22,6.55291582594e-22,8.56088111191e-22,1.06714831339e-21,1.62673821921e-21,2.41091079155e-21],"var":[5.07944491801e-7,0.000240421461058,0.0000673439717502,0.00000669796736474,0.0000384427403333,0.00000296638768305,0.00000190222567653,0.00000119372521112,0.00000482386758449,0.00000881021333043,0.00000128573674374,0.00000105506740056,7.81139192441e-7,0.00000157446174853,0.00000126324357552,0.00000207487141779,6.66921266657e-7,3.99056006017e-7,5.69817018459e-7,1.68407481738e-7,1.11087871346e-7,8.88455815584e-8,8.82653807821e-8,1.09127334724e-7,3.69617509932e-8,8.45593550736e-9,9.36909022586e-11]},"barkbands_crest":{"dmean":2.70045757294,"dmean2":4.25693416595,"dvar":7.23180627823,"dvar2":16.4953861237,"max":26.8488464355,"mean":9.81810951233,"median":8.75381278992,"min":2.15865159035,"var":21.4246463776},"barkbands_flatness_db":{"dmean":0.0193522181362,"dmean2":0.0304481312633,"dvar":0.000409929663874,"dvar2":0.000997526454739,"max":0.551481604576,"mean":0.148558676243,"median":0.106297798455,"min":0.0181625820696,"var":0.0105706825852},"barkbands_kurtosis":{"dmean":2.61736750603,"dmean2":4.30497455597,"dvar":59.082244873,"dvar2":163.4168396,"max":414.597839355,"mean":3.6760020256,"median":0.46526324749,"min":-1.91247355938,"var":263.723693848},"barkbands_skewness":{"dmean":0.547364234924,"dmean2":0.867348074913,"dvar":0.417029589415,"dvar2":1.0704408884,"max":16.9342536926,"mean":1.25399410725,"median":1.07783102989,"min":-19.5066833496,"var":1.94090926647},"barkbands_spread":{"dmean":5.72721529007,"dmean2":9.05535793304,"dvar":41.6840286255,"dvar2":99.2400970459,"max":97.7378234863,"mean":27.7690563202,"median":29.1067638397,"min":0.16774520278,"var":259.874389648},"dissonance":{"dmean":0.0152840651572,"dmean2":0.0258724857122,"dvar":0.000392217974877,"dvar2":0.00108942575753,"max":0.500000119209,"mean":0.466705530882,"median":0.482969760895,"min":0.163478851318,"var":0.00202090363018},"dynamic_complexity":5.27227163315,"erbbands":{"dmean":[0.210032373667,1.7100456953,4.76687431335,5.33088254929,6.86767816544,6.2762131691,6.50831651688,5.65670347214,7.24644899368,6.08824968338,8.34610748291,17.6219501495,18.3055152893,21.1210823059,12.2088031769,11.6806631088,12.9646883011,12.4548196793,22.2155666351,21.8450107574,23.6336708069,17.1005878448,13.1343154907,14.6971111298,10.9350671768,8.27684497833,6.41639184952,4.6220998764,4.28526210785,3.14712619781,2.53676009178,1.87221992016,1.15960395336,0.588732242584,0.260839045048,0.109719961882,0.0383553206921,0.0086508160457,0.000185210054042,0.0000177566744242],"dmean2":[0.319411575794,2.94339680672,8.63164997101,9.32701969147,11.5538883209,10.4879293442,10.7203578949,9.36974143982,11.8877706528,10.0022783279,13.2994022369,28.5510158539,29.2062606812,33.3528022766,19.5883216858,18.5850639343,20.8051395416,20.0876674652,35.5927581787,34.8869857788,38.38829422,28.2293319702,21.6431121826,24.2634983063,18.1426506042,14.2225961685,11.0388898849,7.85374212265,7.43738412857,5.35176706314,4.2598733902,3.04236364365,1.80647778511,0.913405060768,0.399117916822,0.167027533054,0.0570634156466,0.0129339937121,0.000275342201348,0.0000287670263788],"dvar":[0.176579594612,13.5140857697,106.130783081,95.5288238525,393.931762695,364.95324707,203.920166016,153.353897095,302.846740723,240.22744751,495.017364502,1764.38867188,2493.12060547,4356.29248047,1131.19470215,696.171447754,804.248657227,774.067810059,2489.42944336,2254.80981445,2309.95605469,755.72454834,412.391571045,505.653625488,235.965667725,158.005691528,125.179382324,68.8745803833,107.112991333,46.0305366516,32.9292030334,16.1410255432,7.35355520248,1.61852014065,0.397033810616,0.0720508396626,0.0110164107755,0.000903817184735,4.01486602186e-7,8.95714336036e-10],"dvar2":[0.348072528839,36.3245239258,308.545013428,270.38092041,987.075805664,954.086914062,531.963378906,407.961730957,731.914550781,614.787353516,1220.50610352,4445.1953125,6131.79296875,10577.0634766,2711.28540039,1706.18774414,1986.25549316,1884.83776855,6051.80273438,5214.05517578,5565.50927734,1918.98413086,1066.1048584,1326.26269531,630.608337402,439.530151367,340.890869141,189.902938843,308.289337158,125.750022888,86.3551712036,36.294834137,14.9760580063,3.35898327827,0.780867874622,0.15023753047,0.0235187988728,0.0019496519817,8.63370757997e-7,2.23614038397e-9],"max":[5.21518993378,35.5628547668,96.8444671631,125.69418335,249.665298462,291.917297363,257.715179443,270.552093506,470.592163086,305.042175293,733.115234375,1108.29589844,1270.88378906,1631.11938477,1141.6965332,865.789550781,783.848266602,823.357727051,1330.41821289,1212.33886719,1897.79602051,611.320678711,495.184234619,571.316894531,329.29196167,179.174163818,262.429229736,149.888168335,202.844665527,171.185653687,166.077789307,99.9380493164,73.4326019287,33.1421165466,21.0710868835,7.30309247971,2.13940811157,0.948369503021,0.018139000982,0.000473146646982],"mean":[0.271327525377,2.0029501915,5.54701948166,6.92443227768,7.96880578995,7.87579059601,9.66586589813,8.8204870224,10.6865463257,8.77136802673,13.6017484665,26.616941452,29.6402702332,34.0655097961,21.8385753632,22.4930915833,24.1908321381,23.0210514069,39.6330909729,43.6327362061,51.0875968933,41.0143966675,32.4368972778,36.9559440613,29.5603199005,19.0932178497,13.5521659851,10.6612377167,8.92945384979,6.64652252197,5.10810756683,3.97089982033,2.64202857018,1.38256239891,0.603608846664,0.233605384827,0.0796195864677,0.0156085304916,0.000348954170477,0.0000490237252961],"median":[0.0711835250258,0.875453829765,3.08645200729,4.21060371399,3.51622772217,3.37089180946,4.46946334839,4.32145690918,4.94728374481,4.462641716,5.31718158722,10.3409004211,11.8730382919,10.1229610443,10.122303009,11.5868167877,12.4360561371,12.2629985809,17.1091423035,22.426486969,33.6692962646,32.8866271973,26.7910385132,29.2112770081,24.1843624115,15.0971794128,9.87867736816,7.63972187042,5.95699119568,4.11238574982,2.54004049301,1.87848544121,1.23637795448,0.661156833172,0.267606437206,0.101396240294,0.0293065682054,0.00353450071998,0.0000967237137957,0.0000431379448855],"min":[5.94708125302e-22,4.74747468657e-21,1.74486399297e-20,3.32293897076e-20,4.99135063405e-20,3.9718770247e-19,2.55733924062e-19,4.34165907026e-19,3.15083047338e-19,5.68557372461e-19,5.10215703472e-19,9.41273427647e-19,1.98038743251e-18,2.96279965395e-18,2.78241741174e-18,2.98061154087e-18,3.74671954764e-18,5.52838800492e-18,4.55230785108e-18,3.31469779616e-18,7.70276293956e-18,1.30919604356e-17,1.00288022667e-17,1.16178228408e-17,1.32108122276e-17,1.15828554348e-17,1.6317705917e-17,1.9385086843e-17,1.31239450284e-17,1.43552066789e-17,1.91795092997e-17,1.69306136637e-17,1.45915652671e-17,9.89089223341e-18,7.54672110726e-18,3.7227945892e-18,3.21271428485e-18,1.38866853761e-18,3.39034915005e-19,3.21310974181e-20],"var":[0.256306052208,12.1814060211,79.082069397,91.0502700806,357.145874023,322.587615967,267.684204102,206.674377441,446.226287842,277.692016602,884.166259766,3124.75878906,3975.63012695,8082.53466797,2057.80200195,1501.2598877,1728.78918457,1535.60839844,4831.06445312,4933.42285156,5343.08007812,2019.95605469,1121.99169922,1530.39709473,848.922424316,375.610900879,228.894622803,145.003433228,139.909912109,82.0270385742,71.4228591919,52.1989212036,26.763343811,6.34265708923,1.61059260368,0.219018593431,0.0257887002081,0.00169448344968,7.69908638176e-7,1.99695260328e-9]},"erbbands_crest":{"dmean":2.34420013428,"dmean2":3.85426783562,"dvar":6.24796676636,"dvar2":16.3754749298,"max":35.2941589355,"mean":8.46915531158,"median":7.10873794556,"min":2.27617049217,"var":24.317276001},"erbbands_flatness_db":{"dmean":0.0135741000995,"dmean2":0.021127557382,"dvar":0.000185829980182,"dvar2":0.000449706800282,"max":0.570624172688,"mean":0.167953655124,"median":0.137009039521,"min":0.02876149863,"var":0.0065635945648},"erbbands_kurtosis":{"dmean":1.44167017937,"dmean2":2.35706472397,"dvar":80.5849227905,"dvar2":221.151748657,"max":467.422302246,"mean":2.35515236855,"median":0.103906393051,"min":-1.89715468884,"var":470.600830078},"erbbands_skewness":{"dmean":0.316300034523,"dmean2":0.499119997025,"dvar":0.127990067005,"dvar2":0.332368075848,"max":4.19710063934,"mean":-0.149277642369,"median":-0.238165169954,"min":-16.1847496033,"var":1.59105420113},"erbbands_spread":{"dmean":7.75016021729,"dmean2":12.4283866882,"dvar":80.4303817749,"dvar2":201.887130737,"max":144.594055176,"mean":35.6184692383,"median":33.5137710571,"min":0.189434990287,"var":331.337615967},"gfcc":{"cov":[[29865.0332031,-8714.08496094,-1233.15039062,3656.32104492,-1619.4083252,3498.76147461,257.799377441,1244.65332031,-759.741455078,792.122436523,-337.342773438,400.797241211,-796.124450684],[-8714.08496094,3716.53881836,295.743133545,-1283.78637695,523.135009766,-1180.74291992,161.092788696,-483.369812012,281.692901611,-306.091156006,174.063598633,-216.029373169,307.738830566],[-1233.15039062,295.743133545,708.49230957,-71.6609725952,49.3835601807,-55.7559967041,-3.90130162239,5.58821868896,47.422252655,-5.3504576683,5.96252822876,17.9174690247,14.2896184921],[3656.32104492,-1283.78637695,-71.6609725952,881.11315918,-63.1558876038,489.285247803,11.6042003632,198.33026123,-27.2527923584,122.614021301,-43.1891784668,49.0113220215,-103.679519653],[-1619.4083252,523.135009766,49.3835601807,-63.1558876038,421.389465332,-162.710403442,44.3010559082,-14.4137420654,88.8362884521,-21.0212917328,10.8784332275,-14.8904628754,50.2797355652],[3498.76147461,-1180.74291992,-55.7559967041,489.285247803,-162.710403442,589.395874023,59.2089424133,190.953857422,-93.908241272,108.168083191,-31.5540485382,57.6254959106,-109.923736572],[257.799377441,161.092788696,-3.90130162239,11.6042003632,44.3010559082,59.2089424133,194.552658081,21.4540481567,5.04937267303,2.49342250824,12.7529773712,-5.16725492477,7.33485889435],[1244.65332031,-483.369812012,5.58821868896,198.33026123,-14.4137420654,190.953857422,21.4540481567,181.873046875,5.09668493271,48.7212715149,-19.7361660004,35.2847557068,-37.2686729431],[-759.741455078,281.692901611,47.422252655,-27.2527923584,88.8362884521,-93.908241272,5.04937267303,5.09668493271,131.140899658,14.9858083725,11.3485403061,-28.2395648956,38.758769989],[792.122436523,-306.091156006,-5.3504576683,122.614021301,-21.0212917328,108.168083191,2.49342250824,48.7212715149,14.9858083725,96.7503890991,7.2008728981,22.3592891693,-26.3741016388],[-337.342773438,174.063598633,5.96252822876,-43.1891784668,10.8784332275,-31.5540485382,12.7529773712,-19.7361660004,11.3485403061,7.2008728981,74.3585281372,8.17047405243,10.8280544281],[400.797241211,-216.029373169,17.9174690247,49.0113220215,-14.8904628754,57.6254959106,-5.16725492477,35.2847557068,-28.2395648956,22.3592891693,8.17047405243,74.4432907104,3.2064538002],[-796.124450684,307.738830566,14.2896184921,-103.679519653,50.2797355652,-109.923736572,7.33485889435,-37.2686729431,38.758769989,-26.3741016388,10.8280544281,3.2064538002,81.2993621826]],"icov":[[0.000231325408095,0.0000204561911232,0.000246493378654,-0.000395039300201,0.000442164135166,-0.000524115865119,-0.0002457453229,-0.000269469688646,0.000433523091488,-0.000528927543201,0.000414175156038,-0.00010815661517,0.000128084706375],[0.0000204561911232,0.00384845165536,-0.000921543862205,0.00183559360448,-0.00141881336458,0.00267771142535,-0.00352275301702,0.00253489473835,-0.00271199992858,0.00412153545767,-0.00525713805109,0.00469690002501,-0.0027414476499],[0.000246493378654,-0.000921543862205,0.00200139684603,-0.000700272852555,0.000772976665758,-0.00128355633933,0.00060688261874,-0.00086909008678,0.000198036403162,-0.0011907434091,0.00185100431554,-0.00224839732982,0.00135201134253],[-0.000395039300201,0.00183559360448,-0.000700272852555,0.00400462187827,-0.0018657753244,0.000291003409075,-0.000766247918364,0.00145128928125,-0.00308826798573,0.00248414650559,-0.00267957872711,0.00205491064116,-0.000750717765186],[0.000442164135166,-0.00141881336458,0.000772976665758,-0.0018657753244,0.00458091590554,-0.000888937967829,-0.000137026261655,-0.0018610941479,0.000383477919968,-0.00214654393494,0.00292802206241,-0.00255885580555,0.00114120356739],[-0.000524115865119,0.00267771142535,-0.00128355633933,0.000291003409075,-0.000888937967829,0.00913765653968,-0.00368813285604,-0.000587246729992,0.000329896400217,0.00146641163155,-0.0043483437039,0.0036838024389,-0.000951010792051],[-0.0002457453229,-0.00352275301702,0.00060688261874,-0.000766247918364,-0.000137026261655,-0.00368813285604,0.00956962257624,-0.00251369643956,0.00230745784938,-0.00284955021925,0.00289001106285,-0.00247056712396,0.000614642107394],[-0.000269469688646,0.00253489473835,-0.00086909008678,0.00145128928125,-0.0018610941479,-0.000587246729992,-0.00251369643956,0.0128058344126,-0.00707379309461,0.00421715248376,-0.00169269856997,-0.00192005804274,0.00126530288253],[0.000433523091488,-0.00271199992858,0.000198036403162,-0.00308826798573,0.000383477919968,0.000329896400217,0.00230745784938,-0.00707379309461,0.0196197871119,-0.0113217765465,0.00268667633645,0.00593644566834,-0.00632273545489],[-0.000528927543201,0.00412153545767,-0.0011907434091,0.00248414650559,-0.00214654393494,0.00146641163155,-0.00284955021925,0.00421715248376,-0.0113217765465,0.0235681515187,-0.00877075921744,-0.000813710561488,0.00234070559964],[0.000414175156038,-0.00525713805109,0.00185100431554,-0.00267957872711,0.00292802206241,-0.0043483437039,0.00289001106285,-0.00169269856997,0.00268667633645,-0.00877075921744,0.0236136801541,-0.0103498529643,0.00462300144136],[-0.00010815661517,0.00469690002501,-0.00224839732982,0.00205491064116,-0.00255885580555,0.0036838024389,-0.00247056712396,-0.00192005804274,0.00593644566834,-0.000813710561488,-0.0103498529643,0.0283904094249,-0.0127516193315],[0.000128084706375,-0.0027414476499,0.00135201134253,-0.000750717765186,0.00114120356739,-0.000951010792051,0.000614642107394,0.00126530288253,-0.00632273545489,0.00234070559964,0.00462300144136,-0.0127516193315,0.0249303560704]],"mean":[-31.6270961761,103.388549805,-118.309181213,37.7063446045,-42.7682418823,8.95019245148,-36.0724563599,12.7199745178,-22.6800708771,-1.16957056522,-19.5382919312,0.362419426441,-9.05986404419]},"hfc":{"dmean":5.79999876022,"dmean2":9.3412733078,"dvar":80.0381240845,"dvar2":203.864837646,"max":152.021514893,"mean":25.824426651,"median":25.0680351257,"min":1.15739878932e-16,"var":430.2237854},"melbands":{"dmean":[0.00189299497288,0.00236878963187,0.000908632122446,0.00050979090156,0.00022439516033,0.000127008461277,0.000105315972178,0.0000668983120704,0.0000776820306783,0.000109393215098,0.0000974414506345,0.0000957224983722,0.0000460435912828,0.00002997239244,0.0000417859737354,0.000023799140763,0.0000260783053818,0.0000418123163399,0.0000273526347883,0.0000344882319041,0.0000297603419313,0.0000214562951442,0.0000145025223901,0.0000119589913083,0.0000134856099976,0.0000113921378215,0.0000069136226557,0.00000592788001086,0.00000450546167485,0.00000352074334842,0.00000264881396106,0.00000274030685432,0.00000206883191822,0.00000186853571904,0.00000164820869486,0.00000128906583541,0.00000118385094083,9.24079301967e-7,6.52838423321e-7,5.08043285663e-7],"dmean2":[0.00303403660655,0.00424405094236,0.00157159636728,0.000851066026371,0.00037032776163,0.000209703939618,0.000172760090209,0.000109231026727,0.000123964695376,0.00017778770416,0.000155522007844,0.000151427695528,0.0000742396441638,0.0000481658898934,0.0000661331796437,0.0000390184359276,0.0000421607146563,0.0000670269801049,0.0000438354072685,0.0000555119258934,0.0000487116376462,0.0000356853015546,0.0000239556011365,0.0000198457237275,0.0000223954521061,0.0000189601541933,0.0000116610290206,0.0000102681260614,0.00000778001594881,0.00000598862925472,0.00000452663471151,0.00000476606146549,0.00000357405451723,0.00000318966499435,0.00000280005906461,0.00000212630243368,0.00000192761785911,0.00000146040474647,0.00000102323429019,8.06563434708e-7],"dvar":[0.0000147113232742,0.0000264209593297,0.00000254621477325,0.000002599965228,2.62813586005e-7,7.39570396036e-8,6.39154720261e-8,2.72752984642e-8,4.18873042918e-8,6.40391348838e-8,6.92768580279e-8,8.54251638316e-8,1.45481608982e-8,5.83665782372e-9,9.81016334833e-9,2.79685119509e-9,3.81880305156e-9,9.99759919296e-9,3.21321147467e-9,5.62360780165e-9,3.23916182765e-9,1.2103434921e-9,4.18479917386e-10,4.59562277122e-10,4.39153019505e-10,2.90028195904e-10,1.0947826673e-10,8.48864589731e-11,6.09188116618e-11,3.97298756394e-11,2.33068633837e-11,4.24358014006e-11,1.90123680688e-11,1.59201939826e-11,1.39467820973e-11,8.23030792824e-12,6.74235320353e-12,4.8438835408e-12,2.24118857153e-12,1.18600929858e-12],"dvar2":[0.0000332125746354,0.0000758534588385,0.00000706760647518,0.00000655549729345,6.87215333528e-7,1.96411335196e-7,1.55189198381e-7,6.88122270276e-8,1.05027218922e-7,1.6102870859e-7,1.70318671167e-7,2.08691815828e-7,3.45200881213e-8,1.45957708142e-8,2.3405984706e-8,6.93981450084e-9,9.32898736039e-9,2.44430520269e-8,7.42382066932e-9,1.38258338112e-8,7.8581994245e-9,3.11685166565e-9,1.08082887085e-9,1.16880360945e-9,1.15820630864e-9,7.72157005002e-10,3.00918540086e-10,2.37609154574e-10,1.66055752482e-10,1.08720775438e-10,6.47517386931e-11,1.2225274959e-10,5.38874223022e-11,4.29769171639e-11,3.75994443913e-11,2.04295261264e-11,1.51288356842e-11,1.02263935167e-11,4.91610831904e-12,2.60932334767e-12],"max":[0.0442389212549,0.0482134260237,0.0183102916926,0.0230017323047,0.00982208177447,0.00547479046509,0.00661301938817,0.00381527538411,0.00696304859594,0.00659104529768,0.00648089870811,0.00687174405903,0.00426336564124,0.00270478497259,0.00252332631499,0.00208435021341,0.0018411569763,0.00240069930442,0.00113864371087,0.00165931659285,0.00214641704224,0.000657802156638,0.000374758092221,0.000561904394999,0.00053753220709,0.000471126695629,0.000213701059693,0.00012919116125,0.000130677493871,0.000229067562032,0.0000899516307982,0.000126305763843,0.0000810367127997,0.00010862389172,0.000106690233224,0.0000802624490461,0.0000680432058289,0.0000628186317044,0.0000420669784944,0.000027827152735],"mean":[0.00247446587309,0.0028867830988,0.00122717325576,0.000599161721766,0.000339483667631,0.000201027127332,0.000154501220095,0.0000962842896115,0.000123289093608,0.000163600590895,0.000152947861352,0.000150079111336,0.0000753695130697,0.0000535982981091,0.0000728586164769,0.0000404532256653,0.0000431657463196,0.0000682228783262,0.0000499144771311,0.0000642443919787,0.0000589436785958,0.0000448209284514,0.0000319793325616,0.0000262052417384,0.0000306122165057,0.0000265903072432,0.0000161545594892,0.000011643543985,0.00000840781740408,0.00000742225574868,0.0000055972463997,0.00000520924959346,0.00000415542763221,0.0000035589143863,0.00000302609691971,0.00000256262637777,0.00000233562309404,0.00000192755260287,0.00000144517957779,0.00000108817278033],"median":[0.000841737375595,0.0017431336455,0.000792109174654,0.000245908973739,0.000162067328347,0.000100868390291,0.0000733039632905,0.0000458104659629,0.0000442605523858,0.0000638737401459,0.000055008516938,0.0000401546712965,0.0000312418997055,0.0000266425595328,0.0000296756588796,0.0000220148831431,0.0000198194720724,0.0000246201470873,0.0000245570881816,0.000032542142435,0.0000393965201511,0.0000335225486197,0.0000254321785178,0.0000195624998014,0.000023064605557,0.0000203976360353,0.0000126984887174,0.00000857383110997,0.00000570871679884,0.00000531635942025,0.0000038534444684,0.00000331858041136,0.00000271893782156,0.00000197019971893,0.00000144815021486,0.00000121761570426,0.00000104882724372,8.48415481869e-7,6.76811680478e-7,4.99820657751e-7],"min":[7.88210804949e-24,7.85765415029e-24,4.86633225188e-24,2.71014363057e-23,1.27811993282e-23,8.31328679851e-24,6.47260136076e-24,6.56290502959e-24,4.79478572322e-24,5.32935100475e-24,1.06953769418e-23,1.26108022172e-23,1.01316940154e-23,8.08767021303e-24,7.04040292995e-24,1.01217314911e-23,9.55701042371e-24,7.4837364478e-24,5.16289267628e-24,4.77158335184e-24,8.04374722669e-24,1.31706031591e-23,1.13153490381e-23,7.87200510788e-24,8.33115292029e-24,1.0983397947e-23,7.0967110325e-24,7.705611466e-24,9.34355334022e-24,1.14480638414e-23,1.06171385061e-23,6.86612698991e-24,7.3662450823e-24,8.89504489484e-24,9.41839651861e-24,1.31645131529e-23,9.00809497344e-24,1.06204619771e-23,7.96907128682e-24,8.26783184429e-24],"var":[0.0000188442299986,0.0000203760482691,0.00000257909641732,0.00000227460918722,3.39840397601e-7,1.01134041586e-7,9.13920885637e-8,3.37807293249e-8,7.68301831044e-8,1.12243917272e-7,1.12487263948e-7,1.59497972163e-7,2.57046917085e-8,1.17991243442e-8,2.24307523666e-8,4.78043205021e-9,7.07263625443e-9,1.86185786788e-8,6.55611964717e-9,1.22519407952e-8,6.98892010931e-9,2.73896616498e-9,1.11584930185e-9,1.05049213772e-9,1.17289311596e-9,8.2884016317e-10,2.85261980704e-10,1.58761545577e-10,1.00297069261e-10,7.32630761613e-11,4.36994190833e-11,5.20626736167e-11,2.89956409577e-11,2.79707697975e-11,2.62099265902e-11,2.07381108813e-11,2.03863766146e-11,1.58640964948e-11,7.39139131845e-12,4.03818254877e-12]},"melbands_crest":{"dmean":3.41420388222,"dmean2":5.33708572388,"dvar":10.13235569,"dvar2":24.0110092163,"max":35.2567176819,"mean":14.8862190247,"median":14.1199150085,"min":2.30182600021,"var":28.3404178619},"melbands_flatness_db":{"dmean":0.0248978026211,"dmean2":0.0387775152922,"dvar":0.000721590942703,"dvar2":0.00171052967198,"max":0.682500302792,"mean":0.214816495776,"median":0.171503052115,"min":0.00590747455135,"var":0.0146248312667},"melbands_kurtosis":{"dmean":7.08361959457,"dmean2":11.6883497238,"dvar":179.621124268,"dvar2":457.736602783,"max":423.581970215,"mean":10.9189052582,"median":5.69680023193,"min":-1.94915473461,"var":293.818389893},"melbands_skewness":{"dmean":0.821001708508,"dmean2":1.31126558781,"dvar":0.981930077076,"dvar2":2.52277421951,"max":16.9378471375,"mean":2.49510645866,"median":2.18251466751,"min":-10.5131473541,"var":2.57977771759},"melbands_spread":{"dmean":8.19960784912,"dmean2":12.9502954483,"dvar":91.9422912598,"dvar2":220.872467041,"max":157.123199463,"mean":28.0693454742,"median":26.0235328674,"min":0.350745052099,"var":362.545776367},"mfcc":{"cov":[[23421.9082031,-4379.97509766,-2443.73583984,1173.59570312,-69.6723327637,1039.71350098,1176.52661133,710.886962891,252.66545105,719.127441406,415.42489624,-31.5530471802,-97.8481750488],[-4379.97509766,1837.0814209,352.587890625,-285.072753906,-72.5082397461,-226.961013794,-212.981262207,-145.729187012,-48.5841751099,-138.93637085,-40.9803504944,-18.966178894,-29.3280620575],[-2443.73583984,352.587890625,816.630249023,-84.725982666,2.03471469879,-99.3680648804,-115.533668518,-61.1986656189,-34.3811798096,-44.0772438049,-54.0163574219,27.4988250732,13.0431623459],[1173.59570312,-285.072753906,-84.725982666,396.439300537,90.5357284546,127.153427124,78.3045349121,61.2004127502,64.4232330322,62.4133529663,52.2571182251,21.3056049347,25.0082302094],[-69.6723327637,-72.5082397461,2.03471469879,90.5357284546,197.854370117,52.0857582092,4.81036710739,29.0397434235,33.5146827698,31.8922767639,17.7913417816,24.5327644348,20.6315689087],[1039.71350098,-226.961013794,-99.3680648804,127.153427124,52.0857582092,179.391464233,116.297294617,51.8357582092,37.1823120117,48.2680549622,40.2692642212,14.7229576111,4.19450426102],[1176.52661133,-212.981262207,-115.533668518,78.3045349121,4.81036710739,116.297294617,190.296813965,95.2034225464,29.0606269836,36.9566612244,40.9668312073,15.6524209976,-2.15531778336],[710.886962891,-145.729187012,-61.1986656189,61.2004127502,29.0397434235,51.8357582092,95.2034225464,118.745353699,51.6500320435,33.2521934509,20.8588199615,11.3510951996,5.84416055679],[252.66545105,-48.5841751099,-34.3811798096,64.4232330322,33.5146827698,37.1823120117,29.0606269836,51.6500320435,98.7751922607,54.6869926453,17.6946487427,0.896363198757,11.7912130356],[719.127441406,-138.93637085,-44.0772438049,62.4133529663,31.8922767639,48.2680549622,36.9566612244,33.2521934509,54.6869926453,108.529632568,46.2142868042,8.67029571533,1.81546401978],[415.42489624,-40.9803504944,-54.0163574219,52.2571182251,17.7913417816,40.2692642212,40.9668312073,20.8588199615,17.6946487427,46.2142868042,73.3237991333,27.8143539429,1.516731143],[-31.5530471802,-18.966178894,27.4988250732,21.3056049347,24.5327644348,14.7229576111,15.6524209976,11.3510951996,0.896363198757,8.67029571533,27.8143539429,59.7588729858,29.7526607513],[-97.8481750488,-29.3280620575,13.0431623459,25.0082302094,20.6315689087,4.19450426102,-2.15531778336,5.84416055679,11.7912130356,1.81546401978,1.516731143,29.7526607513,60.5136604309]],"icov":[[0.000177319467184,0.000229238285101,0.000303292123135,-0.000194178617676,0.000345912732882,-0.000210949481698,-0.000212663289858,-0.000380783050787,0.000493941188324,-0.0007486656541,0.0000527097981831,0.000105327839265,0.000211688762647],[0.000229238285101,0.00111926952377,0.000141289376188,0.0000985069418675,0.000372267910279,0.000217950888327,-0.00012195630552,0.000123193472973,-0.000337241071975,0.000297207909171,-0.00106134964153,0.000333909440087,0.000602917163633],[0.000303292123135,0.000141289376188,0.00207806518301,-0.000426167069236,0.000538520689588,-0.000161029936862,0.0000643459206913,-0.00062325556064,0.00111143977847,-0.00187355233356,0.00182248977944,-0.0016656575026,0.000790055200923],[-0.000194178617676,0.0000985069418675,-0.000426167069236,0.00409345515072,-0.00122321082745,-0.00157544692047,0.000638271099888,0.000165219651535,-0.00179831706919,0.00141944875941,-0.00206276075915,0.000824923161417,-0.00137911096681],[0.000345912732882,0.000372267910279,0.000538520689588,-0.00122321082745,0.00736822281033,-0.00276328949258,0.00235421885736,-0.00281870388426,0.000765795120969,-0.00232086726464,0.000764388241805,-0.00198842841201,0.00004356529098],[-0.000210949481698,0.000217950888327,-0.000161029936862,-0.00157544692047,-0.00276328949258,0.013155952096,-0.00756533397362,0.00442191865295,-0.00257898541167,0.000344027532265,-0.000784595787991,-0.000218507339014,0.000403325888328],[-0.000212663289858,-0.00012195630552,0.0000643459206913,0.000638271099888,0.00235421885736,-0.00756533397362,0.0158401206136,-0.0100162150338,0.00244067120366,0.00124226580374,-0.00267529650591,-0.00104862300213,0.00064241635846],[-0.000380783050787,0.000123193472973,-0.00062325556064,0.000165219651535,-0.00281870388426,0.00442191865295,-0.0100162150338,0.0206470433623,-0.00970202125609,0.0029274802655,0.000956159201451,-0.00223256810568,0.000690153276082],[0.000493941188324,-0.000337241071975,0.00111143977847,-0.00179831706919,0.000765795120969,-0.00257898541167,0.00244067120366,-0.00970202125609,0.0215446390212,-0.0111838979647,0.0021517786663,0.00399908330292,-0.00380220310763],[-0.0007486656541,0.000297207909171,-0.00187355233356,0.00141944875941,-0.00232086726464,0.000344027532265,0.00124226580374,0.0029274802655,-0.0111838979647,0.0225506145507,-0.0115411961451,0.00235146703199,-0.0000845525282784],[0.0000527097981831,-0.00106134964153,0.00182248977944,-0.00206276075915,0.000764388241805,-0.000784595787991,-0.00267529650591,0.000956159201451,0.0021517786663,-0.0115411961451,0.0294176992029,-0.0152001678944,0.00629971548915],[0.000105327839265,0.000333909440087,-0.0016656575026,0.000824923161417,-0.00198842841201,-0.000218507339014,-0.00104862300213,-0.00223256810568,0.00399908330292,0.00235146703199,-0.0152001678944,0.0334154032171,-0.0156765058637],[0.000211688762647,0.000602917163633,0.000790055200923,-0.00137911096681,0.00004356529098,0.000403325888328,0.00064241635846,0.000690153276082,-0.00380220310763,-0.0000845525282784,0.00629971548915,-0.0156765058637,0.0257659107447]],"mean":[-660.171325684,115.787055969,0.451149016619,28.0854282379,12.376991272,3.8638253212,0.600606918335,8.37811756134,4.15322875977,0.96756875515,-3.1962749958,-2.66838240623,-0.690940737724]},"pitch_salience":{"dmean":0.0718663334846,"dmean2":0.114891335368,"dvar":0.00459641497582,"dvar2":0.011338531971,"max":0.854283452034,"mean":0.552300870419,"median":0.565729379654,"min":0.0525956451893,"var":0.0148868849501},"silence_rate_20dB":{"dmean":0,"dmean2":0,"dvar":0,"dvar2":0,"max":1,"mean":1,"median":1,"min":1,"var":0},"silence_rate_30dB":{"dmean":0.0195203293115,"dmean2":0.0390425734222,"dvar":0.0191344823688,"dvar2":0.0536928735673,"max":1,"mean":0.988572835922,"median":1,"min":0,"var":0.0113002574071},"silence_rate_60dB":{"dmean":0.00510078947991,"dmean2":0.0102020800114,"dvar":0.00507182674482,"dvar2":0.0122587727383,"max":1,"mean":0.216331541538,"median":0,"min":0,"var":0.169535011053},"spectral_centroid":{"dmean":217.281860352,"dmean2":345.147583008,"dvar":58316.4335938,"dvar2":133731.859375,"max":11121.4423828,"mean":1613.53271484,"median":1776.82788086,"min":105.39781189,"var":544976.3125},"spectral_complexity":{"dmean":3.60154986382,"dmean2":5.7261133194,"dvar":14.4903669357,"dvar2":33.5462608337,"max":66,"mean":27.2899456024,"median":32,"min":0,"var":255.700805664},"spectral_contrast_coeffs":{"dmean":[0.05021777004,0.0441147722304,0.0365084968507,0.0282239690423,0.0198935493827,0.0186741631478],"dmean2":[0.0817709863186,0.0732496678829,0.0600453726947,0.0464623942971,0.0333695933223,0.0305324830115],"dvar":[0.0018686694093,0.00129710161127,0.000924788590055,0.000516144442372,0.000255143386312,0.000261987763224],"dvar2":[0.00479771522805,0.00352452835068,0.00244798627682,0.0013633032795,0.000696326722391,0.000665996107273],"max":[-0.314906746149,-0.454594820738,-0.53121471405,-0.507540225983,-0.580743908882,-0.55858451128],"mean":[-0.655861258507,-0.762837827206,-0.781584322453,-0.789505898952,-0.792161166668,-0.759563922882],"median":[-0.661121606827,-0.768806695938,-0.789531350136,-0.796318471432,-0.794788718224,-0.754769742489],"min":[-0.972367465496,-0.966172218323,-0.965042710304,-0.964504480362,-0.961784958839,-0.959825992584],"var":[0.00486223446205,0.003717020154,0.00346570461988,0.00240280339494,0.00128829746973,0.00229667685926]},"spectral_contrast_valleys":{"dmean":[0.383068859577,0.323822259903,0.270297765732,0.224844545126,0.188872218132,0.248896613717],"dmean2":[0.634897947311,0.536696851254,0.445363074541,0.362159013748,0.301208168268,0.391335606575],"dvar":[0.113983772695,0.083091288805,0.0566757433116,0.0436739176512,0.0415117889643,0.0898641571403],"dvar2":[0.286142885685,0.200810447335,0.125995129347,0.0900796949863,0.0784519985318,0.194200664759],"max":[-4.79216003418,-4.55864572525,-5.28126478195,-5.70385837555,-5.56847953796,-7.56652116776],"mean":[-7.29629182816,-6.97643613815,-7.50066995621,-7.7788643837,-7.63968849182,-10.6661777496],"median":[-6.7373790741,-6.66038227081,-6.90720558167,-7.02404308319,-6.62276554108,-9.50244140625],"min":[-27.1771621704,-27.5666790009,-27.5701446533,-27.4285182953,-27.1691589355,-27.3469314575],"var":[2.13453054428,1.29767286777,2.3235514164,3.05397486687,4.50107288361,6.17068910599]},"spectral_decrease":{"dmean":3.45967188231e-9,"dmean2":5.79830894409e-9,"dvar":3.68193542381e-17,"dvar2":9.81013641001e-17,"max":-3.53532036257e-29,"mean":-7.62945973065e-9,"median":-6.6695635681e-9,"min":-5.65484192805e-8,"var":5.25391243776e-17},"spectral_energy":{"dmean":0.0133822839707,"dmean2":0.0224228966981,"dvar":0.000543974107131,"dvar2":0.00144878739957,"max":0.217745378613,"mean":0.0311376340687,"median":0.0280591696501,"min":1.06313905216e-20,"var":0.000814267725218},"spectral_energyband_high":{"dmean":0.000428723811638,"dmean2":0.000704726378899,"dvar":6.89378282459e-7,"dvar2":0.00000178958214292,"max":0.013075415045,"mean":0.00122726755217,"median":0.000886860769242,"min":7.51332997143e-21,"var":0.00000199370583687},"spectral_energyband_low":{"dmean":0.010900631547,"dmean2":0.0185890309513,"dvar":0.000471771170851,"dvar2":0.001276349416,"max":0.207274138927,"mean":0.0157952252775,"median":0.00960540026426,"min":7.02697541294e-23,"var":0.000499550136738},"spectral_energyband_middle_high":{"dmean":0.0018940588925,"dmean2":0.00297433254309,"dvar":0.00000796579388407,"dvar2":0.0000198069665203,"max":0.0492851287127,"mean":0.00722014252096,"median":0.0061182375066,"min":1.59214264217e-21,"var":0.0000435686815763},"spectral_energyband_middle_low":{"dmean":0.0040731667541,"dmean2":0.00659277150407,"dvar":0.0000710107997293,"dvar2":0.000171859341208,"max":0.114785954356,"mean":0.00818825047463,"median":0.00619920063764,"min":3.8340114217e-22,"var":0.0000958861492109},"spectral_entropy":{"dmean":0.100976713002,"dmean2":0.156198218465,"dvar":0.0116608096287,"dvar2":0.0271711740643,"max":9.79696846008,"mean":7.51933097839,"median":7.88271522522,"min":3.86734294891,"var":0.705852627754},"spectral_flux":{"dmean":0.0271998923272,"dmean2":0.0447984486818,"dvar":0.00160017283633,"dvar2":0.00357598485425,"max":0.42919999361,"mean":0.0915726870298,"median":0.0884317904711,"min":1.05346127655e-10,"var":0.0045608477667},"spectral_kurtosis":{"dmean":4.08668375015,"dmean2":7.09445142746,"dvar":78.3640670776,"dvar2":230.70892334,"max":201.671768188,"mean":11.7542619705,"median":3.69423651695,"min":-1.21018886566,"var":425.026000977},"spectral_rms":{"dmean":0.00092997320462,"dmean2":0.001516248798,"dvar":0.00000189512877569,"dvar2":0.0000049446207413,"max":0.0145751340315,"mean":0.00481011392549,"median":0.00523209292442,"min":3.22057268007e-12,"var":0.00000724101710148},"spectral_rolloff":{"dmean":516.019042969,"dmean2":851.088806152,"dvar":536401.5,"dvar2":1226889.875,"max":18561.6210938,"mean":1675.52404785,"median":1636.5234375,"min":21.533203125,"var":1715816},"spectral_skewness":{"dmean":0.314177572727,"dmean2":0.539601862431,"dvar":0.247749626637,"dvar2":0.734702765942,"max":11.678686142,"mean":1.93428242207,"median":1.34640812874,"min":-0.0117355035618,"var":2.30727672577},"spectral_spread":{"dmean":379673.9375,"dmean2":587902.1875,"dvar":296951349248,"dvar2":566635724800,"max":41065940,"mean":3859674.25,"median":4049759.5,"min":405177.8125,"var":2668693815300},"spectral_strongpeak":{"dmean":0.4559866786,"dmean2":0.804312944412,"dvar":0.953893661499,"dvar2":2.49008011818,"max":14.0566902161,"mean":0.605896234512,"median":0.287200152874,"min":0,"var":1.09749507904},"zerocrossingrate":{"dmean":0.0088450293988,"dmean2":0.0104429153726,"dvar":0.0000985536971712,"dvar2":0.000126205457491,"max":0.51416015625,"mean":0.0634149238467,"median":0.06298828125,"min":0.00341796875,"var":0.00123003066983}},"metadata":{"audio_properties":{"analysis_sample_rate":44100,"bit_rate":320000,"codec":"mp3","downmix":"mix","equal_loudness":0,"length":473.417144775,"lossless":false,"md5_encoded":"4ee0db5b2c945a16d8490ba5711e82af","replay_gain":-13.0172786713,"sample_rate":44100},"tags":{"acoustid_id":["2d6d5ad9-9be9-4187-ba0a-ce7095ba1379"],"album":["For All Kings"],"albumartist":["Anthrax"],"albumartistsort":["Anthrax"],"artist":["Anthrax"],"artistsort":["Anthrax"],"date":["2016-02-26"],"file_name":"07 - Blood Eagle Wings.mp3","label":["Megaforce Records"],"media":["Digital Media"],"musicbrainz album release country":["US"],"musicbrainz album status":["official"],"musicbrainz album type":["album"],"musicbrainz_albumartistid":["b616d6f0-ec1f-4c69-8a79-12a97ece7372"],"musicbrainz_albumid":["3a5d73ec-17fb-430d-93ac-2f2fb613ff54"],"musicbrainz_artistid":["b616d6f0-ec1f-4c69-8a79-12a97ece7372"],"musicbrainz_recordingid":["fcefa6a9-c24c-491c-8549-b5c269d4f634"],"musicbrainz_releasegroupid":["7962a2c6-fb24-45da-925c-b00835408474"],"originaldate":["2016"],"script":["Latn"],"title":["Blood Eagle Wings"],"tracknumber":["7/11"]},"version":{"essentia":"2.1-beta2","essentia_build_sha":"70f2e5ece6736b2c40cc944ad0e695b16b925413","essentia_git_sha":"v2.1_beta2","extractor":"music 1.0"}},"rhythm":{"beats_count":982,"beats_loudness":{"dmean":0.019399471581,"dmean2":0.034132283181,"dvar":0.000400372751756,"dvar2":0.00108466425445,"max":0.144495546818,"mean":0.0397352650762,"median":0.0383343547583,"min":5.99921975208e-7,"var":0.000880117062479},"beats_loudness_band_ratio":{"dmean":[0.19525782764,0.195070996881,0.082605548203,0.067584387958,0.0651663839817,0.0373577363789],"dmean2":[0.326417326927,0.351259559393,0.147177740932,0.117418289185,0.113508015871,0.0641517043114],"dvar":[0.0261731538922,0.0229927487671,0.010528370738,0.00673587992787,0.00593445310369,0.00217120046727],"dvar2":[0.0713625401258,0.0665024518967,0.0289222896099,0.0198521725833,0.016853550449,0.00617514923215],"