{"lowlevel":{"average_loudness":0.773823440075,"barkbands":{"dmean":[0.00250681117177,0.00660514226183,0.00167957611848,0.0015993991401,0.00163305888418,0.00140703935176,0.00160864868667,0.000334114331054,0.000652226794045,0.000440958683612,0.000431508960901,0.000442827033112,0.000185057579074,0.000172791871591,0.0000678974756738,0.0000401354373025,0.0000313409618684,0.0000453749307781,0.0000481932838738,0.0000242707628786,0.0000159500104928,0.0000116564888231,0.00000610752658758,0.00000590653462496,0.00000222835660679,0.00000589748015045,0.0000537708947377],"dmean2":[0.00416657887399,0.011432133615,0.00283475755714,0.00273417448625,0.00256391009316,0.00213399808854,0.00239234371111,0.000541330722626,0.00102030253038,0.000696004368365,0.000661294616293,0.000703484634869,0.000296891113976,0.000279165717075,0.000110744862468,0.0000663459213683,0.0000509917663294,0.0000687905121595,0.0000740366813261,0.0000357867938874,0.000023338228857,0.0000164075736393,0.00000833855847304,0.00000752317555452,0.00000376167395189,0.00000713855251888,0.0000718910087016],"dvar":[0.0000338803693012,0.000144287521834,0.0000100873276097,0.00000950186677073,0.0000110414939627,0.0000117864565254,0.000015960627934,5.86900569033e-7,0.0000017828970158,9.87958287624e-7,7.55438861688e-7,5.55505607736e-7,8.09814082459e-8,3.88189071998e-8,1.33273996283e-8,4.33262936639e-9,5.1382302857e-9,4.73897827646e-8,7.23199207187e-8,1.64446340989e-8,3.7916789708e-9,2.45202813609e-9,6.84695564135e-11,4.60442066419e-11,1.28885244491e-11,4.00747629525e-11,5.79223469188e-9],"dvar2":[0.0000819023916847,0.000395388778998,0.0000256306229858,0.0000265111102635,0.0000242345886363,0.0000250829198194,0.0000325229557347,0.0000013560854768,0.0000041370285544,0.00000238988718593,0.00000176534001639,0.0000013811414874,2.08892473097e-7,9.6264798799e-8,3.27022320334e-8,1.10879199156e-8,1.11412843395e-8,9.43918152529e-8,1.60377140901e-7,3.40631274298e-8,7.82869680194e-9,4.76391726068e-9,1.33895561305e-10,7.99136520846e-11,3.32781024959e-11,6.50747580822e-11,1.09561444361e-8],"max":[0.0676914080977,0.133030459285,0.0395866371691,0.0886553376913,0.0648061335087,0.0899394378066,0.103014029562,0.0246262215078,0.0431185588241,0.022893993184,0.0340346284211,0.0206142533571,0.00841053854674,0.00281122839078,0.00342463771813,0.00180535204709,0.00310298521072,0.0102335512638,0.0101822698489,0.00682925898582,0.0028787991032,0.00269582681358,0.000208731100429,0.000102998543298,0.0000430040199717,0.0000855691978359,0.00177182001062],"mean":[0.00256877508946,0.00940173957497,0.00206187926233,0.00266437768005,0.00279629253782,0.00293706636876,0.0038546861615,0.000524587987456,0.00121790752746,0.000764604134019,0.00092392944498,0.000988124869764,0.000403925339924,0.000343667459674,0.000138783652801,0.0000803114671726,0.0000604001725151,0.0000826317627798,0.0000889816510607,0.0000475414854009,0.0000336371085723,0.0000231859921769,0.0000118837051559,0.0000107657051558,0.00000218693185161,0.0000121244274851,0.000188119127415],"median":[0.000698170508258,0.00508904922754,0.00101439072751,0.000865594018251,0.00118012772873,0.00111786625348,0.00136798853055,0.000277291401289,0.00062684470322,0.000406516133808,0.000505994074047,0.000599464401603,0.000285432150122,0.000272006669547,0.0000885789777385,0.0000531678815605,0.0000395142669731,0.0000277519793599,0.0000218276727537,0.0000170322255144,0.0000150959031089,0.0000100079869298,0.00000750441950004,0.00000688392674419,8.61391072249e-7,0.00000841444125399,0.000126905433717],"min":[4.83989979092e-25,3.71357769969e-24,9.53302412181e-25,8.34130082698e-25,4.51866705145e-24,9.66740440764e-24,6.35260141758e-24,9.16899735456e-24,1.67143406836e-23,1.45818981955e-23,1.79333800622e-23,2.69762693236e-23,3.26513756965e-23,2.66406090084e-23,4.31467409002e-23,6.0521888276e-23,5.97930817738e-23,6.66665025716e-23,9.75862465396e-23,1.49487955093e-22,1.93462633912e-22,3.40283368242e-22,4.23475528591e-22,6.06114978261e-22,8.88748214845e-22,1.23972593688e-21,1.99681016168e-21],"var":[0.0000346040469594,0.000150460939039,0.0000110767650767,0.0000263842939603,0.0000256658040598,0.0000389517917938,0.0000939743840718,0.00000113626663278,0.00000456078032585,0.00000183369968454,0.00000201296802516,0.00000185956037058,2.21327155714e-7,8.85912427862e-8,3.34895879917e-8,9.82727321741e-9,1.16990186427e-8,1.11824725479e-7,1.8164098492e-7,5.26278398638e-8,1.11980442696e-8,7.47493533737e-9,2.17579843032e-10,1.34131691865e-10,1.30756603461e-11,1.4618596611e-10,4.0608071572e-8]},"barkbands_crest":{"dmean":2.80578351021,"dmean2":4.64335584641,"dvar":6.47748661041,"dvar2":17.6067752838,"max":25.9692554474,"mean":10.8280324936,"median":10.0419368744,"min":2.64364027977,"var":20.5494422913},"barkbands_flatness_db":{"dmean":0.025810495019,"dmean2":0.0400277376175,"dvar":0.000565919268411,"dvar2":0.00146172847599,"max":0.449154049158,"mean":0.152672156692,"median":0.148429661989,"min":0.0285335443914,"var":0.00228383718058},"barkbands_kurtosis":{"dmean":5.49061584473,"dmean2":8.99122905731,"dvar":310.276916504,"dvar2":892.302124023,"max":586.229797363,"mean":9.71739959717,"median":5.72205400467,"min":-1.8847233057,"var":431.953216553},"barkbands_skewness":{"dmean":0.634078919888,"dmean2":1.01626706123,"dvar":0.641592085361,"dvar2":1.67896485329,"max":21.9258728027,"mean":2.06839632988,"median":1.87266254425,"min":-2.32338953018,"var":2.23250198364},"barkbands_spread":{"dmean":4.19436740875,"dmean2":6.52898597717,"dvar":27.0767555237,"dvar2":60.2540779114,"max":135.03062439,"mean":16.7911472321,"median":14.9389839172,"min":0.66856777668,"var":126.180374146},"dissonance":{"dmean":0.0260689072311,"dmean2":0.0439951866865,"dvar":0.000599596649408,"dvar2":0.00166039343458,"max":0.500000119209,"mean":0.450165063143,"median":0.457562208176,"min":0.227483317256,"var":0.0012292136671},"dynamic_complexity":3.4994301796,"erbbands":{"dmean":[0.29637169838,1.21326398849,2.05492424965,3.6215865612,4.27989530563,6.57546281815,9.97110080719,11.2611684799,25.0459327698,13.2015657425,10.1592025757,12.6036720276,14.550948143,11.539484024,18.2109088898,13.6020717621,8.50389575958,6.65639543533,5.84054756165,3.07388186455,1.8857254982,1.79538941383,2.34601736069,2.63205099106,1.96945011616,1.13855719566,0.723221123219,0.604779005051,0.449169546366,0.237530276179,0.167364001274,0.134613409638,0.0882841795683,0.0275008734316,0.015778824687,0.0147820506245,0.0125962821767,0.00722464499995,0.00381043530069,0.00166551780421],"dmean2":[0.511938691139,2.11401796341,3.47169780731,6.15040016174,7.05774021149,10.6794881821,15.7932949066,16.9378356934,36.5093078613,21.2078418732,15.9746894836,19.8305110931,23.003200531,17.9986782074,28.3701133728,21.3549098969,13.4917078018,10.7262220383,9.61162853241,5.0315618515,3.0941324234,2.89062070847,3.56359601021,4.07770299911,2.91090846062,1.67481935024,1.04266798496,0.889663696289,0.639759123325,0.329949080944,0.228251650929,0.176192745566,0.115758694708,0.0446981526911,0.0265747625381,0.0207928270102,0.0150069678202,0.00843875762075,0.00435523223132,0.00230565504171],"dvar":[0.382411658764,4.07392597198,15.335565567,38.7860145569,77.7044906616,207.738693237,901.697937012,763.538696289,4149.84570312,904.205505371,416.420684814,975.188049316,1219.20068359,1116.8560791,875.637573242,400.22454834,163.991439819,60.9842453003,50.2400894165,29.0400981903,10.3757972717,16.7047729492,138.435791016,188.453216553,143.27255249,39.6697273254,7.78623151779,7.92321872711,3.63334178925,0.279129564762,0.0449868887663,0.0248156506568,0.010508062318,0.00167181389406,0.000638595607597,0.000290559546556,0.000188462654478,0.000133327179356,0.0000491689024784,0.00000382257576348],"dvar2":[1.03142237663,11.524813652,39.4008026123,103.391563416,180.709579468,492.719055176,1923.37890625,1695.72644043,8461.01269531,1939.98474121,977.217468262,2304.53466797,2818.98388672,2527.84594727,2136.02026367,982.522827148,419.267608643,149.619094849,128.394714355,72.5886993408,27.1226902008,35.9718399048,286.837188721,447.934753418,297.400634766,83.6860961914,16.1760883331,16.8824214935,6.89568567276,0.477667689323,0.08670925349,0.045283600688,0.0192739460617,0.00427669845521,0.00165011011995,0.000636903801933,0.000296249840176,0.000213175226236,0.0000806324533187,0.00000715643636795],"max":[6.64426374435,21.7281932831,51.1637458801,193.589035034,309.958648682,359.115325928,894.615234375,831.738891602,1822.91113281,1021.31195068,607.579711914,1245.35009766,853.073730469,1696.29870605,661.94909668,622.855407715,414.302368164,143.446731567,121.994911194,172.767562866,88.9462432861,170.848403931,606.879821777,637.837036133,660.693786621,342.4815979,190.258087158,152.474334717,81.3824768066,27.7913227081,5.31132793427,2.30921721458,1.44320678711,0.582984387875,0.299476861954,0.205284789205,0.192832782865,0.538653075695,0.359889000654,0.0529984384775],"mean":[0.357690989971,1.76346540451,2.74516701698,5.99624300003,7.87459278107,9.90250110626,18.6550731659,25.2646198273,61.5482597351,24.0745773315,17.4347496033,23.6866397858,28.1022052765,23.0142040253,43.7367362976,33.9594841003,21.3686523438,15.6478900909,12.5047025681,6.54112863541,4.08198738098,3.61801362038,4.36013889313,4.80530977249,3.80235958099,2.22367811203,1.50663042068,1.25696325302,0.899603486061,0.482680171728,0.322943836451,0.245718926191,0.155018910766,0.0347313545644,0.0162898860872,0.0254131816328,0.0259756017476,0.0171126332134,0.0109197339043,0.00848015025258],"median":[0.159451663494,0.938672482967,1.4891961813,2.45040559769,3.56273174286,4.1358165741,6.03237819672,9.73983573914,16.8182029724,11.4892063141,9.65251541138,11.8112945557,14.9094276428,13.6272373199,24.3880252838,23.6013793945,16.2742652893,13.0489139557,9.41020298004,4.60779285431,2.84035682678,2.36829376221,1.55359625816,1.27265024185,0.998148620129,0.801794171333,0.705348849297,0.512040019035,0.368162721395,0.272822767496,0.203835904598,0.15658980608,0.0983494594693,0.0208672583103,0.00706430338323,0.0177366100252,0.0176141057163,0.0109040718526,0.00698501942679,0.00734519492835],"min":[7.36032783665e-23,5.64661637735e-22,1.99833446814e-21,1.99449583311e-21,1.5994134911e-20,1.30094733904e-20,3.07916496683e-20,8.08707149159e-20,1.09804594477e-19,1.51469190792e-19,2.74583043777e-19,4.59228652406e-19,5.55335665851e-19,5.99926542831e-19,1.03160134374e-18,1.22430237322e-18,1.72966433595e-18,2.04440438768e-18,2.28813460273e-18,2.70129291394e-18,4.09144624074e-18,4.76214909682e-18,5.02402703413e-18,6.26005986241e-18,6.25557530272e-18,8.83459830762e-18,8.44289271881e-18,1.03710135035e-17,1.07200274738e-17,1.10735975548e-17,1.16091606055e-17,1.16696233723e-17,1.01275279272e-17,8.74004494616e-18,6.37095086815e-18,3.40150254323e-18,2.28294983466e-18,9.73343633586e-19,2.32253058206e-19,2.65602686371e-20],"var":[0.344430953264,4.67635774612,16.4932899475,99.9881515503,314.614257812,335.174621582,2679.90356445,2695.52832031,28085.7460938,2220.88427734,925.648071289,2197.47387695,2872.3359375,2137.64941406,3464.65209961,1371.50744629,463.186981201,177.767166138,135.587097168,61.8350105286,24.3889636993,40.307800293,288.308837891,464.143981934,353.965820312,116.303314209,21.7309188843,22.655834198,12.0698223114,1.05974376202,0.142744734883,0.0704636052251,0.0280812662095,0.00194390001707,0.000654160510749,0.000649370136671,0.000693495210726,0.000630080117844,0.000262526184088,0.0000362949358532]},"erbbands_crest":{"dmean":2.25253105164,"dmean2":3.5949845314,"dvar":4.46601104736,"dvar2":10.6349124908,"max":31.4243030548,"mean":9.62893295288,"median":8.22971820831,"min":1.60880732536,"var":24.9380741119},"erbbands_flatness_db":{"dmean":0.021150412038,"dmean2":0.0297551900148,"dvar":0.000355394877261,"dvar2":0.00073858036194,"max":0.328379690647,"mean":0.151824727654,"median":0.149044662714,"min":0.0120339086279,"var":0.00204676971771},"erbbands_kurtosis":{"dmean":1.10849475861,"dmean2":1.72485733032,"dvar":2.93105626106,"dvar2":6.52058744431,"max":45.9007949829,"mean":1.6949775219,"median":0.73636507988,"min":-1.54996347427,"var":11.3456258774},"erbbands_skewness":{"dmean":0.342523306608,"dmean2":0.521378755569,"dvar":0.0946429222822,"dvar2":0.20680873096,"max":5.94855308533,"mean":0.371529698372,"median":0.272572040558,"min":-2.66788721085,"var":0.786232590675},"erbbands_spread":{"dmean":4.69036579132,"dmean2":7.10299634933,"dvar":22.2481975555,"dvar2":46.8712692261,"max":123.63293457,"mean":24.0694122314,"median":21.5663795471,"min":2.86212062836,"var":164.581710815},"gfcc":{"cov":[[31000.0019531,2691.00366211,-2185.43041992,-640.114624023,-322.186126709,-197.047210693,150.131637573,-502.239044189,-124.240013123,-176.874923706,146.000427246,10.6446504593,-199.072662354],[2691.00366211,957.891418457,-170.938201904,-308.442321777,11.0330944061,-43.8228607178,7.86191606522,-107.397064209,26.4402275085,-22.9209785461,27.2429237366,-45.3942298889,46.278175354],[-2185.43041992,-170.938201904,364.272705078,145.876373291,-17.1348266602,44.5124130249,-43.7355918884,75.0633621216,0.638860523701,25.0304145813,-13.6476011276,-0.0194317437708,14.1845254898],[-640.114624023,-308.442321777,145.876373291,341.997283936,52.0751152039,-7.94088029861,30.3334617615,47.6280555725,-30.1972064972,-6.80756187439,-20.1796207428,19.944562912,-37.0311737061],[-322.186126709,11.0330944061,-17.1348266602,52.0751152039,183.145721436,71.3985824585,66.0201034546,-16.5336322784,7.30968618393,-16.6496868134,7.29833841324,-8.95040225983,-0.508566200733],[-197.047210693,-43.8228607178,44.5124130249,-7.94088029861,71.3985824585,180.55229187,29.4457893372,36.1291732788,-5.19144058228,16.4479885101,8.65754699707,2.01286840439,9.35710334778],[150.131637573,7.86191606522,-43.7355918884,30.3334617615,66.0201034546,29.4457893372,132.505111694,14.5815753937,14.9471969604,-14.827082634,16.2047710419,14.733748436,-6.55090713501],[-502.239044189,-107.397064209,75.0633621216,47.6280555725,-16.5336322784,36.1291732788,14.5815753937,107.433906555,30.8571567535,30.653673172,7.11196041107,11.9935045242,13.226732254],[-124.240013123,26.4402275085,0.638860523701,-30.1972064972,7.30968618393,-5.19144058228,14.9471969604,30.8571567535,82.1948699951,39.5957107544,20.0969371796,3.81364440918,1.37523925304],[-176.874923706,-22.9209785461,25.0304145813,-6.80756187439,-16.6496868134,16.4479885101,-14.827082634,30.653673172,39.5957107544,75.8797531128,43.0728645325,18.8586177826,11.8551082611],[146.000427246,27.2429237366,-13.6476011276,-20.1796207428,7.29833841324,8.65754699707,16.2047710419,7.11196041107,20.0969371796,43.0728645325,76.0779190063,47.2635345459,18.9363441467],[10.6446504593,-45.3942298889,-0.0194317437708,19.944562912,-8.95040225983,2.01286840439,14.733748436,11.9935045242,3.81364440918,18.8586177826,47.2635345459,69.8838348389,31.7246341705],[-199.072662354,46.278175354,14.1845254898,-37.0311737061,-0.508566200733,9.35710334778,-6.55090713501,13.226732254,1.37523925304,11.8551082611,18.9363441467,31.7246341705,66.101776123]],"icov":[[0.000137000679388,-0.000467976060463,0.000996366026811,-0.000801653251983,0.000859624007717,-0.000683340709656,0.00024793468765,0.000089801113063,-0.000266241724603,0.000508212542627,-0.000532602251042,0.000113138637971,0.000199937217985],[-0.000467976060463,0.00351987639442,-0.00329742813483,0.00348750944249,-0.00250020180829,0.00246249651536,-0.00140740221832,0.00126143661328,-0.000153532047989,-0.000178162779775,-0.000930677168071,0.00318957655691,-0.00320104439743],[0.000996366026811,-0.00329742813483,0.0120845660567,-0.00917537044734,0.00825761258602,-0.00722401682287,0.00383692421019,-0.0000680352532072,-0.00407470110804,0.00550250941887,-0.00621996074915,0.00482027092949,-0.0023778018076],[-0.000801653251983,0.00348750944249,-0.00917537044734,0.0144090130925,-0.0118507975712,0.00939140189439,-0.00311195710674,-0.00524039380252,0.0093538351357,-0.00961444713175,0.0118206627667,-0.0116001358256,0.00821549072862],[0.000859624007717,-0.00250020180829,0.00825761258602,-0.0118507975712,0.0199418775737,-0.0120196659118,-0.00121643056627,0.00823449343443,-0.0107124205679,0.0124563248828,-0.0144085111097,0.0143060162663,-0.00873452425003],[-0.000683340709656,0.00246249651536,-0.00722401682287,0.00939140189439,-0.0120196659118,0.0147596513852,-0.00288543174975,-0.00641260109842,0.00976240541786,-0.0105503946543,0.00892976112664,-0.00690711988136,0.00429071672261],[0.00024793468765,-0.00140740221832,0.00383692421019,-0.00311195710674,-0.00121643056627,-0.00288543174975,0.0133054824546,-0.00343726295978,-0.00416469248012,0.00806932616979,-0.00497520808131,-0.00214631715789,0.0026655883994],[0.000089801113063,0.00126143661328,-0.0000680352532072,-0.00524039380252,0.00823449343443,-0.00641260109842,-0.00343726295978,0.0203158389777,-0.0103700403124,0.00169290101621,-0.00404850533232,0.00805834680796,-0.00976408831775],[-0.000266241724603,-0.000153532047989,-0.00407470110804,0.0093538351357,-0.0107124205679,0.00976240541786,-0.00416469248012,-0.0103700403124,0.0286778174341,-0.0203732158989,0.0121049210429,-0.0106673538685,0.0103272739798],[0.000508212542627,-0.000178162779775,0.00550250941887,-0.00961444713175,0.0124563248828,-0.0105503946543,0.00806932616979,0.00169290101621,-0.0203732158989,0.0436639301479,-0.0326030030847,0.0182323455811,-0.00967898312956],[-0.000532602251042,-0.000930677168071,-0.00621996074915,0.0118206627667,-0.0144085111097,0.00892976112664,-0.00497520808131,-0.00404850533232,0.0121049210429,-0.0326030030847,0.0546227656305,-0.039888985455,0.0150381522253],[0.000113138637971,0.00318957655691,0.00482027092949,-0.0116001358256,0.0143060162663,-0.00690711988136,-0.00214631715789,0.00805834680796,-0.0106673538685,0.0182323455811,-0.039888985455,0.0565457381308,-0.0289217978716],[0.000199937217985,-0.00320104439743,-0.0023778018076,0.00821549072862,-0.00873452425003,0.00429071672261,0.0026655883994,-0.00976408831775,0.0103272739798,-0.00967898312956,0.0150381522253,-0.0289217978716,0.0357210487127]],"mean":[-37.9094085693,105.797912598,-76.9999313354,-12.9790229797,-23.3621749878,-2.83368515968,-4.89779233932,-14.4447717667,-3.78737401962,-4.32938861847,0.840709269047,-1.08173573017,-7.53905820847]},"hfc":{"dmean":21.7938728333,"dmean2":33.9007377625,"dvar":610.273681641,"dvar2":1523.87145996,"max":591.001159668,"mean":89.3969955444,"median":82.7854919434,"min":1.09282318118e-16,"var":2914.3515625},"melbands":{"dmean":[0.00222190911882,0.00120824179612,0.000630106078461,0.000352823146386,0.000326457025949,0.000278041348793,0.000346474145772,0.000121232173115,0.0000982105848379,0.0000818961416371,0.0000748090315028,0.0000490755701321,0.0000587625108892,0.0000494285923196,0.0000380783021683,0.000015192189494,0.0000134447755045,0.0000127129469547,0.00000515058127348,0.00000345221769749,0.00000223492838813,0.00000204226148526,0.00000201641000785,0.00000227776581596,0.00000233247737924,0.00000182255166692,0.00000116843511933,7.49831656321e-7,4.82967323023e-7,4.16502928147e-7,3.72965416773e-7,3.02311917721e-7,1.69257774019e-7,1.27765176217e-7,1.02094062981e-7,9.0475545278e-8,8.34191951071e-8,7.06417466745e-8,3.85695919647e-8,2.04381205293e-8],"dmean2":[0.00381758413278,0.0020651621744,0.00106412766036,0.000568379822653,0.000518830842339,0.000414388196077,0.000509850971866,0.00019518454792,0.00015478763089,0.000129362902953,0.000118623647722,0.0000767340607126,0.0000915303171496,0.0000789961122791,0.0000596766112722,0.0000244045404543,0.00002162128294,0.0000209668360185,0.00000843754060043,0.00000571663622395,0.00000369977055925,0.00000337552637575,0.00000315102374771,0.00000346311389876,0.0000036933206502,0.00000282661881101,0.00000172072498117,0.00000114518729788,7.1258278922e-7,6.26998939879e-7,5.59384432108e-7,4.43757102175e-7,2.43021816004e-7,1.82389698011e-7,1.44340233987e-7,1.24938281942e-7,1.11780110501e-7,9.30669870058e-8,5.72825307188e-8,3.45916397748e-8],"dvar":[0.0000190819482668,0.00000432170008935,0.00000124452299133,4.39276220732e-7,8.03948694283e-7,4.02157155577e-7,7.826718047e-7,7.69684120883e-8,3.51192710468e-8,4.21254924277e-8,3.06121599181e-8,1.84432540351e-8,9.99691529557e-9,9.95510873736e-9,2.66668309656e-9,6.29941321328e-10,2.34352787176e-10,2.41441228122e-10,9.12187617108e-11,3.14401421564e-11,1.4915626026e-11,1.45908805871e-11,8.97281554613e-11,1.26129870437e-10,1.66154867642e-10,1.02888662867e-10,5.4480822631e-11,1.90908400199e-11,3.85126045638e-12,2.18651876119e-12,4.44266541957e-12,1.9596902226e-12,2.83245405212e-13,5.67766625002e-14,1.81446163297e-14,1.20237605882e-14,1.01107476883e-14,6.96530650878e-15,2.25539039349e-15,1.10164776895e-15],"dvar2":[0.000050921451475,0.0000115605089377,0.0000033693381738,0.00000101849298062,0.00000171607030097,8.80393713487e-7,0.00000161516175012,1.65413041486e-7,8.21128267603e-8,9.98449962708e-8,7.1383126965e-8,4.22887538321e-8,2.4351397343e-8,2.48084806032e-8,6.51929710216e-9,1.6374593903e-9,5.7999044456e-10,6.15279993621e-10,2.2478595374e-10,7.94426052719e-11,3.95261046116e-11,3.51430308465e-11,2.02966018992e-10,2.32325145233e-10,4.17644002715e-10,2.35948982574e-10,1.05199071676e-10,4.54591364552e-11,8.22873453404e-12,4.50506038724e-12,1.06859018162e-11,4.01187416621e-12,4.92550173824e-13,1.10978710759e-13,3.77483587194e-14,2.40983194364e-14,1.90600793747e-14,1.27596950001e-14,5.10487444959e-15,2.84477307061e-15],"max":[0.0483322143555,0.0263014324009,0.0302138645202,0.0152246337384,0.0232896246016,0.0163832884282,0.0242202673107,0.00908890552819,0.00561615638435,0.00786863267422,0.00411296822131,0.00635649217293,0.0028863591142,0.0029025382828,0.0011786557734,0.000927761429921,0.000243659946136,0.00020871241577,0.000308071030304,0.000152125416207,0.00010380459571,0.000136065209517,0.000510835496243,0.000562077970244,0.000638497294858,0.000404734368203,0.000430477462942,0.000246068026172,0.000137588373036,0.0000615022217971,0.00012647434778,0.0000637427947368,0.0000290448697342,0.0000104411337816,0.00000341443114849,0.00000260623255599,0.0000015150113768,0.00000108839128643,7.36624315323e-7,4.08345414371e-7],"mean":[0.00304232956842,0.00176241307054,0.00111857021693,0.000597555248532,0.000606637273449,0.000653023191262,0.000849167059641,0.000201515023946,0.000157952526934,0.000153266708367,0.00014019482478,0.0000902648971532,0.000133379871841,0.000113360838441,0.0000833235462778,0.0000339554935636,0.0000290302050416,0.0000242073820118,0.00000985398582998,0.00000681523079038,0.00000429583769801,0.00000378912091037,0.00000349921015186,0.0000040366662688,0.00000391475077777,0.00000320451317748,0.00000211749534174,0.00000131408796733,9.47754585923e-7,8.13586325421e-7,7.07227911789e-7,5.61776914765e-7,3.34242542976e-7,2.40678446062e-7,1.87655075479e-7,1.62873760701e-7,1.45783900507e-7,1.22252288293e-7,5.98577614142e-8,1.95916705081e-8],"median":[0.00154710398056,0.00102496508043,0.000460988871055,0.000299475621432,0.000208383076824,0.000254033773672,0.000259495165665,0.0000987413368421,0.0000806168609415,0.0000722098338883,0.0000738974049455,0.0000501188842463,0.0000775538937887,0.0000598711994826,0.0000498920489918,0.0000221967893594,0.000023760179829,0.0000172466789081,0.00000639231438981,0.00000461330364487,0.00000279509959,0.00000255562190432,0.0000014255097085,0.00000124219036479,9.85349061011e-7,7.74241868839e-7,5.76368620386e-7,4.96933580507e-7,4.47341477638e-7,3.60897388418e-7,2.6347839821e-7,2.12176033187e-7,1.63329517022e-7,1.42052797969e-7,1.17525424059e-7,1.0465932121e-7,9.0214726356e-8,7.59606066936e-8,3.93262027387e-8,7.2916499505e-9],"min":[1.32505321237e-24,1.25150899208e-24,8.89071286518e-25,1.28479340025e-24,8.30420760114e-25,1.92841387016e-24,1.61620846046e-24,1.55134831684e-24,1.99144957573e-24,2.28323088356e-24,1.8020584691e-24,1.85405643288e-24,2.86375677915e-24,2.77619381032e-24,3.12332810736e-24,3.11094831596e-24,3.46618184791e-24,2.56822759317e-24,2.74853240268e-24,2.80411711978e-24,4.35582131149e-24,3.58115319725e-24,3.59757412585e-24,3.65544969502e-24,4.29926629548e-24,4.01036452717e-24,4.4942656115e-24,5.04407878547e-24,4.95439279473e-24,4.97397429455e-24,5.48123867787e-24,4.89267468408e-24,5.38297934681e-24,5.70994878139e-24,4.99270382459e-24,6.14504501366e-24,5.38927682342e-24,6.26227092747e-24,5.99146286732e-24,6.62344734305e-24],"var":[0.0000191729232029,0.00000485745067635,0.00000371030705537,9.82488927548e-7,0.00000233182868214,0.00000163114805218,0.00000493365541843,1.76793989226e-7,8.02209711992e-8,9.7473922267e-8,7.10833347739e-8,3.42569421719e-8,3.17248911585e-8,3.46293234088e-8,8.35501090535e-9,1.7482344461e-9,6.12857264937e-10,5.57513146759e-10,1.97188751438e-10,6.65254587529e-11,3.21554415039e-11,3.1322507088e-11,1.51075235655e-10,3.1902494535e-10,3.44629852433e-10,2.42384029514e-10,1.39034908586e-10,4.16432062444e-11,9.26749822716e-12,6.06365478661e-12,1.00694947172e-11,5.61638756336e-12,9.92021026956e-13,1.76865453164e-13,5.0724713736e-14,3.20226836584e-14,2.61056858775e-14,1.83092439593e-14,4.18529863612e-15,1.10752702463e-15]},"melbands_crest":{"dmean":4.02896404266,"dmean2":6.68076372147,"dvar":14.1722736359,"dvar2":36.0509910583,"max":39.5492019653,"mean":15.7831954956,"median":14.9762363434,"min":1.55289018154,"var":45.4862785339},"melbands_flatness_db":{"dmean":0.0309918168932,"dmean2":0.0477371178567,"dvar":0.000755110755563,"dvar2":0.00186552875675,"max":0.495621830225,"mean":0.263523519039,"median":0.264233767986,"min":0.00256804493256,"var":0.00391875347123},"melbands_kurtosis":{"dmean":6.58708763123,"dmean2":10.7276306152,"dvar":354.829345703,"dvar2":873.924377441,"max":723.546264648,"mean":11.0896205902,"median":5.20077180862,"min":-1.65747880936,"var":881.511901855},"melbands_skewness":{"dmean":0.71362143755,"dmean2":1.14560806751,"dvar":0.718074560165,"dvar2":1.75448250771,"max":25.8524570465,"mean":2.23316860199,"median":1.98525285721,"min":-1.3910984993,"var":3.1007027626},"melbands_spread":{"dmean":4.15320777893,"dmean2":6.71641921997,"dvar":27.2233314514,"dvar2":67.2425689697,"max":210.830429077,"mean":15.8938083649,"median":12.6947813034,"min":0.517930746078,"var":292.839080811},"mfcc":{"cov":[[10513.9238281,2536.52929688,-412.515686035,145.117874146,-281.472106934,195.011871338,34.9956512451,102.428337097,-255.76625061,12.4267444611,-104.173698425,88.7864379883,-100.804000854],[2536.52929688,1694.65979004,-132.391357422,-203.582839966,-61.6935958862,71.2294998169,-17.9472007751,-51.0831375122,-18.9969520569,-26.0136680603,-0.0403663143516,12.8769006729,6.31444454193],[-412.515686035,-132.391357422,285.625213623,38.3252029419,34.7907562256,-36.9438781738,-10.1819076538,-8.39711475372,12.4970846176,18.2037715912,6.56800603867,2.55850815773,-2.98179006577],[145.117874146,-203.582839966,38.3252029419,298.628936768,13.0151119232,1.69759428501,14.344865799,40.382144928,-18.0823688507,5.57879590988,9.84413814545,-13.3054885864,-31.5222091675],[-281.472106934,-61.6935958862,34.7907562256,13.0151119232,127.929512024,46.7745704651,28.0561904907,2.56068539619,21.1265182495,8.55560302734,5.63459730148,4.83853578568,13.4669847488],[195.011871338,71.2294998169,-36.9438781738,1.69759428501,46.7745704651,124.720657349,64.6602401733,33.3498916626,-2.47404146194,6.13216590881,-4.39722967148,15.9303922653,4.81679582596],[34.9956512451,-17.9472007751,-10.1819076538,14.344865799,28.0561904907,64.6602401733,111.107154846,52.9202651978,14.1695365906,-8.88017845154,9.22054958344,1.97210466862,11.6165676117],[102.428337097,-51.0831375122,-8.39711475372,40.382144928,2.56068539619,33.3498916626,52.9202651978,88.5861358643,20.8053340912,14.2493953705,-4.532371521,13.5823020935,-5.10612201691],[-255.76625061,-18.9969520569,12.4970846176,-18.0823688507,21.1265182495,-2.47404146194,14.1695365906,20.8053340912,72.6285247803,18.9350891113,15.710729599,-2.50998806953,9.73522853851],[12.4267444611,-26.0136680603,18.2037715912,5.57879590988,8.55560302734,6.13216590881,-8.88017845154,14.2493953705,18.9350891113,74.0363616943,18.3601913452,19.9492912292,-2.81808328629],[-104.173698425,-0.0403663143516,6.56800603867,9.84413814545,5.63459730148,-4.39722967148,9.22054958344,-4.532371521,15.710729599,18.3601913452,62.9989852905,13.2222156525,16.1274394989],[88.7864379883,12.8769006729,2.55850815773,-13.3054885864,4.83853578568,15.9303922653,1.97210466862,13.5823020935,-2.50998806953,19.9492912292,13.2222156525,71.2965927124,31.5863990784],[-100.804000854,6.31444454193,-2.98179006577,-31.5222091675,13.4669847488,4.81679582596,11.6165676117,-5.10612201691,9.73522853851,-2.81808328629,16.1274394989,31.5863990784,65.2094573975]],"icov":[[0.000222427770495,-0.000358035322279,0.000151468222612,-0.000306212430587,0.000237792744883,0.0000538528256584,-0.000197792498511,-0.000240962268435,0.000617719721049,-0.000363071419997,0.000366523629054,-0.000251189863775,0.000123806923511],[-0.000358035322279,0.0012967545772,-0.000118692951219,0.000905049731955,0.000112520421681,-0.00093510968145,0.000643351755571,0.000729066494387,-0.00111169624142,0.00090625078883,-0.000891887175385,0.000290442578262,0.0000263763122348],[0.000151468222612,-0.000118692951219,0.0042700166814,-0.000669875356834,-0.00139687838964,0.00221135327592,-0.0011411907617,0.000790348160081,0.0000990018961602,-0.00127558107488,0.000792005157564,-0.00109147885814,0.000770305923652],[-0.000306212430587,0.000905049731955,-0.000669875356834,0.00499302102253,-0.00117149797734,-0.0000552571946173,0.00121210806537,-0.00299064209685,0.00172465038486,0.000933207746129,-0.00288205128163,0.001527227927,0.00137377867941],[0.000237792744883,0.000112520421681,-0.00139687838964,-0.00117149797734,0.0118256602436,-0.00564019288868,-0.000892581185326,0.00340614886954,-0.0034758199472,-0.000665307918098,0.00113997689914,-0.0000781429989729,-0.00162728654686],[0.0000538528256584,-0.00093510968145,0.00221135327592,-0.0000552571946173,-0.00564019288868,0.0168635100126,-0.00920936185867,-0.000543072936125,0.00351319392212,-0.00330457510427,0.00315698795021,-0.0034282580018,0.00197792798281],[-0.000197792498511,0.000643351755571,-0.0011411907617,0.00121210806537,-0.000892581185326,-0.00920936185867,0.0216324646026,-0.0119186900556,-0.000246071605943,0.00623778207228,-0.00677537824959,0.00569957960397,-0.00453544594347],[-0.000240962268435,0.000729066494387,0.000790348160081,-0.00299064209685,0.00340614886954,-0.000543072936125,-0.0119186900556,0.025105657056,-0.00890597421676,-0.00342527055182,0.00680382503197,-0.0077320584096,0.00481727905571],[0.000617719721049,-0.00111169624142,0.0000990018961602,0.00172465038486,-0.0034758199472,0.00351319392212,-0.000246071605943,-0.00890597421676,0.0226626433432,-0.0053807660006,-0.00360345747322,0.00550972064957,-0.00368794356473],[-0.000363071419997,0.00090625078883,-0.00127558107488,0.000933207746129,-0.000665307918098,-0.00330457510427,0.00623778207228,-0.00342527055182,-0.0053807660006,0.0203900299966,-0.00665905652568,-0.00484862178564,0.00442581903189],[0.000366523629054,-0.000891887175385,0.000792005157564,-0.00288205128163,0.00113997689914,0.00315698795021,-0.00677537824959,0.00680382503197,-0.00360345747322,-0.00665905652568,0.0228642504662,-0.00396468350664,-0.00291700102389],[-0.000251189863775,0.000290442578262,-0.00109147885814,0.001527227927,-0.0000781429989729,-0.0034282580018,0.00569957960397,-0.0077320584096,0.00550972064957,-0.00484862178564,-0.00396468350664,0.0248077195138,-0.013147498481],[0.000123806923511,0.0000263763122348,0.000770305923652,0.00137377867941,-0.00162728654686,0.00197792798281,-0.00453544594347,0.00481727905571,-0.00368794356473,0.00442581903189,-0.00291700102389,-0.013147498481,0.0254301708192]],"mean":[-692.068054199,167.964782715,1.02325391769,10.8563585281,-1.48717486858,16.7397136688,3.79322862625,5.95622444153,-4.96476888657,4.77583742142,-0.735562682152,7.69966506958,-0.287636846304]},"pitch_salience":{"dmean":0.0740245878696,"dmean2":0.122298881412,"dvar":0.00456644454971,"dvar2":0.0120209669694,"max":0.892077624798,"mean":0.531712532043,"median":0.541672050953,"min":0.0547255501151,"var":0.0165370181203},"silence_rate_20dB":{"dmean":0,"dmean2":0,"dvar":0,"dvar2":0,"max":1,"mean":1,"median":1,"min":1,"var":0},"silence_rate_30dB":{"dmean":0.0128107694909,"dmean2":0.0256243217736,"dvar":0.0126466536894,"dvar2":0.0314823724329,"max":1,"mean":0.987733364105,"median":1,"min":0,"var":0.0121161388233},"silence_rate_60dB":{"dmean":0.00325697544031,"dmean2":0.00651465775445,"dvar":0.00324636744335,"dvar2":0.00777514884248,"max":1,"mean":0.0560138933361,"median":0,"min":0,"var":0.0528763383627},"spectral_centroid":{"dmean":124.753105164,"dmean2":189.207351685,"dvar":35576.2109375,"dvar2":62586.9101562,"max":11890.3125,"mean":908.713195801,"median":700.863464355,"min":183.800476074,"var":1488722.875},"spectral_complexity":{"dmean":2.25404405594,"dmean2":3.65385460854,"dvar":4.89236116409,"dvar2":10.9609651566,"max":50,"mean":15.1120281219,"median":15,"min":0,"var":35.6511497498},"spectral_contrast_coeffs":{"dmean":[0.0521341860294,0.0467211082578,0.0359935462475,0.0283853691071,0.0190912112594,0.0244677364826],"dmean2":[0.0870310217142,0.076392903924,0.0597089491785,0.0469442978501,0.0317581407726,0.0380036383867],"dvar":[0.0017120949924,0.00135892652906,0.000819274340756,0.00050469225971,0.000271003955277,0.000473325519124],"dvar2":[0.00475136563182,0.00363301672041,0.00224559451453,0.00134882889688,0.000715033209417,0.00116031838115],"max":[-0.355874091387,-0.429407715797,-0.556114971638,-0.642380058765,-0.660277783871,-0.507230818272],"mean":[-0.697128891945,-0.74458271265,-0.791746616364,-0.797697842121,-0.843155920506,-0.783506393433],"median":[-0.701556682587,-0.752205431461,-0.79264074564,-0.794408321381,-0.843065619469,-0.781914830208],"min":[-0.981492817402,-0.97746193409,-0.979491889477,-0.982488393784,-0.974256157875,-0.965419113636],"var":[0.00751690054312,0.00640141498297,0.00382680399343,0.00246747862548,0.00131839350797,0.00267028040253]},"spectral_contrast_valleys":{"dmean":[0.395672529936,0.347887337208,0.292651474476,0.258634239435,0.304611116648,0.460632860661],"dmean2":[0.654449403286,0.570370674133,0.479068696499,0.419021308422,0.447337776423,0.706401228905],"dvar":[0.1216680035,0.0983457863331,0.0833499133587,0.07690115273,0.113382197917,0.186841219664],"dvar2":[0.288260906935,0.224964767694,0.180084034801,0.156814903021,0.233385711908,0.45961612463],"max":[-5.12360668182,-4.58186626434,-5.17680311203,-6.10766124725,-5.80289554596,-9.17712497711],"mean":[-7.17760133743,-6.78345584869,-7.28428459167,-7.95932006836,-8.42320251465,-11.2466411591],"median":[-6.71906280518,-6.29499721527,-6.78033399582,-7.48158359528,-8.00526046753,-10.8641090393],"min":[-28.2331905365,-28.2744922638,-27.8858528137,-27.7403011322,-27.5871582031,-27.4883937836],"var":[6.60739946365,6.96490097046,6.76939058304,6.26792669296,5.87931013107,4.30459737778]},"spectral_decrease":{"dmean":3.11694337007e-9,"dmean2":5.09050357422e-9,"dvar":2.09735945652e-17,"dvar2":5.28693745828e-17,"max":5.12948405973e-10,"mean":-7.3012889068e-9,"median":-5.52650636365e-9,"min":-4.830735989e-8,"var":4.06257317059e-17},"spectral_energy":{"dmean":0.0117993317544,"dmean2":0.0191779434681,"dvar":0.000293603894534,"dvar2":0.000737591646612,"max":0.192162573338,"mean":0.0356653295457,"median":0.0295597948134,"min":1.0075971052e-20,"var":0.00067979231244},"spectral_energyband_high":{"dmean":0.0000767382516642,"dmean2":0.0000922284161788,"dvar":2.98273619137e-8,"dvar2":5.04434858328e-8,"max":0.0095364023,"mean":0.000217111140955,"median":0.000135484297061,"min":7.16828175711e-21,"var":1.42642704759e-7},"spectral_energyband_low":{"dmean":0.00918106269091,"dmean2":0.0155862616375,"dvar":0.000253829231951,"dvar2":0.000658771488816,"max":0.158403098583,"mean":0.0147376134992,"median":0.00975106842816,"min":1.75144964993e-23,"var":0.000288815965177},"spectral_energyband_middle_high":{"dmean":0.00104995374568,"dmean2":0.00160316959955,"dvar":0.00000240488975578,"dvar2":0.00000572068256588,"max":0.0524973273277,"mean":0.00376930064522,"median":0.00310003873892,"min":1.25313298768e-21,"var":0.00000973587066255},"spectral_energyband_middle_low":{"dmean":0.00468088360503,"dmean2":0.00721482047811,"dvar":0.0000510490681336,"dvar2":0.000114889196993,"max":0.11933414638,"mean":0.0142425447702,"median":0.00867740064859,"min":1.35880672457e-22,"var":0.000266732327873},"spectral_entropy":{"dmean":0.190684661269,"dmean2":0.275895744562,"dvar":0.0309599041939,"dvar2":0.0685878396034,"max":9.82730388641,"mean":7.32152938843,"median":7.32249641418,"min":5.47264432907,"var":0.248532697558},"spectral_flux":{"dmean":0.0255840048194,"dmean2":0.0421133190393,"dvar":0.00110336171929,"dvar2":0.00261240126565,"max":0.332475453615,"mean":0.0912067964673,"median":0.082544490695,"min":6.39453490159e-11,"var":0.00236366852187},"spectral_kurtosis":{"dmean":5.47137403488,"dmean2":7.98029470444,"dvar":51.5277061462,"dvar2":119.704109192,"max":120.403289795,"mean":18.5679855347,"median":16.0123653412,"min":-1.27295434475,"var":114.304504395},"spectral_rms":{"dmean":0.000877440092154,"dmean2":0.00140270835254,"dvar":0.00000116804881145,"dvar2":0.00000281257439383,"max":0.0136921759695,"mean":0.00545164290816,"median":0.00537017919123,"min":3.13531752644e-12,"var":0.00000507503364133},"spectral_rolloff":{"dmean":4636.17041016,"dmean2":8952.74121094,"dvar":62085736,"dvar2":147086144,"max":22050,"mean":7978.13378906,"median":1464.2578125,"min":21.533203125,"var":89914656},"spectral_skewness":{"dmean":0.421393215656,"dmean2":0.599523901939,"dvar":0.220996364951,"dvar2":0.494261860847,"max":8.68334007263,"mean":3.09404373169,"median":2.99605226517,"min":-0.08258497715,"var":0.848751723766},"spectral_spread":{"dmean":552771,"dmean2":791266.875,"dvar":471263215616,"dvar2":971209834496,"max":43130416,"mean":4462146.5,"median":3926400,"min":1390859.375,"var":17894991724500},"spectral_strongpeak":{"dmean":0.884447932243,"dmean2":1.63197612762,"dvar":19.9280986786,"dvar2":58.0937728882,"max":87.326171875,"mean":0.992767393589,"median":0.328602254391,"min":0,"var":12.4219112396},"zerocrossingrate":{"dmean":0.0354763269424,"dmean2":0.0453393273056,"dvar":0.00125813798513,"dvar2":0.00198404444382,"max":0.9560546875,"mean":0.224934980273,"median":0.212890625,"min":0.00048828125,"var":0.00797845888883}},"metadata":{"audio_properties":{"analysis_sample_rate":44100,"bit_rate":254132,"codec":"mp3","downmix":"mix","equal_loudness":0,"length":213.86555481,"lossless":false,"md5_encoded":"d8528086c05deb74b557a2f8587a83a2","replay_gain":-2.0756893158,"sample_rate":44100},"tags":{"acoustid_id":["8d0219cc-2723-4935-a40e-4aa8b53c6036"],"album":["Heaven"],"albumartist":["The Walkmen"],"artist":["The Walkmen"],"date":["2012"],"discnumber":["1/1"],"file_name":"04 - The Walkmen - The Witch.mp3","musicbrainz_albumartistid":["b7834ebd-64ae-46c3-a930-2d3a52ee743a"],"musicbrainz_albumid":["d56a0aa5-2504-4913-bee7-2202eee644c6"],"musicbrainz_artistid":["b7834ebd-64ae-46c3-a930-2d3a52ee743a"],"musicbrainz_recordingid":["fcf055b7-bc02-419e-afcf-8bc924e0fbce"],"musicbrainz_releasegroupid":["a84fb679-0ade-4117-aa1b-064f1305d339"],"replaygain_album_gain":["-0.31 dB"],"replaygain_album_peak":["0.372189"],"replaygain_track_gain":["-1.03 dB"],"replaygain_track_peak":["0.365347"],"title":["The Witch"],"tracknumber":["4/13"]},"version":{"essentia":"2.1-beta1","essentia_build_sha":"e76a03f03bb3900de42a1fa0d9be1e72f12def64","essentia_git_sha":"v2.1_beta1-28-g21ef5f4-dirty","extractor":"music 1.0"}},"rhythm":{"beats_count":329,"beats_loudness":{"dmean":0.0172744132578,"dmean2":0.0302746407688,"dvar":0.000247177173151,"dvar2":0.000704806763679,"max":0.113480165601,"mean":0.044877525419,"median":0.0431303419173,"min":0,"var":0.000498691166285},"beats_loudness_band_ratio":{"dmean":[0.249022275209,0.129509985447,0.0993353351951,0.0519202575088,0.0149672348052,0.0863947197795],"dmean2":[0.456461459398,0.232721686363,0.176670357585,0.0905436053872,0.0282181855291,0.164865285158],"dvar":[0.0283690989017,0.0145433656871,0.0117911072448,0.00240945047699,0.000452277454315,0.00623086374253],"dvar2":[0.0859090387821,0.0453739315271,0.0308117736131,0.00681772595271,0.00133328861557,0.0181951280683],"max":[0.983368635178,0.669466435909,0.773307740688,0.324630290