{"lowlevel":{"average_loudness":0.926292896271,"barkbands":{"dmean":[0.000140543867019,0.000810145633295,0.00130685069598,0.00120283022989,0.00309470435604,0.00113590084948,0.0022687392775,0.00131985452026,0.000467909994768,0.000287914386718,0.000124347658129,0.000131054475787,0.000113793597848,0.00021662938525,0.000150694540935,0.000173987384187,0.000218668516027,0.000136854476295,0.0000477243593195,0.0000399988712161,0.0000380464553018,0.0000121203802337,0.00000362370246876,0.00000300271517517,7.86416535448e-7,1.03141367447e-7,2.98295432799e-8],"dmean2":[0.000193908548681,0.00117800815497,0.00221118750051,0.00197236984968,0.00481227552518,0.00159884185996,0.00348823191598,0.00183353852481,0.000676795025356,0.000428968633059,0.000184746662853,0.000197772315005,0.000175046967342,0.000336571974913,0.000235097162658,0.000267324270681,0.000337713310728,0.000209405101486,0.0000698561852914,0.0000595717247052,0.0000517937114637,0.0000175504956132,0.00000464646927867,0.0000041008934204,0.00000104372986698,1.28490412976e-7,4.10198772727e-8],"dvar":[7.6084546663e-7,0.00000666229516355,0.00000464350750917,0.00000564019683225,0.0000190847422346,0.00000382855387215,0.0000221583140956,0.00000887113583303,0.00000174990202595,7.49857690607e-7,2.46071635956e-7,2.88585795261e-7,1.45273077123e-7,4.55881917105e-7,2.03692152922e-7,2.93238542781e-7,2.93117636829e-7,1.42483727927e-7,3.05157392688e-8,3.69870392092e-8,4.54574262676e-8,5.81262105115e-9,7.90416343488e-10,3.60042301528e-10,2.21358625874e-11,7.17431431103e-13,2.47893577139e-14],"dvar2":[0.00000130741091198,0.0000116306928248,0.0000126803324747,0.0000144997648022,0.0000539911925443,0.00000854503650771,0.0000503518349433,0.0000186855049833,0.00000391966523239,0.0000016861598624,5.30811519184e-7,7.35660364626e-7,3.08963052476e-7,9.66500806499e-7,4.68453976055e-7,6.59021395677e-7,6.98931330589e-7,3.18556175216e-7,6.1621605596e-8,7.83488616207e-8,8.0884312581e-8,1.09020605876e-8,1.07549602557e-9,6.550070486e-10,3.98148042313e-11,9.74466492741e-13,4.02339091405e-14],"max":[0.026902757585,0.0707593932748,0.0540763810277,0.0506197735667,0.0565145201981,0.0385949015617,0.107529915869,0.0765663981438,0.0359212681651,0.0356733314693,0.0213973019272,0.0208743046969,0.0201168153435,0.0249363146722,0.0108676077798,0.0166071262211,0.0250687319785,0.011446563527,0.00673684105277,0.00653218617663,0.0117556331679,0.00368063058704,0.00170138140675,0.000723449629731,0.00017953736824,0.0000756024237489,0.00000769443158788],"mean":[0.000257503561443,0.00344762392342,0.00354523374699,0.00239017396234,0.00922853499651,0.00332868099213,0.00423684483394,0.00273703387938,0.00105123559479,0.00060433143517,0.000218579778448,0.000235009545577,0.00020907211001,0.000366877065971,0.000246199895628,0.000304046698147,0.000471513107186,0.000268723088084,0.0000872347300174,0.0000640897924313,0.0000666658015689,0.00002018208761,0.00000605124751019,0.0000046774321163,0.00000118743173516,1.80498190616e-7,7.80171305337e-8],"median":[0.0000250503890129,0.00158165616449,0.00212973449379,0.00102054863237,0.0073567586951,0.00194488395937,0.00160775496624,0.000706993276253,0.000175798108103,0.000165112156537,0.0000422686134698,0.0000358199467883,0.0000477582252643,0.0000857364575495,0.0000534258360858,0.000056487016991,0.000134851812618,0.0000645586114842,0.0000166084482771,0.00000521215906701,0.00000189986917576,2.78193169834e-7,5.57618662356e-8,4.68037697487e-8,2.53784104842e-8,2.79438072681e-8,3.81289524398e-8],"min":[8.69765592192e-25,3.38667965702e-24,8.10487083203e-25,9.01886627746e-25,6.6116238958e-24,1.58330505238e-23,8.64592735414e-24,2.65742192635e-24,2.23622029563e-23,2.30813664228e-23,1.51446652544e-23,2.08375809511e-23,3.01101959744e-23,4.00111008435e-23,5.46940678981e-23,6.71662049343e-23,6.67289046246e-23,1.00768094913e-22,1.54503179318e-22,1.67683429457e-22,2.49614270638e-22,3.64143394021e-22,4.10737684269e-22,6.13480742927e-22,9.43116760868e-22,1.36659062338e-21,1.98131082457e-21],"var":[0.00000194098197426,0.0000331303963321,0.0000174574852281,0.0000145345120472,0.0000618663980276,0.0000167039961525,0.0000586303867749,0.0000286372378469,0.00000720272828403,0.00000315483748636,6.36926586139e-7,7.27911583454e-7,4.69730565555e-7,9.63002548815e-7,4.33177433479e-7,6.20861555944e-7,0.00000103215813851,3.72731534526e-7,8.92428175803e-8,6.79703404671e-8,1.61700441481e-7,1.54401327279e-8,1.9172305965e-9,7.07620573248e-10,4.32173012654e-11,1.94039901334e-12,7.4494670686e-14]},"barkbands_crest":{"dmean":2.03766417503,"dmean2":3.23841953278,"dvar":3.64030122757,"dvar2":9.48608016968,"max":26.7530479431,"mean":11.5342998505,"median":10.7363729477,"min":3.4792265892,"var":17.4275894165},"barkbands_flatness_db":{"dmean":0.0171823669225,"dmean2":0.025056546554,"dvar":0.000300081766909,"dvar2":0.00064909219509,"max":0.5276440382,"mean":0.270280212164,"median":0.264940977097,"min":0.0293463412672,"var":0.00642384402454},"barkbands_kurtosis":{"dmean":3.50458168983,"dmean2":5.26331472397,"dvar":116.47000885,"dvar2":231.314865112,"max":568.40447998,"mean":7.29252529144,"median":4.3111076355,"min":-1.88974893093,"var":237.171600342},"barkbands_skewness":{"dmean":0.464638948441,"dmean2":0.692766129971,"dvar":0.269841611385,"dvar2":0.538051366806,"max":14.8832740784,"mean":1.74619662762,"median":1.65806543827,"min":-2.23006033897,"var":1.61229598522},"barkbands_spread":{"dmean":2.51496005058,"dmean2":3.74747896194,"dvar":19.6601867676,"dvar2":40.9836654663,"max":122.134559631,"mean":10.1502084732,"median":7.02630853653,"min":0.091785274446,"var":114.099533081},"dissonance":{"dmean":0.0285469703376,"dmean2":0.0469241701066,"dvar":0.000866402231622,"dvar2":0.00240036519244,"max":0.499978721142,"mean":0.420679360628,"median":0.432257950306,"min":0.159699574113,"var":0.00282162963413},"dynamic_complexity":2.59640336037,"erbbands":{"dmean":[0.0340421535075,0.162313103676,1.08207857609,3.04216504097,5.79236030579,12.6392669678,12.8496198654,8.86313247681,31.1968898773,30.7086791992,17.9426002502,11.9799432755,8.46858787537,6.73981571198,4.8964214325,5.27443552017,5.22559595108,10.8124465942,7.73405838013,7.36083650589,9.94435977936,11.5580196381,8.08531951904,3.55486226082,2.27628183365,1.90150010586,1.59512972832,1.35938549042,0.460462599993,0.171082645655,0.0947940275073,0.0665768757463,0.0476835817099,0.0134667567909,0.00356171652675,0.000583637971431,0.000197168410523,0.0000461264207843,0.00000723111497791,0.00000800815632829],"dmean2":[0.0485994331539,0.251477092505,1.86204409599,4.99825286865,9.2393655777,19.5311965942,18.7653942108,12.4035100937,46.384098053,45.6700744629,25.1486625671,16.8622531891,12.4405479431,9.69320869446,7.24107503891,7.95922851562,7.95574235916,16.5589199066,11.9397363663,11.5521354675,15.3206129074,17.5500946045,12.3756370544,5.14949560165,3.33417034149,2.8055024147,2.24653744698,1.85356330872,0.648558795452,0.228014871478,0.121437162161,0.0904304310679,0.0662969946861,0.0182506777346,0.00465864222497,0.000744809163734,0.000261444889475,0.0000638396668364,0.0000100860233943,0.0000121067378132],"dvar":[0.0279726684093,0.110186800361,2.98828291893,30.2712879181,89.0711746216,415.757354736,453.060241699,319.304168701,4699.43847656,3832.30615234,1327.31628418,1110.73095703,894.203735352,389.282165527,340.542907715,557.475280762,329.023254395,1330.30151367,487.722595215,528.116333008,822.189086914,1040.80773926,501.121490479,131.938049316,91.7875213623,82.7414550781,64.5795211792,64.299369812,8.10258388519,1.14454507828,0.603595197201,0.211113989353,0.0853101015091,0.00651612319052,0.000481956434669,0.000021543863113,0.00000260364231508,8.11002109913e-8,6.32138064116e-10,7.43612046938e-11],"dvar2":[0.0469232164323,0.244812607765,8.56818675995,75.5055618286,247.774200439,1176.29260254,1139.85107422,644.163024902,10014.6396484,9481.734375,2834.15551758,2406.05664062,1839.50415039,872.784667969,723.03137207,1516.25097656,685.597106934,2751.94921875,1154.39733887,1238.20349121,1840.15209961,2516.8190918,1108.8347168,274.635742188,181.130661011,169.406600952,120.51486969,112.696182251,14.1208600998,1.73428583145,0.835232079029,0.350257307291,0.156192734838,0.0116690192372,0.000840262859128,0.0000293503617286,0.00000401838042308,1.40836277751e-7,9.18870590727e-10,1.82124759718e-10],"max":[4.58427810669,8.28535747528,38.3737831116,117.764472961,173.299957275,297.283325195,506.342712402,478.222076416,1615.62805176,1299.77514648,714.640930176,1078.74389648,1134.35229492,876.819213867,756.845825195,1010.62548828,1096.94433594,1456.15515137,668.365600586,702.653320312,787.593505859,1742.64453125,617.985168457,495.196166992,413.170318604,294.194213867,451.839263916,434.829406738,145.562240601,71.9911117554,51.0481987,21.5963897705,7.77382850647,3.02344989777,0.961172103882,0.38979819417,0.126666471362,0.0165582951158,0.00132861325983,0.000143631041283],"mean":[0.108116924763,0.767937541008,3.48564052582,6.76841497421,13.4446678162,38.4252815247,40.5302200317,22.8237094879,59.8239097595,66.3079528809,38.0413131714,27.4771633148,19.1930713654,13.9165582657,9.96641731262,10.2629137039,10.5988006592,19.1464519501,14.334569931,13.0648984909,19.7362232208,25.9235420227,16.5282325745,7.5495762825,4.0697350502,3.09119653702,2.69696116447,2.3768684864,0.814200997353,0.311492174864,0.158331409097,0.106339611113,0.0718015953898,0.0206478089094,0.00547234201804,0.000979191740043,0.000347638531821,0.0000902912652236,0.0000279792238871,0.0000384483864764],"median":[0.0424303114414,0.419147908688,2.1767988205,4.01002120972,8.7726688385,26.2278347015,27.7927188873,11.1525154114,22.2754364014,25.9300193787,14.0802326202,6.28854990005,4.78126621246,4.29218101501,1.96133899689,1.82578456402,2.91464185715,4.93237400055,4.07093048096,3.11818313599,4.99423503876,7.39376449585,4.52677822113,1.62034320831,0.743876814842,0.279631376266,0.118487134576,0.0472367182374,0.0158561524004,0.00489352969453,0.00168388686143,0.00120671081822,0.000592807831708,0.0003279177472,0.000195262444322,0.000119030868518,0.0000619875427219,0.0000226822339755,0.0000220311012527,0.0000382473008358],"min":[3.66466343262e-23,7.7507070783e-22,3.41640335217e-21,8.3784809206e-21,1.03963581366e-20,1.85840471024e-20,4.06299193853e-20,8.61214183375e-20,1.39364216784e-19,1.8083102646e-19,1.48514514569e-19,5.7205727703e-19,7.35988861404e-19,9.84629272274e-19,7.49699535153e-19,1.07329569271e-18,1.6078769834e-18,2.42714499301e-18,2.14884276426e-18,3.98861900521e-18,4.75230606112e-18,5.47764915974e-18,6.00908416557e-18,6.52211522996e-18,6.54542228449e-18,8.45758923675e-18,8.8727379513e-18,9.86842104489e-18,1.15200045975e-17,1.08583138742e-17,1.21229555711e-17,9.66470631236e-18,9.57933713724e-18,9.37871026993e-18,7.02894740283e-18,4.50111529733e-18,2.57784758125e-18,9.83165059192e-19,2.29882100077e-19,2.67218338128e-20],"var":[0.0826901271939,1.03208780289,14.5315256119,81.8336029053,226.548721313,1516.79418945,2072.99438477,1226.40637207,12802.8867188,10932.3339844,4178.42382812,4421.04785156,3415.33569336,1436.41967773,1084.01928711,1397.7590332,1127.03967285,2859.11474609,1153.4720459,964.498168945,2047.79589844,3443.93359375,1349.03320312,428.152984619,243.09413147,159.475509644,188.322860718,238.62109375,25.4266605377,3.28918838501,1.35308432579,0.440608143806,0.161949962378,0.0124575477093,0.00101590913255,0.0000556652084924,0.00000627064946457,2.11873611988e-7,2.08795136736e-9,3.58132662415e-10]},"erbbands_crest":{"dmean":2.55278873444,"dmean2":3.90191721916,"dvar":6.14756822586,"dvar2":14.075302124,"max":32.025970459,"mean":12.533372879,"median":11.4637718201,"min":2.27477121353,"var":27.5566253662},"erbbands_flatness_db":{"dmean":0.0154077056795,"dmean2":0.0219736006111,"dvar":0.000231482685194,"dvar2":0.000459563743789,"max":0.514491021633,"mean":0.27648973465,"median":0.277729839087,"min":0.0316288582981,"var":0.00401824247092},"erbbands_kurtosis":{"dmean":1.59255111217,"dmean2":2.38673305511,"dvar":9.99645233154,"dvar2":24.7100811005,"max":105.857498169,"mean":2.30724215508,"median":0.463735818863,"min":-1.8376750946,"var":34.7797470093},"erbbands_skewness":{"dmean":0.387795299292,"dmean2":0.569386065006,"dvar":0.13522733748,"dvar2":0.301706254482,"max":7.08423995972,"mean":0.841730237007,"median":0.823159098625,"min":-3.30744385719,"var":1.04261517525},"erbbands_spread":{"dmean":5.17793655396,"dmean2":7.69648170471,"dvar":35.668926239,"dvar2":69.5183258057,"max":121.476646423,"mean":25.7935123444,"median":23.1868858337,"min":0.574895679951,"var":273.917053223},"gfcc":{"cov":[[19534.2578125,1968.44262695,-3334.34765625,1038.59985352,-1056.20019531,-258.066680908,-593.708496094,-400.729278564,-83.0772094727,-462.046051025,-174.513900757,-326.009857178,2.59621167183],[1968.44262695,2186.67700195,187.952407837,-658.024475098,555.967590332,-370.232452393,111.751426697,-9.13492679596,-12.7742404938,-115.95500946,54.0749092102,-44.0631904602,-14.3901338577],[-3334.34765625,187.952407837,1572.48962402,-89.9112243652,188.012405396,179.885559082,237.351699829,156.444961548,77.8437423706,157.583328247,106.507156372,121.648033142,50.3441238403],[1038.59985352,-658.024475098,-89.9112243652,805.985168457,-157.523788452,219.879898071,-8.08100414276,49.404209137,66.0923309326,3.01289391518,9.02070522308,31.4009838104,72.4332809448],[-1056.20019531,555.967590332,188.012405396,-157.523788452,665.672790527,-112.082672119,33.6746063232,95.1305084229,-4.34725952148,-11.0905075073,9.09699821472,-2.76500868797,18.2563781738],[-258.066680908,-370.232452393,179.885559082,219.879898071,-112.082672119,415.668273926,132.8800354,3.42585086823,63.4154090881,49.5123634338,27.2029838562,44.3716545105,25.2439632416],[-593.708496094,111.751426697,237.351699829,-8.08100414276,33.6746063232,132.8800354,289.406738281,67.9403915405,16.8194046021,26.747051239,41.2998428345,58.7618331909,15.1917533875],[-400.729278564,-9.13492679596,156.444961548,49.404209137,95.1305084229,3.42585086823,67.9403915405,199.888870239,66.30027771,7.75184774399,32.8360099792,41.5224647522,13.3577451706],[-83.0772094727,-12.7742404938,77.8437423706,66.0923309326,-4.34725952148,63.4154090881,16.8194046021,66.30027771,167.233535767,52.2627296448,13.6809272766,9.0669631958,-4.14438009262],[-462.046051025,-115.95500946,157.583328247,3.01289391518,-11.0905075073,49.5123634338,26.747051239,7.75184774399,52.2627296448,183.634368896,42.1505508423,-28.4798736572,-7.49604701996],[-174.513900757,54.0749092102,106.507156372,9.02070522308,9.09699821472,27.2029838562,41.2998428345,32.8360099792,13.6809272766,42.1505508423,148.192687988,49.523147583,-10.4798736572],[-326.009857178,-44.0631904602,121.648033142,31.4009838104,-2.76500868797,44.3716545105,58.7618331909,41.5224647522,9.0669631958,-28.4798736572,49.523147583,131.469436646,35.2533340454],[2.59621167183,-14.3901338577,50.3441238403,72.4332809448,18.2563781738,25.2439632416,15.1917533875,13.3577451706,-4.14438009262,-7.49604701996,-10.4798736572,35.2533340454,98.5711517334]],"icov":[[0.000948301458266,-0.0030667539686,0.00198766565882,-0.00255341478623,0.00268683512695,-0.0018191827694,0.00241547543555,-0.00197599688545,0.00218039355241,-0.00197731121443,0.00168260384817,-0.00110945932101,0.000769220758229],[-0.0030667539686,0.0110495686531,-0.00657873088494,0.0088559249416,-0.00933068152517,0.00676424289122,-0.00876600667834,0.00734084518626,-0.0081934183836,0.00780296139419,-0.00661086197942,0.00481567624956,-0.00327793112956],[0.00198766565882,-0.00657873088494,0.00511310389265,-0.00521459802985,0.00552043691278,-0.0042385305278,0.00491901347414,-0.0046927081421,0.00479328073561,-0.00513130845502,0.0036662009079,-0.00315060163848,0.00147636875045],[-0.00255341478623,0.0088559249416,-0.00521459802985,0.00898379739374,-0.00726152956486,0.0043244487606,-0.00645093806088,0.00504173897207,-0.00669403932989,0.00620672525838,-0.005408836063,0.00385512178764,-0.00379302795045],[0.00268683512695,-0.00933068152517,0.00552043691278,-0.00726152956486,0.00983694568276,-0.00525113102049,0.00725263170898,-0.00700901495293,0.00691127451137,-0.00607870006934,0.00522499112412,-0.00317357527092,0.00195736181922],[-0.0018191827694,0.00676424289122,-0.0042385305278,0.0043244487606,-0.00525113102049,0.00820332299918,-0.00718479510397,0.00587112503126,-0.00626508193091,0.00456718634814,-0.00405672285706,0.00263093574904,-0.00208248430863],[0.00241547543555,-0.00876600667834,0.00491901347414,-0.00645093806088,0.00725263170898,-0.00718479510397,0.012112990953,-0.00743665872142,0.00741779897362,-0.00660324282944,0.00510997418314,-0.00503097381443,0.00267465552315],[-0.00197599688545,0.00734084518626,-0.0046927081421,0.00504173897207,-0.00700901495293,0.00587112503126,-0.00743665872142,0.0126913813874,-0.0085716098547,0.00605587940663,-0.00520445359871,0.00235406099819,-0.00225863792002],[0.00218039355241,-0.0081934183836,0.00479328073561,-0.00669403932989,0.00691127451137,-0.00626508193091,0.00741779897362,-0.0085716098547,0.0145273394883,-0.00834962166846,0.00591132743284,-0.00458117807284,0.00380284315906],[-0.00197731121443,0.00780296139419,-0.00513130845502,0.00620672525838,-0.00607870006934,0.00456718634814,-0.00660324282944,0.00605587940663,-0.00834962166846,0.0140993222594,-0.00797598995268,0.00793647672981,-0.00356097496115],[0.00168260384817,-0.00661086197942,0.0036662009079,-0.005408836063,0.00522499112412,-0.00405672285706,0.00510997418314,-0.00520445359871,0.00591132743284,-0.00797598995268,0.0137278335169,-0.00796031672508,0.00503008440137],[-0.00110945932101,0.00481567624956,-0.00315060163848,0.00385512178764,-0.00317357527092,0.00263093574904,-0.00503097381443,0.00235406099819,-0.00458117807284,0.00793647672981,-0.00796031672508,0.0157030429691,-0.00617260532454],[0.000769220758229,-0.00327793112956,0.00147636875045,-0.00379302795045,0.00195736181922,-0.00208248430863,0.00267465552315,-0.00225863792002,0.00380284315906,-0.00356097496115,0.00503008440137,-0.00617260532454,0.0143754864112]],"mean":[-106.929550171,186.55670166,-116.365058899,13.772395134,-30.4811954498,-32.5946769714,-36.1572990417,-5.29358291626,-11.1766653061,-10.3031358719,-8.92837715149,-9.29175567627,-5.17631673813]},"hfc":{"dmean":3.23340535164,"dmean2":4.69475984573,"dvar":16.6146793365,"dvar2":35.6064300537,"max":84.286857605,"mean":14.4249668121,"median":12.1854143143,"min":1.09148301624e-16,"var":110.221092224},"melbands":{"dmean":[0.00024950740044,0.000435039430158,0.000542361463886,0.000670715933666,0.000473138992675,0.00019997759955,0.000484376272652,0.000336422526743,0.00013429041428,0.0000706859209458,0.0000420365540776,0.0000289435247396,0.0000168208298419,0.0000148132685354,0.0000125714323076,0.0000111746767288,0.0000235224670178,0.0000129274430947,0.0000104279679363,0.0000115940674732,0.0000127076627905,0.0000140896363519,0.00000913298299565,0.00000619485854259,0.00000283480517282,0.00000178757295544,0.00000149203981437,0.00000131883166432,0.0000010253650089,0.00000110363305339,7.67275196267e-7,3.22971601463e-7,1.24966419435e-7,8.5597768873e-8,5.6033872653e-8,4.69921381807e-8,4.44369980812e-8,4.0810622437e-8,1.79118124777e-8,1.00791561763e-8],"dmean2":[0.000352943752659,0.000736267305911,0.000880497798789,0.00104940577876,0.000709456391633,0.000281247368548,0.000726264494006,0.000491796410643,0.000189115322428,0.0000993809881038,0.0000619183774688,0.000041710678488,0.0000249641707342,0.0000221206846618,0.0000190807950275,0.0000171095725818,0.0000362319442502,0.0000202101437026,0.0000162416617968,0.0000179615799425,0.0000199927126232,0.000021664545784,0.0000141637146953,0.00000949722925725,0.00000418208537667,0.00000268815165327,0.00000220989227273,0.00000195517418433,0.00000147927630678,0.00000154826363996,0.00000109072175292,4.66830471169e-7,1.8067598262e-7,1.15699094749e-7,7.46966648535e-8,6.16447408675e-8,6.20616447122e-8,5.77189140927e-8,2.47144580356e-8,1.39842253333e-8],"dvar":[0.0000010800090422,4.81701533772e-7,8.89979276053e-7,0.00000109540314952,5.31199418674e-7,1.4417418015e-7,0.00000109155200789,5.04567935877e-7,7.78171624916e-8,3.92211418898e-8,2.25579235291e-8,7.50651274473e-9,4.63928229166e-9,3.58063090289e-9,1.99917127297e-9,1.36757982716e-9,6.61266597035e-9,1.34041300281e-9,1.02988406692e-9,1.42830780536e-9,1.48774936815e-9,1.50040246893e-9,6.18337214764e-10,3.69757890972e-10,9.54007498e-11,6.16642431561e-11,5.014627949e-11,4.24677584765e-11,2.34335051363e-11,5.18367467006e-11,2.16520135154e-11,4.45486269401e-12,5.73656736263e-13,3.49818427264e-13,2.13412620909e-13,1.7965047039e-13,1.04181264581e-13,6.81522573836e-14,1.0896425804e-14,4.40558353009e-15],"dvar2":[0.00000181130417332,0.00000133638877742,0.00000225230110118,0.00000304521586258,0.00000139814983413,2.9340262131e-7,0.00000238508255279,0.00000117877516459,1.71637282165e-7,8.31866628914e-8,4.68628087447e-8,1.68122209487e-8,9.6272962935e-9,8.16964007555e-9,4.91331730856e-9,2.93487878444e-9,1.36500997172e-8,3.21509285861e-9,2.31638241921e-9,3.16304915593e-9,3.39328409815e-9,3.57272122997e-9,1.36862532418e-9,8.69734728681e-10,1.98586869171e-10,1.36591821187e-10,1.0410008966e-10,8.89899265388e-11,4.77529682463e-11,1.01458126622e-10,4.52657564209e-11,8.43692563729e-12,1.18104311053e-12,5.21042898497e-13,2.89042905279e-13,3.12741071104e-13,2.16963762494e-13,1.27312385894e-13,2.01883814706e-14,8.65640228226e-15],"max":[0.0288776084781,0.0145823406056,0.0180444531143,0.0158257950097,0.0143579803407,0.00927171111107,0.0248421858996,0.0169010162354,0.00538264168426,0.00717530306429,0.00560616282746,0.00431695068255,0.00339369056746,0.00264620035887,0.00148726510815,0.00162666954566,0.00329474848695,0.00103058863897,0.000932641036343,0.00136844580993,0.00127051374875,0.00185720203444,0.000716451148037,0.000462125753984,0.000482035771711,0.000274590071058,0.000266966526397,0.000194493171875,0.000240611843765,0.000444429751951,0.000224831790547,0.00011308977264,0.0000405817772844,0.0000420658980147,0.0000273048390227,0.0000326847257384,0.0000155143970915,0.00000696123106536,0.00000337308006237,0.00000304897434944],"mean":[0.000948409258854,0.00156635208987,0.00128797034267,0.00187195301987,0.00151301792357,0.000525465817191,0.000920090940781,0.000727670500055,0.000279507105006,0.000158851587912,0.0000914524644031,0.0000569149269722,0.0000317211015499,0.0000281952761725,0.0000230572677538,0.0000210182588489,0.0000391975117964,0.0000224226605496,0.0000166645131685,0.000020378303816,0.0000234312246903,0.0000298439008475,0.0000178126738319,0.0000116739583973,0.00000551646962776,0.00000293218545266,0.0000024583848699,0.00000195664551939,0.00000159066178185,0.00000173944079052,0.00000124505572785,5.17982357451e-7,2.1374660264e-7,1.45122172057e-7,9.15654325695e-8,7.0790079576e-8,6.44081907808e-8,5.93032574159e-8,2.67980979629e-8,1.42728078245e-8],"median":[0.00042172713438,0.00109464046545,0.000795675674453,0.00130733335391,0.00114897079766,0.000268231728114,0.000343194871675,0.000256373081356,0.0000913441836019,0.0000315658144245,0.0000203774925467,0.0000159941664606,0.00000610613369645,0.00000450908919447,0.00000475167234981,0.00000537372170584,0.0000088176011559,0.00000569772964809,0.000003661834171,0.00000385700786865,0.00000545885541214,0.00000746011801311,0.0000050105718401,0.00000234528033616,9.86714667306e-7,4.60416117676e-7,2.90379347234e-7,1.2112015213e-7,6.83811052227e-8,4.01028437125e-8,1.63402216202e-8,6.3136180728e-9,3.67101460341e-9,1.45223821857e-9,8.00654209598e-10,6.95748902935e-10,6.30105967403e-10,3.92250121273e-10,2.78491923966e-10,2.4014673583e-10],"min":[6.58764331315e-25,1.71102332899e-24,1.69125447471e-24,9.03478549053e-25,2.90574646463e-24,2.07371317422e-24,2.37195545007e-24,1.68745255957e-24,8.96756270849e-25,2.7776869268e-24,3.41379911722e-24,3.85014332744e-24,2.11276671941e-24,2.55110083127e-24,2.07476906454e-24,3.21804801675e-24,4.40020183716e-24,3.11345294933e-24,5.14191568152e-24,5.07895393166e-24,4.11616339633e-24,4.99487831967e-24,4.53556090216e-24,4.84818923992e-24,4.73524250209e-24,4.18143926966e-24,5.08240243711e-24,4.67088604615e-24,4.76522316079e-24,4.41402189136e-24,5.76404294581e-24,5.3550761533e-24,5.59827644835e-24,5.08698808555e-24,6.68045516523e-24,6.14030790393e-24,4.89254254988e-24,6.48428399633e-24,6.48551501377e-24,7.4283513125e-24],"var":[0.00000386247575079,0.00000258617114923,0.00000254232918451,0.00000354775056621,0.00000207045741263,5.64476522413e-7,0.0000029624943636,0.000001541444135,2.49240571293e-7,1.58686688678e-7,8.62430198367e-8,2.85372561137e-8,1.35992301864e-8,1.00452277607e-8,5.28626475926e-9,4.48787229601e-9,1.39206104421e-8,3.03962588433e-9,2.04133865367e-9,3.00008862197e-9,3.34525807055e-9,4.8643680195e-9,1.63337265935e-9,8.66438476521e-10,3.02200542368e-10,1.42989994845e-10,1.05591008159e-10,7.42419251076e-11,5.4248484177e-11,1.43076189785e-10,6.81531428515e-11,1.19203960938e-11,1.31605273554e-12,9.4369867823e-13,4.84004329671e-13,3.0512303296e-13,1.74468607421e-13,1.23319757184e-13,2.11700011769e-14,7.10120320429e-15]},"melbands_crest":{"dmean":2.46487522125,"dmean2":3.91572928429,"dvar":5.74678659439,"dvar2":14.5342826843,"max":38.7291069031,"mean":14.9399662018,"median":13.7662906647,"min":1.50712549686,"var":31.703294754},"melbands_flatness_db":{"dmean":0.0197725370526,"dmean2":0.0281848944724,"dvar":0.00044075131882,"dvar2":0.000913695199415,"max":0.636860489845,"mean":0.365034610033,"median":0.361321091652,"min":0.001869431464,"var":0.011573520489},"melbands_kurtosis":{"dmean":5.51771497726,"dmean2":8.25171279907,"dvar":210.413345337,"dvar2":399.606933594,"max":568.753967285,"mean":12.9893407822,"median":8.6218624115,"min":-1.8548476696,"var":493.621246338},"melbands_skewness":{"dmean":0.55882871151,"dmean2":0.828784108162,"dvar":0.459147155285,"dvar2":0.967140436172,"max":20.3033180237,"mean":2.36940360069,"median":2.22514557838,"min":-2.14241266251,"var":2.39545226097},"melbands_spread":{"dmean":2.9482922554,"dmean2":4.38489103317,"dvar":28.7955207825,"dvar2":63.2809562683,"max":151.08152771,"mean":11.6176347733,"median":7.7967748642,"min":0.2789927423,"var":216.383956909},"mfcc":{"cov":[[9641.06542969,29.2894535065,-1673.39770508,745.412902832,-558.912475586,209.653640747,-351.056854248,-24.3426742554,-40.7832336426,-144.208557129,-72.9132919312,-58.4383735657,-257.195556641],[29.2894535065,2779.44824219,68.4573898315,-194.071121216,342.465423584,-276.124267578,87.5144729614,51.5847587585,-73.2353363037,-19.2623806,28.2141952515,-20.9367370605,-8.03150749207],[-1673.39770508,68.4573898315,1263.37084961,-1.0061122179,14.6457691193,148.466796875,125.2239151,81.7893371582,77.158493042,64.5812835693,78.9632873535,111.818466187,122.741943359],[745.412902832,-194.071121216,-1.0061122179,437.300140381,89.8567428589,10.9683742523,28.2036209106,37.6060066223,51.8724250793,12.9857540131,-23.7117118835,18.1884689331,25.2779464722],[-558.912475586,342.465423584,14.6457691193,89.8567428589,472.781921387,-73.1651611328,14.326710701,12.8056945801,25.7793827057,25.6379966736,-25.4729232788,-2.99084496498,24.9358673096],[209.653640747,-276.124267578,148.466796875,10.9683742523,-73.1651611328,327.665710449,67.026512146,28.0484371185,52.3998908997,31.0324554443,41.1640090942,24.3448352814,9.46161460876],[-351.056854248,87.5144729614,125.2239151,28.2036209106,14.326710701,67.026512146,247.914199829,73.0379638672,4.57523775101,34.7050933838,19.00365448,9.52174854279,37.2049674988],[-24.3426742554,51.5847587585,81.7893371582,37.6060066223,12.8056945801,28.0484371185,73.0379638672,272.009887695,58.7986488342,-28.9801445007,23.6728382111,19.499797821,43.5050048828],[-40.7832336426,-73.2353363037,77.158493042,51.8724250793,25.7793827057,52.3998908997,4.57523775101,58.7986488342,182.707077026,37.6344642639,-8.25425815582,16.8779678345,10.6214132309],[-144.208557129,-19.2623806,64.5812835693,12.9857540131,25.6379966736,31.0324554443,34.7050933838,-28.9801445007,37.6344642639,166.353866577,64.0559692383,0.615857839584,19.7204456329],[-72.9132919312,28.2141952515,78.9632873535,-23.7117118835,-25.4729232788,41.1640090942,19.00365448,23.6728382111,-8.25425815582,64.0559692383,156.881027222,42.5077056885,18.7644939423],[-58.4383735657,-20.9367370605,111.818466187,18.1884689331,-2.99084496498,24.3448352814,9.52174854279,19.499797821,16.8779678345,0.615857839584,42.5077056885,110.097541809,42.8921356201],[-257.195556641,-8.03150749207,122.741943359,25.2779464722,24.9358673096,9.46161460876,37.2049674988,43.5050048828,10.6214132309,19.7204456329,18.7644939423,42.8921356201,125.212043762]],"icov":[[0.000283718720311,-0.000177959605935,0.000381929276045,-0.000682819401845,0.000485597993247,-0.000477355119074,0.000461206043838,-0.000131387423608,0.000149790925207,-0.0000761575502111,0.000104357568489,-0.000212206650758,0.000239135828451],[-0.000177959605935,0.000589490751736,-0.000293694611173,0.00069214758696,-0.000658019911498,0.000697895011399,-0.000556197424885,0.0000109961893031,-0.0000413786474383,0.000181454641279,-0.000289167976007,0.000186892139027,0.0000144369596455],[0.000381929276045,-0.000293694611173,0.00151729106437,-0.000821719993837,0.000646840548143,-0.000965770683251,0.000358636985766,-0.000182501069503,-0.0000524347669852,-0.000225295894779,0.0000603084226896,-0.000919606420211,-0.000308877730276],[-0.000682819401845,0.00069214758696,-0.000821719993837,0.00432460848242,-0.00177463737782,0.00126236781944,-0.00144032889511,0.0000691937602824,-0.000802864320576,0.00000626984319752,0.00021264613315,-0.0000011078496982,-0.000728128186893],[0.000485597993247,-0.000658019911498,0.000646840548143,-0.00177463737782,0.00346927926876,-0.00047891685972,0.00085374689661,-0.000236100328038,-0.00000671033967592,-0.000718685856555,0.000760172901209,-0.000339486257872,-0.0000307929440169],[-0.000477355119074,0.000697895011399,-0.000965770683251,0.00126236781944,-0.00047891685972,0.00490182591602,-0.00193358678371,0.000360996869858,-0.00132282916456,0.000291173433652,-0.00112360087223,0.00026399595663,0.0000744945500628],[0.000461206043838,-0.000556197424885,0.000358636985766,-0.00144032889511,0.00085374689661,-0.00193358678371,0.00603314675391,-0.00172011647373,0.0013937568292,-0.00165895628743,0.000931842485443,-0.000202806011657,-0.000295152887702],[-0.000131387423608,0.0000109961893031,-0.000182501069503,0.0000691937602824,-0.000236100328038,0.000360996869858,-0.00172011647373,0.00530653586611,-0.00233959662728,0.00269128684886,-0.00197525462136,0.000992175773717,-0.00168642052449],[0.000149790925207,-0.0000413786474383,-0.0000524347669852,-0.000802864320576,-0.00000671033967592,-0.00132282916456,0.0013937568292,-0.00233959662728,0.00767649849877,-0.00305953156203,0.00249753613025,-0.00169099366758,0.00105422956403],[-0.0000761575502111,0.000181454641279,-0.000225295894779,0.00000626984319752,-0.000718685856555,0.000291173433652,-0.00165895628743,0.00269128684886,-0.00305953156203,0.00976266339421,-0.00506372516975,0.00285321706906,-0.00174282013904],[0.000104357568489,-0.000289167976007,0.0000603084226896,0.00021264613315,0.000760172901209,-0.00112360087223,0.000931842485443,-0.00197525462136,0.00249753613025,-0.00506372516975,0.0103218145669,-0.00426174933091,0.000935400952585],[-0.000212206650758,0.000186892139027,-0.000919606420211,-0.0000011078496982,-0.000339486257872,0.00026399595663,-0.000202806011657,0.000992175773717,-0.00169099366758,0.00285321706906,-0.00426174933091,0.0131318122149,-0.00392466085032],[0.000239135828451,0.0000144369596455,-0.000308877730276,-0.000728128186893,-0.0000307929440169,0.0000744945500628,-0.000295152887702,-0.00168642052449,0.00105422956403,-0.00174282013904,0.000935400952585,-0.00392466085032,0.0109918089584]],"mean":[-743.231323242,210.670303345,-13.7285480499,37.5742607117,14.6153078079,-14.5172510147,-14.4412097931,-5.38868141174,-4.29305839539,-6.02560472488,-3.06361556053,2.40388226509,-8.18120193481]},"pitch_salience":{"dmean":0.0522178225219,"dmean2":0.0823737904429,"dvar":0.00233495398425,"dvar2":0.00579482968897,"max":0.972863435745,"mean":0.526998639107,"median":0.534772872925,"min":0.0715301409364,"var":0.0131289213896},"silence_rate_20dB":{"dmean":0,"dmean2":0,"dvar":0,"dvar2":0,"max":1,"mean":1,"median":1,"min":1,"var":0},"silence_rate_30dB":{"dmean":0.000508194614667,"dmean2":0.00101651845034,"dvar":0.000507931166794,"dvar2":0.00152372336015,"max":1,"mean":0.999745905399,"median":1,"min":0,"var":0.000254001875874},"silence_rate_60dB":{"dmean":0.00457375170663,"dmean2":0.00914866570383,"dvar":0.00455121463165,"dvar2":0.0108440937474,"max":1,"mean":0.0397611781955,"median":0,"min":0,"var":0.0381786562502},"spectral_centroid":{"dmean":118.788223267,"dmean2":176.46635437,"dvar":48755.046875,"dvar2":86688.6796875,"max":11670.2548828,"mean":769.839477539,"median":537.520751953,"min":189.630065918,"var":1022235.9375},"spectral_complexity":{"dmean":1.94536912441,"dmean2":3.08005070686,"dvar":4.46122264862,"dvar2":9.20356178284,"max":49,"mean":12.9983482361,"median":12,"min":0,"var":43.0863876343},"spectral_contrast_coeffs":{"dmean":[0.0368395373225,0.0417485199869,0.0343143939972,0.0291502196342,0.0226933024824,0.0184705071151],"dmean2":[0.0600802227855,0.0658789724112,0.0532542318106,0.047736428678,0.0359770618379,0.0294216871262],"dvar":[0.00102021964267,0.00120487972163,0.000781374052167,0.000586152717005,0.000392321613617,0.000348059838871],"dvar2":[0.00264637498185,0.00301753194071,0.00186848442536,0.00148050766438,0.000934105191845,0.000868394039571],"max":[-0.240591898561,-0.288053840399,-0.463347494602,-0.485630452633,-0.493697464466,-0.526070952415],"mean":[-0.553917169571,-0.631394803524,-0.730165719986,-0.747449874878,-0.737686276436,-0.765032410622],"median":[-0.558854937553,-0.632167458534,-0.731003761292,-0.747277021408,-0.737995862961,-0.772978842258],"min":[-0.976716578007,-0.974393606186,-0.978342175484,-0.970514655113,-0.971892058849,-0.96440166235],"var":[0.0136425057426,0.00797572173178,0.00513269426301,0.00487770745531,0.00595870381221,0.00416933419183]},"spectral_contrast_valleys":{"dmean":[0.292025029659,0.296089440584,0.272807985544,0.2470857054,0.227643728256,0.228441342711],"dmean2":[0.474231690168,0.480599284172,0.440216481686,0.398343622684,0.3443107903,0.334691375494],"dvar":[0.106023289263,0.087413944304,0.0825082063675,0.0786237493157,0.0966091528535,0.0980142876506],"dvar2":[0.211662635207,0.176100626588,0.160050734878,0.146931752563,0.17316865921,0.157647773623],"max":[-5.36071014404,-4.83495283127,-5.57806444168,-5.75963258743,-5.63997840881,-8.75582408905],"mean":[-7.56650876999,-7.13875865936,-8.3991060257,-8.84991550446,-9.16802883148,-12.7984390259],"median":[-6.90762424469,-6.81343889236,-8.09941864014,-8.42420768738,-9.00493717194,-13.0644855499],"min":[-28.7712574005,-27.9819259644,-28.0959758759,-27.7454319,-27.4769878387,-27.3977661133],"var":[4.89446163177,4.6239733696,4.14072751999,4.23383331299,4.20317459106,2.84979438782]},"spectral_decrease":{"dmean":1.82638626445e-9,"dmean2":2.77712897123e-9,"dvar":3.99590812076e-18,"dvar2":9.81302145055e-18,"max":1.83622060906e-28,"mean":-8.50218118131e-9,"median":-8.44181169413e-9,"min":-3.20754729444e-8,"var":1.83362598766e-17},"spectral_energy":{"dmean":0.00712501257658,"dmean2":0.0108211403713,"dvar":0.0000602548680035,"dvar2":0.0001481709769,"max":0.126697316766,"mean":0.0333974733949,"median":0.0331765338778,"min":1.0172738259e-20,"var":0.000280487642158},"spectral_energyband_high":{"dmean":0.0000667727726977,"dmean2":0.0000876123303897,"dvar":1.09574074258e-7,"dvar2":1.73067476794e-7,"max":0.0144397793338,"mean":0.000131787455757,"median":0.00000647556862532,"min":7.08944837511e-21,"var":4.01861655064e-7},"spectral_energyband_low":{"dmean":0.0024182011839,"dmean2":0.00382547336631,"dvar":0.0000193172127183,"dvar2":0.0000396233990614,"max":0.101073525846,"mean":0.00848616939038,"median":0.0061697922647,"min":1.32834299901e-23,"var":0.0000891027157195},"spectral_energyband_middle_high":{"dmean":0.000875515223015,"dmean2":0.00126518751495,"dvar":0.00000227844407164,"dvar2":0.0000048424576562,"max":0.0389475114644,"mean":0.00289735663682,"median":0.00151787255891,"min":9.57975719635e-22,"var":0.0000153768687596},"spectral_energyband_middle_low":{"dmean":0.00613422226161,"dmean2":0.00932796299458,"dvar":0.0000487283723487,"dvar2":0.000124258833239,"max":0.120237514377,"mean":0.0232414454222,"median":0.021905656904,"min":1.76046377416e-22,"var":0.000193085506908},"spectral_entropy":{"dmean":0.15348239243,"dmean2":0.223407775164,"dvar":0.0269648451358,"dvar2":0.0579379983246,"max":9.81729221344,"mean":6.35294342041,"median":6.37999200821,"min":3.8013150692,"var":0.613680779934},"spectral_flux":{"dmean":0.0164208617061,"dmean2":0.0268515814096,"dvar":0.000308673421387,"dvar2":0.000816251907963,"max":0.244642794132,"mean":0.0638737305999,"median":0.0598314106464,"min":6.41432740256e-11,"var":0.00115862826351},"spectral_kurtosis":{"dmean":10.9045124054,"dmean2":18.9455833435,"dvar":151.545120239,"dvar2":436.278015137,"max":170.517242432,"mean":27.0107212067,"median":16.0625209808,"min":-1.25006496906,"var":786.373840332},"spectral_rms":{"dmean":0.000591916847043,"dmean2":0.00088646291988,"dvar":3.37470481782e-7,"dvar2":8.2840693949e-7,"max":0.0111178746447,"mean":0.00545124150813,"median":0.00568923121318,"min":3.15033697913e-12,"var":0.00000286662452709},"spectral_rolloff":{"dmean":194.886230469,"dmean2":325.355743408,"dvar":378441.71875,"dvar2":790481.1875,"max":19552.1484375,"mean":888.420288086,"median":495.263671875,"min":43.06640625,"var":3552014},"spectral_skewness":{"dmean":0.752244651318,"dmean2":1.29171037674,"dvar":0.540529489517,"dvar2":1.56739604473,"max":10.4877319336,"mean":3.12012386322,"median":2.51939630508,"min":-0.202725231647,"var":3.83079504967},"spectral_spread":{"dmean":273529.875,"dmean2":436758.53125,"dvar":317789437952,"dvar2":509150298112,"max":42504540,"mean":2361900.25,"median":1849827.5,"min":509250.40625,"var":12452757504000},"spectral_strongpeak":{"dmean":0.46546086669,"dmean2":0.767076790333,"dvar":0.4310978055,"dvar2":1.06650900841,"max":11.8171854019,"mean":1.13317036629,"median":0.853053689003,"min":0,"var":1.01051068306},"zerocrossingrate":{"dmean":0.00440495321527,"dmean2":0.00534534594044,"dvar":0.0000647246633889,"dvar2":0.0000884297623998,"max":0.51611328125,"mean":0.0329227596521,"median":0.02392578125,"min":0.001953125,"var":0.00228065508418}},"metadata":{"audio_properties":{"analysis_sample_rate":44100,"bit_rate":0,"codec":"flac","downmix":"mix","equal_loudness":0,"length":182.759994507,"lossless":true,"md5_encoded":"92d044499cc724a79b3d036f836d80c5","replay_gain":-11.9269275665,"sample_rate":44100},"tags":{"album":["Favourite Worst Nightmare"],"albumartist":["Arctic Monkeys"],"albumartistsort":["Arctic Monkeys"],"artist":["Arctic Monkeys"],"artistsort":["Arctic Monkeys"],"asin":["B000NA2UMS"],"barcode":["5034202018810"],"catalognumber":["WIGLP188"],"date":["2007-04-23"],"discnumber":["1"],"disctotal":["1"],"file_name":"01-06 Only Ones Who Know.flac","isrc":["GBCEL0700068"],"label":["Domino"],"media":["12\" Vinyl"],"musicbrainz_albumartistid":["ada7a83c-e3e1-40f1-93f9-3e73dbc9298a"],"musicbrainz_albumid":["8d5e7b96-4b32-36df-ac7c-17fc113d2fdf"],"musicbrainz_artistid":["ada7a83c-e3e1-40f1-93f9-3e73dbc9298a"],"musicbrainz_recordingid":["fd081a38-5bb3-43aa-94c5-d50743ec23cf"],"musicbrainz_releasegroupid":["f113fa38-7908-3ec9-8145-d2455e78a8b2"],"originaldate":["2007-04-18"],"releasecountry":["GB"],"releasestatus":["official"],"releasetype":["album"],"script":["Latn"],"title":["Only Ones Who Know"],"totaldiscs":["1"],"totaltracks":["12"],"tracknumber":["6"],"tracktotal":["12"]},"version":{"essentia":"2.1-beta1","essentia_build_sha":"ca57ba49d9b1854bd80e60cf9ccf267278fb7d6b","essentia_git_sha":"v2.1_beta1-28-g21ef5f4-dirty","extractor":"music 1.0"}},"rhythm":{"beats_count":327,"beats_loudness":{"dmean":0.0157226882875,"dmean2":0.0275003071874,"dvar":0.000216882908717,"dvar2":0.000692936708219,"max":0.102039046586,"mean":0.0358151309192,"median":0.0352601744235,"min":0,"var":0.000341946317349},"beats_loudness_band_ratio":{"dmean":[0.191375866532,0.191818475723,0.176034241915,0.0400290004909,0.0494630746543,0.0129366694018],"dmean2":[0.332821309566,0.3265