{"lowlevel":{"average_loudness":0.712946593761,"barkbands":{"dmean":[0.0000340828410117,0.00108843203634,0.000584955967497,0.000453322427347,0.000677412899677,0.000821918423753,0.000416685565142,0.001706366078,0.000521596288309,0.000832573976368,0.000377900083549,0.000232335674809,0.00020140100969,0.000207606746699,0.000451800355222,0.000189237078303,0.000203136180062,0.000100928416941,0.000177930720383,0.000113911555673,0.0000327074340021,0.0000184388864,0.0000168376755028,0.0000207083012356,0.0000055906803027,3.53445301471e-7,2.53170684417e-9],"dmean2":[0.0000539799475519,0.00164772430435,0.000852994038723,0.000674573879223,0.000998596660793,0.00129942048807,0.000608128961176,0.00239015184343,0.000793022103608,0.00120463746134,0.000562323897611,0.000353722658474,0.000297836144455,0.000307262002025,0.000733709952328,0.000310542149236,0.000339022575645,0.000161949879839,0.000302096828818,0.000189741753275,0.0000497358196299,0.000027293621315,0.0000245704704867,0.0000286912654701,0.00000808993900137,5.30510305907e-7,4.40764180709e-9],"dvar":[2.89119999053e-8,0.00000519697596246,0.00000200131125894,0.00000230563000514,0.00000124023938497,0.00000214471947402,0.00000118805382954,0.0000229473807849,0.000007394649856,0.0000197335066332,0.00000140937834203,0.00000148449498738,0.00000124258872347,0.00000102552940007,0.00000150693676915,3.93727816572e-7,2.30159528769e-7,6.35776942204e-8,1.1499696484e-7,5.78491778924e-8,7.39587013854e-9,5.0314485911e-9,5.50388667975e-9,8.78368222601e-9,7.5365336194e-10,3.00694538713e-12,3.87295094871e-17],"dvar2":[8.03709454544e-8,0.0000122410901895,0.00000366410495189,0.00000466409574074,0.00000289169520329,0.0000058028776948,0.0000026642389912,0.000044167143642,0.000016182071704,0.0000407973675465,0.00000295891891255,0.00000312755400955,0.00000263052402261,0.00000191163508134,0.00000369984286408,8.78722744346e-7,6.12496819485e-7,1.43078253245e-7,3.2487045587e-7,1.463231456e-7,1.46210767937e-8,1.06361150998e-8,1.12274021191e-8,1.47881298318e-8,1.49386447656e-9,6.01631114719e-12,9.98012467287e-17],"max":[0.00403017038479,0.0462913475931,0.067936822772,0.0743693560362,0.0269235186279,0.0254042949528,0.0302478466183,0.165355741978,0.140043660998,0.219347581267,0.0387093983591,0.089064873755,0.0424215048552,0.041714861989,0.0331262536347,0.0273751877248,0.0170499477535,0.00710561592132,0.00616415916011,0.00889118947089,0.00391843169928,0.00254669296555,0.00359880947508,0.00515445414931,0.0017429018626,0.0000792662249296,4.6526312758e-7],"mean":[0.0000479505943076,0.00514249550179,0.00217778398655,0.00132918765303,0.002341150539,0.00180727906991,0.000938541197684,0.0033467784524,0.000861508422531,0.00157744903117,0.000710366119165,0.00040679180529,0.000322573643643,0.000376075826352,0.000678850803524,0.000297221529763,0.000341299397405,0.000183498152182,0.000317038648063,0.000240282242885,0.0000840729262563,0.0000452125132142,0.0000396474533773,0.0000514352213941,0.0000116388864626,5.06449907789e-7,4.49591563978e-9],"median":[0.00000497077780892,0.00348747614771,0.000877973565366,0.000319194077747,0.0015593447024,0.000916818971746,0.000378248252673,0.000705460028257,0.00013391514949,0.000248100695899,0.00019413192058,0.0000845677859616,0.0000329605973093,0.000054288735555,0.00012855323439,0.0000773956126068,0.0000974049471552,0.0000460831615783,0.000146093618241,0.0000983054633252,0.0000115543143693,0.00000120867321129,3.18548956102e-7,1.28211794959e-7,6.58491217109e-8,4.76023345186e-8,4.05511357826e-9],"min":[9.15130480683e-26,2.30801018788e-24,1.25490385498e-24,1.24960941502e-24,7.06461070455e-24,6.79701961917e-24,6.17947760889e-24,8.41510665327e-24,1.79315136173e-23,2.27037071531e-23,1.31782953418e-23,2.9513545762e-23,2.84447749195e-23,2.46191434725e-23,3.86058366487e-23,7.0593830811e-23,4.6425429838e-23,1.16689138137e-22,1.38743253045e-22,1.32381045668e-22,2.28779759934e-22,2.4915599925e-22,4.09140878336e-22,5.41421517788e-22,9.02802207323e-22,1.18403523473e-21,1.79698747872e-21],"var":[3.56854137351e-8,0.0000342801031366,0.0000181124760275,0.0000127916646306,0.00000620579885435,0.00000571333566768,0.00000323567974192,0.0000782931674621,0.00001468235223,0.000057588051277,0.00000407838160754,0.00000338145741807,0.00000274451485893,0.00000316836781167,0.00000284560269392,8.079895224e-7,5.15521946909e-7,1.83044576829e-7,2.42480240331e-7,1.96374912775e-7,3.82182676617e-8,2.11346087298e-8,1.83884640848e-8,2.88190840081e-8,2.32167329806e-9,7.00244766685e-12,3.77956854413e-17]},"barkbands_crest":{"dmean":1.90358626842,"dmean2":2.96701478958,"dvar":3.68609118462,"dvar2":8.85816764832,"max":24.918088913,"mean":11.1646299362,"median":10.4636831284,"min":3.17697048187,"var":16.9321517944},"barkbands_flatness_db":{"dmean":0.014458223246,"dmean2":0.0223092548549,"dvar":0.000189240352483,"dvar2":0.000421736360295,"max":0.444153010845,"mean":0.213398963213,"median":0.214140489697,"min":0.0367444232106,"var":0.00309056672268},"barkbands_kurtosis":{"dmean":1.9206662178,"dmean2":2.9892976284,"dvar":43.381526947,"dvar2":93.7496490479,"max":835.612426758,"mean":4.86296653748,"median":2.27027082443,"min":-1.85578167439,"var":584.67565918},"barkbands_skewness":{"dmean":0.356667041779,"dmean2":0.542049705982,"dvar":0.129950851202,"dvar2":0.286042243242,"max":22.3170757294,"mean":1.52948772907,"median":1.40614783764,"min":-2.26300883293,"var":1.68315315247},"barkbands_spread":{"dmean":3.76769733429,"dmean2":5.91889429092,"dvar":18.2375926971,"dvar2":42.9387359619,"max":119.252853394,"mean":17.6458492279,"median":15.649520874,"min":0.300162643194,"var":109.07925415},"dissonance":{"dmean":0.0214692912996,"dmean2":0.0364166051149,"dvar":0.000426877348218,"dvar2":0.00118468992878,"max":0.5,"mean":0.452402591705,"median":0.458823502064,"min":0.230562284589,"var":0.00100062123965},"dynamic_complexity":3.37355566025,"erbbands":{"dmean":[0.0221957936883,0.275600671768,0.696554303169,1.01829779148,1.84371650219,2.26592969894,4.80873680115,7.65857076645,6.45244026184,16.1578273773,34.7908821106,13.6850147247,13.9671278,26.0443687439,15.4192714691,9.83163166046,8.54018592834,10.3250055313,21.5004577637,13.8724021912,7.7071762085,8.02368450165,6.64418649673,7.20585775375,7.59731578827,5.81296682358,2.28330540657,1.1210167408,0.710769236088,0.442920774221,0.496607631445,0.458812743425,0.335936129093,0.0983388721943,0.0222982317209,0.00362803530879,0.000234855309827,0.0000134770461955,0.0000030180531212,0.00000588071407037],"dmean2":[0.0352733954787,0.410248965025,1.00713670254,1.50633049011,2.73896455765,3.35048699379,7.39276218414,12.2209911346,9.43818378448,21.7879676819,49.7902946472,20.3304615021,20.3719444275,36.9759902954,22.9968395233,14.7652139664,12.4468374252,15.1269922256,34.5472564697,22.3304920197,12.6879320145,13.3118066788,10.69921875,12.1664419174,12.7418403625,9.61222267151,3.66863703728,1.698818326,1.03855586052,0.643373370171,0.72489887476,0.645435452461,0.480211138725,0.139470979571,0.0315986312926,0.00520108733326,0.000362998544006,0.0000210879716178,0.00000420536662205,0.00000834942602523],"dvar":[0.00439111050218,0.30366948247,2.48125767708,9.28876209259,16.1155185699,16.5229148865,71.9835510254,213.704925537,330.612060547,1181.55505371,15831.9492188,4429.45800781,6901.46777344,22614.609375,2676.63720703,3083.08203125,1761.42358398,2755.28051758,3556.25927734,2456.21923828,390.307769775,344.776885986,291.858306885,221.072921753,387.17401123,213.167617798,18.8296260834,9.73367500305,8.49766254425,2.94846820831,5.53930950165,4.98892498016,2.03228378296,0.2026039958,0.0149757293984,0.00035640745773,0.0000012377748817,1.67942981744e-9,2.69171525347e-11,8.52544215779e-11],"dvar2":[0.0115947173908,0.683383226395,4.58750200272,18.8022327423,35.0274543762,35.7468070984,175.315261841,600.052307129,770.978088379,2201.48535156,30463.5371094,9525.89257812,14889.6679688,44794.7304688,6106.20117188,6369.34375,3545.828125,5437.72265625,8770.89746094,5679.85693359,991.61151123,910.711975098,686.071044922,610.420532227,1082.66723633,521.306335449,41.8992881775,19.9233798981,17.4585456848,5.88049840927,11.6659173965,8.1332988739,3.96196436882,0.405547469854,0.0314622484148,0.00067363207927,0.00000275294132734,3.59507956738e-9,4.81306106082e-11,1.67160382758e-10],"max":[1.69833648205,12.9179267883,71.9641189575,120.609695435,153.2290802,108.638557434,248.766616821,287.296905518,499.343933105,1103.46887207,4539.98388672,3340.44262695,3839.17773438,8181.90771484,1517.59509277,4357.83398438,1962.99890137,1876.0489502,1740.99499512,1807.97314453,1045.91174316,528.012084961,485.627929688,374.689208984,451.658905029,601.890380859,177.313430786,130.050643921,123.551818848,85.2638320923,104.644393921,130.822601318,54.5407676697,21.8690719604,9.49943733215,1.19612693787,0.0472977608442,0.00155679916497,0.000181268842425,0.000286612310447],"mean":[0.0909744128585,1.33931314945,2.92257738113,3.40160942078,5.9978518486,7.85107278824,11.3570346832,15.6568231583,14.6825838089,35.2423858643,64.9671096802,24.5789928436,28.3550300598,49.8479156494,29.7822341919,18.0632095337,15.6522436142,20.3768291473,34.480846405,24.537147522,14.2483005524,15.2573785782,13.0165157318,12.5982303619,14.6262607574,12.5426464081,5.40659189224,2.9740960598,1.79905772209,1.11286497116,1.18069052696,1.11347603798,0.782631874084,0.221379131079,0.0442873127759,0.00624211411923,0.000398589123506,0.0000350253649231,0.0000146609227158,0.0000280175536318],"median":[0.0493780747056,0.916749596596,1.43929219246,1.21329748631,3.32483363152,4.41489839554,6.6245136261,7.35635328293,6.45396471024,12.5239276886,10.0097494125,4.65586805344,6.6003112793,9.31606388092,8.36866950989,4.30632781982,2.31868743896,2.98167490959,6.06929683685,6.84900665283,5.61959791183,4.65883493423,3.67262983322,6.12144899368,5.20979738235,5.0066742897,2.14259958267,0.446727633476,0.087969571352,0.0141173675656,0.00906609930098,0.00420973496512,0.00169821258169,0.000825723866001,0.000463686941657,0.00023157124815,0.000099947952549,0.0000223315219046,0.0000105512008304,0.0000216777862079],"min":[1.04954876348e-22,6.45422112255e-22,2.6738526463e-21,3.90025917797e-21,1.72446769008e-20,1.40606567747e-20,3.30880419892e-20,7.02163765946e-20,9.1956899678e-20,2.18752023043e-19,2.61552415888e-19,3.09378809834e-19,5.74786766256e-19,8.22467699314e-19,4.68678053531e-19,1.42630401471e-18,1.80093618208e-18,2.29747595339e-18,2.36463516092e-18,2.76750541325e-18,3.48280095576e-18,3.52951887599e-18,5.54977227812e-18,5.90337296483e-18,7.36390426572e-18,7.15779898121e-18,8.6722938909e-18,1.04544644468e-17,8.70200952723e-18,1.17374414292e-17,1.16138457565e-17,8.99440133015e-18,8.97981400005e-18,8.73028421493e-18,6.7072444549e-18,3.75601044028e-18,2.11682922019e-18,9.61767240914e-19,2.24036207893e-19,2.52826170951e-20],"var":[0.015837283805,2.35292196274,23.3740139008,48.0945549011,78.7528305054,97.1540756226,207.770645142,484.668212891,694.893493652,4751.01367188,51464.9726562,9585.09375,17144.265625,69013.2265625,6718.55957031,7176.10009766,4816.30224609,8607.78417969,6958.01269531,5488.453125,747.426879883,892.059753418,872.259094238,405.352142334,861.171508789,726.937072754,82.4231948853,54.1584434509,36.4070739746,12.3816356659,17.8614845276,15.1219940186,6.96494197845,0.691520512104,0.0339903794229,0.000924161169678,0.00000226242900681,3.64977292833e-9,1.9192473999e-10,5.76292180643e-10]},"erbbands_crest":{"dmean":2.7809855938,"dmean2":4.39627218246,"dvar":7.23560190201,"dvar2":17.5832901001,"max":31.8424549103,"mean":10.7348403931,"median":9.53736305237,"min":2.31258630753,"var":24.6260108948},"erbbands_flatness_db":{"dmean":0.0135334292427,"dmean2":0.0201323032379,"dvar":0.000166901314515,"dvar2":0.000355812138878,"max":0.365216135979,"mean":0.223175734282,"median":0.225573807955,"min":0.0398411490023,"var":0.00171453040093},"erbbands_kurtosis":{"dmean":0.89206969738,"dmean2":1.41739058495,"dvar":1.87539494038,"dvar2":4.37496042252,"max":31.869758606,"mean":0.22115214169,"median":-0.378011465073,"min":-1.87203633785,"var":4.30177021027},"erbbands_skewness":{"dmean":0.36175301671,"dmean2":0.553332269192,"dvar":0.115101501346,"dvar2":0.263542979956,"max":5.00239562988,"mean":0.390014439821,"median":0.367969214916,"min":-2.76479053497,"var":0.597043216228},"erbbands_spread":{"dmean":6.39326620102,"dmean2":9.95423030853,"dvar":36.2014122009,"dvar2":81.0795211792,"max":155.139266968,"mean":34.7198753357,"median":33.2065696716,"min":2.28638243675,"var":240.757659912},"gfcc":{"cov":[[17750.1679688,188.499298096,-2692.47192383,1258.57739258,-1679.34606934,642.923278809,-687.155212402,79.5846405029,-3.75811338425,-180.768829346,64.8342132568,-362.689697266,369.061187744],[188.499298096,1829.29223633,32.1913871765,-399.124938965,817.356506348,-756.241882324,388.174407959,-41.5878067017,-134.341720581,42.3710289001,-20.1507358551,15.7271718979,-82.1799087524],[-2692.47192383,32.1913871765,932.558532715,-218.378204346,182.9715271,222.403884888,10.7154407501,17.1093730927,45.6899719238,-17.6374645233,-9.65042304993,64.8116226196,-88.2928161621],[1258.57739258,-399.124938965,-218.378204346,569.670593262,-143.076538086,50.5131149292,-23.5061836243,48.5134925842,45.9997444153,-2.42832517624,-6.87498903275,-64.9444274902,70.2445144653],[-1679.34606934,817.356506348,182.9715271,-143.076538086,817.375488281,-497.365447998,317.237060547,17.0836029053,-82.4404983521,60.5031242371,-27.9133014679,42.2738265991,-45.8784713745],[642.923278809,-756.241882324,222.403884888,50.5131149292,-497.365447998,838.614501953,-263.788299561,5.98936700821,84.1011581421,-80.7801437378,45.8378105164,10.8138570786,54.7422676086],[-687.155212402,388.174407959,10.7154407501,-23.5061836243,317.237060547,-263.788299561,360.692230225,0.0303717330098,-71.1234817505,71.4077224731,9.11890506744,39.8335456848,-21.4675998688],[79.5846405029,-41.5878067017,17.1093730927,48.5134925842,17.0836029053,5.98936700821,0.0303717330098,156.616241455,95.9885559082,30.4451370239,4.87813711166,-16.9719600677,4.90894603729],[-3.75811338425,-134.341720581,45.6899719238,45.9997444153,-82.4404983521,84.1011581421,-71.1234817505,95.9885559082,201.343826294,41.0167045593,0.120010495186,-33.6277427673,9.75493526459],[-180.768829346,42.3710289001,-17.6374645233,-2.42832517624,60.5031242371,-80.7801437378,71.4077224731,30.4451370239,41.0167045593,125.974838257,14.218170166,9.10558223724,-0.603226184845],[64.8342132568,-20.1507358551,-9.65042304993,-6.87498903275,-27.9133014679,45.8378105164,9.11890506744,4.87813711166,0.120010495186,14.218170166,97.2011642456,40.5757637024,8.33686447144],[-362.689697266,15.7271718979,64.8116226196,-64.9444274902,42.2738265991,10.8138570786,39.8335456848,-16.9719600677,-33.6277427673,9.10558223724,40.5757637024,122.874404907,24.0650138855],[369.061187744,-82.1799087524,-88.2928161621,70.2445144653,-45.8784713745,54.7422676086,-21.4675998688,4.90894603729,9.75493526459,-0.603226184845,8.33686447144,24.0650138855,114.059211731]],"icov":[[0.000745084544178,-0.00213455385529,0.00191481667571,-0.00187095312867,0.00160631164908,-0.00176672881935,0.00123131705914,-0.00128958176356,0.00106627168134,-0.000652943039313,0.000604856060818,-0.000442936929176,0.000421576580266],[-0.00213455385529,0.00759190227836,-0.005396226421,0.00625049974769,-0.00546817621216,0.00576160801575,-0.00406075036153,0.00396936386824,-0.00324699748307,0.00257150270045,-0.00232051033527,0.00210384139791,-0.00153272389434],[0.00191481667571,-0.005396226421,0.00683417730033,-0.0044517009519,0.00309105031192,-0.00563867297024,0.0031321446877,-0.00321491062641,0.00191651564091,-0.00136877258774,0.00231131445616,-0.00232256925665,0.00277558201924],[-0.00187095312867,0.00625049974769,-0.0044517009519,0.00754144135863,-0.00423377053812,0.00479261763394,-0.0038887753617,0.00281764590181,-0.00289074820466,0.00230345246382,-0.00193037139252,0.00288040237501,-0.00259675295092],[0.00160631164908,-0.00546817621216,0.00309105031192,-0.00423377053812,0.00702861417085,-0.00261599128135,0.00151180813555,-0.00370352645405,0.00300704920664,-0.00161122973077,0.00186830456369,-0.00134405877907,0.000270748569164],[-0.00176672881935,0.00576160801575,-0.00563867297024,0.00479261763394,-0.00261599128135,0.00734458817169,-0.00274075660855,0.00304928352125,-0.00271912664175,0.00268560252152,-0.00279645435512,0.00159979972523,-0.00255931867287],[0.00123131705914,-0.00406075036153,0.0031321446877,-0.0038887753617,0.00151180813555,-0.00274075660855,0.00750865414739,-0.00261588906869,0.00352185894735,-0.0036970898509,0.000739211624023,-0.00190538808238,0.00138613185845],[-0.00128958176356,0.00396936386824,-0.00321491062641,0.00281764590181,-0.00370352645405,0.00304928352125,-0.00261588906869,0.0119671570137,-0.00667997216806,0.0010393493576,-0.00189245725051,0.00123351882212,-0.000696995703038],[0.00106627168134,-0.00324699748307,0.00191651564091,-0.00289074820466,0.00300704920664,-0.00271912664175,0.00352185894735,-0.00667997216806,0.0109908385202,-0.0045088371262,0.000893840449862,0.00128199812025,-0.000360462872777],[-0.000652943039313,0.00257150270045,-0.00136877258774,0.00230345246382,-0.00161122973077,0.00268560252152,-0.0036970898509,0.0010393493576,-0.0045088371262,0.0120353037491,-0.00216274219565,0.0000475595406897,-0.000592963886447],[0.000604856060818,-0.00232051033527,0.00231131445616,-0.00193037139252,0.00186830456369,-0.00279645435512,0.000739211624023,-0.00189245725051,0.000893840449862,-0.00216274219565,0.013868576847,-0.0055696927011,0.00173673650716],[-0.000442936929176,0.00210384139791,-0.00232256925665,0.00288040237501,-0.00134405877907,0.00159979972523,-0.00190538808238,0.00123351882212,0.00128199812025,0.0000475595406897,-0.0055696927011,0.0135665778071,-0.00490759965032],[0.000421576580266,-0.00153272389434,0.00277558201924,-0.00259675295092,0.000270748569164,-0.00255931867287,0.00138613185845,-0.000696995703038,-0.000360462872777,-0.000592963886447,0.00173673650716,-0.00490759965032,0.0126110715792]],"mean":[-76.3770446777,158.218460083,-136.581253052,34.3103675842,-39.8096466064,-12.7087345123,-20.7535114288,7.66099214554,-18.719329834,-1.49391448498,-4.8094625473,-11.7266550064,3.10217499733]},"hfc":{"dmean":3.68711662292,"dmean2":5.34399175644,"dvar":42.2338142395,"dvar2":82.3729476929,"max":214.78125,"mean":15.2123565674,"median":9.56478977203,"min":1.09855852067e-16,"var":314.352020264},"melbands":{"dmean":[0.000249380798778,0.000364416046068,0.000196830369532,0.000139707684866,0.000155779096531,0.000164951736224,0.0000918522200664,0.000214831437916,0.000283096334897,0.000069310386607,0.0000717068323866,0.000111664056021,0.0000566173657717,0.0000270611417363,0.0000205224805541,0.0000208535184356,0.0000203171257454,0.0000309521128656,0.0000303840533888,0.0000177230704139,0.0000091960419013,0.00000950787580223,0.0000113792093543,0.00000337899859915,0.00000690256592861,0.00000597144662606,0.00000379099947168,0.0000044341463763,0.0000021090854716,9.23268260067e-7,6.46472358312e-7,4.68893119887e-7,2.97328767829e-7,2.67303079227e-7,3.1223686392e-7,3.16100653208e-7,3.08926985326e-7,2.87446113134e-7,1.62430580986e-7,7.05241092191e-8],"dmean2":[0.000385761406505,0.00052794959629,0.000288070703391,0.000208923811442,0.000235884363065,0.000262209621724,0.00013411976397,0.000291692063911,0.000405227008741,0.000104206053948,0.000104974576971,0.000159439674462,0.0000832174919196,0.0000413095767726,0.0000308664239128,0.0000306091969833,0.0000296897742373,0.000049146306992,0.0000496226275573,0.0000290598836727,0.0000151939220814,0.0000158208531502,0.0000186478100659,0.00000545039347344,0.0000116810106192,0.0000101233999885,0.00000613847532804,0.00000738629705666,0.00000351382186636,0.00000141922839703,9.94801553134e-7,6.94026994097e-7,4.33874816963e-7,3.96439133965e-7,4.60494618437e-7,4.65600550115e-7,4.39428561094e-7,4.19628491954e-7,2.38171509181e-7,1.02992650852e-7],"dvar":[3.45680632563e-7,5.4098433111e-7,2.96212334661e-7,7.37954977126e-8,6.37517132418e-8,9.39810718137e-8,6.51535643215e-8,2.24616258038e-7,0.00000109869824882,1.35428720682e-7,1.79957950763e-7,4.4251635245e-7,3.08394056958e-8,1.48207925932e-8,1.25410979379e-8,1.60698778728e-8,1.12124363127e-8,7.42693506695e-9,6.4808549638e-9,3.73566200196e-9,8.31678448332e-10,5.6317117636e-10,1.00232089295e-9,7.22741241854e-11,2.26548405036e-10,2.86061341281e-10,6.14132286691e-11,1.15988267602e-10,1.67237890203e-11,6.21024932868e-12,4.30345039118e-12,3.89171030471e-12,1.32714694269e-12,1.29134604485e-12,2.2667338926e-12,2.01279487869e-12,2.73122952206e-12,1.52898126018e-12,5.54147331321e-13,1.14314983803e-13],"dvar2":[8.6087800355e-7,0.00000107274092898,5.94116272623e-7,1.75284583293e-7,1.51037696128e-7,2.600099549e-7,1.47994796862e-7,4.37256886698e-7,0.00000210149164559,2.95882330192e-7,3.89653052935e-7,8.86682755663e-7,6.56356036188e-8,3.07237364439e-8,2.71451341405e-8,3.66333416935e-8,2.09025365905e-8,1.75177401474e-8,1.57879185281e-8,8.65515303872e-9,2.17778239886e-9,1.49815526651e-9,2.64148503071e-9,1.52218043725e-10,6.28716079198e-10,8.18242251732e-10,1.49665321802e-10,2.78404188592e-10,4.28876933967e-11,1.36758928834e-11,9.22262006348e-12,8.11057297712e-12,2.57995100977e-12,2.71781338754e-12,4.97808131522e-12,4.13789271944e-12,4.90067752004e-12,3.02679300894e-12,1.0793409352e-12,2.50298452754e-13],"max":[0.0119165824726,0.0267363637686,0.0245420727879,0.00754268374294,0.00649880431592,0.00560575071722,0.00665403576568,0.0152410976589,0.0352672711015,0.0184035897255,0.0188874918967,0.0362961106002,0.00552361505106,0.00658348854631,0.00813211780041,0.00457362784073,0.00360005837865,0.00231034588069,0.00196888833307,0.00234732986428,0.00175031123217,0.000870074203704,0.00101234915201,0.000289670773782,0.00035760216997,0.000370843801647,0.000236741718254,0.000558932195418,0.000143180121086,0.000099329459772,0.000108171858301,0.0000919422673178,0.0000533248530701,0.0000537892374268,0.0000649162902846,0.0000666537234792,0.0000952960763243,0.0000494960768265,0.0000494995474583,0.0000177299989446],"mean":[0.00116943719331,0.0016908084508,0.000677628733683,0.00051158934366,0.000402294419473,0.000348272093106,0.000208221696084,0.000447995669674,0.000519622815773,0.000120173674077,0.000140759628266,0.000208345634746,0.000107891239168,0.0000481648421555,0.0000372266767954,0.0000340964325005,0.000038207788748,0.0000491973587486,0.0000468276812171,0.0000285861842713,0.0000152409966176,0.0000160988529387,0.0000189807742572,0.00000614816644884,0.000010768071661,0.000010420894796,0.00000771444501879,0.00000875926798471,0.00000410176198784,0.00000212721374737,0.00000150815515099,0.00000108157973955,6.83557175307e-7,5.85880911785e-7,6.74347461427e-7,6.8241831741e-7,6.84821259256e-7,6.2710171278e-7,3.39388662951e-7,1.34938147767e-7],"median":[0.000767538673244,0.00106500985567,0.000306053116219,0.000315236364258,0.000249774078839,0.000167304227944,0.0000828972988529,0.00014140237181,0.0000653151000733,0.000023687040084,0.0000284703710349,0.0000346447413904,0.0000285910591629,0.0000119298902064,0.00000804197861726,0.00000326484450852,0.00000464731920147,0.00000783630639489,0.0000104309265225,0.00000650501442578,0.00000581017684453,0.0000044783919293,0.0000031159459013,0.0000023819100079,0.00000404562251788,0.00000285342844109,0.00000294437268167,0.00000325535506818,0.00000170647160758,1.94299701661e-7,2.03233454954e-7,4.16994510033e-8,5.59195045824e-9,5.6909428281e-9,5.00662755698e-9,4.03530675541e-9,1.93377469593e-9,1.22502075151e-9,7.74072750342e-10,6.26146745564e-10],"min":[7.874980494e-25,1.13304999007e-24,1.53273228416e-24,8.23757054832e-25,1.22222065743e-24,1.90336911414e-24,1.34937320244e-24,2.44502822737e-24,1.67256359885e-24,2.05055320412e-24,2.03014182263e-24,3.01585606421e-24,1.34303884658e-24,2.93252336198e-24,2.87519131797e-24,3.14815316561e-24,3.95731363129e-24,3.21226073594e-24,3.97949087792e-24,4.16759042204e-24,3.87833800506e-24,3.23671719894e-24,3.62042663741e-24,4.62900975943e-24,4.00509966949e-24,4.52847101478e-24,4.21348161634e-24,3.96245897655e-24,4.48319197654e-24,4.45435950489e-24,3.95865627255e-24,4.79088677819e-24,3.89219986888e-24,5.78842663639e-24,6.15949300114e-24,4.56272256642e-24,5.42187610589e-24,6.31219043998e-24,6.40881051809e-24,6.48105834409e-24],"var":[0.00000181656491804,0.00000472065448776,0.00000162319599895,3.92160558249e-7,2.18805425334e-7,2.3085901546e-7,1.46410485513e-7,8.09199377727e-7,0.00000352734286935,2.74796207123e-7,4.3987540721e-7,0.00000133280855152,9.0665253083e-8,3.48448416787e-8,3.16077866103e-8,3.48761552971e-8,3.57575373755e-8,1.57343986729e-8,1.24854278027e-8,8.39068281522e-9,1.16550180618e-9,1.29461275034e-9,2.22655316406e-9,2.1361135083e-10,4.01178229525e-10,5.75713476891e-10,1.78376244331e-10,3.92865129317e-10,4.61570573429e-11,2.63438663245e-11,1.96134219976e-11,1.53203161962e-11,5.82429287091e-12,4.35539755303e-12,6.95050917862e-12,5.80014682117e-12,6.55770056313e-12,4.71027166923e-12,1.96476146984e-12,2.82775728831e-13]},"melbands_crest":{"dmean":2.2275993824,"dmean2":3.46835899353,"dvar":5.72765731812,"dvar2":13.7607774734,"max":34.9241943359,"mean":14.7134046555,"median":13.8981571198,"min":1.00229156017,"var":28.0579109192},"melbands_flatness_db":{"dmean":0.0164192914963,"dmean2":0.0244299136102,"dvar":0.000270071643172,"dvar2":0.000537726969924,"max":0.59665620327,"mean":0.282066822052,"median":0.291701614857,"min":-6.55774897496e-7,"var":0.00846346840262},"melbands_kurtosis":{"dmean":4.06098270416,"dmean2":6.23671340942,"dvar":65.5234375,"dvar2":153.25881958,"max":823.762268066,"mean":12.0738353729,"median":7.0761051178,"min":-1.68252968788,"var":730.637390137},"melbands_skewness":{"dmean":0.500701785088,"dmean2":0.746633708477,"dvar":0.250767439604,"dvar2":0.527868688107,"max":21.7718009949,"mean":2.44990873337,"median":2.23377418518,"min":-2.3987402916,"var":2.38362240791},"melbands_spread":{"dmean":4.24784660339,"dmean2":6.63267183304,"dvar":28.5207805634,"dvar2":65.70677948,"max":161.538650513,"mean":19.6948013306,"median":15.5419921875,"min":0.283704012632,"var":287.042419434},"mfcc":{"cov":[[8966.51757812,-1775.49243164,-136.171737671,-225.81350708,-352.995300293,266.085540771,-380.364990234,-18.3833408356,55.3962631226,62.8624954224,-231.441482544,216.588790894,-244.318847656],[-1775.49243164,2800.37060547,-667.632751465,585.97088623,156.737503052,-335.447143555,376.010955811,-87.9326171875,-19.8822975159,42.6168174744,15.8199129105,-163.27053833,173.704910278],[-136.171737671,-667.632751465,923.518310547,-527.383422852,76.1700057983,261.33984375,-158.064193726,133.345291138,-14.9662332535,-23.9248943329,79.9986419678,38.3646087646,-78.4860610962],[-225.81350708,585.97088623,-527.383422852,836.754760742,20.4264888763,-211.707168579,175.846069336,-64.1893234253,67.8345336914,58.2043533325,-63.1184844971,9.47980690002,106.506347656],[-352.995300293,156.737503052,76.1700057983,20.4264888763,265.921905518,-7.07086420059,-7.39778900146,45.0659561157,38.282043457,50.4285621643,12.5887355804,-33.9853248596,14.8788976669],[266.085540771,-335.447143555,261.33984375,-211.707168579,-7.07086420059,272.314178467,14.5418787003,49.2678146362,-8.47281360626,-43.0009002686,18.4336166382,10.9812726974,-58.0199203491],[-380.364990234,376.010955811,-158.064193726,175.846069336,-7.39778900146,14.5418787003,280.641998291,11.5992908478,-9.88621520996,-32.3675689697,-21.4031047821,4.05998468399,26.4061374664],[-18.3833408356,-87.9326171875,133.345291138,-64.1893234253,45.0659561157,49.2678146362,11.5992908478,128.696304321,9.14120864868,1.60502755642,20.7402744293,9.50305652618,5.87722730637],[55.3962631226,-19.8822975159,-14.9662332535,67.8345336914,38.282043457,-8.47281360626,-9.88621520996,9.14120864868,147.526779175,48.0846824646,14.0269060135,23.1100769043,0.125036746264],[62.8624954224,42.6168174744,-23.9248943329,58.2043533325,50.4285621643,-43.0009002686,-32.3675689697,1.60502755642,48.0846824646,156.761077881,37.0659828186,8.19582557678,14.9880924225],[-231.441482544,15.8199129105,79.9986419678,-63.1184844971,12.5887355804,18.4336166382,-21.4031047821,20.7402744293,14.0269060135,37.0659828186,136.077438354,21.7413406372,8.96012115479],[216.588790894,-163.27053833,38.3646087646,9.47980690002,-33.9853248596,10.9812726974,4.05998468399,9.50305652618,23.1100769043,8.19582557678,21.7413406372,131.547897339,15.8963975906],[-244.318847656,173.704910278,-78.4860610962,106.506347656,14.8788976669,-58.0199203491,26.4061374664,5.87722730637,0.125036746264,14.9880924225,8.96012115479,15.8963975906,105.931755066]],"icov":[[0.000175001594471,0.0000317654521496,0.000199031361262,0.00000256339194493,0.000148837643792,-0.000281735236058,0.000311503594276,-0.000178059519385,0.0000205792948691,-0.00021323285182,0.000367346627172,-0.000329245085595,0.000301914726151],[0.0000317654521496,0.000706388731487,0.000141316049849,-0.0000306766123686,-0.000343591062119,0.000553686870262,-0.000854324898683,0.000343682331732,0.0000767498931964,4.10967516018e-7,-0.000455013447208,0.000771871535107,-0.000481591239804],[0.000199031361262,0.000141316049849,0.00271473149769,0.000820529588964,-0.000604124506935,-0.00162704638205,0.00118341541383,-0.00150452984963,0.000270950433332,-0.0000640886573819,-0.000081707672507,-0.00105012557469,0.000569134776015],[0.00000256339194493,-0.0000306766123686,0.000820529588964,0.00246008322574,-0.000265145645244,0.000706612423528,-0.00101436569821,0.000295533798635,-0.000877563841641,-0.000498724286444,0.000749846512917,-0.000384257786209,-0.0010827149963],[0.000148837643792,-0.000343591062119,-0.000604124506935,-0.000265145645244,0.00518500851467,-0.000195177548449,0.000554857891984,-0.00161386397667,-0.0010395423742,-0.00144771207124,0.000734881672543,0.00115310109686,-0.000187410507351],[-0.000281735236058,0.000553686870262,-0.00162704638205,0.000706612423528,-0.000195177548449,0.00733830733225,-0.00295769306831,-0.0000120846552818,-0.000478132249555,0.00119145098142,-0.00121843442321,0.00108404341154,0.00108334759716],[0.000311503594276,-0.000854324898683,0.00118341541383,-0.00101436569821,0.000554857891984,-0.00295769306831,0.00682680541649,-0.00208975607529,0.000604934815783,0.0006542938645,0.00122308754362,-0.00196426198818,0.000830342934933],[-0.000178059519385,0.000343682331732,-0.00150452984963,0.000295533798635,-0.00161386397667,-0.0000120846552818,-0.00208975607529,0.0107210380957,-0.000625204702374,0.00024690644932,-0.00107563321944,0.000557433872018,-0.00226679467596],[0.0000205792948691,0.0000767498931964,0.000270950433332,-0.000877563841641,-0.0010395423742,-0.000478132249555,0.000604934815783,-0.000625204702374,0.00842894241214,-0.00186345214024,-0.000377618300263,-0.00161603104789,0.00130086392164],[-0.00021323285182,4.10967516018e-7,-0.0000640886573819,-0.000498724286444,-0.00144771207124,0.00119145098142,0.0006542938645,0.00024690644932,-0.00186345214024,0.0088107176125,-0.00272765266709,0.000172166153789,-0.000398943346227],[0.000367346627172,-0.000455013447208,-0.000081707672507,0.000749846512917,0.000734881672543,-0.00121843442321,0.00122308754362,-0.00107563321944,-0.000377618300263,-0.00272765266709,0.010040551424,-0.00224759755656,-0.000362477265298],[-0.000329245085595,0.000771871535107,-0.00105012557469,-0.000384257786209,0.00115310109686,0.00108404341154,-0.00196426198818,0.000557433872018,-0.00161603104789,0.000172166153789,-0.00224759755656,0.0106658358127,-0.00295916316099],[0.000301914726151,-0.000481591239804,0.000569134776015,-0.0010827149963,-0.000187410507351,0.00108334759716,0.000830342934933,-0.00226679467596,0.00130086392164,-0.000398943346227,-0.000362477265298,-0.00295916316099,0.0135044353083]],"mean":[-707.980529785,179.246017456,-24.6225948334,42.5139045715,3.70946359634,-8.79875659943,9.42925930023,-2.47424983978,2.54363083839,9.80413627625,-10.7489719391,0.698247790337,3.77750110626]},"pitch_salience":{"dmean":0.0483142137527,"dmean2":0.0755514279008,"dvar":0.00212869583629,"dvar2":0.00515780551359,"max":0.996044099331,"mean":0.485698491335,"median":0.483276695013,"min":0.0827896595001,"var":0.0115163186565},"silence_rate_20dB":{"dmean":0,"dmean2":0,"dvar":0,"dvar2":0,"max":1,"mean":1,"median":1,"min":1,"var":0},"silence_rate_30dB":{"dmean":0.00539656588808,"dmean2":0.01079401467,"dvar":0.00536806089804,"dvar2":0.0116589516401,"max":1,"mean":0.990352392197,"median":1,"min":0,"var":0.00955335702747},"silence_rate_60dB":{"dmean":0.00637775938958,"dmean2":0.0127565618604,"dvar":0.00633813813329,"dvar2":0.0137366596609,"max":1,"mean":0.0453765019774,"median":0,"min":0,"var":0.0433182902634},"spectral_centroid":{"dmean":204.704559326,"dmean2":328.143981934,"dvar":49781.3046875,"dvar2":119499.875,"max":11787.6015625,"mean":1285.35498047,"median":1133.41174316,"min":124.069511414,"var":1206225},"spectral_complexity":{"dmean":1.85461974144,"dmean2":3.06729912758,"dvar":2.89593458176,"dvar2":7.06877565384,"max":38,"mean":14.6583271027,"median":14,"min":0,"var":36.1174163818},"spectral_contrast_coeffs":{"dmean":[0.0351345315576,0.0415167398751,0.0336526408792,0.0318540260196,0.026062136516,0.0225945264101],"dmean2":[0.0569155961275,0.0659181326628,0.0543685033917,0.0529114827514,0.0432710759342,0.0368352532387],"dvar":[0.000898280472029,0.0012253173627,0.000810113560874,0.000681031611748,0.000444606150268,0.000358326826245],"dvar2":[0.00236358959228,0.00304213259369,0.00199640518986,0.00181377283297,0.00118740892503,0.000931118789595],"max":[-0.301505059004,-0.379775494337,-0.411862283945,-0.487557709217,-0.511100411415,-0.541165649891],"mean":[-0.646988332272,-0.672059416771,-0.742220401764,-0.731269955635,-0.715428173542,-0.740579247475],"median":[-0.649760782719,-0.674353122711,-0.750457108021,-0.734941363335,-0.714419066906,-0.733341693878],"min":[-0.989436388016,-0.998118817806,-0.997205138206,-0.987585842609,-0.988386213779,-0.964799582958],"var":[0.00761665496975,0.00696117850021,0.00477522891015,0.00398198468611,0.00450246315449,0.00426081428304]},"spectral_contrast_valleys":{"dmean":[0.315080612898,0.27770960331,0.262351840734,0.228438317776,0.207571551204,0.232113748789],"dmean2":[0.505867600441,0.458040565252,0.432561337948,0.376026749611,0.334480494261,0.352771878242],"dvar":[0.0910088866949,0.0689703226089,0.0628575831652,0.0501069501042,0.0430050119758,0.0571519732475],"dvar2":[0.200166031718,0.151170581579,0.13148970902,0.10001565516,0.0835586413741,0.102188713849],"max":[-5.36842823029,-5.28055238724,-5.58835792542,-6.38941001892,-6.10362243652,-8.05403804779],"mean":[-7.50122117996,-7.21452093124,-7.84869146347,-8.60563087463,-8.7405872345,-12.4099779129],"median":[-7.19494247437,-6.95613336563,-7.61074209213,-8.38820648193,-8.44359588623,-12.948091507],"min":[-28.3538837433,-27.9818019867,-27.7462272644,-27.8087425232,-27.6281604767,-27.452507019],"var":[4.43726158142,4.45550298691,4.15221071243,3.99814414978,4.30926990509,4.15098333359]},"spectral_decrease":{"dmean":1.26597776706e-9,"dmean2":1.80465231647e-9,"dvar":3.97235498e-18,"dvar2":7.8729718942e-18,"max":2.26403200169e-28,"mean":-5.90765170116e-9,"median":-4.58703253159e-9,"min":-5.90754574148e-8,"var":2.48066783862e-17},"spectral_energy":{"dmean":0.00505211437121,"dmean2":0.00719765154645,"dvar":0.0000637668345007,"dvar2":0.000126241808175,"max":0.242445617914,"mean":0.0236765313894,"median":0.0184091012925,"min":1.01310666123e-20,"var":0.000403422454838},"spectral_energyband_high":{"dmean":0.000130946791614,"dmean2":0.000199229063583,"dvar":8.38902920464e-8,"dvar2":1.54743773351e-7,"max":0.0114972945303,"mean":0.000377943419153,"median":0.000121435245092,"min":7.09530487847e-21,"var":5.29338763045e-7},"spectral_energyband_low":{"dmean":0.00163912784774,"dmean2":0.0023858146742,"dvar":0.0000103327538454,"dvar2":0.0000214450137719,"max":0.0831645950675,"mean":0.00799730047584,"median":0.00564490212128,"min":2.08251989904e-23,"var":0.000075723080954},"spectral_energyband_middle_high":{"dmean":0.00175447866786,"dmean2":0.00257574324496,"dvar":0.0000235197621805,"dvar2":0.0000480154667457,"max":0.226686522365,"mean":0.00514655420557,"median":0.0023058692459,"min":1.25910349091e-21,"var":0.000104327424197},"spectral_energyband_middle_low":{"dmean":0.00341275753453,"dmean2":0.00491039687768,"dvar":0.0000388883199776,"dvar2":0.000078961289546,"max":0.175830319524,"mean":0.011026266031,"median":0.0077533419244,"min":1.84781124987e-22,"var":0.00015132772387},"spectral_entropy":{"dmean":0.112348891795,"dmean2":0.169230177999,"dvar":0.0113389221951,"dvar2":0.023264201358,"max":9.82994174957,"mean":6.91635608673,"median":6.87053632736,"min":5.25415420532,"var":0.280657052994},"spectral_flux":{"dmean":0.0148885631934,"dmean2":0.0241775829345,"dvar":0.000331989547703,"dvar2":0.00083415658446,"max":0.29112097621,"mean":0.0539170019329,"median":0.0461190119386,"min":6.36610486549e-11,"var":0.00115657423157},"spectral_kurtosis":{"dmean":4.07460260391,"dmean2":7.20087051392,"dvar":23.4396438599,"dvar2":70.2569732666,"max":113.871124268,"mean":8.59320068359,"median":5.02059555054,"min":-1.26627552509,"var":124.038124084},"spectral_rms":{"dmean":0.000471203180496,"dmean2":0.000663742714096,"dvar":3.16354089591e-7,"dvar2":6.05161233125e-7,"max":0.0153796067461,"mean":0.00444080354646,"median":0.00423793587834,"min":3.14387773627e-12,"var":0.000003378379688},"spectral_rolloff":{"dmean":284.820068359,"dmean2":492.566040039,"dvar":336774.75,"dvar2":826441.75,"max":19724.4140625,"mean":1204.78942871,"median":710.595703125,"min":64.599609375,"var":3943366},"spectral_skewness":{"dmean":0.368906706572,"dmean2":0.64129537344,"dvar":0.130628854036,"dvar2":0.392325133085,"max":8.80033111572,"mean":1.65441536903,"median":1.42388355732,"min":-0.0791728943586,"var":1.12712705135},"spectral_spread":{"dmean":256376.6875,"dmean2":403368.46875,"dvar":254827266048,"dvar2":482111586304,"max":43283212,"mean":3311123.25,"median":2617474.25,"min":874269.875,"var":14507793449000},"spectral_strongpeak":{"dmean":0.531894803047,"dmean2":0.870248377323,"dvar":1.09347009659,"dvar2":2.47801423073,"max":14.2015800476,"mean":1.11885476112,"median":0.419294685125,"min":0,"var":2.75208258629},"zerocrossingrate":{"dmean":0.00543349655345,"dmean2":0.00669846497476,"dvar":0.0000518277556694,"dvar2":0.0000675519913784,"max":0.52197265625,"mean":0.046320527792,"median":0.03857421875,"min":0.001953125,"var":0.00263246544637}},"metadata":{"audio_properties":{"analysis_sample_rate":44100,"bit_rate":128000,"codec":"mp3","downmix":"mix","equal_loudness":0,"length":283.977142334,"lossless":false,"md5_encoded":"d3d27ecc6683382824f8a76fe760a69a","replay_gain":-8.00436973572,"sample_rate":44100},"tags":{"acoustid_id":["da49cf63-ce69-4ab6-acbe-86d4e5f2a6f5"],"album":["Vol. 4"],"albumartist":["Black Sabbath"],"albumartistsort":["Black Sabbath"],"artist":["Black Sabbath"],"artistsort":["Black Sabbath"],"barcode":["5013428706053"],"catalognumber":["NELCD 6005"],"date":["1986"],"discnumber":["1/1"],"file_name":"03 Changes.mp3","label":["Castle Communications"],"media":["CD"],"musicbrainz album status":["official"],"musicbrainz album type":["album"],"musicbrainz_albumartistid":["5182c1d9-c7d2-4dad-afa0-ccfeada921a8"],"musicbrainz_albumid":["41e41680-3652-432f-8225-fb033c4fdae0"],"musicbrainz_artistid":["5182c1d9-c7d2-4dad-afa0-ccfeada921a8"],"musicbrainz_recordingid":["fd4acf1b-4da1-478d-98e6-dbcda241e756"],"musicbrainz_releasegroupid":["8c292627-3459-3852-8ebc-226c12db175d"],"originaldate":["1972"],"script":["Latn"],"title":["Changes"],"tracknumber":["3/11"]},"version":{"essentia":"2.1-beta2","essentia_build_sha":"70f2e5ece6736b2c40cc944ad0e695b16b925413","essentia_git_sha":"v2.1_beta2","extractor":"music 1.0"}},"rhythm":{"beats_count":412,"beats_loudness":{"dmean":0.0199398882687,"dmean2":0.0342849344015,"dvar":0.000336411991157,"dvar2":0.000938053126447,"max":0.142367944121,"mean":0.0310204140842,"median":0.0264523029327,"min":0,"var":0.000487799552502},"beats_loudness_band_ratio":{"dmean":[0.254013240337,0.151384428144,0.153570219874,0.119184881449,0.0548813827336,0.0235375240445],"dmean2":[0.42553460598,0.256914824247,0.261753886938,0.216390788555,0.0966371372342,0.0399626418948],"dvar":[0.0357689224184,0.0169717669487,0.0210632495582,0.0220136921853,0.00651615206152