{"lowlevel":{"average_loudness":0.66541492939,"barkbands":{"dmean":[0.00171106948983,0.00409794505686,0.00108984089456,0.00114803342149,0.00143301638309,0.00182523089461,0.00134366482962,0.000752319290768,0.00112811045256,0.00124135462102,0.000823536247481,0.000688103900757,0.000666744075716,0.000482638017274,0.000197753499378,0.0000819162814878,0.0000607556139585,0.0000457142632513,0.0000330901530106,0.0000240564841079,0.0000162349879247,0.0000100507822935,0.00000461932540929,0.00000201283614842,0.0000016840955368,0.00000522299160366,0.000215087435208],"dmean2":[0.00284338323399,0.0067925658077,0.0019098026678,0.00200853170827,0.00231109582819,0.00288557307795,0.00216880114749,0.00121974525973,0.00185534136835,0.00205433322117,0.0013650378678,0.0011062262347,0.00108384294435,0.000785082171205,0.000319546146784,0.000129174892209,0.0000940797326621,0.0000678488795529,0.0000491735081596,0.0000348094108631,0.0000234614344663,0.0000144487275975,0.00000689631770001,0.00000333918796969,0.00000282933160634,0.00000772078237787,0.000307347014314],"dvar":[0.0000118292418847,0.0000535290928383,0.00000313391342388,0.00000316218461194,0.0000054997690313,0.000016832147594,0.0000108256199383,0.00000490017418997,0.00000733796787245,0.00000950710364123,0.000004557320608,0.00000300087071992,0.00000179821256552,0.00000108947631361,1.35919577815e-7,3.23306146299e-8,4.4286291967e-8,7.73919737185e-8,1.90004669776e-8,3.66710106725e-9,1.22920951195e-9,5.29301991126e-10,8.89606444066e-11,1.31529145214e-11,9.291911858e-12,1.18419607453e-10,1.4329580722e-7],"dvar2":[0.0000299912971968,0.00013662702986,0.00000881519554241,0.00000940634799917,0.0000134701376737,0.0000380607561965,0.0000264120608335,0.0000124706293718,0.0000192816769413,0.0000246205236181,0.0000121806278912,0.00000772022303863,0.00000459195643998,0.00000274019703284,3.49000117694e-7,6.89482462235e-8,1.00884420817e-7,1.37431698022e-7,4.28591881985e-8,7.47755279917e-9,2.53746335055e-9,1.07383879566e-9,1.79058420868e-10,3.38376861253e-11,2.41336672868e-11,2.38694369825e-10,2.68329785058e-7],"max":[0.0325874574482,0.0732079222798,0.0345476269722,0.0385442152619,0.0888696908951,0.0995492860675,0.116517432034,0.0590407587588,0.0559408515692,0.0615390464664,0.0812863856554,0.0422116555274,0.0231589470059,0.0310440268368,0.00824993941933,0.0111884772778,0.0136351920664,0.0240145511925,0.00787305273116,0.00304982624948,0.000967640662566,0.000692314060871,0.000222622576985,0.0000551132579858,0.0000555814112886,0.000271159631666,0.015158219263],"mean":[0.00213839532807,0.00575205078349,0.00133984221611,0.00150944443885,0.00254623964429,0.00277409562841,0.00201858929358,0.0011252744589,0.00169089064002,0.0017970361514,0.0011582125444,0.00111066561658,0.0010926569812,0.00082482007565,0.000337984587532,0.000141433120007,0.000100599259895,0.0000773236606619,0.0000516695217812,0.0000362407809007,0.0000245686733251,0.0000132175637191,0.00000592591050008,0.00000214689953282,0.00000168090741681,0.0000068663298407,0.000503233808558],"median":[0.000815173261799,0.00285051576793,0.000711118627805,0.000721286225598,0.00120238307863,0.00101043912582,0.000731797365006,0.000280205451418,0.000467432953883,0.000446354795713,0.000367464293959,0.000367644999642,0.000404674385209,0.000299124978483,0.000167991587659,0.000071287053288,0.0000392107103835,0.0000296260404866,0.0000196583951038,0.0000132440609377,0.00000860393265611,0.0000036277556319,0.00000174613921899,7.8209802723e-7,6.06029573191e-7,0.0000022087981506,0.00029392587021],"min":[3.87248599821e-23,3.69891514204e-23,1.59518577093e-23,1.36039567976e-23,7.62456657872e-23,3.64377818239e-23,2.36807145396e-23,1.04692444413e-22,6.45137958246e-23,4.8127788516e-23,2.30763587338e-23,9.9622075655e-23,7.35007516923e-23,1.40840726907e-22,1.82453947451e-22,1.35401158623e-22,2.56680444865e-22,2.0609902441e-22,3.51286955506e-22,3.27536511974e-22,6.10444499344e-22,6.3384173514e-22,4.90117336661e-22,8.64367389407e-22,1.252208266e-21,1.43591667899e-21,2.11503377943e-21],"var":[0.000012525020793,0.0000625646789558,0.00000365771938959,0.00000516616273671,0.0000188462799997,0.0000316721125273,0.0000198429097509,0.00000945217561821,0.0000132609266075,0.0000160446088557,0.00000647241586194,0.00000612888288742,0.000003482405873,0.00000237411404669,2.53850117815e-7,6.5885551237e-8,7.59441931564e-8,1.33954628723e-7,2.95972935049e-8,6.18622841841e-9,2.25932361708e-9,9.08088326756e-10,1.7061176083e-10,1.47267337214e-11,9.57178867417e-12,2.14727596815e-10,4.28124110385e-7]},"barkbands_crest":{"dmean":2.72320103645,"dmean2":4.50856161118,"dvar":5.67855548859,"dvar2":14.8154687881,"max":26.52602005,"mean":9.41280174255,"median":8.54047870636,"min":2.58980178833,"var":15.5739116669},"barkbands_flatness_db":{"dmean":0.026156347245,"dmean2":0.0407908409834,"dvar":0.000490167178214,"dvar2":0.00122738978826,"max":0.372363477945,"mean":0.153470858932,"median":0.149755835533,"min":0.0496862269938,"var":0.00177765847184},"barkbands_kurtosis":{"dmean":4.79566812515,"dmean2":7.85009479523,"dvar":103.778198242,"dvar2":295.335845947,"max":333.816680908,"mean":9.06018447876,"median":5.13863515854,"min":-1.76854467392,"var":220.054702759},"barkbands_skewness":{"dmean":0.619257867336,"dmean2":0.981381356716,"dvar":0.483773380518,"dvar2":1.22889149189,"max":17.8971252441,"mean":2.0968234539,"median":1.81933820248,"min":-3.22714161873,"var":1.92090082169},"barkbands_spread":{"dmean":5.92275524139,"dmean2":9.10818958282,"dvar":40.105632782,"dvar2":87.5582885742,"max":125.002349854,"mean":21.1358566284,"median":19.6248855591,"min":1.39822351933,"var":125.672683716},"dissonance":{"dmean":0.0250483453274,"dmean2":0.0423477329314,"dvar":0.000532340316568,"dvar2":0.00146766810212,"max":0.500000059605,"mean":0.457908838987,"median":0.465624332428,"min":0.287265360355,"var":0.000959328259341},"dynamic_complexity":4.34354019165,"erbbands":{"dmean":[0.214412972331,0.61688554287,1.18157863617,2.27425980568,4.74877882004,4.81155586243,9.34280109406,16.9732627869,20.891544342,17.0069541931,15.922334671,23.4434509277,37.3642845154,30.4753723145,31.3432712555,24.5927295685,28.5516166687,24.9024238586,14.0986309052,7.10063934326,4.03074979782,3.466578722,2.55780816078,1.89217483997,1.44736433029,1.10113489628,0.801230370998,0.555627286434,0.37883657217,0.211504355073,0.125979036093,0.0543855987489,0.0289354566485,0.0189034324139,0.0119941495359,0.00715401442721,0.00981997419149,0.0179933588952,0.0133423097432,0.00525203347206],"dmean2":[0.359802901745,1.02794146538,2.06280493736,3.92949342728,8.04120826721,7.72445869446,15.0721025467,26.9785366058,33.1093902588,27.6824455261,25.4400138855,38.5199966431,61.7658615112,50.0853500366,51.5525169373,39.4224128723,45.9866485596,40.6193008423,22.6183929443,11.3279752731,6.23507070541,5.34168767929,3.80284237862,2.7635819912,2.08247876167,1.59339725971,1.15850889683,0.796490907669,0.546145737171,0.31108418107,0.18884550035,0.0869283974171,0.0486682653427,0.0317732766271,0.020121216774,0.0119187533855,0.0144979814067,0.0247055161744,0.0179181545973,0.00747057190165],"dvar":[0.192833065987,0.943505346775,3.37588763237,11.7749557495,56.7336845398,98.3842086792,334.919921875,1768.26940918,3095.15991211,1606.35827637,1993.18103027,3602.61572266,8194.06835938,5343.21582031,7372.74121094,4232.43261719,3516.72705078,2945.4921875,769.578918457,139.673110962,100.584281921,169.863128662,232.447906494,56.025604248,24.6757888794,8.97337055206,3.09714818001,1.49501895905,0.710431575775,0.221424326301,0.0658193901181,0.00956855434924,0.00279754120857,0.00117495749146,0.000466874625999,0.000154557099449,0.000393307360355,0.00171612249687,0.000801520829555,0.0000886033230927],"dvar2":[0.503199517727,2.44218611717,9.46051979065,34.3284606934,155.926086426,223.848739624,833.848693848,4061.27783203,7393.95751953,4170.15380859,4873.75048828,9281.18554688,21605.5859375,13637.0751953,19961.9667969,10527.0068359,9034.84667969,7551.95556641,2017.96362305,353.41003418,200.041183472,371.865509033,437.325408936,106.462516785,49.5690536499,19.0579128265,6.53846931458,2.96795082092,1.44042301178,0.446596205235,0.135003760457,0.0226742941886,0.00729210628197,0.00305102020502,0.00121317105368,0.000400821212679,0.000774778076448,0.0031336878892,0.00142488081474,0.00016645033611],"max":[4.58682966232,12.3996267319,27.771692276,62.7231712341,121.023963928,494.755249023,402.072692871,947.19708252,2027.79150391,952.374694824,1313.49060059,1659.02392578,1750.48181152,1784.32104492,3796.36938477,1940.04272461,1170.03527832,1478.99902344,675.938842773,248.694168091,675.092102051,827.973510742,1312.76550293,465.241333008,333.525268555,170.875778198,52.1032791138,28.7200927734,19.2819805145,12.7956142426,6.09685611725,1.90977692604,0.853479683399,0.605892896652,0.404696881771,0.250612854958,0.374610692263,0.850477337837,0.871565520763,0.422470748425],"mean":[0.275291264057,0.870948910713,1.54226148129,3.35895085335,6.945104599,8.49342441559,14.6267280579,24.9215183258,30.4742431641,26.9850101471,25.3584003448,36.3025588989,56.1683998108,48.7954521179,49.4442825317,43.4252243042,49.3334655762,46.2831726074,26.5104904175,13.2878446579,7.34489536285,5.95893907547,4.50438690186,3.13522267342,2.30663084984,1.66839194298,1.20845961571,0.810492813587,0.505019545555,0.279689759016,0.158579394221,0.0644387975335,0.0285368226469,0.0187101904303,0.0121431462467,0.00773298181593,0.0130329830572,0.0252473056316,0.0231589470059,0.0170252826065],"median":[0.102211795747,0.485450655222,0.920290887356,1.81188035011,3.52752900124,3.18980646133,6.02537155151,8.13978004456,9.78249359131,9.91758441925,7.19642925262,10.7286148071,14.4625377655,16.0281143188,17.4898281097,15.8145475388,18.7216377258,17.318353653,11.688123703,7.29801845551,3.69797706604,2.41147232056,1.77742648125,1.20840811729,0.909326910973,0.614363193512,0.44078335166,0.267149686813,0.142147436738,0.080844566226,0.0460115969181,0.0230497345328,0.00997533183545,0.00664008688182,0.00447056349367,0.00316759664565,0.00427541695535,0.00637649139389,0.00884064938873,0.0118256192654],"min":[8.7684618443e-22,9.04572648483e-21,1.56129823632e-20,4.09713963443e-20,1.50319849181e-19,2.3125196287e-19,4.9306199382e-19,1.53954597114e-19,1.70181942028e-19,1.38106964291e-18,1.98641282289e-18,1.5859895776e-18,1.38239985273e-18,1.12826060364e-18,2.24166545708e-18,3.80773032167e-18,3.56157626063e-18,5.44721056756e-18,9.2994341072e-18,9.39697359067e-18,8.46574110169e-18,1.33897429746e-17,8.36679210245e-18,1.7061099751e-17,1.80177821059e-17,1.7228919808e-17,1.92674170922e-17,2.53136987427e-17,2.19729660571e-17,1.6023884746e-17,1.55158850077e-17,1.59176582118e-17,1.52612473823e-17,1.16190148081e-17,9.88908567096e-18,5.43425236967e-18,2.78865931664e-18,1.15492590806e-18,2.96665871e-19,3.18258031485e-20],"var":[0.196162223816,1.2528886795,3.76254487038,23.7400684357,97.5055541992,455.000152588,647.624267578,3165.44555664,5543.25927734,2881.82226562,4293.42724609,6610.75585938,13811.6142578,9565.58984375,10310.9482422,8812.29785156,7065.23486328,6950.77050781,1698.91320801,302.922821045,216.530502319,294.151794434,417.67868042,107.000274658,44.1587409973,14.1647577286,5.41806268692,2.79462218285,1.25208449364,0.407823771238,0.121597975492,0.0140117434785,0.00281977350824,0.00120550824795,0.000484273332404,0.000167810649145,0.000727430335246,0.00344193470664,0.00177531153895,0.000343297520885]},"erbbands_crest":{"dmean":2.82502698898,"dmean2":4.65586233139,"dvar":6.80724620819,"dvar2":17.3779830933,"max":33.1790657043,"mean":9.0459728241,"median":8.13091468811,"min":2.20850610733,"var":16.0577659607},"erbbands_flatness_db":{"dmean":0.0260686166584,"dmean2":0.039231672883,"dvar":0.000453342188848,"dvar2":0.000995887327008,"max":0.381315499544,"mean":0.172858163714,"median":0.170995265245,"min":0.0251849032938,"var":0.00200962647796},"erbbands_kurtosis":{"dmean":1.1127538681,"dmean2":1.80513060093,"dvar":8.4859085083,"dvar2":22.2010707855,"max":204.406066895,"mean":0.94057238102,"median":0.342768073082,"min":-1.50817787647,"var":9.39421844482},"erbbands_skewness":{"dmean":0.372207581997,"dmean2":0.587105333805,"dvar":0.104075454175,"dvar2":0.244637727737,"max":4.14021205902,"mean":0.120276756585,"median":0.0945409834385,"min":-3.94553899765,"var":0.472603797913},"erbbands_spread":{"dmean":5.20798301697,"dmean2":8.05831813812,"dvar":24.3577976227,"dvar2":55.5445251465,"max":84.2523803711,"mean":21.9117927551,"median":20.0795097351,"min":0.538585603237,"var":110.213516235},"gfcc":{"cov":[[8959.53613281,188.121566772,-592.863464355,-422.461395264,-139.549362183,-150.680267334,90.1087722778,-234.282867432,-51.7988357544,-50.9241943359,-20.5744571686,8.64122486115,-43.6934204102],[188.121566772,608.122192383,-20.6054763794,-213.346115112,67.1052780151,-49.1624031067,48.5818519592,-43.7750549316,22.7265758514,4.65799427032,42.5074272156,-50.157585144,41.0690116882],[-592.863464355,-20.6054763794,339.541107178,200.704437256,-34.9016151428,95.5352859497,-68.9274902344,108.09967041,2.67309117317,35.1782913208,-5.43769788742,4.79026556015,12.3754663467],[-422.461395264,-213.346115112,200.704437256,363.273773193,82.6787719727,-1.96514320374,27.3328609467,26.8874835968,31.3373794556,0.94792920351,-22.2903747559,55.8856468201,-31.2521247864],[-139.549362183,67.1052780151,-34.9016151428,82.6787719727,207.853988647,-11.1119127274,74.9793395996,-49.8898658752,14.6848087311,-27.9301204681,7.18123674393,12.5850391388,-1.99320113659],[-150.680267334,-49.1624031067,95.5352859497,-1.96514320374,-11.1119127274,217.863037109,-45.6498908997,77.2190322876,-38.2747840881,22.7360134125,10.4418849945,-17.3548526764,29.8497200012],[90.1087722778,48.5818519592,-68.9274902344,27.3328609467,74.9793395996,-45.6498908997,171.175323486,-25.2371807098,62.3959960938,-6.64623451233,-9.1683921814,25.0841350555,-24.6602058411],[-234.282867432,-43.7750549316,108.09967041,26.8874835968,-49.8898658752,77.2190322876,-25.2371807098,173.580093384,39.3590927124,35.0324325562,1.31659162045,-23.5138187408,20.7401027679],[-51.7988357544,22.7265758514,2.67309117317,31.3373794556,14.6848087311,-38.2747840881,62.3959960938,39.3590927124,116.007743835,33.0251731873,-5.02948570251,17.5234165192,-19.1942501068],[-50.9241943359,4.65799427032,35.1782913208,0.94792920351,-27.9301204681,22.7360134125,-6.64623451233,35.0324325562,33.0251731873,79.8766326904,38.6593208313,4.04545593262,13.7027168274],[-20.5744571686,42.5074272156,-5.43769788742,-22.2903747559,7.18123674393,10.4418849945,-9.1683921814,1.31659162045,-5.02948570251,38.6593208313,67.5651931763,21.516210556,24.8960056305],[8.64122486115,-50.157585144,4.79026556015,55.8856468201,12.5850391388,-17.3548526764,25.0841350555,-23.5138187408,17.5234165192,4.04545593262,21.516210556,78.5240249634,8.85382843018],[-43.6934204102,41.0690116882,12.3754663467,-31.2521247864,-1.99320113659,29.8497200012,-24.6602058411,20.7401027679,-19.1942501068,13.7027168274,24.8960056305,8.85382843018,65.5399703979]],"icov":[[0.000138350602356,-0.000211862003198,0.000479085370898,-0.000244203751208,0.000272304518148,-0.000122847384773,0.0000533795318916,-0.0000434206085629,0.000186593548278,-0.000171570791281,0.000265893497271,-0.000227867625654,0.000136437694891],[-0.000211862003198,0.00627935072407,-0.00760785024613,0.00753321452066,-0.00388443795964,0.00273157516494,-0.0029495076742,0.00333318114281,-0.00366867007688,0.00317736016586,-0.0050922781229,0.00469358917326,-0.00301257288083],[0.000479085370898,-0.00760785024613,0.0174339599907,-0.014402504079,0.00705503439531,-0.00544024817646,0.00546653103083,-0.00537671800703,0.00378153589554,-0.00447689276189,0.00597565947101,-0.00385403353721,0.00167182320729],[-0.000244203751208,0.00753321452066,-0.014402504079,0.0179378930479,-0.00998578686267,0.0056565082632,-0.00369088328443,0.00148961623199,-0.000668607535772,-0.000400037242798,-0.000102967969724,-0.00259261438623,0.00192688277457],[0.000272304518148,-0.00388443795964,0.00705503439531,-0.00998578686267,0.0131500205025,-0.00456956634298,-0.00115407572594,0.0026770636905,-0.00318973674439,0.00613503344357,-0.00507291406393,0.00435992516577,-0.00315727689303],[-0.000122847384773,0.00273157516494,-0.00544024817646,0.0056565082632,-0.00456956634298,0.00910220108926,-0.0013990587322,-0.00293722865172,0.00432771630585,-0.0031473916024,0.00108776346315,-0.000686822633725,-0.000345452746842],[0.0000533795318916,-0.0029495076742,0.00546653103083,-0.00369088328443,-0.00115407572594,-0.0013990587322,0.0115938456729,-0.00165671890136,-0.00258846161887,-0.00172760034911,0.00415246747434,-0.00475799152628,0.00324887316674],[-0.0000434206085629,0.00333318114281,-0.00537671800703,0.00148961623199,0.0026770636905,-0.00293722865172,-0.00165671890136,0.0152685558423,-0.0114755798131,0.00612004147843,-0.00726598128676,0.0105330860242,-0.00773116340861],[0.000186593548278,-0.00366867007688,0.00378153589554,-0.000668607535772,-0.00318973674439,0.00432771630585,-0.00258846161887,-0.0114755798131,0.0258418172598,-0.017615377903,0.0147323617712,-0.0132188163698,0.0094204293564],[-0.000171570791281,0.00317736016586,-0.00447689276189,-0.000400037242798,0.00613503344357,-0.0031473916024,-0.00172760034911,0.00612004147843,-0.017615377903,0.0347815938294,-0.0260341111571,0.0133470185101,-0.00676206033677],[0.000265893497271,-0.0050922781229,0.00597565947101,-0.000102967969724,-0.00507291406393,0.00108776346315,0.00415246747434,-0.00726598128676,0.0147323617712,-0.0260341111571,0.0409748367965,-0.0194465406239,0.00222278828733],[-0.000227867625654,0.00469358917326,-0.00385403353721,-0.00259261438623,0.00435992516577,-0.000686822633725,-0.00475799152628,0.0105330860242,-0.0132188163698,0.0133470185101,-0.0194465406239,0.0305700507015,-0.0116841951385],[0.000136437694891,-0.00301257288083,0.00167182320729,0.00192688277457,-0.00315727689303,-0.000345452746842,0.00324887316674,-0.00773116340861,0.0094204293564,-0.00676206033677,0.00222278828733,-0.0116841951385,0.0264767277986]],"mean":[-34.5034828186,120.178771973,-91.5586090088,-22.5487785339,-8.8089838028,-15.8855037689,1.05933988094,-21.3722553253,-1.8393317461,-5.91596889496,-1.59028565884,-4.55057621002,-3.2082927227]},"hfc":{"dmean":22.7121677399,"dmean2":34.7772407532,"dvar":775.299560547,"dvar2":1725.83276367,"max":669.323486328,"mean":97.3703536987,"median":81.069519043,"min":1.09174242008e-16,"var":5732.0390625},"melbands":{"dmean":[0.00150500482414,0.000626818102319,0.000470435275929,0.0003215133911,0.000295110570733,0.000377619056962,0.000298116065096,0.000180344461114,0.000133986730361,0.000159676128533,0.000195099884877,0.000134351736051,0.000112240930321,0.0000857725026435,0.0000649141074973,0.0000670260124025,0.0000473463878734,0.0000276767004834,0.0000141385389725,0.00000660332261759,0.00000474831722386,0.00000397956273446,0.00000280318681689,0.00000206732624974,0.00000158807199568,0.00000120964853068,9.84883740784e-7,6.94263007972e-7,5.42071461496e-7,4.39243450501e-7,2.95521203952e-7,2.3781285563e-7,1.57968855774e-7,1.04406481682e-7,7.93248915443e-8,5.02051911155e-8,2.76292162482e-8,2.07756087889e-8,1.7534285135e-8,1.54054191626e-8],"dmean2":[0.00250113056973,0.00106636225246,0.000807259988505,0.000527189054992,0.000470889848657,0.00059548340505,0.00047220554552,0.000293782126391,0.000214645420783,0.000263109250227,0.00032261791057,0.000221197595238,0.000186066114111,0.000138213421451,0.000106395236799,0.000109229993541,0.0000773017964093,0.0000450474617537,0.0000229275974561,0.0000105574226836,0.00000746301793697,0.0000062416243054,0.0000043802442633,0.00000316913860843,0.00000237446874962,0.00000181861253168,0.00000146548984503,0.00000103170236798,8.04272474397e-7,6.51865491363e-7,4.32467061273e-7,3.49182386117e-7,2.34954569578e-7,1.57182341809e-7,1.20353021771e-7,7.7934352305e-8,4.57676563315e-8,3.51020901235e-8,2.95454682941e-8,2.58970693778e-8],"dvar":[0.00000850627202453,8.33893636809e-7,4.71911675959e-7,2.8993218848e-7,3.03920444367e-7,7.90347201018e-7,5.82031418617e-7,1.99995497496e-7,1.3091860751e-7,1.59145372436e-7,2.21928246447e-7,1.09005739546e-7,9.23848730849e-8,5.31784571933e-8,2.17442046591e-8,1.86867872287e-8,1.22556320648e-8,3.33439409417e-9,6.57927767822e-10,1.44839251703e-10,1.41273825971e-10,1.41058179026e-10,5.06952091417e-10,7.90311011079e-11,3.92575104369e-11,2.24705080931e-11,7.93569203406e-12,3.56051386291e-12,1.53533295019e-12,9.32673209497e-13,4.66535339007e-13,3.03429726007e-13,1.27546261855e-13,5.73581302897e-14,2.83928984517e-14,9.13209852654e-15,2.84303792361e-15,1.52954806159e-15,1.01175692681e-15,7.83864088784e-16],"dvar2":[0.0000217971646634,0.00000224999143938,0.00000137652023113,7.29636496999e-7,7.50710398734e-7,0.00000178625623448,0.00000137752954288,5.22989807905e-7,3.24986444866e-7,4.11107833997e-7,5.84143606375e-7,2.76857917925e-7,2.48209062192e-7,1.39772041052e-7,5.385834001e-8,4.71971581817e-8,3.10994927588e-8,8.76510775072e-9,1.73362968425e-9,3.29681920652e-10,2.92267682278e-10,2.98901653428e-10,1.17465170923e-9,1.28527438692e-10,7.94846966023e-11,5.01100966277e-11,1.50667915644e-11,8.09374008787e-12,3.3827018877e-12,2.02791039169e-12,9.43805797404e-13,6.32600742623e-13,2.69792651761e-13,1.19884774308e-13,5.98113816504e-14,1.99288454933e-14,7.30144518116e-15,4.01076961492e-15,2.62852344159e-15,2.03555188588e-15],"max":[0.0300028230995,0.0110601913184,0.0135056329891,0.0225063618273,0.0106549877673,0.0216896031052,0.0279677063227,0.0118183875456,0.00884354487062,0.0102340131998,0.00890613533556,0.0072026681155,0.0122956670821,0.00596852647141,0.0035667186603,0.00283329328522,0.00325436494313,0.00143277738243,0.000666859617922,0.000502872630022,0.000746309000533,0.000617732701357,0.00190009747166,0.000652763468679,0.000405506318202,0.000266166229267,0.000176624467713,0.000103558792034,0.000036374789488,0.0000217076430999,0.0000166254776559,0.0000131418382807,0.00000932159673539,0.00000631558805253,0.00000438324468632,0.00000173242426627,0.00000118734374155,6.02925865678e-7,5.44946601622e-7,4.98589315612e-7],"mean":[0.00208439072594,0.000917411700357,0.000720614334568,0.000539535831194,0.000489400874358,0.00056691095233,0.000446410151199,0.000281025044387,0.000206430122489,0.000238303953665,0.000287222443148,0.000204586540349,0.000165833596839,0.000134641304612,0.000103494996438,0.000110429449705,0.0000819588021841,0.0000463122923975,0.0000239260789385,0.0000114194699563,0.00000788243596617,0.00000638273195364,0.00000461561603515,0.00000349035508407,0.00000244908278546,0.00000183989243396,0.00000146398917877,0.00000100506690615,7.86015277754e-7,6.1908627913e-7,4.14170528984e-7,3.06066681333e-7,2.04622040201e-7,1.34592411882e-7,9.79929311029e-8,6.1672217555e-8,2.94609012741e-8,1.98216003611e-8,1.70761360607e-8,1.52330503767e-8],"median":[0.000982270459644,0.000597747508436,0.000406580104027,0.000258616462816,0.000199799542315,0.000195344648091,0.000150102307089,0.0000925485655898,0.0000548919888388,0.0000655133990222,0.0000705260536051,0.0000602631225775,0.0000556290251552,0.0000433230452472,0.0000368313558283,0.000040871440433,0.0000287399561785,0.0000180991173693,0.0000118962798297,0.00000591181105847,0.00000365717960449,0.00000248012747761,0.00000166874451679,0.00000137764868668,8.84446990312e-7,7.00101281836e-7,5.29798001025e-7,3.62990903113e-7,2.87139386046e-7,2.00497879632e-7,1.30888324179e-7,8.25957897632e-8,5.71832856622e-8,3.81442255559e-8,2.73320850397e-8,1.97159870652e-8,1.04908206566e-8,6.49012399379e-9,5.83473180882e-9,5.38738786915e-9],"min":[1.18597048724e-23,1.07783367101e-23,9.34374424456e-24,1.49574117636e-23,1.48346997166e-23,3.9149908493e-24,3.07647785541e-24,1.69937867707e-23,1.50278775528e-23,9.88603799639e-24,7.25825081323e-24,5.053056417e-24,5.31763326487e-24,1.00203746977e-23,9.1226896417e-24,7.80905006334e-24,1.00074886548e-23,1.44958713361e-23,1.49058013277e-23,1.14118432929e-23,9.40364718626e-24,1.49127259488e-23,8.88131003762e-24,8.21022843213e-24,1.3924115996e-23,1.57753122165e-23,1.00386447162e-23,1.18953369306e-23,8.90183383179e-24,1.95687171177e-23,1.20855620604e-23,1.42685657994e-23,1.0362062699e-23,7.56869282298e-24,7.23135065636e-24,1.25378688711e-23,7.83485607013e-24,1.06743553764e-23,9.11001738012e-24,1.10478975811e-23],"var":[0.00000915553482628,0.00000107442144781,8.80578397755e-7,9.76625074145e-7,6.8593863034e-7,0.00000147699540776,0.00000108236747565,3.58879532314e-7,2.80252010043e-7,2.84563583364e-7,3.74943311954e-7,1.87977704513e-7,1.27902325175e-7,9.91999797861e-8,3.90069736511e-8,3.66369299343e-8,2.6037062284e-8,6.36565200551e-9,1.22303800421e-9,2.97785851533e-10,2.83779527654e-10,2.54116838683e-10,7.00156155276e-10,1.65618407877e-10,6.82451178902e-11,3.56473184304e-11,1.38504702499e-11,5.03387566006e-12,2.45911299136e-12,1.53630949108e-12,8.1822005768e-13,4.937255574e-13,2.14683116119e-13,1.0124734574e-13,4.9639573051e-14,1.54960476417e-14,3.12012272945e-15,1.47887833893e-15,1.02785584677e-15,8.03628067361e-16]},"melbands_crest":{"dmean":4.28419971466,"dmean2":7.10483264923,"dvar":15.4108495712,"dvar2":40.3275756836,"max":39.4362030029,"mean":14.6728935242,"median":13.2187919617,"min":1.81904172897,"var":43.2223587036},"melbands_flatness_db":{"dmean":0.032848469913,"dmean2":0.0513391532004,"dvar":0.000735448033083,"dvar2":0.00182369619142,"max":0.502532362938,"mean":0.270491451025,"median":0.267014324665,"min":0.00476339459419,"var":0.00284481560811},"melbands_kurtosis":{"dmean":5.63817882538,"dmean2":9.38618183136,"dvar":247.316116333,"dvar2":738.409790039,"max":502.924102783,"mean":8.06097507477,"median":2.89380002022,"min":-1.88332974911,"var":394.663208008},"melbands_skewness":{"dmean":0.719100654125,"dmean2":1.14041149616,"dvar":0.699401676655,"dvar2":1.79862701893,"max":21.2128124237,"mean":1.91261696815,"median":1.57990169525,"min":-3.32550001144,"var":2.68953156471},"melbands_spread":{"dmean":4.55406713486,"dmean2":7.23709440231,"dvar":25.6755084991,"dvar2":57.8546791077,"max":165.04460144,"mean":16.7626857758,"median":15.8500270844,"min":0.707244277,"var":96.9582977295},"mfcc":{"cov":[[6405.93896484,577.340820312,-739.459655762,-66.6689910889,-473.809051514,151.931106567,-163.047836304,2.78582143784,-164.947036743,-15.3294286728,-29.7161235809,-46.6856422424,-94.7947311401],[577.340820312,901.696655273,-178.22052002,-133.747406006,-43.9577140808,-13.2746114731,27.9705581665,-77.2613143921,-5.50755262375,-0.56354111433,15.2103862762,-14.0322198868,-14.4278030396],[-739.459655762,-178.22052002,454.764709473,9.46201705933,107.780929565,-43.7604255676,12.2531061172,7.52997684479,45.9686393738,34.7433700562,13.5855922699,19.4848232269,24.2119159698],[-66.6689910889,-133.747406006,9.46201705933,383.967254639,21.3875598907,59.7249107361,-38.5148048401,63.8807640076,11.8199424744,6.82312917709,-6.49778318405,11.0464515686,36.9948654175],[-473.809051514,-43.9577140808,107.780929565,21.3875598907,190.231124878,14.2651462555,50.3316230774,6.8114991188,21.3213806152,-14.5293722153,-0.124289520085,10.5244436264,8.71287727356],[151.931106567,-13.2746114731,-43.7604255676,59.7249107361,14.2651462555,147.236801147,29.9517822266,26.1643466949,-19.0225696564,-9.73075771332,-14.9142274857,0.136605829,5.10941314697],[-163.047836304,27.9705581665,12.2531061172,-38.5148048401,50.3316230774,29.9517822266,110.541954041,3.49011158943,5.09498262405,-8.86222934723,-5.19701623917,-0.852822244167,3.79296016693],[2.78582143784,-77.2613143921,7.52997684479,63.8807640076,6.8114991188,26.1643466949,3.49011158943,102.989074707,39.682598114,17.2170562744,6.35400485992,2.64375662804,1.54656398296],[-164.947036743,-5.50755262375,45.9686393738,11.8199424744,21.3213806152,-19.0225696564,5.09498262405,39.682598114,83.4775772095,47.6197738647,23.9825534821,5.66904973984,0.798814356327],[-15.3294286728,-0.56354111433,34.7433700562,6.82312917709,-14.5293722153,-9.73075771332,-8.86222934723,17.2170562744,47.6197738647,84.8033599854,40.6805229187,5.59215164185,2.08122754097],[-29.7161235809,15.2103862762,13.5855922699,-6.49778318405,-0.124289520085,-14.9142274857,-5.19701623917,6.35400485992,23.9825534821,40.6805229187,61.1634635925,24.5780315399,3.54991650581],[-46.6856422424,-14.0322198868,19.4848232269,11.0464515686,10.5244436264,0.136605829,-0.852822244167,2.64375662804,5.66904973984,5.59215164185,24.5780315399,48.645816803,25.2142314911],[-94.7947311401,-14.4278030396,24.2119159698,36.9948654175,8.71287727356,5.10941314697,3.79296016693,1.54656398296,0.798814356327,2.08122754097,3.54991650581,25.2142314911,55.6387405396]],"icov":[[0.000242168418481,-0.000122185214423,0.000203780422453,0.0000452025815321,0.000346579443431,-0.000213157720282,0.000245909381192,-0.00024888777989,0.000420034280978,-0.000243731963565,0.000170256244019,-0.00021826250304,0.000308768823743],[-0.000122185214423,0.00144900323357,0.000461344869109,0.000252006575465,-0.0000538247950317,-0.0000150983159983,-0.000458225928014,0.00130307930522,-0.00105709675699,0.000381297926651,-0.000766092620324,0.000697545299772,-0.000462238589535],[0.000203780422453,0.000461344869109,0.00331431208178,0.000211989259697,-0.00147991941776,0.000771761871874,0.000274074118352,0.000198561596335,-0.000166409256053,-0.00188428012189,0.00110369431786,-0.000718970259186,-0.000651445123367],[0.0000452025815321,0.000252006575465,0.000211989259697,0.00369343580678,-0.000700187520124,-0.00138585653622,0.00210206047632,-0.00177559908479,0.0000743501295801,-0.000270297692623,0.000366259802831,0.000651924929116,-0.00257249106653],[0.000346579443431,-0.0000538247950317,-0.00147991941776,-0.000700187520124,0.00842013116926,-0.00121234869584,-0.00275375926867,0.000877569778822,-0.00283296732232,0.00382472411729,-0.00134185433853,-0.000785666750744,0.000981460209005],[-0.000213157720282,-0.0000150983159983,0.000771761871874,-0.00138585653622,-0.00121234869584,0.00969948060811,-0.00317927426659,-0.00280054449104,0.00426217634231,-0.00271076685749,0.00274115125649,-0.00166609662119,0.000432606437244],[0.000245909381192,-0.000458225928014,0.000274074118352,0.00210206047632,-0.00275375926867,-0.00317927426659,0.0125663643703,-0.000899067847058,-0.000947692024056,0.000826914852951,0.000176426008693,0.00133126403671,-0.00195717066526],[-0.00024888777989,0.00130307930522,0.000198561596335,-0.00177559908479,0.000877569778822,-0.00280054449104,-0.000899067847058,0.015848826617,-0.00975408405066,0.00254289084114,-0.00119454192463,0.000521147914696,0.000633537827525],[0.000420034280978,-0.00105709675699,-0.000166409256053,0.0000743501295801,-0.00283296732232,0.00426217634231,-0.000947692024056,-0.00975408405066,0.0266433041543,-0.0138044636697,0.0020035780035,-0.00223877723329,0.00187304033898],[-0.000243731963565,0.000381297926651,-0.00188428012189,-0.000270297692623,0.00382472411729,-0.00271076685749,0.000826914852951,0.00254289084114,-0.0138044636697,0.0279127769172,-0.0170556977391,0.00853921938688,-0.00342124700546],[0.000170256244019,-0.000766092620324,0.00110369431786,0.000366259802831,-0.00134185433853,0.00274115125649,0.000176426008693,-0.00119454192463,0.0020035780035,-0.0170556977391,0.0353643037379,-0.019841061905,0.00669158156961],[-0.00021826250304,0.000697545299772,-0.000718970259186,0.000651924929116,-0.000785666750744,-0.00166609662119,0.00133126403671,0.000521147914696,-0.00223877723329,0.00853921938688,-0.019841061905,0.0388542450964,-0.0167700238526],[0.000308768823743,-0.000462238589535,-0.000651445123367,-0.00257249106653,0.000981460209005,0.000432606437244,-0.00195717066526,0.000633537827525,0.00187304033898,-0.00342124700546,0.00669158156961,-0.0167700238526,0.0275695882738]],"mean":[-701.540771484,190.669128418,-21.4503955841,15.4214220047,-1.15236878395,16.5558700562,3.90911126137,1.11283767223,-0.602815449238,2.71202230453,1.5825510025,0.328600674868,0.617578029633]},"pitch_salience":{"dmean":0.0762176886201,"dmean2":0.124955497682,"dvar":0.00456779683009,"dvar2":0.0120148388669,"max":0.998437404633,"mean":0.576034545898,"median":0.594576478004,"min":0.0256683919579,"var":0.0126668196172},"silence_rate_20dB":{"dmean":0,"dmean2":0,"dvar":0,"dvar2":0,"max":1,"mean":1,"median":1,"min":1,"var":0},"silence_rate_30dB":{"dmean":0.00880972854793,"dmean2":0.0176211446524,"dvar":0.00873187184334,"dvar2":0.0217149294913,"max":1,"mean":0.991478383541,"median":1,"min":0,"var":0.00844972860068},"silence_rate_60dB":{"dmean":0.0143636884168,"dmean2":0.0287301279604,"dvar":0.0141573334113,"dvar2":0.034607000649,"max":1,"mean":0.0522788204253,"median":0,"min":0,"var":0.0495439209044},"spectral_centroid":{"dmean":145.722137451,"dmean2":220.591796875,"dvar":30592.9921875,"dvar2":55938.1132812,"max":10920.8447266,"mean":811.145080566,"median":760.107971191,"min":189.403503418,"var":122032.765625},"spectral_complexity":{"dmean":2.77602219582,"dmean2":4.25378274918,"dvar":7.73637104034,"dvar2":15.5562572479,"max":49,"mean":16.0316925049,"median":17,"min":0,"var":57.8263282776},"spectral_contrast_coeffs":{"dmean":[0.0545396208763,0.052382580936,0.0412524528801,0.029711522162,0.020036181435,0.0448641777039],"dmean2":[0.0905843600631,0.0867669507861,0.0685925930738,0.0491449572146,0.0328568592668,0.068636059761],"dvar":[0.00178093463182,0.0016820760211,0.0010616350919,0.000556979561225,0.000263426627498,0.00158780778293],"dvar2":[0.00490540592,0.00450128270313,0.00290535786189,0.00146336678881,0.000690284941811,0.00347360922024],"max":[-0.313840597868,-0.427885055542,-0.506266415119,-0.600579738617,-0.63473623991,-0.489874154329],"mean":[-0.691609859467,-0.749987602234,-0.783024966717,-0.798236906528,-0.829817891121,-0.777312338352],"median":[-0.695712327957,-0.7563560009,-0.79013979435,-0.803256750107,-0.829860925674,-0.791482210159],"min":[-0.970458030701,-0.998556613922,-0.992628753185,-0.989099681377,-0.963793158531,-0.958859324455],"var":[0.00635697180405,0.00503564253449,0.00381126347929,0.00225793151185,0.000933829520363,0.00434210523963]},"spectral_contrast_valleys":{"dmean":[0.407725214958,0.352179467678,0.300117492676,0.271919667721,0.338202178478,0.685425698757],"dmean2":[0.661548912525,0.572514116764,0.486529350281,0.40916159749,0.465314120054,1.11244738102],"dvar":[0.112142473459,0.0858815833926,0.0699336975813,0.0616648606956,0.0944989025593,0.323835462332],"dvar2":[0.269085109234,0.201760157943,0.155414313078,0.117583535612,0.163024812937,0.830421090126],"max":[-5.30075788498,-4.66673183441,-4.87355613708,-5.59933662415,-5.7361946106,-9.06739044189],"mean":[-7.03961992264,-6.54718399048,-6.91727590561,-7.460896492,-8.21534538269,-11.4960489273],"median":[-6.9057970047,-6.41026973724,-6.75855636597,-7.3066034317,-8.14395332336,-11.4050159454],"min":[-26.8947505951,-27.3556041718,-27.5551929474,-27.295249939,-27.2340068817,-27.2455463409],"var":[0.905619859695,1.02392554283,1.08218073845,0.979999423027,0.916311562061,1.06406664848]},"spectral_decrease":{"dmean":2.36436026313e-9,"dmean2":3.72108543978e-9,"dvar":9.2051553697e-18,"dvar2":2.18897434157e-17,"max":1.69176381237e-10,"mean":-6.03705441193e-9,"median":-4.60316051942e-9,"min":-4.00793034316e-8,"var":2.84469232454e-17},"spectral_energy":{"dmean":0.00968808401376,"dmean2":0.0149213336408,"dvar":0.000145683094161,"dvar2":0.000339787540725,"max":0.184945955873,"mean":0.0316170305014,"median":0.0253785774112,"min":1.03674544749e-20,"var":0.000614300486632},"spectral_energyband_high":{"dmean":0.000170548009919,"dmean2":0.000228622142458,"dvar":1.29472070398e-7,"dvar2":2.15191150232e-7,"max":0.015924539417,"mean":0.000325967441313,"median":0.000142487551784,"min":7.5134471015e-21,"var":3.27328763206e-7},"spectral_energyband_low":{"dmean":0.00577773991972,"dmean2":0.00948115531355,"dvar":0.0000950703033595,"dvar2":0.000236852123635,"max":0.0979241877794,"mean":0.00935117714107,"median":0.00588007317856,"min":7.65487524579e-23,"var":0.000118772855785},"spectral_energyband_middle_high":{"dmean":0.0024689536076,"dmean2":0.00375657109544,"dvar":0.0000192511161003,"dvar2":0.0000461114141217,"max":0.0993668735027,"mean":0.0064493608661,"median":0.00314547261223,"min":1.64555506354e-21,"var":0.0000743790951674},"spectral_energyband_middle_low":{"dmean":0.0048288195394,"dmean2":0.00757224718109,"dvar":0.0000473375039292,"dvar2":0.000112524743599,"max":0.126728489995,"mean":0.0121612222865,"median":0.00768514769152,"min":3.22480128141e-22,"var":0.000174584740307},"spectral_entropy":{"dmean":0.20380564034,"dmean2":0.302157074213,"dvar":0.0295727923512,"dvar2":0.0657183304429,"max":9.79806041718,"mean":7.25118255615,"median":7.24817657471,"min":5.66348266602,"var":0.108864873648},"spectral_flux":{"dmean":0.0216357856989,"dmean2":0.0337610729039,"dvar":0.000546332565136,"dvar2":0.00121042318642,"max":0.291739106178,"mean":0.0960806533694,"median":0.0912452340126,"min":1.01820697707e-10,"var":0.00234152656049},"spectral_kurtosis":{"dmean":7.99782371521,"dmean2":12.4162349701,"dvar":53.8283348083,"dvar2":131.175674438,"max":103.052223206,"mean":28.2682132721,"median":26.2427349091,"min":-1.18557691574,"var":138.029083252},"spectral_rms":{"dmean":0.000808330194559,"dmean2":0.00121302879415,"dvar":7.0630017035e-7,"dvar2":0.00000153325106567,"max":0.0134326126426,"mean":0.00509587209672,"median":0.00497590051964,"min":3.18034422582e-12,"var":0.00000487782472192},"spectral_rolloff":{"dmean":4624.54443359,"dmean2":8923.46191406,"dvar":59953692,"dvar2":139140768,"max":22050,"mean":9297.12792969,"median":1830.32226562,"min":21.533203125,"var":93608016},"spectral_skewness":{"dmean":0.539300143719,"dmean2":0.813739895821,"dvar":0.215641349554,"dvar2":0.506361842155,"max":7.54844713211,"mean":3.79423809052,"median":3.74377346039,"min":0.0088872667402,"var":0.695033967495},"spectral_spread":{"dmean":535750.6875,"dmean2":829198.875,"dvar":293502812160,"dvar2":577824030720,"max":41009364,"mean":3400257.25,"median":3328267.75,"min":1364276.75,"var":818150572032},"spectral_strongpeak":{"dmean":1.03032839298,"dmean2":1.87016475201,"dvar":17.4795265198,"dvar2":48.0158615112,"max":98.4180984497,"mean":1.0702303648,"median":0.255010604858,"min":0,"var":13.6444444656},"zerocrossingrate":{"dmean":0.0324238762259,"dmean2":0.041329395026,"dvar":0.000776050554123,"dvar2":0.00117090134881,"max":0.54296875,"mean":0.235379233956,"median":0.2294921875,"min":0,"var":0.00602473737672}},"metadata":{"audio_properties":{"analysis_sample_rate":44100,"bit_rate":320000,"codec":"mp3","downmix":"mix","equal_loudness":0,"length":242.468566895,"lossless":false,"md5_encoded":"e8ebcee5bcd5d2a4763176c86edddad0","replay_gain":-4.08000946045,"sample_rate":44100},"tags":{"album":["Their Greatest Hits: The Record (disc 1)"],"albumartist":["Bee Gees"],"albumartistsort":["Bee Gees"],"albumsort":["Their Greatest Hits: The Record"],"artist":["Bee Gees"],"artistsort":["Bee Gees"],"asin":["B00005RH91"],"barcode":["731458940029"],"catalognumber":["314 589 400-2"],"date":["2001"],"discnumber":["1/2"],"file_name":"17. Bee Gees - Fanny (Be Tender With My Love).mp3","genre":["Disco"],"label":["Polydor"],"musicbrainz album release country":["US"],"musicbrainz album status":["official"],"musicbrainz album type":["compilation"],"musicbrainz_albumartistid":["bf0f7e29-dfe1-416c-b5c6-f9ebc19ea810"],"musicbrainz_albumid":["e32b7653-0d93-4323-ab8b-6fb2b8b10b56"],"musicbrainz_artistid":["bf0f7e29-dfe1-416c-b5c6-f9ebc19ea810"],"musicbrainz_recordingid":["fd7fd4fb-7e3e-4e3c-962c-8056f8c595d9"],"musicip_puid":["1722e53b-7df5-80f7-75fe-48f1e1b5b3e6"],"title":["Fanny (Be Tender With My Love)"],"tracknumber":["17/21"]},"version":{"essentia":"2.1-beta1","essentia_build_sha":"ca57ba49d9b1854bd80e60cf9ccf267278fb7d6b","essentia_git_sha":"v2.1_beta1-28-g21ef5f4-dirty","extractor":"music 1.0"}},"rhythm":{"beats_count":390,"beats_loudness":{"dmean":0.0168440267444,"dmean2":0.0289023984224,"dvar":0.000280033127638,"dvar2":0.000811354955658,"max":0.162294954062,"mean":0.0400588512421,"median":0.0357157960534,"min":1.62470783494e-7,"var":0.000621777027845},"beats_loudness_band_ratio":{"dmean":[0.224290817976,0.09339941293,0.12951977551,0.120842933655,0.0409683398902,0.0898331701756],"dmean2":[0.414217948914,0.160113930702,0.231463775039,0.213583558798,0.078673325479,0.169514089823],"dvar":[0.030510250479,0.0070865470916,0.015563391149,0.013