{"lowlevel":{"average_loudness":0.733572840691,"barkbands":{"dmean":[0.0121932439506,0.0169483534992,0.00210402207449,0.000707324361429,0.00160241464619,0.00224513211288,0.00336597231217,0.000823863025289,0.000786650925875,0.000955895404331,0.000545590941329,0.00050703168381,0.000425017235102,0.000191663581063,0.0002073332289,0.000198817579076,0.000189704194781,0.0000795545056462,0.0000608340997132,0.0000506997275806,0.000052353607316,0.0000284301459033,0.0000219727353397,0.0000168267124536,0.00000269520160145,0.0000323839340126,0.000186184886843],"dmean2":[0.0197496563196,0.0261768046767,0.00359194423072,0.00120269495528,0.00266979611479,0.00362769840285,0.00551727740094,0.00133697630372,0.00125385751016,0.00156260712538,0.000895803561434,0.000835898506921,0.000701099459548,0.000310018105665,0.000341642706189,0.000319377606502,0.000292862940114,0.000123173114844,0.0000912263785722,0.0000749595201341,0.0000735394642106,0.0000400567769248,0.0000308187918563,0.0000260825199803,0.00000452669246442,0.0000468065700261,0.000268750445684],"dvar":[0.000402033474529,0.000621467537712,0.00000670806593916,0.00000145105968841,0.00000894545064511,0.0000219370194827,0.0000627988338238,0.00000524694087289,0.00000443377939519,0.00000494079768032,0.00000180083554824,8.45193312671e-7,6.80908271988e-7,1.17757423368e-7,1.21136963571e-7,1.01511822947e-7,1.3200779847e-7,1.91064000177e-8,1.28212365169e-8,1.91644069503e-8,5.22252285862e-8,1.19700125367e-8,1.97870497765e-9,2.04888772615e-9,1.82898540063e-11,6.35080477096e-9,6.07968289046e-8],"dvar2":[0.00096449238481,0.00145440036431,0.0000187390560313,0.00000377187393497,0.00002292917452,0.0000524409588252,0.000168894330272,0.0000132935219881,0.000010400210158,0.0000125850310724,0.00000421444974563,0.00000217974616135,0.00000180194774657,2.88663443371e-7,3.19076946198e-7,2.51993014899e-7,2.763906366e-7,4.21298338438e-8,2.76537495125e-8,3.85713363471e-8,1.00908749801e-7,2.27932996921e-8,3.95413657373e-9,5.1463295847e-9,4.72347057301e-11,1.44326737228e-8,1.1792688781e-7],"max":[0.179257214069,0.3150806427,0.0351359918714,0.0377361923456,0.0795471519232,0.176519960165,0.10969119519,0.0685504302382,0.0793168321252,0.0680319517851,0.0436889082193,0.0201965011656,0.0243787635118,0.00731275044382,0.0113521758467,0.00626014126465,0.0080484598875,0.0042906398885,0.00364520400763,0.00434414250776,0.00851675309241,0.00659294845536,0.000780053203925,0.000737457419746,0.0000599898521614,0.00117475911975,0.00896306429058],"mean":[0.0119513310492,0.0213950052857,0.00268831592984,0.000829967902973,0.00246786139905,0.00335423508659,0.00490960013121,0.00107261922676,0.00107492296956,0.00127228803467,0.000779555179179,0.000833231664728,0.00065613805782,0.000344670843333,0.00040167014231,0.000387645413866,0.000354279123712,0.000158732305863,0.000114877635497,0.0000915750788408,0.0000892086682143,0.0000519582245033,0.0000385187777283,0.0000226227948588,0.00000274589478977,0.000052566992963,0.00069630483631],"median":[0.0039617754519,0.0113217495382,0.00170720287133,0.00042618898442,0.00129095395096,0.00158593093511,0.000856083934195,0.00025434026611,0.000279197731288,0.000358165270882,0.000331413466483,0.000455178145785,0.000307835638523,0.000166842888575,0.000250592274824,0.000249737786362,0.000186946213944,0.0000943923805607,0.0000611080758972,0.0000452850035799,0.0000358564539056,0.0000204636853596,0.0000113976066132,0.00000468119515062,0.00000115570833259,0.0000115438415378,0.000549073796719],"min":[3.45781224305e-18,5.25953114479e-18,3.6137279303e-18,3.74259274357e-18,1.01177200466e-17,1.14243221345e-17,1.27262564422e-17,1.36720688167e-17,1.94636474945e-17,1.76129020115e-17,1.34902487277e-17,9.43809604764e-18,2.10308044443e-18,2.15133609342e-18,2.11850268929e-17,6.31234164759e-17,1.05664157327e-16,1.33084202016e-16,1.01060619285e-16,1.59160270116e-17,2.29612434027e-17,4.0347263007e-16,5.61401208402e-16,7.777827628e-16,4.02421912169e-16,5.0084835825e-16,7.5567234414e-16],"var":[0.000403715122957,0.000765587959904,0.00000924390769796,0.00000179137032319,0.0000158500006364,0.0000380499041057,0.000121328586829,0.00000833244848764,0.0000083751301645,0.00000723410084902,0.00000281683492176,0.00000148283879753,0.00000103548086372,2.76387112308e-7,2.50021884085e-7,2.14811990418e-7,2.92957565762e-7,4.72100971649e-8,2.96041076098e-8,3.97500805605e-8,8.9757634214e-8,2.32756427465e-8,4.33600222394e-9,2.30277996671e-9,1.91708593444e-11,1.04032560344e-8,3.71921629494e-7]},"barkbands_crest":{"dmean":3.30673313141,"dmean2":5.44914674759,"dvar":7.18297386169,"dvar2":18.8326816559,"max":26.0844612122,"mean":11.4999790192,"median":11.2233352661,"min":3.00139832497,"var":16.8517036438},"barkbands_flatness_db":{"dmean":0.033518075943,"dmean2":0.0508022606373,"dvar":0.000870309304446,"dvar2":0.00194921845105,"max":0.404657244682,"mean":0.15373082459,"median":0.147328928113,"min":0.0305845849216,"var":0.00277935271151},"barkbands_kurtosis":{"dmean":10.1142320633,"dmean2":15.788485527,"dvar":367.160522461,"dvar2":850.113952637,"max":415.80291748,"mean":14.4891414642,"median":6.80600357056,"min":-1.81874358654,"var":715.834411621},"barkbands_skewness":{"dmean":0.989663302898,"dmean2":1.4954431057,"dvar":1.24029123783,"dvar2":2.69491934776,"max":16.3638591766,"mean":2.84955525398,"median":2.34117412567,"min":-2.28778600693,"var":3.53729152679},"barkbands_spread":{"dmean":8.17764568329,"dmean2":12.4181022644,"dvar":60.7684593201,"dvar2":133.518096924,"max":129.926422119,"mean":23.931520462,"median":21.2649898529,"min":0.738179862499,"var":214.341552734},"dissonance":{"dmean":0.0190882049501,"dmean2":0.0323882736266,"dvar":0.000342156650731,"dvar2":0.000954337010626,"max":0.500000119209,"mean":0.468291610479,"median":0.474737077951,"min":0.245425581932,"var":0.000616949459072},"dynamic_complexity":2.73426961899,"erbbands":{"dmean":[1.06028318405,1.99120247364,2.7421143055,1.98624932766,3.70537781715,5.99268245697,9.49717140198,22.5398044586,48.8926811218,32.7873764038,16.7548980713,18.0723438263,22.7656764984,27.4552116394,20.3635139465,19.6839962006,19.5542945862,9.593126297,9.55065155029,10.6775493622,10.1506481171,9.78289699554,4.73083019257,3.62429690361,2.37906289101,2.46425366402,2.34258508682,1.75394356251,1.06815826893,0.836280584335,0.623231887817,0.459417283535,0.189436003566,0.0351071543992,0.0197264123708,0.0451721325517,0.0814526453614,0.0376414619386,0.0112597830594,0.00465738307685],"dmean2":[1.62069642544,3.34496259689,4.66727876663,3.34449028969,6.21739912033,9.99552822113,15.4511432648,36.3095321655,80.0983963013,52.0767440796,27.0919532776,28.6317386627,36.8963165283,44.5472755432,32.8533439636,32.0315093994,32.2144622803,15.404504776,15.4267864227,17.3997764587,16.0526180267,14.9503946304,7.24447870255,5.50326919556,3.47838115692,3.6481564045,3.28147053719,2.45122337341,1.51296651363,1.16660583019,0.891641557217,0.711894214153,0.28990021348,0.0576192215085,0.0328756161034,0.0702582374215,0.121713168919,0.0488281659782,0.0143070090562,0.00675245141611],"dvar":[2.81707572937,7.52072715759,10.6963500977,9.12862014771,41.4710769653,156.73248291,575.720153809,2111.29150391,14545.1962891,6150.59033203,2496.28759766,2867.60595703,3447.2824707,3730.67919922,2812.90332031,1225.97753906,1414.21008301,290.824401855,320.76739502,264.995025635,302.960998535,374.44354248,68.8683624268,38.7379150391,25.1979923248,47.8280830383,72.9067382812,73.0217590332,15.3466739655,8.75581455231,1.73059940338,1.66466522217,0.193367943168,0.00271268445067,0.000921947997995,0.0107367066666,0.0509243123233,0.0173935238272,0.000783343799412,0.0000328938003804],"dvar2":[6.45477628708,19.9471321106,29.9666996002,23.6770076752,106.230979919,412.873321533,1418.21166992,4984.97705078,36860.7460938,14106.7099609,6473.73095703,6563.10058594,8602.78125,9649.65429688,6520.65136719,3179.83789062,3759.19970703,687.22064209,860.740844727,678.895385742,704.795593262,785.062988281,148.198364258,88.0255813599,50.6671829224,98.1341781616,135.08039856,140.907028198,25.957660675,17.3149089813,3.61996674538,4.23914051056,0.442192316055,0.00675544142723,0.00236553465948,0.0243803262711,0.125535368919,0.0336711965501,0.00128034991212,0.0000651875161566],"max":[16.6765975952,40.5373725891,51.4549942017,76.5751113892,114.624900818,319.850830078,667.766357422,1759.44995117,1972.39245605,1469.48547363,1802.76745605,2478.05615234,2311.80786133,1551.01342773,2057.55908203,831.824768066,1007.80438232,433.942779541,640.799926758,368.853149414,385.451019287,443.413970947,236.205581665,157.810501099,163.178848267,209.76234436,336.740997314,410.420227051,238.407073975,219.254745483,21.4643554688,23.4760799408,8.63043498993,0.7117664814,0.42895501852,1.34457838535,3.80736660957,9.38505554199,1.11253035069,0.198087483644],"mean":[1.16336679459,2.70659971237,3.73992276192,2.7816259861,5.16620969772,8.59466075897,14.1559171677,33.594959259,69.9006729126,46.4240074158,23.2105884552,25.1497268677,31.527879715,40.6002044678,32.9596443176,34.4278793335,31.9853744507,18.7027626038,19.7243785858,22.2264823914,21.1087760925,19.2009334564,10.1274003983,7.27833557129,4.58322000504,4.42669534683,4.09846305847,2.95338559151,1.93748402596,1.50935709476,1.03577470779,0.612338781357,0.275677680969,0.042788118124,0.0219964794815,0.0665817186236,0.1199683249,0.0767865628004,0.0306118093431,0.0224458239973],"median":[0.424047976732,1.82422351837,2.57494616508,1.70052087307,2.63860988617,4.20651006699,6.67320203781,15.628660202,15.729142189,9.35638809204,6.49499130249,6.82875728607,9.3396730423,14.9504566193,15.8770494461,19.402765274,15.7759952545,9.40557956696,11.440114975,14.7845563889,13.1854095459,10.5712566376,6.32968711853,4.1227107048,2.36646819115,2.19346833229,1.80806910992,1.12505602837,0.778716623783,0.532950282097,0.283671379089,0.135555356741,0.0583854652941,0.0205128509551,0.0109732523561,0.0143576804549,0.0224312040955,0.0277462825179,0.0185635257512,0.0175322685391],"min":[1.90449362785e-16,1.07448723398e-15,3.6980890965e-15,9.2626491736e-15,1.94743089791e-14,3.6561475825e-14,6.32188732245e-14,1.02992497885e-13,1.59687448811e-13,2.35851729856e-13,3.30675618181e-13,4.35570606276e-13,5.28968091117e-13,5.73229994288e-13,5.21707568639e-13,3.50447156103e-13,1.2232456801e-13,6.59774494695e-14,5.74561286135e-13,1.97615903676e-12,4.09491841477e-12,6.10499151232e-12,7.13261307655e-12,6.52205980195e-12,3.56603483721e-12,7.13613033682e-13,9.26866222661e-13,2.17228600559e-12,1.39265500174e-11,1.25574065035e-11,1.83242032659e-11,1.02251566589e-11,1.72034539392e-11,5.39283895318e-12,2.76977182509e-12,1.39242252711e-12,1.0685188628e-12,5.37744870334e-13,6.78545422433e-14,1.37672229031e-14],"var":[3.27591252327,8.60986995697,14.7724885941,12.423494339,67.8001708984,242.770477295,953.215576172,3665.66015625,25837.5546875,10991.3076172,4057.85424805,5506.33740234,5458.765625,5404.13476562,4603.25488281,2231.4362793,2248.32519531,742.91003418,705.033325195,618.246948242,698.309692383,829.45916748,177.757034302,93.9190826416,60.5651054382,93.4647598267,137.797897339,120.620117188,32.8768730164,13.1897592545,3.34995436668,1.71563780308,0.314758270979,0.0035536098294,0.00101235846523,0.0186713710427,0.0631742179394,0.0294361170381,0.00238001835532,0.000338228855981]},"erbbands_crest":{"dmean":2.86049842834,"dmean2":4.70177793503,"dvar":8.21972179413,"dvar2":19.9903392792,"max":30.4079170227,"mean":8.58342933655,"median":7.17557954788,"min":2.19678425789,"var":21.5350017548},"erbbands_flatness_db":{"dmean":0.0219621118158,"dmean2":0.0328596644104,"dvar":0.000385944527807,"dvar2":0.000831283628941,"max":0.288069784641,"mean":0.135670974851,"median":0.132692664862,"min":0.029922991991,"var":0.00192999851424},"erbbands_kurtosis":{"dmean":0.906517386436,"dmean2":1.47702002525,"dvar":1.53273463249,"dvar2":3.9042391777,"max":20.6224632263,"mean":0.33818051219,"median":-0.163753271103,"min":-1.63640093803,"var":2.96076369286},"erbbands_skewness":{"dmean":0.378731936216,"dmean2":0.598097026348,"dvar":0.112663373351,"dvar2":0.279526919127,"max":3.97599315643,"mean":0.272155821323,"median":0.190332740545,"min":-2.74582791328,"var":0.53351277113},"erbbands_spread":{"dmean":7.23020839691,"dmean2":11.1378755569,"dvar":45.1345329285,"dvar2":99.8389053345,"max":135.352432251,"mean":33.2874450684,"median":30.7606964111,"min":4.71779489517,"var":213.274414062},"gfcc":{"cov":[[5564.37402344,-79.7093505859,-321.71786499,25.0994625092,-380.488525391,-114.966209412,123.771438599,105.740402222,14.6445903778,59.7286186218,-72.519493103,63.4258499146,-135.968185425],[-79.7093505859,872.97454834,-186.735031128,-266.572479248,224.971450806,-158.429977417,21.3466758728,-14.7508621216,41.8524017334,-62.7590408325,43.4056587219,-78.7581634521,143.710952759],[-321.71786499,-186.735031128,324.599853516,168.216018677,-50.0873718262,146.572616577,-56.0328598022,34.6684265137,-25.0568199158,44.977558136,-6.9954252243,20.3365917206,-12.4965667725],[25.0994625092,-266.572479248,168.216018677,379.999389648,53.3138809204,58.909992218,126.359436035,-15.0898532867,-11.8192129135,22.7823581696,-20.9011363983,29.7009849548,-37.1063232422],[-380.488525391,224.971450806,-50.0873718262,53.3138809204,286.468078613,-8.64622592926,59.4727973938,-61.2309608459,-6.49917507172,-49.5079536438,19.016916275,-22.5884742737,70.4116821289],[-114.966209412,-158.429977417,146.572616577,58.909992218,-8.64622592926,208.038757324,-35.585067749,49.6030349731,-24.3496723175,19.9027004242,-9.95815086365,17.1243095398,-5.95544099808],[123.771438599,21.3466758728,-56.0328598022,126.359436035,59.4727973938,-35.585067749,240.735351562,23.0561180115,41.9522857666,-6.39711999893,-12.1242256165,12.9624891281,-12.335735321],[105.740402222,-14.7508621216,34.6684265137,-15.0898532867,-61.2309608459,49.6030349731,23.0561180115,152.911834717,32.4389953613,33.6651306152,5.65842342377,-8.66495609283,5.54360628128],[14.6445903778,41.8524017334,-25.0568199158,-11.8192129135,-6.49917507172,-24.3496723175,41.9522857666,32.4389953613,88.8073272705,33.9116096497,13.4007768631,11.2324800491,-12.6566009521],[59.7286186218,-62.7590408325,44.977558136,22.7823581696,-49.5079536438,19.9027004242,-6.39711999893,33.6651306152,33.9116096497,76.3805160522,29.1518039703,16.4390048981,-9.89397239685],[-72.519493103,43.4056587219,-6.9954252243,-20.9011363983,19.016916275,-9.95815086365,-12.1242256165,5.65842342377,13.4007768631,29.1518039703,68.4830703735,26.9522190094,21.9211483002],[63.4258499146,-78.7581634521,20.3365917206,29.7009849548,-22.5884742737,17.1243095398,12.9624891281,-8.66495609283,11.2324800491,16.4390048981,26.9522190094,75.4771881104,2.96776533127],[-135.968185425,143.710952759,-12.4965667725,-37.1063232422,70.4116821289,-5.95544099808,-12.335735321,5.54360628128,-12.6566009521,-9.89397239685,21.9211483002,2.96776533127,97.0083389282]],"icov":[[0.000290737545583,-0.000416768016294,0.000838055275381,-0.00065327284392,0.000576188031118,-0.00020449499425,0.000263864581939,-0.000307111127768,0.000536062580068,-0.000556732993573,0.000623615924269,-0.000706500082742,0.000397176831029],[-0.000416768016294,0.00424949778244,-0.00282466807403,0.00403111055493,-0.00292076356709,0.00222463696264,-0.00194745324552,0.000651617068797,-0.00254701427184,0.00206560781226,-0.00224820454605,0.00385773740709,-0.00346136908047],[0.000838055275381,-0.00282466807403,0.0109679466113,-0.0076922159642,0.00435427902266,-0.00516080670059,0.00459099793807,-0.00130541028921,0.00167225848418,-0.00298602203839,0.00214723614044,-0.00242971372791,0.000513583305292],[-0.00065327284392,0.00403111055493,-0.0076922159642,0.0114569617435,-0.00622502807528,0.00359540781938,-0.00611568847671,0.00120387366042,0.0011140279239,-0.00204941327684,0.000831163139082,0.000808311859146,0.000120360738947],[0.000576188031118,-0.00292076356709,0.00435427902266,-0.00622502807528,0.0119973737746,-0.00539468461648,-0.00000958441250987,0.0043059294112,-0.00302805518731,0.00561104947701,-0.00550855137408,0.00443476438522,-0.00468592625111],[-0.00020449499425,0.00222463696264,-0.00516080670059,0.00359540781938,-0.00539468461648,0.010922354646,0.0000124047273857,-0.0043639075011,0.00317742279731,-0.00235189287923,0.00367990927771,-0.0034570840653,0.00141420145519],[0.000263864581939,-0.00194745324552,0.00459099793807,-0.00611568847671,-0.00000958441250987,0.0000124047273857,0.00962733011693,-0.00365324527957,-0.00165609759279,0.000409830419812,0.00325680198148,-0.00425375346094,0.00216759927571],[-0.000307111127768,0.000651617068797,-0.00130541028921,0.00120387366042,0.0043059294112,-0.0043639075011,-0.00365324527957,0.0126848127693,-0.00575692625716,0.00119295076001,-0.00466499151662,0.00765724759549,-0.00549569772556],[0.000536062580068,-0.00254701427184,0.00167225848418,0.0011140279239,-0.00302805518731,0.00317742279731,-0.00165609759279,-0.00575692625716,0.0231871958822,-0.0140432184562,0.00661031948403,-0.00907001830637,0.0080540953204],[-0.000556732993573,0.00206560781226,-0.00298602203839,-0.00204941327684,0.00561104947701,-0.00235189287923,0.000409830419812,0.00119295076001,-0.0140432184562,0.0319957286119,-0.0174752958119,0.00803667400032,-0.0041079390794],[0.000623615924269,-0.00224820454605,0.00214723614044,0.000831163139082,-0.00550855137408,0.00367990927771,0.00325680198148,-0.00466499151662,0.00661031948403,-0.0174752958119,0.0319882407784,-0.0160347297788,0.00204630056396],[-0.000706500082742,0.00385773740709,-0.00242971372791,0.000808311859146,0.00443476438522,-0.0034570840653,-0.00425375346094,0.00765724759549,-0.00907001830637,0.00803667400032,-0.0160347297788,0.0275933835655,-0.00870308466256],[0.000397176831029,-0.00346136908047,0.000513583305292,0.000120360738947,-0.00468592625111,0.00141420145519,0.00216759927571,-0.00549569772556,0.0080540953204,-0.0041079390794,0.00204630056396,-0.00870308466256,0.0206184368581]],"mean":[11.5641565323,96.3399734497,-85.2209701538,-2.75065851212,-8.13498878479,-12.7660856247,-2.83028388023,-15.2448263168,5.39575004578,-3.58594751358,1.3571972847,8.77627849579,-3.22647380829]},"hfc":{"dmean":59.8290252686,"dmean2":93.6819076538,"dvar":5745.54199219,"dvar2":14044.1416016,"max":1493.61096191,"mean":194.910614014,"median":154.565490723,"min":4.1326393696e-11,"var":23641.125},"melbands":{"dmean":[0.00725782243535,0.00165848038159,0.000361459737178,0.000352960254531,0.000311628653435,0.000511565362103,0.000718414492439,0.000318758771755,0.000135284528369,0.00011318752513,0.000119926742627,0.000118692223623,0.0000715746282367,0.0000583613909839,0.0000538391068403,0.0000356820892193,0.0000181997311302,0.0000163311815413,0.0000157821941684,0.0000151375406858,0.000012828673789,0.0000117583967949,0.0000071172553362,0.00000326057806888,0.00000325463588524,0.00000203706554203,0.00000166265817825,0.00000178115760718,0.00000149306890762,0.00000144791090406,9.32041530177e-7,6.46333376153e-7,5.49700189367e-7,4.66249247211e-7,3.935433881e-7,3.11381342044e-7,2.79840833173e-7,1.6257148161e-7,5.047037277e-8,2.45858409187e-8],"dmean2":[0.0110121695325,0.00281560351141,0.000602660002187,0.000589901639614,0.000508360855747,0.000818632019218,0.00117970630527,0.000501637696289,0.000219048582949,0.000180037401151,0.000194609194295,0.000193812098587,0.000116378614621,0.0000956895892159,0.0000880414809217,0.0000585693087487,0.0000293399752991,0.0000266460629064,0.0000259966527665,0.0000248524993367,0.0000204198477149,0.0000181773957593,0.0000111497338366,0.00000510735571879,0.00000505189382238,0.00000307289587909,0.00000252274207924,0.00000270576174444,0.00000217827209781,0.0000021141927391,0.00000133745709263,9.30695819079e-7,8.01208500434e-7,6.68367476919e-7,5.71489294998e-7,4.71271050628e-7,4.46971796464e-7,2.49651066042e-7,8.0558884008e-8,4.13613854278e-8],"dvar":[0.00012334031635,0.00000379333096134,2.70954672033e-7,4.60284297787e-7,5.1022578873e-7,0.00000104365983589,0.00000291356809612,5.58340502721e-7,1.64469511788e-7,1.05268171069e-7,9.36142825481e-8,7.27602795791e-8,3.46415767183e-8,1.33289344006e-8,9.40977695763e-9,4.56047066777e-9,1.10098796746e-9,9.17165621228e-10,5.96687310672e-10,5.56298729304e-10,5.34234878558e-10,5.86039883288e-10,1.96250293794e-10,2.82612856728e-11,3.25768578779e-11,1.80159862723e-11,1.67247951599e-11,2.61387092526e-11,2.69268322917e-11,4.63216028035e-11,2.13548657924e-11,7.88349073522e-12,6.30045538311e-12,1.4388602072e-12,6.87952245084e-13,6.44933542335e-13,6.75544093321e-13,1.56173373387e-13,8.6005895873e-15,1.54104992198e-15],"dvar2":[0.000278632476693,0.0000104393629954,7.06586604338e-7,0.00000114557246889,0.00000128678163946,0.00000245578462454,0.00000773555166234,0.00000126056863792,4.27395178804e-7,2.37892592736e-7,2.33129796356e-7,1.88714167848e-7,7.87991609741e-8,3.32765992539e-8,2.50666687407e-8,1.15785452337e-8,2.66612754096e-9,2.42639508485e-9,1.52869028547e-9,1.44637457566e-9,1.23603050017e-9,1.26177235327e-9,4.40231739951e-10,6.37883426635e-11,7.74835334783e-11,3.91387235121e-11,3.39346016565e-11,5.56300630561e-11,5.12354707272e-11,9.18391820925e-11,4.26785377872e-11,1.42018549698e-11,1.1919770726e-11,2.97495274942e-12,1.46709879488e-12,1.55408812989e-12,1.77759532354e-12,3.62115312779e-13,2.00511418043e-14,3.98463271926e-15],"max":[0.11662350595,0.0284132603556,0.0129709457979,0.0177685152739,0.0211855880916,0.0394271612167,0.0257740598172,0.0131296599284,0.0125834159553,0.0151811949909,0.0119629688561,0.006870909594,0.00632634572685,0.00294520496391,0.00281125982292,0.00172045303043,0.000771385326516,0.000926979584619,0.000533078680746,0.000463386852061,0.00045304003288,0.000608590373304,0.000448150880402,0.000144658624777,0.00014807745174,0.000165448742337,0.000152911656187,0.000157381218742,0.000220919391722,0.000285453803372,0.000170389175764,0.000185467404663,0.000186796591152,0.0000727596343495,0.0000129508925966,0.0000160628387675,0.0000177156853169,0.00000831369834486,0.00000166190636719,5.47806735085e-7],"mean":[0.00858278013766,0.002471790649,0.000542330963071,0.00052070512902,0.000475866982015,0.000759035174269,0.00105277972762,0.000431626423961,0.000180340270163,0.000154365930939,0.000159463656018,0.000169263439602,0.00010976127669,0.0000936806682148,0.0000875722689671,0.00005592139496,0.0000320989565807,0.0000308369890263,0.0000304621971736,0.0000286763443,0.0000240320732701,0.0000212008362723,0.0000132708364617,0.00000645336967864,0.00000598259111939,0.00000361652291758,0.00000293335347124,0.00000293628659165,0.00000254357723861,0.00000228747921938,0.0000014989407191,0.00000110834184852,9.22626497868e-7,8.13120720977e-7,6.41653457478e-7,4.37325638813e-7,3.4783121805e-7,2.32876047335e-7,6.64424888441e-8,2.47432687672e-8],"median":[0.00378584815189,0.00186558370478,0.000351867609425,0.000262050656602,0.000228484641411,0.000351151305949,0.000225999043323,0.0000902204628801,0.0000441047777713,0.0000397677358706,0.0000426417827839,0.0000570371157664,0.0000495050408063,0.0000478372785437,0.0000477704234072,0.0000247815787588,0.0000149535771925,0.0000168558763107,0.000019508668629,0.0000184761629498,0.0000136468843266,0.0000109180655272,0.00000749445598558,0.0000036727767565,0.00000320929621012,0.00000178167817921,0.00000138811060424,0.00000137326105687,0.00000114216516067,8.50958315368e-7,5.5910612673e-7,4.47278637239e-7,3.41025611306e-7,2.68843876938e-7,1.74195321279e-7,1.04299843429e-7,7.01140052684e-8,4.42298677683e-8,2.15217017541e-8,1.01929940044e-8],"min":[1.74485643848e-18,1.78642702055e-18,1.87002023889e-18,1.98631935148e-18,2.14393551527e-18,2.31662994086e-18,2.5025232739e-18,2.66702385513e-18,2.77252577918e-18,2.7792236674e-18,2.63894913835e-18,2.32330053212e-18,1.82463862895e-18,1.19822281607e-18,5.69636015979e-19,1.25479137172e-19,9.81167844528e-20,6.75833909115e-19,1.88401820281e-18,3.4899544137e-18,5.06957201225e-18,6.16853604994e-18,6.57177501803e-18,6.28813106368e-18,5.282339823e-18,3.42814541038e-18,1.27409089128e-18,2.48789768669e-19,5.59637160133e-19,4.14879415562e-19,1.41216656746e-18,7.14419020578e-18,9.56046583874e-18,5.64294218e-18,1.05802571113e-17,8.71580359112e-18,5.69804274856e-18,1.53325917101e-17,5.07653439146e-18,4.54839900909e-18],"var":[0.000150419058627,0.00000518799561178,4.00672945489e-7,8.27574581308e-7,8.67665846727e-7,0.00000181227585472,0.00000551543234906,9.68762947196e-7,2.73229943559e-7,2.08046955663e-7,1.45586341205e-7,1.02364985821e-7,5.68516576038e-8,2.25075442728e-8,1.5196045311e-8,7.76773134703e-9,2.52855536509e-9,1.96716176681e-9,1.28102761732e-9,1.10325770741e-9,1.13259146506e-9,1.19887955119e-9,3.90037252496e-10,7.35777827554e-11,6.92792073709e-11,3.68396702033e-11,3.54890249132e-11,4.61970461885e-11,4.92407607744e-11,7.24073301317e-11,3.3685710471e-11,1.4505560815e-11,8.8032792861e-12,2.49725327223e-12,1.31982055493e-12,7.78793154098e-13,6.26972269675e-13,2.41981781834e-13,1.47003974071e-14,1.59953987633e-15]},"melbands_crest":{"dmean":5.7303237915,"dmean2":8.88376617432,"dvar":22.6940975189,"dvar2":48.9700202942,"max":38.7102546692,"mean":19.7435092926,"median":18.5027561188,"min":3.1120429039,"var":61.8374290466},"melbands_flatness_db":{"dmean":0.0393732339144,"dmean2":0.0595878474414,"dvar":0.00109437038191,"dvar2":0.00250883982517,"max":0.513325273991,"mean":0.267307162285,"median":0.262702733278,"min":0.0341985560954,"var":0.00391557626426},"melbands_kurtosis":{"dmean":16.9020767212,"dmean2":26.7187843323,"dvar":1293.76147461,"dvar2":2814.20556641,"max":1745.57641602,"mean":23.6391525269,"median":9.60011959076,"min":-1.38125503063,"var":3343.16235352},"melbands_skewness":{"dmean":1.2764544487,"dmean2":1.94576704502,"dvar":2.17648506165,"dvar2":4.87767076492,"max":34.7882461548,"mean":3.34722995758,"median":2.69219136238,"min":-0.733708322048,"var":6.65871763229},"melbands_spread":{"dmean":5.33599758148,"dmean2":8.31618309021,"dvar":30.14494133,"dvar2":70.0431976318,"max":183.380249023,"mean":14.0063467026,"median":12.5830631256,"min":0.287897139788,"var":83.4981460571},"mfcc":{"cov":[[4929.41210938,-75.8391265869,-158.130905151,127.465316772,-501.082641602,-61.0714263916,-156.229248047,140.591827393,-88.4512481689,159.49079895,-48.846988678,138.077880859,-106.354194641],[-75.8391265869,1035.1932373,-348.466705322,-127.144088745,90.8905181885,-142.919937134,-5.76402330399,-88.5381546021,80.9690170288,-116.538627625,41.9185218811,-69.5413513184,62.4785728455],[-158.130905151,-348.466705322,436.08114624,-23.4605579376,34.7678718567,43.8219604492,-0.723386228085,16.9103183746,-21.470697403,69.85521698,-12.7118854523,33.2133560181,-21.3321762085],[127.465316772,-127.144088745,-23.4605579376,364.304138184,-53.178276062,105.970581055,62.4756126404,51.8464279175,12.3530454636,42.9449462891,6.9118065834,-26.8706321716,-0.616354942322],[-501.082641602,90.8905181885,34.7678718567,-53.178276062,239.417617798,36.9470710754,39.7607269287,-40.7447967529,4.07302951813,-43.8198928833,-10.8803701401,-30.0527210236,21.4393424988],[-61.0714263916,-142.919937134,43.8219604492,105.970581055,36.9470710754,180.647171021,37.643699646,38.7496528625,-19.9253425598,15.9690580368,-34.2987365723,-6.3911318779,-4.93855524063],[-156.229248047,-5.76402330399,-0.723386228085,62.4756126404,39.7607269287,37.643699646,128.477310181,34.5252189636,43.2927246094,-1.82666802406,13.2618865967,-27.8189334869,9.65957736969],[140.591827393,-88.5381546021,16.9103183746,51.8464279175,-40.7447967529,38.7496528625,34.5252189636,107.790512085,24.816942215,40.9429931641,-1.6557508707,13.6149196625,-13.7882614136],[-88.4512481689,80.9690170288,-21.470697403,12.3530454636,4.07302951813,-19.9253425598,43.2927246094,24.816942215,102.717498779,17.3117752075,38.6563415527,-15.9783916473,10.248837471],[159.49079895,-116.538627625,69.85521698,42.9449462891,-43.8198928833,15.9690580368,-1.82666802406,40.9429931641,17.3117752075,99.1643371582,24.516456604,21.4959125519,-21.2053813934],[-48.846988678,41.9185218811,-12.7118854523,6.9118065834,-10.8803701401,-34.2987365723,13.2618865967,-1.6557508707,38.6563415527,24.516456604,79.5088272095,17.1348934174,14.7033052444],[138.077880859,-69.5413513184,33.2133560181,-26.8706321716,-30.0527210236,-6.3911318779,-27.8189334869,13.6149196625,-15.9783916473,21.4959125519,17.1348934174,81.6622009277,13.1914024353],[-106.354194641,62.4785728455,-21.3321762085,-0.616354942322,21.4393424988,-4.93855524063,9.65957736969,-13.7882614136,10.248837471,-21.2053813934,14.7033052444,13.1914024353,63.8861045837]],"icov":[[0.000298802537145,-0.000119579737657,0.00010396111611,-0.0000907037174329,0.000453736283816,0.0000943712948356,0.0000223910810746,-0.000120992430311,0.000201683098567,-0.000393446418457,0.000436326692579,-0.000475383858429,0.000308532005874],[-0.000119579737657,0.0019498039037,0.00118327070959,0.00039512256626,-0.000830542063341,0.000678799755406,0.000546260271221,0.00034699801472,-0.00119418546092,0.000711166765541,-0.000560415151995,0.00125937059056,-0.00108694075607],[0.00010396111611,0.00118327070959,0.00383102055639,0.000616663426626,-0.00102472759318,0.000183380383532,-0.000235462808632,0.000662320526317,-0.00012017373956,-0.00262815342285,0.00101214670576,-0.000600762723479,-0.000124327416415],[-0.0000907037174329,0.00039512256626,0.000616663426626,0.0044526993297,0.0012540218886,-0.0024556487333,-0.0012753342744,-0.00016035468434,0.000544143316802,-0.00140657043085,-0.00133430433925,0.00256771477871,-0.00151825742796],[0.000453736283816,-0.000830542063341,-0.00102472759318,0.0012540218886,0.00723968353122,-0.00244509452023,-0.00210279389285,0.00210187211633,0.000152879074449,0.000763216172345,0.000448742881417,0.000593945558649,-0.000606555375271],[0.0000943712948356,0.000678799755406,0.000183380383532,-0.0024556487333,-0.00244509452023,0.00973803736269,-0.00122494611423,-0.0022422564216,0.00168328115251,-0.00142062734812,0.00385176460259,-0.000638577912468,-0.000690809974913],[0.0000223910810746,0.000546260271221,-0.000235462808632,-0.0012753342744,-0.00210279389285,-0.00122494611423,0.0131856827065,-0.0045465757139,-0.00348850456066,0.0029012861196,-0.0030731020961,0.00392978359014,-0.00153335731011],[-0.000120992430311,0.00034699801472,0.000662320526317,-0.00016035468434,0.00210187211633,-0.0022422564216,-0.0045465757139,0.0163375493139,-0.0046865567565,-0.00409098807722,0.00438526878133,-0.00463753379881,0.00235588755459],[0.000201683098567,-0.00119418546092,-0.00012017373956,0.000544143316802,0.000152879074449,0.00168328115251,-0.00348850456066,-0.0046865567565,0.0174909122288,-0.00324780773371,-0.00613898830488,0.00459703337401,-0.00235676253214],[-0.000393446418457,0.000711166765541,-0.00262815342285,-0.00140657043085,0.000763216172345,-0.00142062734812,0.0029012861196,-0.00409098807722,-0.00324780773371,0.0201486665756,-0.00726697174832,-0.0015489726793,0.005272006616],[0.000436326692579,-0.000560415151995,0.00101214670576,-0.00133430433925,0.000448742881417,0.00385176460259,-0.0030731020961,0.00438526878133,-0.00613898830488,-0.00726697174832,0.0228903368115,-0.007134931162,-0.00206438894384],[-0.000475383858429,0.00125937059056,-0.000600762723479,0.00256771477871,0.000593945558649,-0.000638577912468,0.00392978359014,-0.00463753379881,0.00459703337401,-0.0015489726793,-0.007134931162,0.0216064825654,-0.00811350531876],[0.000308532005874,-0.00108694075607,-0.000124327416415,-0.00151825742796,-0.000606555375271,-0.000690809974913,-0.00153335731011,0.00235588755459,-0.00235676253214,0.005272006616,-0.00206438894384,-0.00811350531876,0.0223421789706]],"mean":[-656.898010254,162.830688477,-14.7695274353,28.6595802307,6.53176403046,19.8111362457,-3.82912683487,10.5040464401,-0.251159399748,1.87416601181,-2.43899703026,10.2809429169,8.6138677597]},"pitch_salience":{"dmean":0.100247636437,"dmean2":0.154701560736,"dvar":0.00720310397446,"dvar2":0.0161434393376,"max":0.992582499981,"mean":0.484799712896,"median":0.501320958138,"min":0.0458297617733,"var":0.0197723079473},"silence_rate_20dB":{"dmean":0,"dmean2":0,"dvar":0,"dvar2":0,"max":1,"mean":1,"median":1,"min":1,"var":0},"silence_rate_30dB":{"dmean":0.153882026672,"dmean2":0.307799935341,"dvar":0.130205750465,"dvar2":0.248492315412,"max":1,"mean":0.830866038799,"median":1,"min":0,"var":0.140526264906},"silence_rate_60dB":{"dmean":0.00279785506427,"dmean2":0.00559636252001,"dvar":0.00278982939199,"dvar2":0.00649697706103,"max":1,"mean":0.0153864091262,"median":0,"min":0,"var":0.0151494629681},"spectral_centroid":{"dmean":201.702545166,"dmean2":307.660797119,"dvar":43784.546875,"dvar2":83250.7890625,"max":4325.21679688,"mean":1016.3260498,"median":925.292297363,"min":253.734970093,"var":202045.265625},"spectral_complexity":{"dmean":3.50454640388,"dmean2":5.22093963623,"dvar":10.0107927322,"dvar2":19.0962924957,"max":58,"mean":19.7704868317,"median":20,"min":0,"var":68.8624038696},"spectral_contrast_coeffs":{"dmean":[0.0534491203725,0.0604497008026,0.0400721281767,0.027623007074,0.0231166798621,0.036668356508],"dmean2":[0.0885714441538,0.100013926625,0.0660012960434,0.0457448251545,0.0374992713332,0.0565866306424],"dvar":[0.00174642552156,0.00233434792608,0.00105029740371,0.000458020193037,0.000384612358175,0.00112272775732],"dvar2":[0.00461187865585,0.00631614169106,0.00279817217961,0.00124607188627,0.000963160244282,0.00266571412794],"max":[-0.428826749325,-0.383449375629,-0.567859470844,-0.658386588097,-0.639530420303,-0.432073712349],"mean":[-0.728006660938,-0.71819549799,-0.800818562508,-0.809273958206,-0.804884493351,-0.747493386269],"median":[-0.733598649502,-0.72586607933,-0.809349656105,-0.811713814735,-0.808265864849,-0.744659423828],"min":[-0.979510784149,-0.981894671917,-0.980441689491,-0.947132229805,-0.941131472588,-0.941899359226],"var":[0.00470285117626,0.00710028735921,0.00313308509067,0.00122064654715,0.00139724870678,0.00421543279663]},"spectral_contrast_valleys":{"dmean":[0.400704205036,0.422119557858,0.331417948008,0.243195146322,0.266638845205,0.550548195839],"dmean2":[0.638441205025,0.670000135899,0.520653009415,0.384366631508,0.390280425549,0.858408093452],"dvar":[0.103269785643,0.116994075477,0.0765574947,0.0456548035145,0.0727623030543,0.237703323364],"dvar2":[0.248912766576,0.283560395241,0.179423227906,0.0967286899686,0.14399446547,0.615019321442],"max":[-5.05604457855,-4.19652223587,-4.98413562775,-5.72000026703,-5.66914749146,-9.05261611938],"mean":[-6.58807229996,-6.47510671616,-6.85309886932,-7.18526220322,-7.66835069656,-10.9074306488],"median":[-6.45101642609,-6.38746500015,-6.75980472565,-7.12522363663,-7.54498910904,-10.7971105576],"min":[-22.085609436,-21.3404197693,-21.2897281647,-22.0832138062,-21.2010364532,-21.981426239],"var":[0.693163156509,0.763894557953,0.660772740841,0.555307328701,0.687026977539,0.724506735802]},"spectral_decrease":{"dmean":7.80158870839e-9,"dmean2":1.17189244975e-8,"dvar":9.91300525273e-17,"dvar2":2.18443312001e-16,"max":7.87079112996e-9,"mean":-1.21839027756e-8,"median":-8.6569933444e-9,"min":-1.02196473506e-7,"var":1.47315586375e-16},"spectral_energy":{"dmean":0.0317523144186,"dmean2":0.0472011975944,"dvar":0.00165627885144,"dvar2":0.00364333996549,"max":0.411638230085,"mean":0.0636636614799,"median":0.0498153418303,"min":4.07546472088e-15,"var":0.00266408128664},"spectral_energyband_high":{"dmean":0.000261923501967,"dmean2":0.000347651686752,"dvar":2.47764830874e-7,"dvar2":4.08503126437e-7,"max":0.0176385398954,"mean":0.000721426913515,"median":0.000482302246382,"min":3.40057597356e-15,"var":7.81043468123e-7},"spectral_energyband_low":{"dmean":0.0257010795176,"dmean2":0.0387946180999,"dvar":0.00137166376226,"dvar2":0.00303353439085,"max":0.379837393761,"mean":0.0338862761855,"median":0.0183656904846,"min":1.24510245011e-17,"var":0.00179081002716},"spectral_energyband_middle_high":{"dmean":0.00189815659542,"dmean2":0.00287540140562,"dvar":0.00000854291374708,"dvar2":0.000019369452275,"max":0.0735572874546,"mean":0.00521735660732,"median":0.00338979251683,"min":4.78156398533e-16,"var":0.0000297500755551},"spectral_energyband_middle_low":{"dmean":0.00670184986666,"dmean2":0.0107604861259,"dvar":0.0000961420955718,"dvar2":0.000250061042607,"max":0.220139354467,"mean":0.0139986043796,"median":0.0084560168907,"min":7.64730990934e-17,"var":0.000237848114921},"spectral_entropy":{"dmean":0.170653820038,"dmean2":0.257480710745,"dvar":0.0235678125173,"dvar2":0.0523017272353,"max":9.22330570221,"mean":7.52935028076,"median":7.53760242462,"min":6.29833745956,"var":0.110058493912},"spectral_flux":{"dmean":0.0471111349761,"dmean2":0.0778855159879,"dvar":0.00248334254138,"dvar2":0.00655647413805,"max":0.55907791853,"mean":0.143839791417,"median":0.133464187384,"min":0.0000166562003869,"var":0.00487937359139},"spectral_kurtosis":{"dmean":4.48213195801,"dmean2":6.71495294571,"dvar":28.4326133728,"dvar2":65.5900268555,"max":80.7602462769,"mean":18.6948871613,"median":16.7751331329,"min":1.67172908783,"var":100.704101562},"spectral_rms":{"dmean":0.00177036377136,"dmean2":0.00253391824663,"dvar":0.00000338923814525,"dvar2":0.00000684794576955,"max":0.0200399179012,"mean":0.00729721831158,"median":0.00697139417753,"min":1.9940067375e-9,"var":0.00000886152247404},"spectral_rolloff":{"dmean":5170.89160156,"dmean2":9874.15429688,"dvar":65427108,"dvar2":145315968,"max":22050,"mean":10391.9189453,"median":2799.31640625,"min":21.533203125,"var":100702304},"spectral_skewness":{"dmean":0.348744958639,"dmean2":0.505099177361,"dvar":0.137723296881,"dvar2":0.290071666241,"max":7.04619264603,"mean":2.96301174164,"median":2.8636200428,"min":0.952597081661,"var":0.707344710827},"spectral_spread":{"dmean":501831.6875,"dmean2":745416.875,"dvar":234619650048,"dvar2":464538042368,"max":21098822,"mean":4205959,"median":4044536.25,"min":1444242.875,"var":1379621142530},"spectral_strongpeak":{"dmean":3.25487852097,"dmean2":6.13709020615,"dvar":156.912353516,"dvar2":431.93460083,"max":155.58757019,"mean":2.5557320118,"median":0.273827970028,"min":0,"var":120.139045715},"zerocrossingrate":{"dmean":0.045372929424,"dmean2":0.0571219623089,"dvar":0.00149702781346,"dvar2":0.00228235893883,"max":0.82275390625,"mean":0.248330369592,"median":0.23095703125,"min":0.0126953125,"var":0.0107776541263}},"metadata":{"audio_properties":{"analysis_sample_rate":44100,"bit_rate":195555,"codec":"mp3","downmix":"mix","equal_loudness":0,"length":199.158615112,"lossless":false,"md5_encoded":"216d00ce8e2cbb3688c1a47c6fbc373a","replay_gain":-3.19420814514,"sample_rate":44100},"tags":{"album":["Killing Machine"],"albumartist":["Judas Priest"],"albumartistsort":["Judas Priest"],"artist":["Judas Priest"],"artists":["Judas Priest"],"artistsort":["Judas Priest"],"asin":["B000026GDR"],"barcode":["5099703221824"],"catalognumber":["CD 32218"],"date":["1989"],"file_name":"02 - Rock Forever.mp3","isrc":["GBBBN0102361","GBBBN7802013"],"label":["Columbia"],"language":["eng"],"media":["CD"],"musicbrainz album release country":["XE"],"musicbrainz album status":["official"],"musicbrainz album type":["album"],"musicbrainz disc id":["M__2vUp.O711nVy_tv3V56vDekY-"],"musicbrainz release track id":["ba7664e4-5695-31f5-bf6a-f56dd38bb2a8"],"musicbrainz_albumartistid":["6b335658-22c8-485d-93de-0bc29a1d0349"],"musicbrainz_albumid":["219db969-a684-42db-9207-28a447ea3b6c"],"musicbrainz_artistid":["6b335658-22c8-485d-93de-0bc29a1d0349"],"musicbrainz_recordingid":["fd81aa2d-c39c-48ee-97a2-4fa33bc16058"],"musicbrainz_releasegroupid":["6742f103-624f-3759-8182-f88e5b9b36cf"],"musicbrainz_workid":["1543233a-0a3a-4552-abb2-24aa730c4786"],"originaldate":["1979"],"performer:drumset":["Les Binks"],"performer:electric bass guitar":["Ian Hill"],"performer:electric guitar":["Glenn Tipton","Kenneth Downing"],"performer:lead vocals":["Rob Halford"],"script":["Latn"],"title":["Rock Forever"],"tracknumber":["2/10"],"work":["Rock Forever"],"writer":["Glenn Tipton","Rob Halford","Kenneth Downing"]},"version":{"essentia":"2.1-beta1","essentia_build_sha":"ca57ba49d9b1854bd80e60cf9ccf267278fb7d6b","essentia_git_sha":"v2.1_beta1-28-g21ef5f4-dirty","extractor":"music 1.0"}},"rhythm":{"beats_count":545,"beats_loudness":{"dmean":0.0350613482296,"dmean2":0.0626515373588,"dvar":0.000989367603324,"dvar2":0.00295753125101,"max":0.276395410299,"mean":0.0701163932681,"median":0.0627678111196,"min":0.0000148265553435,"var":