{"lowlevel":{"average_loudness":0.938035130501,"barkbands":{"dmean":[0.00376929296181,0.0100874248892,0.00603700242937,0.00192974461243,0.00271138153039,0.00123786693439,0.000890398921911,0.00066592276562,0.000595400168095,0.000960023899097,0.000622359686531,0.000644300947897,0.000728315208107,0.000528813863639,0.000296337762848,0.000227801909205,0.000278750434518,0.000261282024439,0.000176081535756,0.000106168539787,0.0000726618527551,0.0000396931936848,0.0000167954513017,0.00000954357528826,0.00000327227371599,0.0000124167081594,0.00015935630654],"dmean2":[0.00603308202699,0.0170054286718,0.0105797657743,0.00325583317317,0.00450420798734,0.00204285327345,0.00145517080091,0.00106989778578,0.000992667512037,0.00155952188652,0.00102985207923,0.0010497039184,0.00119387730956,0.000873057462741,0.000485932745505,0.000379576784326,0.000461589341285,0.00043837929843,0.000289633026114,0.000169301842107,0.000114376089186,0.0000617466503172,0.0000254373753705,0.0000150026344272,0.00000541120925845,0.0000185801673069,0.000239658125793],"dvar":[0.0000604343586019,0.000190349281183,0.000088546279585,0.00000838685627969,0.0000196249711735,0.00000326245753968,0.00000268584085461,0.00000198447060029,9.44238365719e-7,0.00000241674410972,0.0000011209170907,7.0042523248e-7,0.00000101346597603,5.77071887164e-7,1.95763561806e-7,8.94187763834e-8,1.47182078081e-7,1.57912069199e-7,7.10115699576e-8,3.99619821678e-8,2.62253454508e-8,6.99170499274e-9,1.52757273497e-9,6.3078958723e-10,2.53566698888e-11,9.5680408041e-10,4.06972162637e-8],"dvar2":[0.000142220407724,0.000518047483638,0.00024523580214,0.0000220055426325,0.0000522488517163,0.00000793006711319,0.00000627750341664,0.00000460920909973,0.00000246103900281,0.00000604359775025,0.00000283971007775,0.00000178995128408,0.0000026690197501,0.00000152794621044,5.2269177786e-7,2.43738639938e-7,3.93349182559e-7,4.34129276528e-7,1.82033659257e-7,9.57815728952e-8,6.07314589729e-8,1.7659910867e-8,3.565906459e-9,1.58040136533e-9,6.23108925568e-11,2.29329732981e-9,8.66553406809e-8],"max":[0.105317361653,0.141490072012,0.144731372595,0.0409668907523,0.0538583882153,0.0271337945014,0.0358762592077,0.0376219674945,0.0223494283855,0.024341782555,0.0167929064482,0.0161794051528,0.0132509581745,0.0122707542032,0.00887883547693,0.00383880222216,0.00672976160422,0.00767953926697,0.00575877772644,0.00452216109261,0.00340988091193,0.00186585274059,0.0011303992942,0.000687715713866,0.000105118815554,0.000996225397103,0.00494271796197],"mean":[0.00375900743529,0.0127999531105,0.0063843508251,0.00223012641072,0.00355824711733,0.00177473924123,0.00126905331854,0.000934417359531,0.000913364987355,0.00154176168144,0.000907193345483,0.00108739198186,0.00124710495584,0.000964993902016,0.000549386022612,0.000448362116003,0.000550520489924,0.00054302951321,0.000377725344151,0.000239650762524,0.000162368552992,0.000096215022495,0.0000355172633135,0.000012477555174,0.00000353901782546,0.0000229009820032,0.000566597911529],"median":[0.00110688013956,0.00819564890116,0.00331250973977,0.00126954808366,0.00215785577893,0.00109444139525,0.000652398448437,0.000414807989728,0.00058854179224,0.000750997511204,0.000510320009198,0.000783505965956,0.000763630785514,0.000616471108515,0.00036425649887,0.000313048250973,0.000375064730179,0.000369980873074,0.000235896543018,0.0000972603011178,0.0000650615402265,0.0000329962495016,0.0000138028690344,0.00000558337342227,0.00000169293195995,0.0000117370591397,0.000447998114396],"min":[9.19737169525e-25,3.58334765051e-23,4.3740683742e-23,1.93508905337e-23,2.29041409319e-23,3.75136965907e-23,2.78426058361e-23,7.68617409107e-23,9.94224433588e-23,3.98236422488e-23,8.14424605498e-23,5.35638132367e-23,1.02980073513e-22,8.80214847687e-23,1.0693484149e-22,2.3329815325e-22,2.1809853279e-22,2.87704817033e-22,1.954205993e-22,3.10909015409e-22,4.89094518543e-22,5.06436230839e-22,5.6158298499e-22,7.85302877481e-22,1.14220374584e-21,1.51089486618e-21,2.23504625603e-21],"var":[0.0000616077741142,0.000214940722799,0.0000809659904917,0.00000915917826205,0.0000226620868489,0.0000049969257816,0.00000484066595163,0.00000377010292141,0.00000135405753099,0.00000512068800163,0.00000170022167367,0.00000122125732105,0.00000196332143787,0.00000119840626667,3.91028322611e-7,1.96111898276e-7,3.15088186653e-7,3.39657873383e-7,2.00329779432e-7,1.51056710251e-7,7.14975598726e-8,2.58340850934e-8,4.2622834151e-9,6.4367272623e-10,2.78059346381e-11,1.59014723611e-9,2.61522330902e-7]},"barkbands_crest":{"dmean":3.21840953827,"dmean2":5.36483764648,"dvar":6.76516962051,"dvar2":18.1441078186,"max":24.6897964478,"mean":9.44447803497,"median":8.88147068024,"min":2.15702533722,"var":14.3339138031},"barkbands_flatness_db":{"dmean":0.0249423757195,"dmean2":0.0407829247415,"dvar":0.000444610457635,"dvar2":0.00118431623559,"max":0.339955210686,"mean":0.11686629802,"median":0.112794168293,"min":0.0320690125227,"var":0.00154069566634},"barkbands_kurtosis":{"dmean":3.26336193085,"dmean2":5.41474246979,"dvar":25.5573291779,"dvar2":65.5315856934,"max":111.667480469,"mean":4.41339683533,"median":2.62757277489,"min":-1.59689974785,"var":41.9677314758},"barkbands_skewness":{"dmean":0.633357226849,"dmean2":1.02128458023,"dvar":0.346700489521,"dvar2":0.870215296745,"max":8.55601501465,"mean":1.75961983204,"median":1.59908211231,"min":-1.75866544247,"var":0.946015357971},"barkbands_spread":{"dmean":6.83867883682,"dmean2":11.0220918655,"dvar":37.2940139771,"dvar2":93.4250259399,"max":115.477684021,"mean":27.7914600372,"median":26.0136833191,"min":1.11039078236,"var":164.966171265},"dissonance":{"dmean":0.0129704251885,"dmean2":0.0220787376165,"dvar":0.00016708757903,"dvar2":0.000455181725556,"max":0.500000178814,"mean":0.479626595974,"median":0.484133809805,"min":0.31587639451,"var":0.000291149219265},"dynamic_complexity":3.26111459732,"erbbands":{"dmean":[0.437639325857,1.92445206642,6.48526906967,5.94203805923,7.1204829216,10.4734792709,11.658197403,9.89036941528,12.5545225143,12.0442886353,14.00157547,13.1866455078,20.8187637329,29.8144226074,24.7201766968,23.6127986908,32.9582252502,25.6358108521,20.0080604553,12.2095851898,12.0079936981,15.1767921448,14.3754940033,10.6981363297,7.04088830948,5.06872320175,3.66326117516,2.26531124115,1.58535599709,0.802248358727,0.442957371473,0.257249087095,0.129714846611,0.0436212345958,0.0215968750417,0.0284383948892,0.0280652623624,0.0191369000822,0.0110985944048,0.00475034303963],"dmean2":[0.751419246197,3.26267743111,11.354174614,10.0833044052,12.0819005966,17.6263942719,19.1468029022,16.2933444977,20.433588028,19.5898723602,22.3260192871,21.8211135864,34.2238540649,48.8196716309,40.1087226868,37.9714851379,54.0737304688,42.0872955322,32.8976402283,20.213558197,20.0256710052,25.0774536133,23.9901657104,17.8100299835,11.4712104797,8.06189250946,5.75104618073,3.58958888054,2.48933029175,1.23642241955,0.659709692001,0.403779357672,0.20582690835,0.0711710005999,0.0357633717358,0.0448592454195,0.0424590781331,0.0281170289963,0.0165440086275,0.00700776465237],"dvar":[0.585681378841,5.52220869064,93.3169403076,84.2073898315,121.938209534,349.824645996,430.792724609,225.530563354,584.1953125,569.308532715,1026.25512695,427.454162598,1107.94836426,2523.75732422,1474.15002441,843.430419922,2179.95361328,1409.82287598,765.518981934,322.674530029,252.979446411,427.940490723,427.59262085,265.094116211,134.384994507,93.1281585693,61.1040344238,25.1336936951,11.4080238342,2.57097101212,1.24147379398,0.543179750443,0.0928256064653,0.00528488494456,0.00106335303281,0.00378364883363,0.0061778575182,0.00152579054702,0.000415958958911,0.000028618496799],"dvar2":[1.6366096735,14.7237949371,257.187133789,224.436462402,329.997711182,940.726379395,1028.66003418,552.139587402,1312.24414062,1385.82287598,2369.46875,1088.80419922,2854.75512695,6398.54296875,3670.48046875,2129.04516602,5785.24267578,3772.9465332,1985.2713623,872.898864746,680.427856445,1142.01538086,1152.40734863,710.870544434,341.662689209,223.700714111,136.890716553,60.0399703979,29.0717334747,6.42113351822,2.76923108101,1.34007501602,0.232049807906,0.0131124593318,0.00262193917297,0.00937079451978,0.0150416214019,0.00346721103415,0.000881240761373,0.0000603309599683],"max":[7.47484397888,26.5309715271,145.998718262,104.997390747,142.09588623,246.713317871,278.089630127,300.556152344,624.297790527,732.046264648,1022.93768311,437.99899292,555.709594727,776.07208252,654.471069336,444.214355469,627.763427734,588.407043457,422.160369873,329.117004395,190.601806641,361.01751709,294.332611084,328.4347229,296.959320068,224.836425781,180.886367798,105.779067993,74.8908920288,43.7508964539,33.6735916138,20.2048530579,7.89314699173,2.24022889137,0.409721791744,1.86617815495,2.24276447296,1.03977310658,0.504656672478,0.0940206497908],"mean":[0.4896017313,2.45973134041,7.14439725876,7.40841913223,9.06357955933,12.434882164,14.5269765854,14.709113121,18.2389087677,18.2564601898,20.9131832123,20.9673061371,34.4154129028,48.8202285767,41.901889801,44.0886421204,58.0722045898,48.9574241638,39.7882957458,25.7777614594,25.4239444733,31.1018028259,30.6928825378,23.6309356689,16.0731716156,11.6005182266,7.99640083313,5.17189979553,3.70743584633,1.89344787598,0.904905021191,0.391939342022,0.156886965036,0.0496964305639,0.0233691520989,0.0354351177812,0.0487712584436,0.0535562224686,0.0360327363014,0.019967045635],"median":[0.240312322974,1.68078398705,3.85525560379,4.47550630569,5.43123960495,6.52294206619,7.7807264328,8.97059249878,9.42054748535,9.58030700684,10.1571989059,13.8749723434,19.6363658905,25.4714889526,27.6031570435,33.1072845459,36.4881591797,32.0222892761,26.7672023773,18.3944091797,17.9685573578,21.3606395721,21.329202652,15.1602201462,9.06011199951,4.72808551788,3.16165995598,2.0736644268,1.2785923481,0.678455412388,0.355431288481,0.179144591093,0.0623094066978,0.0237929821014,0.0113060614094,0.0150050697848,0.0237755123526,0.0216395165771,0.0183407850564,0.0188942644745],"min":[1.26966731031e-21,7.50133181358e-21,3.79032025065e-20,7.70642559191e-20,6.65372517134e-20,5.05186471197e-20,1.78796304325e-19,3.49993455459e-19,3.60858162612e-19,1.10053754202e-18,1.18191577748e-18,1.74668450763e-18,2.36370809824e-18,2.44465723376e-18,2.84521923859e-18,2.03947190969e-18,5.7415772642e-18,3.94922039263e-18,4.2411282949e-18,7.54499726287e-18,1.79714020889e-17,8.9121994296e-18,1.17313815041e-17,1.33342499088e-17,1.20937230083e-17,1.46404748024e-17,1.93573448596e-17,1.67664977215e-17,2.07036359005e-17,1.83983066944e-17,1.45777761663e-17,1.28825174773e-17,1.53710638804e-17,1.18100017126e-17,8.15238854204e-18,6.09836176909e-18,2.68076167075e-18,1.1859340141e-18,2.53082525855e-19,3.74637531126e-20],"var":[0.520077466965,6.81377840042,89.4576797485,88.8428726196,132.794708252,378.186584473,547.613891602,398.740478516,1072.02770996,1225.2800293,1969.59301758,682.120178223,1973.78637695,4840.15136719,2523.63476562,1693.42919922,4137.27490234,2906.37573242,1755.46911621,710.04699707,583.192443848,970.816223145,981.047241211,689.126159668,464.835998535,342.569946289,174.156417847,70.3006057739,39.4316596985,9.89286613464,3.06991553307,0.662338316441,0.0929726436734,0.0057133436203,0.00117267109454,0.00398546177894,0.00874289683998,0.00699210911989,0.00224711140618,0.000200049267733]},"erbbands_crest":{"dmean":2.02803301811,"dmean2":3.42043995857,"dvar":3.87021636963,"dvar2":10.2700605392,"max":27.4932804108,"mean":6.74876976013,"median":5.9841132164,"min":2.25099253654,"var":8.95211219788},"erbbands_flatness_db":{"dmean":0.0176263358444,"dmean2":0.0272304899991,"dvar":0.000242878377321,"dvar2":0.000577255501412,"max":0.350015848875,"mean":0.137108713388,"median":0.131249964237,"min":0.0332004316151,"var":0.00139092362951},"erbbands_kurtosis":{"dmean":0.745009601116,"dmean2":1.20578825474,"dvar":1.06757187843,"dvar2":2.40723848343,"max":56.2320213318,"mean":0.311182647943,"median":-0.055032428354,"min":-1.73252296448,"var":3.33644390106},"erbbands_skewness":{"dmean":0.300142288208,"dmean2":0.48101696372,"dvar":0.0686709955335,"dvar2":0.169978320599,"max":2.75861930847,"mean":-0.187126666307,"median":-0.208700433373,"min":-2.33930134773,"var":0.238468572497},"erbbands_spread":{"dmean":7.02401018143,"dmean2":11.1735935211,"dvar":40.3965187073,"dvar2":100.610908508,"max":106.034561157,"mean":31.9018478394,"median":30.9093036652,"min":1.43270277977,"var":167.721908569},"gfcc":{"cov":[[16044.9951172,729.988830566,-828.316223145,409.31350708,409.800415039,-468.710083008,407.140960693,-459.195373535,111.321739197,-310.781066895,10.1097707748,20.4331378937,-186.266220093],[729.988830566,762.13293457,-77.9263534546,-200.816329956,172.75668335,-89.7255630493,37.6432533264,-2.72318148613,6.81195116043,-57.4088401794,53.0221099854,-70.6982421875,55.0261688232],[-828.316223145,-77.9263534546,277.582733154,74.9819107056,-59.7364730835,117.453285217,-104.278419495,109.343551636,-39.3751945496,34.0299530029,-2.45972824097,-2.43858385086,18.1319084167],[409.31350708,-200.816329956,74.9819107056,386.52041626,41.7288589478,-87.7374267578,34.0896377563,-30.6117897034,4.92968654633,13.9653453827,-40.0712089539,35.9680252075,-36.1423683167],[409.800415039,172.75668335,-59.7364730835,41.7288589478,168.766571045,-22.898059845,60.3557357788,-44.4940719604,1.98663449287,-38.3617210388,7.96135091782,-10.638510704,17.0947303772],[-468.710083008,-89.7255630493,117.453285217,-87.7374267578,-22.898059845,215.75769043,-46.069229126,81.8332290649,-40.8087005615,9.99890422821,13.2947359085,-0.659860491753,19.8256912231],[407.140960693,37.6432533264,-104.278419495,34.0896377563,60.3557357788,-46.069229126,174.968307495,-63.1025161743,63.6072692871,-23.4175052643,-15.7127180099,22.3041114807,-22.7408123016],[-459.195373535,-2.72318148613,109.343551636,-30.6117897034,-44.4940719604,81.8332290649,-63.1025161743,160.737594604,-7.28721475601,39.1194229126,17.9524154663,-22.2622032166,24.7423973083],[111.321739197,6.81195116043,-39.3751945496,4.92968654633,1.98663449287,-40.8087005615,63.6072692871,-7.28721475601,100.541755676,27.4432373047,2.87886190414,13.5766944885,-25.5122280121],[-310.781066895,-57.4088401794,34.0299530029,13.9653453827,-38.3617210388,9.99890422821,-23.4175052643,39.1194229126,27.4432373047,75.3191070557,28.7546367645,6.73699569702,3.24293327332],[10.1097707748,53.0221099854,-2.45972824097,-40.0712089539,7.96135091782,13.2947359085,-15.7127180099,17.9524154663,2.87886190414,28.7546367645,58.4841461182,16.9121875763,17.4464683533],[20.4331378937,-70.6982421875,-2.43858385086,35.9680252075,-10.638510704,-0.659860491753,22.3041114807,-22.2622032166,13.5766944885,6.73699569702,16.9121875763,57.4444847107,9.63459682465],[-186.266220093,55.0261688232,18.1319084167,-36.1423683167,17.0947303772,19.8256912231,-22.7408123016,24.7423973083,-25.5122280121,3.24293327332,17.4464683533,9.63459682465,65.2017669678]],"icov":[[0.000116063914902,-0.000300570711261,0.000693171983585,-0.000765403266996,0.000624764361419,-0.00059983873507,0.000203994379262,0.0001995289349,-0.000467884732643,0.000829230586533,-0.00067098531872,0.000436592119513,-0.000127078630612],[-0.000300570711261,0.00550275854766,-0.00537611776963,0.00578606734052,-0.00620120111853,0.00669296085835,-0.00251531717367,-0.00133049418218,0.00118501042016,0.000730670581106,-0.00324298976921,0.00313239567913,-0.000749731378164],[0.000693171983585,-0.00537611776963,0.0165532790124,-0.0123749766499,0.0106021780521,-0.0131515432149,0.00653157988563,0.0000817442996777,-0.00580171169713,0.00541766965762,-0.00176234683022,0.00281551619992,-0.0039633475244],[-0.000765403266996,0.00578606734052,-0.0123749766499,0.0182811953127,-0.0169917549938,0.0153609253466,-0.00414851028472,-0.00563920615241,0.011805837974,-0.014339693822,0.0139530105516,-0.0151548767462,0.010820957832],[0.000624764361419,-0.00620120111853,0.0106021780521,-0.0169917549938,0.0264614261687,-0.0147685455158,0.000141499287565,0.00829650647938,-0.0118457945064,0.0173306781799,-0.0176843795925,0.0195397567004,-0.0145473619923],[-0.00059983873507,0.00669296085835,-0.0131515432149,0.0153609253466,-0.0147685455158,0.0209981575608,-0.00533335329965,-0.0072928708978,0.0114205991849,-0.00841370690614,0.0061026182957,-0.0098106879741,0.00790849234909],[0.000203994379262,-0.00251531717367,0.00653157988563,-0.00414851028472,0.000141499287565,-0.00533335329965,0.0140286991373,0.00110195414163,-0.00831322465092,0.00306765525602,0.00446030730382,-0.00519362604246,0.000817476189695],[0.0001995289349,-0.00133049418218,0.0000817442996777,-0.00563920615241,0.00829650647938,-0.0072928708978,0.00110195414163,0.015340144746,-0.00776951014996,0.00393765233457,-0.00944509729743,0.014580081217,-0.00971336476505],[-0.000467884732643,0.00118501042016,-0.00580171169713,0.011805837974,-0.0118457945064,0.0114205991849,-0.00831322465092,-0.00776951014996,0.0298070013523,-0.0227964371443,0.016498060897,-0.0199099499732,0.0168271102011],[0.000829230586533,0.000730670581106,0.00541766965762,-0.014339693822,0.0173306781799,-0.00841370690614,0.00306765525602,0.00393765233457,-0.0227964371443,0.0466983579099,-0.0360503569245,0.0264035984874,-0.0156105803326],[-0.00067098531872,-0.00324298976921,-0.00176234683022,0.0139530105516,-0.0176843795925,0.0061026182957,0.00446030730382,-0.00944509729743,0.016498060897,-0.0360503569245,0.0588338375092,-0.040752004832,0.0154928471893],[0.000436592119513,0.00313239567913,0.00281551619992,-0.0151548767462,0.0195397567004,-0.0098106879741,-0.00519362604246,0.014580081217,-0.0199099499732,0.0264035984874,-0.040752004832,0.0600474923849,-0.0271362122148],[-0.000127078630612,-0.000749731378164,-0.0039633475244,0.010820957832,-0.0145473619923,0.00790849234909,0.000817476189695,-0.00971336476505,0.0168271102011,-0.0156105803326,0.0154928471893,-0.0271362122148,0.0353123657405]],"mean":[15.7422351837,96.4553146362,-102.347938538,4.33752918243,-4.91068696976,-14.248796463,2.41284275055,-14.9755191803,-4.4599237442,-9.94110393524,-3.23389005661,-0.380844205618,-9.13871002197]},"hfc":{"dmean":38.6148071289,"dmean2":63.4430618286,"dvar":1572.56469727,"dvar2":4056.13232422,"max":653.500549316,"mean":152.049209595,"median":152.067138672,"min":1.09374260897e-16,"var":6662.70166016},"melbands":{"dmean":[0.00331058446318,0.00291069084778,0.00103376701009,0.000612368748989,0.000409918167861,0.000222581424168,0.000186611592653,0.000134176676511,0.000108494139567,0.0000859063802636,0.000110059801955,0.000130214306409,0.0000881753949216,0.0000762013951316,0.0000742840275052,0.0000674287657603,0.0000501874528709,0.0000383194455935,0.0000206536296901,0.0000166261852428,0.0000152497959789,0.0000167305734067,0.0000154758945428,0.0000133159492179,0.00000911455208552,0.00000668148322802,0.00000474906119052,0.00000341051713804,0.00000259778903455,0.0000019366534616,0.00000128462750126,0.00000109423478989,6.54411962842e-7,4.02019452395e-7,2.75797873428e-7,2.26912263201e-7,1.39678618893e-7,1.02290670156e-7,6.02785092951e-8,2.97527265047e-8],"dmean2":[0.00555876595899,0.00505647202954,0.00174161512405,0.00103064603172,0.000670631125104,0.00036563834874,0.000304112531012,0.000217980588786,0.000173842709046,0.000142369783134,0.00018113887927,0.000213787410758,0.000144921417814,0.000124466940179,0.000122609897517,0.000109757151222,0.0000832458972582,0.0000637921039015,0.0000341466220561,0.0000279278101516,0.0000256752919086,0.0000277883373201,0.0000258200198004,0.0000223339720833,0.0000152921656991,0.0000110756927825,0.00000781232120062,0.00000544825616089,0.00000415985141444,0.0000030664004953,0.00000207368361771,0.00000173991475094,0.00000102571948446,6.33718400422e-7,4.16082286847e-7,3.50330708443e-7,2.22135113859e-7,1.64205545161e-7,9.69415268059e-8,4.9428670934e-8],"dvar":[0.0000274673384411,0.0000156987971422,0.00000236051346292,0.00000112737222935,5.12085023274e-7,1.07805995242e-7,1.22588843965e-7,6.58693366518e-8,5.69096947345e-8,1.94018223709e-8,3.05492058317e-8,4.88348597116e-8,2.24040199726e-8,1.1176735093e-8,1.06202930894e-8,9.22894383137e-9,5.65585844825e-9,2.9833944204e-9,1.14494336234e-9,5.42026257211e-10,4.26185364777e-10,5.12011655296e-10,4.77267503296e-10,4.45767756041e-10,1.9315989086e-10,1.18436774277e-10,7.904796262e-11,4.64916161125e-11,2.94267943346e-11,2.26432969597e-11,7.23230329791e-12,5.65032352504e-12,1.7892446422e-12,6.64329377099e-13,4.68145921334e-13,4.24647757279e-13,1.71955765599e-13,6.89572232865e-14,1.32637312727e-14,2.30711911909e-15],"dvar2":[0.0000742423653719,0.0000428150269727,0.00000624328231424,0.00000310881591759,0.00000122966719118,2.60448445033e-7,2.81952878822e-7,1.60032882945e-7,1.34298105081e-7,4.99821730671e-8,7.80953683943e-8,1.23944204233e-7,5.61731425819e-8,2.77411000837e-8,2.74604143868e-8,2.45548221756e-8,1.51935619641e-8,7.90719045796e-9,3.10987946506e-9,1.45515277605e-9,1.15725229399e-9,1.37981670534e-9,1.26151389335e-9,1.26202748252e-9,5.21151899413e-10,3.00652502894e-10,2.08021239123e-10,1.12173388633e-10,6.9415168058e-11,5.42208465626e-11,1.76897732573e-11,1.46047427624e-11,4.55188317594e-12,1.70263087483e-12,1.03988486658e-12,1.0413875708e-12,4.25149011048e-13,1.73871998071e-13,3.24503946392e-14,5.76580451745e-15],"max":[0.0510466210544,0.058439347893,0.01653387025,0.0148472767323,0.00987198669463,0.00620273221284,0.0085113402456,0.00702887075022,0.00797355920076,0.00339632481337,0.00288403849117,0.00345662632026,0.00266629061662,0.002270182129,0.00180180347525,0.00152294326108,0.00127319898456,0.000844193913508,0.00089047459187,0.00036449189065,0.000275922939181,0.000327022979036,0.000346225016983,0.000365966639947,0.000262799236225,0.000275522004813,0.000236980893533,0.000159439412528,0.000146582271555,0.000118855838082,0.0000583982982789,0.0000506295509695,0.0000268663225143,0.0000222771013796,0.0000192949737539,0.0000184743839782,0.00000976135925157,0.00000653713414067,0.00000307030518343,0.00000122308028949],"mean":[0.00409784913063,0.00359052722342,0.00138029642403,0.000774530461058,0.000524611095898,0.000333596224664,0.000273538898909,0.000201151735382,0.000162619413459,0.000131973181851,0.000177481459104,0.000205721749808,0.000137246766826,0.000123801582959,0.000126117796754,0.000116140159662,0.0000888545619091,0.0000697689392837,0.0000381164754799,0.000032208088669,0.0000290041607514,0.0000317779595207,0.0000302201915474,0.0000259034004557,0.0000185430581041,0.0000134920192068,0.00000962201011134,0.0000070666751526,0.00000516194950251,0.00000383807082471,0.00000271660974249,0.00000234431058743,0.00000140441545682,8.81698895228e-7,5.4087144008e-7,3.751445945e-7,1.79347111384e-7,1.18242276415e-7,6.87618353368e-8,3.15589545608e-8],"median":[0.00233457260765,0.0023540565744,0.000899944861885,0.000468533835374,0.000283657078398,0.000207083401619,0.000142956225318,0.00010202966223,0.0000837776970002,0.0000848908093758,0.0000974898866843,0.000102562218672,0.000081654980022,0.000087598535174,0.0000834785678308,0.0000692759349477,0.0000548468233319,0.0000452059357485,0.000025598477805,0.0000215373893298,0.0000204307616514,0.0000214161227632,0.0000209175268537,0.0000170035382325,0.0000117023946586,0.00000809085941,0.00000419098159909,0.00000277242020275,0.00000201865850613,0.00000153799226155,0.00000105016954421,7.581361956e-7,4.94162634368e-7,3.16370261544e-7,2.00331811584e-7,1.53611992459e-7,7.67404060298e-8,4.32044231502e-8,2.65761368468e-8,1.46796104161e-8],"min":[1.01982991194e-23,1.68849570979e-23,1.26002527803e-23,4.22255351675e-24,5.67862074826e-24,8.11832455895e-24,5.21383731354e-24,1.4761990407e-23,8.36282568564e-24,1.30153576995e-23,1.14674319543e-23,9.13052381935e-24,1.14021332041e-23,5.51280060826e-24,7.50677039737e-24,1.17953969314e-23,6.53979968811e-24,6.5219824757e-24,9.00097787036e-24,1.19709831694e-23,2.40990143455e-23,9.91378775645e-24,8.36256141723e-24,1.39292388587e-23,1.00842290436e-23,9.01029195107e-24,8.49206713432e-24,1.00546940913e-23,1.24297925605e-23,1.06155860279e-23,9.00819436992e-24,1.21791225415e-23,9.87393213694e-24,1.04550457339e-23,8.09361822426e-24,9.10470676851e-24,6.75094856458e-24,1.08509347903e-23,1.03675531709e-23,9.98414468287e-24],"var":[0.0000280569765891,0.0000161566349561,0.00000260694650933,0.00000118484740597,6.65513027798e-7,1.90170595715e-7,2.17317250417e-7,1.38357464152e-7,1.06030810798e-7,2.85684205181e-8,5.50924461606e-8,9.21043081803e-8,3.5600692172e-8,1.80870642907e-8,1.86190156626e-8,1.81600228188e-8,1.07407398531e-8,6.07871619707e-9,1.95473615072e-9,1.16613685375e-9,8.139241503e-10,1.06288888801e-9,9.54088918981e-10,8.95964413772e-10,4.44450226622e-10,3.07901981689e-10,2.38925240703e-10,1.37762662389e-10,7.64615662452e-11,4.61156703102e-11,1.98370903037e-11,1.72042848717e-11,5.58197758849e-12,2.23079237374e-12,1.1618249765e-12,6.44803492284e-13,1.75328610137e-13,6.49749893646e-14,1.43321566095e-14,2.40138096887e-15]},"melbands_crest":{"dmean":5.02342176437,"dmean2":8.37086677551,"dvar":16.2952785492,"dvar2":45.5973968506,"max":35.9765625,"mean":15.9777030945,"median":15.3455228806,"min":2.38861131668,"var":33.4603843689},"melbands_flatness_db":{"dmean":0.0334159322083,"dmean2":0.0544510930777,"dvar":0.000732217682526,"dvar2":0.00194608327001,"max":0.49113497138,"mean":0.223245605826,"median":0.221645340323,"min":0.00383975403383,"var":0.00272126169875},"melbands_kurtosis":{"dmean":6.95083999634,"dmean2":11.5427417755,"dvar":103.088577271,"dvar2":264.444030762,"max":169.077789307,"mean":9.79460906982,"median":5.89159393311,"min":-1.69468355179,"var":176.190444946},"melbands_skewness":{"dmean":0.909670174122,"dmean2":1.47367560863,"dvar":0.692274153233,"dvar2":1.75424945354,"max":11.5525064468,"mean":2.54127764702,"median":2.33240866661,"min":-2.41324830055,"var":2.04442930222},"melbands_spread":{"dmean":7.47544336319,"dmean2":12.1100120544,"dvar":52.7468643188,"dvar2":128.172973633,"max":176.740219116,"mean":22.3452014923,"median":20.4054889679,"min":0.89927482605,"var":161.312973022},"mfcc":{"cov":[[10187.4902344,1138.42907715,-603.756408691,880.215576172,-250.594863892,331.087677002,-117.397361755,204.71005249,-222.820419312,57.1248435974,-67.02759552,-18.8074169159,-123.726509094],[1138.42907715,1189.1854248,-206.739471436,-64.6834716797,69.9442062378,-61.6307945251,75.4554672241,-7.05117893219,16.4496135712,-49.67137146,44.4728775024,3.75466895103,-29.2675628662],[-603.756408691,-206.739471436,333.34942627,-113.873046875,101.387863159,-59.0248908997,28.3477478027,-7.25120639801,25.301361084,7.67858743668,14.0596618652,12.8118238449,-6.65722703934],[880.215576172,-64.6834716797,-113.873046875,533.054016113,-61.9992828369,85.2098007202,-66.5346450806,20.3077659607,-22.844701767,26.0710582733,-21.4144058228,-25.3043479919,14.459774971],[-250.594863892,69.9442062378,101.387863159,-61.9992828369,180.919540405,-40.7474327087,68.2540664673,-20.9024410248,16.5313568115,-25.5824890137,9.62019062042,0.523413598537,-17.418132782],[331.087677002,-61.6307945251,-59.0248908997,85.2098007202,-40.7474327087,153.31237793,-3.84033155441,45.5029602051,-19.7159309387,8.83439540863,-29.3481788635,-7.91943120956,4.48189353943],[-117.397361755,75.4554672241,28.3477478027,-66.5346450806,68.2540664673,-3.84033155441,108.283958435,11.1274223328,20.1935539246,-23.3466091156,0.486245542765,-5.41989946365,-11.6874933243],[204.71005249,-7.05117893219,-7.25120639801,20.3077659607,-20.9024410248,45.5029602051,11.1274223328,82.343460083,14.6814212799,15.0108451843,-11.9946718216,0.839354276657,-1.79794752598],[-222.820419312,16.4496135712,25.301361084,-22.844701767,16.5313568115,-19.7159309387,20.1935539246,14.6814212799,67.7377853394,15.8862771988,12.2982282639,1.43530273438,8.00207614899],[57.1248435974,-49.67137146,7.67858743668,26.0710582733,-25.5824890137,8.83439540863,-23.3466091156,15.0108451843,15.8862771988,60.5076332092,24.0112285614,12.0397911072,3.9002597332],[-67.02759552,44.4728775024,14.0596618652,-21.4144058228,9.62019062042,-29.3481788635,0.486245542765,-11.9946718216,12.2982282639,24.0112285614,62.5370826721,23.5591831207,6.98213100433],[-18.8074169159,3.75466895103,12.8118238449,-25.3043479919,0.523413598537,-7.91943120956,-5.41989946365,0.839354276657,1.43530273438,12.0397911072,23.5591831207,50.6893692017,18.6311244965],[-123.726509094,-29.2675628662,-6.65722703934,14.459774971,-17.418132782,4.48189353943,-11.6874933243,-1.79794752598,8.00207614899,3.9002597332,6.98213100433,18.6311244965,56.787109375]],"icov":[[0.000174225686351,-0.000204706462682,0.0000243872163992,-0.000243576505454,0.0000983774007182,-0.000095556373708,0.0000091352585514,-0.000324718275806,0.000545383838471,-0.000278887106106,0.000161405274412,-0.000214494066313,0.000361122394679],[-0.000204706462682,0.00147771963384,0.00113391061313,0.000372477225028,-0.000745255791117,0.000628559035249,-0.000307757349219,-0.000139436378959,-0.000938001496252,0.00139022327494,-0.0014094656799,0.0000689661537763,0.000195089567569],[0.0000243872163992,0.00113391061313,0.00520124752074,0.000675734656397,-0.00301649747416,0.00148644589353,0.000231612168136,-0.00106421578676,-0.000363813771401,-0.000933845702093,-0.000156002279255,-0.000578187871724,0.000370925758034],[-0.000243576505454,0.000372477225028,0.000675734656397,0.002790794475,-0.000725254416466,-0.000732453074306,0.00131972646341,0.000148560080561,-0.000370550726075,-0.000592492346186,-0.00019053494907,0.00187474826816,-0.00135720579419],[0.0000983774007182,-0.000745255791117,-0.00301649747416,-0.000725254416466,0.0102020520717,0.000110580469482,-0.00488077942282,0.00254475208931,-0.000876964244526,0.00227230717428,-0.000375664210878,-0.0013511168072,0.00231483206153],[-0.000095556373708,0.000628559035249,0.00148644589353,-0.000732453074306,0.000110580469482,0.0106621962041,-0.00201543653384,-0.00471851229668,0.00363787566312,-0.00260889925994,0.00332484417595,0.00031517012394,-0.00174090848304],[0.0000091352585514,-0.000307757349219,0.000231612168136,0.00131972646341,-0.00488077942282,-0.00201543653384,0.0158466883004,-0.0033491034992,-0.00406924868003,0.00601477501914,-0.00255258055404,0.00148625811562,0.00135633640457],[-0.000324718275806,-0.000139436378959,-0.00106421578676,0.000148560080561,0.00254475208931,-0.00471851229668,-0.0033491034992,0.0189699158072,-0.00575764337555,-0.00381685094908,0.00459414208308,-0.00284308567643,0.0015637294855],[0.000545383838471,-0.000938001496252,-0.000363813771401,-0.000370550726075,-0.000876964244526,0.00363787566312,-0.00406924868003,-0.00575764337555,0.023018874228,-0.00853635184467,-0.0000878728678799,0.00353304948658,-0.00462508760393],[-0.000278887106106,0.00139022327494,-0.000933845702093,-0.000592492346186,0.00227230717428,-0.00260889925994,0.00601477501914,-0.00381685094908,-0.00853635184467,0.0306333210319,-0.0133016426116,-0.0021726032719,0.00361742288806],[0.000161405274412,-0.0014094656799,-0.000156002279255,-0.00019053494907,-0.000375664210878,0.00332484417595,-0.00255258055404,0.00459414208308,-0.0000878728678799,-0.0133016426116,0.0284483730793,-0.00958245713264,-0.000530022662133],[-0.000214494066313,0.0000689661537763,-0.000578187871724,0.00187474826816,-0.0013511168072,0.00031517012394,0.00148625811562,-0.00284308567643,0.00353304948658,-0.0021726032719,-0.00958245713264,0.0295658484101,-0.0100709879771],[0.000361122394679,0.000195089567569,0.000370925758034,-0.00135720579419,0.00231483206153,-0.00174090848304,0.00135633640457,0.0015637294855,-0.00462508760393,0.00361742288806,-0.000530022662133,-0.0100709879771,0.0238347519189]],"mean":[-640.956237793,155.969619751,-31.0241165161,34.8547897339,2.98516058922,18.0055656433,5.92554521561,12.2909402847,-1.79166769981,1.46572029591,2.89433503151,3.06334853172,-2.12543725967]},"pitch_salience":{"dmean":0.0902400389314,"dmean2":0.15076802671,"dvar":0.00568625936285,"dvar2":0.0159331839532,"max":0.823974013329,"mean":0.57761412859,"median":0.590813577175,"min":0.112837411463,"var":0.0112365987152},"silence_rate_20dB":{"dmean":0,"dmean2":0,"dvar":0,"dvar2":0,"max":1,"mean":1,"median":1,"min":1,"var":0},"silence_rate_30dB":{"dmean":0.0371789969504,"dmean2":0.0743722468615,"dvar":0.0357967168093,"dvar2":0.0887758433819,"max":1,"mean":0.971833705902,"median":1,"min":0,"var":0.0273729749024},"silence_rate_60dB":{"dmean":0.00881563778967,"dmean2":0.0176346562803,"dvar":0.00873792264611,"dvar2":0.0226907432079,"max":1,"mean":0.0569074526429,"median":0,"min":0,"var":0.0536689944565},"spectral_centroid":{"dmean":247.694381714,"dmean2":392.975646973,"dvar":64870.9921875,"dvar2":140919.40625,"max":11205.8603516,"mean":1358.82409668,"median":1243.7467041,"min":288.86932373,"var":280878.65625},"spectral_complexity":{"dmean":4.16021442413,"dmean2":6.39294624329,"dvar":14.6757497787,"dvar2":30.0886440277,"max":61,"mean":28.2228393555,"median":29,"min":0,"var":140.838821411},"spectral_contrast_coeffs":{"dmean":[0.0597341954708,0.0491982735693,0.0369197502732,0.028279306367,0.0207879245281,0.0416323468089],"dmean2":[0.099431052804,0.0829218551517,0.0620186664164,0.0474489741027,0.0345503389835,0.0661621466279],"dvar":[0.00213992339559,0.00142279057764,0.000830131524708,0.000479789479868,0.000301999563817,0.00133877072949],"dvar2":[0.00587263936177,0.0039913165383,0.00228820112534,0.00135334697552,0.000817703607026,0.00337756960653],"max":[-0.458512306213,-0.517143726349,-0.594230592251,-0.648995518684,-0.681193888187,-0.459566712379],"mean":[-0.691136300564,-0.778730988503,-0.803717970848,-0.806674301624,-0.797268509865,-0.719818949699],"median":[-0.692261278629,-0.782452225685,-0.80616825819,-0.807927429676,-0.795562624931,-0.728559553623],"min":[-0.955223739147,-0.972616791725,-0.967666983604,-0.958247542381,-0.960024237633,-0.960459411144],"var":[0.00552157871425,0.00367090385407,0.00225201272406,0.00144687108696,0.000996424118057,0.0062895687297]},"spectral_contrast_valleys":{"dmean":[0.418860346079,0.352063804865,0.302363276482,0.248945504427,0.251879155636,0.572387039661],"dmean2":[0.681944012642,0.579949975014,0.486744701862,0.393062859774,0.380992114544,0.915814220905],"dvar":[0.130371496081,0.112692944705,0.0818130150437,0.0678941458464,0.091407366097,0.277210056782],"dvar2":[0.307023346424,0.252148002386,0.166082188487,0.118908427656,0.1687695086,0.678838133812],"max":[-5.07006216049,-4.766061306,-5.24709701538,-5.62127590179,-5.45173025131,-8.81791400909],"mean":[-6.66411924362,-6.47879648209,-6.68474626541,-7.00036430359,-7.26934432983,-11.0236816406],"median":[-6.39358854294,-6.2298374176,-6.41668128967,-6.74755191803,-7.02543640137,-10.8052520752],"min":[-27.548456192,-27.5059108734,-26.8987579346,-27.4951553345,-27.2597389221,-27.2490367889],"var":[1.75401592255,1.5383310318,1.62797212601,1.64212608337,1.78926491737,1.23573052883]},"spectral_decrease":{"dmean":4.89331331011e-9,"dmean2":7.91558019131e-9,"dvar":3.35543764074e-17,"dvar2":8.49420322851e-17,"max":8.505738891e-10,"mean":-9.20715947927e-9,"median":-7.66431007548e-9,"min":-5.80972603359e-8,"var":4.95605363273e-17},"spectral_energy":{"dmean":0.0192652810365,"dmean2":0.0311277322471,"dvar":0.000506442389451,"dvar2":0.0012702581007,"max":0.22973164916,"mean":0.0485412701964,"median":0.0439334772527,"min":1.00155028568e-20,"var":0.000892926938832},"spectral_energyband_high":{"dmean":0.000236788691836,"dmean2":0.000344724394381,"dvar":1.61819187383e-7,"dvar2":3.4413781691e-7,"max":0.0104497643188,"mean":0.000782592047472,"median":0.00044360285392,"min":7.22433374492e-21,"var":9.58704049481e-7},"spectral_energyband_low":{"dmean":0.0159054882824,"dmean2":0.0265462361276,"dvar":0.000395717273932,"dvar2":0.00103077874519,"max":0.196180790663,"mean":0.0229298081249,"median":0.0166489128023,"min":9.55958368798e-23,"var":0.000486617878778},"spectral_energyband_middle_high":{"dmean":0.00253818673082,"dmean2":0.00390465534292,"dvar":0.00000793642539065,"dvar2":0.0000183497104445,"max":0.0389812849462,"mean":0.00819102209061,"median":0.006756384857,"min":1.53314150102e-21,"var":0.0000382968428312},"spectral_energyband_middle_low":{"dmean":0.00513211032376,"dmean2":0.00823548808694,"dvar":0.0000412749068346,"dvar2":0.000104660502984,"max":0.0736141577363,"mean":0.010975798592,"median":0.00888637453318,"min":2.92108049279e-22,"var":0.0000751856787247},"spectral_entropy":{"dmean":0.116229660809,"dmean2":0.182067841291,"dvar":0.0120959663764,"dvar2":0.0288943964988,"max":9.80546665192,"mean":7.66334056854,"median":7.68499279022,"min":6.45838212967,"var":0.0704547166824},"spectral_flux":{"dmean":0.0319379940629,"dmean2":0.0508987307549,"dvar":0.00109713815618,"dvar2":0.00242796074599,"max":0.420091569424,"mean":0.131462648511,"median":0.128868147731,"min":1.00077481024e-10,"var":0.00300327478908},"spectral_kurtosis":{"dmean":3.36588001251,"dmean2":5.23849391937,"dvar":26.356098175,"dvar2":71.8442382812,"max":119.642799377,"mean":16.7363681793,"median":14.7665491104,"min":-1.15832173824,"var":95.4307937622},"spectral_rms":{"dmean":0.00126493710559,"dmean2":0.00199571927078,"dvar":0.00000156177441113,"dvar2":0.00000380316123483,"max":0.0149709200487,"mean":0.00648285169154,"median":0.00654690247029,"min":3.12589537588e-12,"var":0.00000532996864422},"spectral_rolloff":{"dmean":5929.96679688,"dmean2":11266.8095703,"dvar":64507048,"dvar2":139200160,"max":22050,"mean":10129.0136719,"median":3552.97851562,"min":43.06640625,"var":89210976},"spectral_skewness":{"dmean":0.265350520611,"dmean2":0.40430560708,"dvar":0.104673676193,"dvar2":0.266210705042,"max":9.0495967865,"mean":2.56040167809,"median":2.42397260666,"min":-0.0655504092574,"var":0.705717682838},"spectral_spread":{"dmean":378871.8125,"dmean2":590903.625,"dvar":258841673728,"dvar2":410494500864,"max":38922172,"mean":3648648.75,"median":3539612,"min":1833161.875,"var":1132200722430},"spectral_strongpeak":{"dmean":1.54224526882,"dmean2":2.95496559143,"dvar":76.2313232422,"dvar2":207.729507446,"max":142.037216187,"mean":1.15195453167,"median":0.279700964689,"min":0,"var":50.493270874},"zerocrossingrate":{"dmean":0.0357243530452,"dmean2":0.0466723702848,"dvar":0.000940851168707,"dvar2":0.0016144082183,"max":0.52783203125,"mean":0.230686172843,"median":0.2314453125,"min":0.03515625,"var":0.00535794859752}},"metadata":{"audio_properties":{"analysis_sample_rate":44100,"bit_rate":320000,"codec":"mp3","downmix":"mix","equal_loudness":0,"length":121.155921936,"lossless":false,"md5_encoded":"84b5de48697717ebae8e23c450abb25c","replay_gain":0.582509994507,"sample_rate":44100},"tags":{"acoustid_id":["25a44c2c-aaa8-4fb8-b3cb-2a4437ae444d"],"album":["Lex Hives"],"albumartist":["The Hives"],"artist":["The Hives"],"date":["2012"],"discnumber":["1/1"],"file_name":"11 - The Hives - If I Had a Cent.mp3","musicbrainz_albumartistid":["487bfd74-71bf-46dd-b89c-80b7a0f06f2f"],"musicbrainz_albumid":["cc897080-9cb0-4f48-905f-2ba99fad913f"],"musicbrainz_artistid":["487bfd74-71bf-46dd-b89c-80b7a0f06f2f"],"musicbrainz_recordingid":["fd872b97-044b-478d-b60f-cb6ac5f495b8"],"musicbrainz_releasegroupid":["919764d2-49f9-4ced-8022-3ca412ac83df"],"replaygain_album_gain":["+0.44 dB"],"replaygain_album_peak":["0.292120"],"replaygain_track_gain":["+0.09 dB"],"replaygain_track_peak":["0.284227"],"title":["If I Had a Cent"],"tracknumber":["11/12"]},"version":{"essentia":"2.1-beta1","essentia_build_sha":"e76a03f03bb3900de42a1fa0d9be1e72f12def64","essentia_git_sha":"v2.1_beta1-28-g21ef5f4-dirty","extractor":"music 1.0"}},"rhythm":{"beats_count":199,"beats_loudness":{"dmean":0.0178050715476,"dmean2":0.0301329251379,"dvar":0.000246943411184,"dvar2":0.000634954485577,"max":0.157869338989,"mean":0.0544241257012,"median":0.0549936965108,"min":1.62424083072e-8,"var":0.000583602930419},"beats_loudness_band_ratio":{"dmean":[0.1631642133,0.0952619984746,0.0522595271468,0.0736474320292,0.0347636379302,0.0507828146219],"dmean2":[0.274216592312,0.164824709296,0.0881563276052,0.127236649394,0.0604204721749,0.0859567001462],"dvar":[0.015583017841,0.00707358494401,0.00501914368942,0.00466053653508,0.00113813695498,0.00242252135649],"dvar2":[0.0429404117167,0.0213101003319,0.0128340572119,0.0133379269391,0.0028522266075,0.00538355344906],"max":[0.86572176218,0.545333623886,0.641518652439,0.429649472237,0.245789885521,0.479128539562],"mean":[0.466779083014,0.134488940239,0.0788344591856,0.12491