{"lowlevel":{"average_loudness":0.307697176933,"barkbands":{"dmean":[0.00359126203693,0.00913494639099,0.0022913699504,0.00109663279727,0.0010353497928,0.00104607804678,0.000759530521464,0.000392584624933,0.000610202900134,0.000382224679925,0.000424035126343,0.00100243336055,0.000401733384933,0.000320823135553,0.000241801448283,0.00013852257689,0.000104574144643,0.0000641635633656,0.0000494122723467,0.0000457601599919,0.0000273052137345,0.0000151556159835,0.00000862760953169,0.00000267565860668,0.00000203364083973,0.00000481151619169,0.000111894660222],"dmean2":[0.0062440992333,0.0156473964453,0.00388662237674,0.00182149698958,0.00172705412842,0.00165214866865,0.00123270007316,0.000653975468595,0.00101101864129,0.000640152487904,0.000715902540833,0.00165751134045,0.000682946410961,0.000539257714991,0.000407725689001,0.000235837724176,0.000178157322807,0.000107116356958,0.0000806245443528,0.0000736614019843,0.0000417471528635,0.0000232430411415,0.0000132701097755,0.00000443199678557,0.00000341322152053,0.00000757138741392,0.000178857153514],"dvar":[0.0000785873562563,0.000423622521339,0.000049401922297,0.00000466955953016,0.00000540083146916,0.0000091550327852,0.0000048710212468,9.98356313175e-7,0.00000211934479921,8.32336525036e-7,8.38833102534e-7,0.00000416373814005,5.97944506353e-7,4.60590854345e-7,2.31151190633e-7,8.27725443742e-8,5.23162029253e-8,2.26845990881e-8,1.29744366362e-8,1.39838567392e-8,9.68754054753e-9,2.46195153153e-9,1.29612642841e-9,4.17171956701e-11,2.10042417487e-11,2.53855575449e-10,4.65827127982e-8],"dvar2":[0.000214699393837,0.00115502020344,0.000132255561766,0.0000123449635794,0.0000145451476783,0.0000211614606087,0.0000125850147015,0.00000267967311629,0.00000557997009309,0.0000021979324174,0.00000230303112403,0.0000108355106931,0.00000168634539932,0.00000123617166992,6.4196456151e-7,2.29810652286e-7,1.43135892472e-7,6.09753598724e-8,3.28860352283e-8,3.41644081914e-8,1.80790404869e-8,5.57268498014e-9,3.05930925038e-9,1.08750508598e-10,5.54466160485e-11,6.03798733234e-10,1.14944072038e-7],"max":[0.115103252232,0.256851285696,0.155116572976,0.0575570985675,0.0635788887739,0.0804307684302,0.0784307196736,0.0271639823914,0.0269335210323,0.0241781547666,0.0242739003152,0.0444807000458,0.0114311557263,0.00952676404268,0.00858164019883,0.00456667784601,0.00646386248991,0.00352930603549,0.00285338889807,0.00417000241578,0.00651182187721,0.00314551312476,0.0013471446,0.000173766340595,0.0000656064585201,0.000517424137797,0.00688924081624],"mean":[0.00383081869222,0.0115488087758,0.00272357207723,0.00159172376152,0.00163663504645,0.00163835485,0.00118228723295,0.000618018908426,0.00109239912126,0.000619927304797,0.000713380984962,0.00193127093371,0.000781199720223,0.000652854738291,0.000507917196956,0.000286451162538,0.000218233995838,0.000129537162138,0.000101724588603,0.000104042410385,0.0000606512221566,0.0000339747421094,0.0000152357724801,0.00000314366161547,0.00000200280851459,0.00000813390852272,0.000454120774521],"median":[0.00113378011156,0.00270336866379,0.000819323235191,0.000512815080583,0.000557517749257,0.000275185098872,0.000209016754525,0.0000910114467843,0.000140285788802,0.0000889615039341,0.0000986111408565,0.0001971044112,0.0000828566626296,0.0000449022991234,0.0000374600640498,0.0000256234634435,0.0000195775210159,0.0000181416708074,0.0000151334152179,0.0000107131600089,0.00000723304765415,0.00000455494046037,0.00000221068921746,6.17489035903e-7,3.11658141072e-7,0.00000142644057632,0.0000400399258069],"min":[4.48385580299e-25,1.09736476262e-23,1.28469161747e-23,1.19398555069e-23,3.14750578691e-23,2.74809919971e-23,3.73637783088e-23,6.39610441437e-23,3.20232373122e-23,9.16309588613e-23,6.46420709186e-23,1.40183536353e-22,9.31083249428e-23,7.101398444e-23,8.53180079594e-23,1.46337257259e-22,1.51745738112e-22,2.02442382746e-22,2.01711872305e-22,1.94654028449e-22,3.98252250193e-22,3.18770184724e-22,5.27460573031e-22,9.27467779993e-22,1.38341443903e-21,1.40231842408e-21,2.59104916087e-21],"var":[0.0000670326044201,0.000458560447441,0.0000468031284981,0.00000879917297425,0.00000852238281368,0.000019038319806,0.00000886219640961,0.00000170252280896,0.00000452701715403,0.0000015494121044,0.00000170561406776,0.0000115312323032,0.00000150932248744,0.00000125265160023,6.81599431118e-7,2.1887402113e-7,1.35644427246e-7,5.63785995666e-8,3.75303663702e-8,4.7490768651e-8,3.59498741886e-8,6.76710065761e-9,1.67637403958e-9,4.61917067096e-11,2.1535922351e-11,3.51824541722e-10,4.91074899855e-7]},"barkbands_crest":{"dmean":3.1144118309,"dmean2":5.15816879272,"dvar":6.96510267258,"dvar2":18.2724933624,"max":25.1111545563,"mean":10.7321710587,"median":10.26603508,"min":2.6253221035,"var":16.2142410278},"barkbands_flatness_db":{"dmean":0.0304196309298,"dmean2":0.0490042157471,"dvar":0.000757120433263,"dvar2":0.00194642087445,"max":0.434147506952,"mean":0.165403664112,"median":0.157861948013,"min":0.0346957109869,"var":0.0035935130436},"barkbands_kurtosis":{"dmean":7.22965526581,"dmean2":11.7939634323,"dvar":137.619491577,"dvar2":360.936462402,"max":241.947677612,"mean":13.7889890671,"median":6.88498067856,"min":-1.80244326591,"var":365.672088623},"barkbands_skewness":{"dmean":0.76978123188,"dmean2":1.23465096951,"dvar":0.632440686226,"dvar2":1.60086345673,"max":12.0970306396,"mean":2.61066484451,"median":2.28140687943,"min":-2.03527665138,"var":2.70861744881},"barkbands_spread":{"dmean":4.8740568161,"dmean2":7.82175779343,"dvar":37.3118019104,"dvar2":84.1298141479,"max":96.2533874512,"mean":17.7077884674,"median":14.6667470932,"min":0.620546519756,"var":171.252441406},"dissonance":{"dmean":0.0208286959678,"dmean2":0.0351726971567,"dvar":0.000466223078547,"dvar2":0.00127852172591,"max":0.500000119209,"mean":0.462394952774,"median":0.472069323063,"min":0.207356989384,"var":0.00112066359725},"dynamic_complexity":9.07383155823,"erbbands":{"dmean":[0.470276981592,1.4119130373,2.48578929901,3.01016378403,3.93602275848,3.4174759388,4.21065711975,10.7521657944,9.54431724548,13.3747253418,9.58585739136,11.9375762939,12.9653949738,13.0087957382,21.9899482727,36.0459213257,18.3353652954,13.7679405212,14.8233690262,9.12790870667,7.04833745956,5.13838577271,3.63069677353,2.63767623901,2.34138584137,2.00649023056,1.46981334686,0.980164647102,0.605492651463,0.351276487112,0.225805148482,0.0862840339541,0.0340635217726,0.0227964464575,0.0144624290988,0.00840447191149,0.00921549834311,0.00927105266601,0.00525000831112,0.00289642577991],"dmean2":[0.812902629375,2.39859580994,4.20582914352,5.03122997284,6.58684492111,5.75498723984,6.85572576523,16.9068756104,15.4174690247,21.8226280212,15.79682827,19.8096008301,21.8237743378,21.8143100739,36.7325630188,60.3078689575,30.9440040588,23.0472450256,24.8666858673,15.4162044525,11.9424648285,8.75215911865,6.09468984604,4.34030818939,3.78870844841,3.2180044651,2.32141423225,1.50501871109,0.926476716995,0.54320025444,0.351799696684,0.138266891241,0.0572674274445,0.0383154153824,0.0242302771658,0.0139963375404,0.0143228368834,0.0136042591184,0.00743625778705,0.00453749625012],"dvar":[1.26471483707,9.05383968353,50.9501419067,46.5868034363,64.5697402954,82.4029083252,171.715103149,1069.46472168,1136.60424805,1260.34899902,566.421936035,801.760864258,1205.4588623,875.243774414,1979.59741211,5535.67773438,1246.67919922,805.060791016,945.487487793,337.05456543,212.844467163,127.420097351,72.4695663452,36.920791626,34.7990608215,28.2375068665,17.6756839752,18.3362445831,4.28329086304,1.10087049007,0.9380017519,0.0815540775657,0.00585604039952,0.00266762357205,0.00104979239404,0.000334614305757,0.000898778846022,0.00064492522506,0.000160009934916,0.0000298326012853],"dvar2":[3.44567871094,24.8777866364,135.421295166,125.334617615,177.845428467,217.332351685,423.376037598,2416.90625,2849.67553711,3305.19018555,1511.49487305,2136.30249023,3272.27636719,2282.59423828,5247.56689453,15020.7587891,3481.65722656,2185.88745117,2576.1940918,946.461364746,584.191711426,351.79208374,196.409896851,96.0431671143,85.0846939087,69.8683395386,39.6056480408,33.5485610962,9.33707618713,2.5481364727,2.24029040337,0.205599024892,0.0154820615426,0.00704803550616,0.00276837171987,0.000879123224877,0.00212029996328,0.00137721083593,0.000297749880701,0.0000702182369423],"max":[13.9335870743,42.2606582642,146.260620117,181.445617676,240.693313599,340.362976074,773.82019043,914.765319824,1398.02624512,1115.64440918,719.838867188,548.870910645,1021.48022461,807.158203125,856.340942383,1258.67919922,513.305786133,527.369445801,551.440551758,340.350006104,266.745635986,269.646362305,180.412841797,128.099639893,190.023254395,188.772323608,218.526428223,365.466308594,127.000793457,34.96043396,35.0075340271,10.466091156,1.11096525192,0.740989267826,0.463326245546,0.260053038597,0.895663440228,0.881980419159,0.600475013256,0.226106926799],"mean":[0.532703280449,1.81646418571,3.15455055237,4.50335264206,5.98350477219,4.93839740753,6.36317157745,16.3802509308,14.5318908691,20.0801200867,16.8032112122,21.4145317078,21.6607723236,24.0524559021,44.9128189087,71.2837677002,39.9452476501,31.2130775452,32.9993362427,20.3266143799,15.9612960815,11.6639738083,7.70279502869,5.49263525009,5.05943584442,4.62443113327,3.22700595856,2.11345911026,1.34175479412,0.768677473068,0.382767647505,0.119160637259,0.0346686430275,0.0223534274846,0.014446795918,0.00905026961118,0.0157516207546,0.0248392298818,0.01930347085,0.0161602329463],"median":[0.112196445465,0.413308054209,0.970500469208,1.64098489285,1.90112793446,1.38071835041,1.70102715492,2.32742023468,2.31033635139,3.6486620903,2.27843666077,2.79701685905,3.05296683311,3.75735998154,6.49130916595,6.7787733078,4.28657722473,2.48679208755,2.02612304688,1.87987089157,1.28189897537,1.10435128212,1.02632474899,0.876913309097,0.682231128216,0.500005960464,0.348455786705,0.25883024931,0.175519794226,0.103179641068,0.0574310272932,0.0221185274422,0.00630682893097,0.00352263031527,0.00232614716515,0.00175047386438,0.00284721096978,0.00348791549914,0.00265268981457,0.0022225161083],"min":[7.46793338661e-22,1.39389192549e-21,1.36800842226e-20,3.7153951355e-20,2.42769351069e-20,1.22494824618e-19,3.58799671959e-20,3.48758345557e-19,2.426488315e-19,7.71442908133e-19,1.32694628485e-18,5.78437476191e-19,2.49331737406e-18,4.23884858513e-18,3.73842995713e-18,6.87403922157e-18,3.79118215993e-18,4.35737570869e-18,3.7053439734e-18,5.41590674446e-18,9.69400422247e-18,9.67640430058e-18,1.01692393367e-17,1.0666513024e-17,9.39865028577e-18,9.58180544419e-18,1.09386198768e-17,1.52291875161e-17,1.2317850904e-17,1.36144639588e-17,1.40152602625e-17,1.68884076002e-17,1.57060670654e-17,1.14197842217e-17,1.17044311325e-17,5.87962915894e-18,2.67486697491e-18,1.01666060072e-18,3.75277497502e-19,4.08968951592e-20],"var":[1.19707548618,10.9230489731,51.840637207,79.2298202515,101.892906189,111.014358521,280.887512207,2259.00463867,1887.74804688,2181.60620117,1098.31176758,1671.57214355,2184.55786133,1933.43054199,5562.61669922,14439.8037109,3742.46069336,2572.83032227,2968.57763672,1027.36999512,661.800842285,365.750183105,189.436065674,98.0360565186,109.286079407,95.8376693726,60.0600013733,59.51820755,12.2362422943,2.5485329628,1.13497543335,0.08768748492,0.0060820300132,0.00271451706067,0.00108995987102,0.000371276459191,0.00126547808759,0.00234943232499,0.00139027263504,0.000512355065439]},"erbbands_crest":{"dmean":2.50148224831,"dmean2":4.13253259659,"dvar":5.36121225357,"dvar2":13.7855262756,"max":29.6201381683,"mean":8.59989547729,"median":7.70769691467,"min":2.54588890076,"var":14.0941762924},"erbbands_flatness_db":{"dmean":0.0228311177343,"dmean2":0.0359254218638,"dvar":0.000410256354371,"dvar2":0.00102066923864,"max":0.360233098269,"mean":0.151301786304,"median":0.148169547319,"min":0.0336346179247,"var":0.00152237701695},"erbbands_kurtosis":{"dmean":1.15514242649,"dmean2":1.86203539371,"dvar":5.64508533478,"dvar2":14.8768291473,"max":61.7880363464,"mean":1.11744618416,"median":0.31781733036,"min":-1.74104034901,"var":10.4061841965},"erbbands_skewness":{"dmean":0.353463202715,"dmean2":0.550435066223,"dvar":0.139586210251,"dvar2":0.311470448971,"max":6.49824571609,"mean":0.223262161016,"median":0.103415079415,"min":-4.58978652954,"var":0.775283932686},"erbbands_spread":{"dmean":6.27081632614,"dmean2":9.85876941681,"dvar":42.6873512268,"dvar2":100.138664246,"max":116.643707275,"mean":29.1640663147,"median":26.6849632263,"min":1.65309870243,"var":177.271697998},"gfcc":{"cov":[[20554.1191406,-1229.26257324,-2589.51464844,-923.957702637,671.163757324,-253.154281616,1026.89978027,-247.112045288,1032.78845215,313.757507324,402.256072998,284.10949707,109.067382812],[-1229.26257324,687.614379883,125.103118896,-187.559661865,17.4400253296,38.1617507935,-83.0532531738,-28.0534477234,-34.6153030396,-25.2202835083,12.5666408539,-47.0002212524,23.9310016632],[-2589.51464844,125.103118896,621.534423828,169.811965942,-129.917755127,143.613311768,-201.860305786,132.091567993,-167.086807251,-18.3199119568,-45.8954124451,-52.2835083008,20.0369586945],[-923.957702637,-187.559661865,169.811965942,386.658874512,17.9970340729,-51.0992279053,28.3348636627,15.4563970566,-53.3826332092,-19.4079723358,-41.7103767395,30.2536277771,-32.6590194702],[671.163757324,17.4400253296,-129.917755127,17.9970340729,227.65032959,26.1405792236,100.21761322,-48.1873817444,64.3640441895,-7.39082860947,28.4763221741,17.605178833,23.1838569641],[-253.154281616,38.1617507935,143.613311768,-51.0992279053,26.1405792236,241.64289856,-96.3766174316,77.4775085449,-55.227897644,21.3708171844,6.43427228928,-11.003030777,42.3640403748],[1026.89978027,-83.0532531738,-201.860305786,28.3348636627,100.21761322,-96.3766174316,267.603424072,-66.7397232056,113.475761414,-14.0655794144,23.9081916809,40.2668876648,-28.6634941101],[-247.112045288,-28.0534477234,132.091567993,15.4563970566,-48.1873817444,77.4775085449,-66.7397232056,147.927276611,-11.8791971207,35.3432502747,-0.738167524338,-24.9501132965,27.2628288269],[1032.78845215,-34.6153030396,-167.086807251,-53.3826332092,64.3640441895,-55.227897644,113.475761414,-11.8791971207,173.887268066,48.870426178,28.6411247253,30.0130405426,-10.1674098969],[313.757507324,-25.2202835083,-18.3199119568,-19.4079723358,-7.39082860947,21.3708171844,-14.0655794144,35.3432502747,48.870426178,81.5668334961,40.0311470032,11.2049093246,15.0861883163],[402.256072998,12.5666408539,-45.8954124451,-41.7103767395,28.4763221741,6.43427228928,23.9081916809,-0.738167524338,28.6411247253,40.0311470032,75.3383178711,32.8553695679,20.3249664307],[284.10949707,-47.0002212524,-52.2835083008,30.2536277771,17.605178833,-11.003030777,40.2668876648,-24.9501132965,30.0130405426,11.2049093246,32.8553695679,76.9522171021,14.9792566299],[109.067382812,23.9310016632,20.0369586945,-32.6590194702,23.1838569641,42.3640403748,-28.6634941101,27.2628288269,-10.1674098969,15.0861883163,20.3249664307,14.9792566299,71.718208313]],"icov":[[0.00015761796385,0.000230539197219,0.000515200779773,0.0000803351795184,0.0000864482572069,-0.000236037391005,-0.00012367911404,-0.0000241595589614,-0.000448763574241,0.000175669061719,-0.000441158394096,0.000294370780466,-0.00038978093653],[0.000230539197219,0.00268935901113,-0.000830471981317,0.00226452131756,-0.00147147371899,0.000818347092718,0.000158563852892,0.000575895828661,-0.00016753685486,0.0000748287202441,-0.000527740688995,0.000189142752788,-0.000077455821156],[0.000515200779773,-0.000830471981317,0.00717926211655,-0.00479707168415,0.00478768255562,-0.00467688404024,0.00100752292201,-0.000543180271052,-0.0034764027223,0.00496000051498,-0.00527055887505,0.00556465005502,-0.00407730741426],[0.0000803351795184,0.00226452131756,-0.00479707168415,0.0110790422186,-0.00869950465858,0.00701028993353,-0.00224562105723,-0.00418340554461,0.00878812931478,-0.0094736116007,0.0105335758999,-0.0117374844849,0.00757660530508],[0.0000864482572069,-0.00147147371899,0.00478768255562,-0.00869950465858,0.0151144899428,-0.00893130525947,-0.000383359671105,0.00628620851785,-0.0106759630144,0.0113793797791,-0.0114821149036,0.0123793967068,-0.0103314891458],[-0.000236037391005,0.000818347092718,-0.00467688404024,0.00701028993353,-0.00893130525947,0.0121238240972,0.000173773412826,-0.0056747449562,0.00893923453987,-0.00888395216316,0.00844649225473,-0.00954194460064,0.00527242291719],[-0.00012367911404,0.000158563852892,0.00100752292201,-0.00224562105723,-0.000383359671105,0.000173773412826,0.00880805496126,0.000811329751741,-0.00566033134237,0.00671186856925,-0.00475175306201,0.000952428905293,0.000997639261186],[-0.0000241595589614,0.000575895828661,-0.000543180271052,-0.00418340554461,0.00628620851785,-0.0056747449562,0.000811329751741,0.0154673308134,-0.00696471566334,0.00135492137633,-0.00496867392212,0.010285708122,-0.00815675593913],[-0.000448763574241,-0.00016753685486,-0.0034764027223,0.00878812931478,-0.0106759630144,0.00893923453987,-0.00566033134237,-0.00696471566334,0.0240957494825,-0.0201880596578,0.0153680816293,-0.0149398734793,0.0106953121722],[0.000175669061719,0.0000748287202441,0.00496000051498,-0.0094736116007,0.0113793797791,-0.00888395216316,0.00671186856925,0.00135492137633,-0.0201880596578,0.0387491546571,-0.0256240237504,0.0144747951999,-0.00902972090989],[-0.000441158394096,-0.000527740688995,-0.00527055887505,0.0105335758999,-0.0114821149036,0.00844649225473,-0.00475175306201,-0.00496867392212,0.0153680816293,-0.0256240237504,0.0388703942299,-0.0219192299992,0.00695938756689],[0.000294370780466,0.000189142752788,0.00556465005502,-0.0117374844849,0.0123793967068,-0.00954194460064,0.000952428905293,0.010285708122,-0.0149398734793,0.0144747951999,-0.0219192299992,0.0351741164923,-0.0156026510522],[-0.00038978093653,-0.000077455821156,-0.00407730741426,0.00757660530508,-0.0103314891458,0.00527242291719,0.000997639261186,-0.00815675593913,0.0106953121722,-0.00902972090989,0.00695938756689,-0.0156026510522,0.0275784432888]],"mean":[-81.7089157104,113.915985107,-86.0612487793,2.69741201401,-10.8610897064,-9.06666755676,3.26749992371,-19.2597999573,-4.62258338928,-7.33654022217,-4.58811807632,-1.39591443539,-9.56770038605]},"hfc":{"dmean":22.083562851,"dmean2":35.8815803528,"dvar":1451.33898926,"dvar2":3787.25268555,"max":1524.47338867,"mean":110.167152405,"median":37.9696350098,"min":1.20220815572e-16,"var":18762.3144531},"melbands":{"dmean":[0.00332997669466,0.00138290552422,0.000525488343555,0.000254121434409,0.000141318683745,0.000228030941798,0.000145538942888,0.000129103034851,0.0000883428729139,0.0000794703664724,0.0000659175348119,0.000053606912843,0.0000648331551929,0.000121081007819,0.0000727040169295,0.0000336720622727,0.0000283138524537,0.0000281939683191,0.0000168198403117,0.0000108020449261,0.00000908507172426,0.00000627485496807,0.00000415727436121,0.00000305749790641,0.00000225345775107,0.00000199244141186,0.00000176648427441,0.00000139920064157,0.00000116877981782,7.20440993973e-7,5.68236316667e-7,3.8116618839e-7,2.87479934968e-7,1.92295942725e-7,1.51232271151e-7,8.94648977123e-8,3.89011773905e-8,2.36987993674e-8,2.09090877945e-8,1.86273965141e-8],"dmean2":[0.005742599722,0.00233100238256,0.000872846925631,0.000423803401645,0.000231674712268,0.000358482036972,0.00023467191204,0.000211191480048,0.000145367943333,0.000132577013574,0.000111156747153,0.0000900314189494,0.000108372936666,0.000199926042114,0.000122395460494,0.0000569112853555,0.0000475632186863,0.0000473434338346,0.0000286478716589,0.0000181823033927,0.0000154436038429,0.0000106863717519,0.00000700087321093,0.00000515533611178,0.00000373376110474,0.00000325783526023,0.00000294103347187,0.0000022777464892,0.00000188435978998,0.00000112501732019,8.86962652658e-7,5.92225546825e-7,4.5509091251e-7,3.0107389648e-7,2.38267347186e-7,1.42183054663e-7,6.41494324327e-8,3.99331518963e-8,3.51957751832e-8,3.12979011596e-8],"dvar":[0.0000610685456195,0.0000103529428088,0.00000125334793211,3.31481174953e-7,1.56959671926e-7,4.59138590259e-7,2.24004551796e-7,1.15778888699e-7,4.57676954113e-8,3.76704427651e-8,3.04895273473e-8,1.54046606582e-8,1.76037460164e-8,6.32993746308e-8,2.27036753842e-8,4.38381686507e-9,3.52386297919e-9,3.50833317952e-9,1.11400011438e-9,5.17201226291e-10,3.53359147498e-10,1.86752224796e-10,8.01906943626e-11,5.64131137637e-11,2.70495067317e-11,2.30879343421e-11,2.3182806369e-11,1.43667924779e-11,1.03391730941e-11,6.00801092904e-12,8.79176072222e-12,2.04321542324e-12,5.51020221205e-13,4.6378222443e-13,4.37583102348e-13,1.31525853034e-13,1.14949189558e-14,2.92582798267e-15,2.26554843611e-15,1.77792893255e-15],"dvar2":[0.000166502824868,0.0000279587820842,0.00000336023504133,8.94039203558e-7,3.95395204578e-7,0.00000104499770259,5.67295330711e-7,3.03163091075e-7,1.2060057486e-7,1.00348991339e-7,8.26699420031e-8,3.99739015222e-8,4.82490349896e-8,1.62093456879e-7,6.25252596365e-8,1.24434595961e-8,9.51716838671e-9,9.47772438309e-9,3.18244186559e-9,1.41257172626e-9,9.72429692325e-10,5.17588305549e-10,2.1954503493e-10,1.54109683348e-10,7.08711631048e-11,5.87184884049e-11,5.81200365612e-11,3.68526736905e-11,2.49349742243e-11,1.25942927962e-11,1.74747369353e-11,4.53529184694e-12,1.3457155312e-12,1.09797880423e-12,1.04809271071e-12,3.28702831013e-13,2.97896269826e-14,7.73175994122e-15,5.98798803578e-15,4.69652325385e-15],"max":[0.0970412269235,0.0561634190381,0.0253348015249,0.0170522816479,0.0201417915523,0.0188038591295,0.0182867906988,0.0113441674039,0.00550392456353,0.00369733339176,0.00497166300192,0.00303994491696,0.0025649049785,0.00587826082483,0.0021129604429,0.00119964918122,0.00103321997449,0.00102423748467,0.000654805684462,0.000439612806076,0.000381248799386,0.000303957465803,0.000143217053846,0.000166694517247,0.000102123121906,0.000164128752658,0.000130759071908,0.000156496171257,0.000162608033861,0.000141688258736,0.000231980986428,0.0000904390835785,0.0000226561878662,0.0000274969752354,0.000022626876671,0.0000123145382531,0.00000352449228558,7.866531746e-7,6.8338414394e-7,6.03811884048e-7],"mean":[0.00406907545403,0.00191263342276,0.000854354468174,0.000399544369429,0.000216356522287,0.000353056530003,0.000229780707741,0.000194681095309,0.000147503946209,0.000139188487083,0.000106535226223,0.000092778209364,0.00012332649203,0.000220660309424,0.000137612660183,0.000066394728492,0.0000571537711949,0.0000570193224121,0.0000340797232639,0.0000211371334444,0.000018504963009,0.0000129540394482,0.00000821362937131,0.00000577898708798,0.00000425676444138,0.00000385371095035,0.0000035363382267,0.00000296985535897,0.00000228630051424,0.00000146050763306,0.00000110653093088,7.70849624132e-7,5.97181383455e-7,3.68569203602e-7,2.42553312546e-7,1.31293404593e-7,4.57413662502e-8,2.27557901411e-8,2.02023251461e-8,1.81915922326e-8],"median":[0.00105234910734,0.000599013932515,0.000330544949975,0.000128061277792,0.0000597546531935,0.0000520194444107,0.0000390893474105,0.0000348744579242,0.0000173218049895,0.0000176091161848,0.0000144093464769,0.0000141581922435,0.000018527971406,0.000024219887564,0.0000106742609205,0.00000721691458239,0.00000406719891544,0.00000326754206981,0.00000282955670627,0.00000204857360586,0.00000139412418321,0.00000116817136586,8.80351990418e-7,8.53441861182e-7,6.84002202433e-7,5.36552704489e-7,4.16670729919e-7,3.05076412133e-7,2.2879584094e-7,1.70770007912e-7,1.33844594075e-7,1.03228650516e-7,7.42745385196e-8,4.95413701174e-8,3.41923254155e-8,2.12261177523e-8,8.64064553241e-9,3.38993633164e-9,3.04134251117e-9,2.8021329701e-9],"min":[6.77604932972e-24,5.26298374236e-24,5.14713360198e-24,6.26460832233e-24,1.78293845291e-24,7.0536550043e-24,4.6977664815e-24,9.40852076893e-24,8.81778622436e-24,4.03315905746e-24,1.34692430208e-23,1.59501253708e-23,1.13319379941e-23,1.48366166486e-23,1.24107415696e-23,7.77925478695e-24,7.44160969774e-24,4.82027421349e-24,7.03844892149e-24,8.98161764602e-24,1.23133456468e-23,1.01105785756e-23,5.71862072932e-24,1.22786483888e-23,7.92550171016e-24,8.4315875353e-24,6.93814604625e-24,5.486237295e-24,4.6925260785e-24,8.8590901925e-24,8.95756054386e-24,6.58754391667e-24,5.80333689636e-24,8.69345385709e-24,6.25533881227e-24,8.8473243321e-24,1.00850234266e-23,9.85214064329e-24,1.05931326799e-23,8.65422774858e-24],"var":[0.0000609950693615,0.0000124723446788,0.0000022275576157,5.13447730555e-7,2.61661483592e-7,9.71352164925e-7,3.9104793359e-7,2.01051477688e-7,8.81154633703e-8,7.56902807098e-8,5.44403775393e-8,3.13900159199e-8,4.33743352346e-8,1.60438176522e-7,5.29867492105e-8,1.09914388702e-8,9.52329415327e-9,9.63165369683e-9,2.96513436027e-9,1.2705199115e-9,9.57018575498e-10,4.7762982458e-10,2.0129443945e-10,1.21421678267e-10,6.20239692939e-11,5.94423607558e-11,6.56735638094e-11,4.00969500658e-11,2.81327947049e-11,1.95987618495e-11,2.24083633593e-11,5.02332593924e-12,1.46984648845e-12,7.58348136891e-13,5.1234092923e-13,1.3576214263e-13,1.18257547784e-14,2.9305849197e-15,2.2814195042e-15,1.80814280954e-15]},"melbands_crest":{"dmean":4.63396978378,"dmean2":7.70381689072,"dvar":16.3370609283,"dvar2":43.5814704895,"max":38.1183853149,"mean":17.6510829926,"median":16.9409599304,"min":2.01885080338,"var":40.2717590332},"melbands_flatness_db":{"dmean":0.037749119103,"dmean2":0.060657247901,"dvar":0.00109069189057,"dvar2":0.00277478829958,"max":0.578036546707,"mean":0.284226685762,"median":0.27896219492,"min":0.00486654927954,"var":0.00525924982503},"melbands_kurtosis":{"dmean":10.7922506332,"dmean2":17.5019626617,"dvar":278.944915771,"dvar2":714.002075195,"max":270.162658691,"mean":19.9154968262,"median":9.76030826569,"min":-1.88526439667,"var":722.197143555},"melbands_skewness":{"dmean":0.960363268852,"dmean2":1.53812491894,"dvar":0.943429529667,"dvar2":2.41284108162,"max":14.5497989655,"mean":3.14174771309,"median":2.78164768219,"min":-2.35407948494,"var":3.83396601677},"melbands_spread":{"dmean":4.73332691193,"dmean2":7.55291032791,"dvar":50.0595855713,"dvar2":106.734176636,"max":162.900314331,"mean":14.658162117,"median":10.8421878815,"min":0.446904361248,"var":182.902252197},"mfcc":{"cov":[[18602.4433594,796.850891113,-3649.37915039,-36.6553955078,-1035.015625,645.350036621,-525.215209961,321.675567627,46.2938423157,515.358276367,254.007354736,370.964935303,368.701171875],[796.850891113,725.628479004,-167.640853882,-264.343597412,-13.810046196,-7.06285095215,-26.8485889435,-28.9586734772,-8.0045375824,14.0735359192,17.3046569824,26.6554336548,26.9796447754],[-3649.37915039,-167.640853882,997.674377441,-48.8082389832,253.187316895,-165.653121948,119.685020447,-72.2036743164,2.52800965309,-89.9009094238,-46.844329834,-65.3156204224,-84.9682617188],[-36.6553955078,-264.343597412,-48.8082389832,406.942138672,-64.9890441895,26.9799118042,4.1731095314,53.2034492493,-3.31756329536,15.8617143631,6.02950334549,-27.3220272064,-11.064324379],[-1035.015625,-13.810046196,253.187316895,-64.9890441895,252.235244751,-3.17062234879,65.978477478,-29.1569156647,22.4149360657,-32.6567840576,-29.5950450897,-1.42467701435,-14.4770288467],[645.350036621,-7.06285095215,-165.653121948,26.9799118042,-3.17062234879,168.538528442,8.58451461792,50.8735351562,-0.713053762913,16.3031711578,-11.9066333771,27.5421028137,33.7045783997],[-525.215209961,-26.8485889435,119.685020447,4.1731095314,65.978477478,8.58451461792,126.083488464,14.3674278259,6.63709402084,-31.5745239258,-14.0525484085,-17.2634563446,-7.75469017029],[321.675567627,-28.9586734772,-72.2036743164,53.2034492493,-29.1569156647,50.8735351562,14.3674278259,91.1823654175,21.2080192566,20.7512226105,0.697669684887,4.15092134476,6.68483877182],[46.2938423157,-8.0045375824,2.52800965309,-3.31756329536,22.4149360657,-0.713053762913,6.63709402084,21.2080192566,72.1644134521,29.9947528839,8.82442951202,8.07844257355,-1.30899965763],[515.358276367,14.0735359192,-89.9009094238,15.8617143631,-32.6567840576,16.3031711578,-31.5745239258,20.7512226105,29.9947528839,88.1198577881,34.778968811,22.8695201874,10.6679286957],[254.007354736,17.3046569824,-46.844329834,6.02950334549,-29.5950450897,-11.9066333771,-14.0525484085,0.697669684887,8.82442951202,34.778968811,66.082572937,24.2486801147,6.8104391098],[370.964935303,26.6554336548,-65.3156204224,-27.3220272064,-1.42467701435,27.5421028137,-17.2634563446,4.15092134476,8.07844257355,22.8695201874,24.2486801147,71.683555603,38.1626319885],[368.701171875,26.9796447754,-84.9682617188,-11.064324379,-14.4770288467,33.7045783997,-7.75469017029,6.68483877182,-1.30899965763,10.6679286957,6.8104391098,38.1626319885,63.5620727539]],"icov":[[0.000225332129048,-0.0000165157016454,0.000702697958332,0.000139564319397,0.000167427497217,-0.0000572867757,0.0000439053401351,-0.000138667805004,0.0000367849097529,-0.000454761757283,0.0000423780693382,-0.000297714810586,0.00000332247873303],[-0.0000165157016454,0.00198531406932,0.000386739964597,0.00133498362266,-0.0000991607957985,0.00033234548755,-0.000126483166241,-0.00000692527737556,0.000434829213191,-0.000284155714326,-0.000330748880515,0.000390356843127,-0.000353324081516],[0.000702697958332,0.000386739964597,0.00423068087548,0.000607542111538,-0.00105628557503,0.00162046111654,-0.00086867826758,-0.000367054599337,0.000550511933398,-0.00116917141713,0.00057192298118,-0.000990847009234,0.00109493057244],[0.000139564319397,0.00133498362266,0.000607542111538,0.00387183227576,0.000612859148532,-0.000194146108697,-0.000111347944767,-0.00156235392205,0.000767270510551,-0.00084145454457,-0.000763654708862,0.00147914432455,-0.000146055332152],[0.000167427497217,-0.0000991607957985,-0.00105628557503,0.000612859148532,0.00726976804435,-0.00207253685221,-0.00211128871888,0.00265039433725,-0.00299097970128,0.000242278605583,0.00196582870558,-0.00221896683797,0.00100338400807],[-0.0000572867757,0.00033234548755,0.00162046111654,-0.000194146108697,-0.00207253685221,0.0104281827807,-0.00141094555147,-0.00459137326106,0.0027121163439,-0.00160998932552,0.00361578608863,-0.00255186553113,-0.00189656321891],[0.0000439053401351,-0.000126483166241,-0.00086867826758,-0.000111347944767,-0.00211128871888,-0.00141094555147,0.0116065274924,-0.0031610976439,-0.00127489119768,0.00405740551651,-0.0023219678551,0.00294752488844,-0.00159396301024],[-0.000138667805004,-0.00000692527737556,-0.000367054599337,-0.00156235392205,0.00265039433725,-0.00459137326106,-0.0031610976439,0.0174700170755,-0.00517863407731,-0.00157113745809,0.00134966324549,-0.00000299827320305,0.000874209625181],[0.0000367849097529,0.000434829213191,0.000550511933398,0.000767270510551,-0.00299097970128,0.0027121163439,-0.00127489119768,-0.00517863407731,0.0196824688464,-0.00746360654011,0.000669198168907,-0.00132927240338,0.00112564722076],[-0.000454761757283,-0.000284155714326,-0.00116917141713,-0.00084145454457,0.000242278605583,-0.00160998932552,0.00405740551651,-0.00157113745809,-0.00746360654011,0.021093590185,-0.0082073668018,-0.000357262819307,0.0000182235999091],[0.0000423780693382,-0.000330748880515,0.00057192298118,-0.000763654708862,0.00196582870558,0.00361578608863,-0.0023219678551,0.00134966324549,0.000669198168907,-0.0082073668018,0.0237344838679,-0.00881549343467,0.00277238874696],[-0.000297714810586,0.000390356843127,-0.000990847009234,0.00147914432455,-0.00221896683797,-0.00255186553113,0.00294752488844,-0.00000299827320305,-0.00132927240338,-0.000357262819307,-0.00881549343467,0.0271512586623,-0.0136226033792],[0.00000332247873303,-0.000353324081516,0.00109493057244,-0.000146055332152,0.00100338400807,-0.00189656321891,-0.00159396301024,0.000874209625181,0.00112564722076,0.0000182235999091,0.00277238874696,-0.0136226033792,0.0261514820158]],"mean":[-742.6015625,168.194503784,-7.91552352905,29.5118122101,2.03252840042,23.0171661377,7.18127632141,8.42516422272,-0.255625754595,1.2214205265,1.28603875637,2.67608237267,5.6353302002]},"pitch_salience":{"dmean":0.0881549417973,"dmean2":0.145523026586,"dvar":0.00597929721698,"dvar2":0.0159758739173,"max":0.856646299362,"mean":0.530418694019,"median":0.545476555824,"min":0.0837622657418,"var":0.0140593061224},"silence_rate_20dB":{"dmean":0,"dmean2":0,"dvar":0,"dvar2":0,"max":1,"mean":1,"median":1,"min":1,"var":0},"silence_rate_30dB":{"dmean":0.0684757456183,"dmean2":0.136961728334,"dvar":0.0637868121266,"dvar2":0.139734312892,"max":1,"mean":0.915532946587,"median":1,"min":0,"var":0.077332355082},"silence_rate_60dB":{"dmean":0.0343873798847,"dmean2":0.0687799006701,"dvar":0.0332048907876,"dvar2":0.078104250133,"max":1,"mean":0.359620273113,"median":0,"min":0,"var":0.230293527246},"spectral_centroid":{"dmean":170.271316528,"dmean2":256.511810303,"dvar":62385.546875,"dvar2":98138.3671875,"max":10927.6455078,"mean":877.438598633,"median":782.775939941,"min":145.957107544,"var":291596.53125},"spectral_complexity":{"dmean":2.20438075066,"dmean2":3.62171053886,"dvar":6.92227125168,"dvar2":16.9452648163,"max":59,"mean":15.0926895142,"median":8,"min":0,"var":193.146438599},"spectral_contrast_coeffs":{"dmean":[0.0500870123506,0.0464934967458,0.0357641689479,0.0268300045282,0.0213906057179,0.0450130738318],"dmean2":[0.0837598890066,0.077160127461,0.0594119541347,0.0451681278646,0.0351649187505,0.0714128091931],"dvar":[0.00156991847325,0.00133503880352,0.000797704909928,0.000439975759946,0.00033291609725,0.00168516382109],"dvar2":[0.00428077206016,0.00366268656217,0.00223251222633,0.00120661407709,0.000874292047229,0.00410607317463],"max":[-0.408178269863,-0.454624801874,-0.613022506237,-0.66679674387,-0.670327782631,-0.444387793541],"mean":[-0.708114385605,-0.782849133015,-0.810414671898,-0.826927900314,-0.834770441055,-0.758355021477],"median":[-0.710769891739,-0.787968158722,-0.811976611614,-0.824337005615,-0.829219281673,-0.766023516655],"min":[-0.95096808672,-0.961955666542,-0.967372536659,-0.984535038471,-0.980740666389,-0.959832191467],"var":[0.00441647320986,0.00356726231985,0.00249738944694,0.00183034397196,0.00197076913901,0.0072169280611]},"spectral_contrast_valleys":{"dmean":[0.388019382954,0.366165190935,0.310686945915,0.297500342131,0.335734009743,0.728158771992],"dmean2":[0.646706342697,0.599315166473,0.504014313221,0.475338697433,0.508156597614,1.16607522964],"dvar":[0.121748462319,0.109400525689,0.088880866766,0.103619292378,0.148872196674,0.355721771717],"dvar2":[0.273283690214,0.237676411867,0.183674037457,0.214627474546,0.312983512878,0.959869086742],"max":[-4.88426446915,-4.58782339096,-4.84796857834,-5.47902441025,-5.64386224747,-8.97384643555],"mean":[-7.2553935051,-7.18141078949,-7.55954933167,-8.07611179352,-8.46838569641,-11.8254032135],"median":[-7.00787258148,-7.03922939301,-7.48715877533,-8.00836753845,-8.35790920258,-11.7081270218],"min":[-27.5112800598,-27.5920600891,-27.4551391602,-27.3916015625,-27.2661323547,-27.3001937866],"var":[1.43813657761,1.90109360218,2.42244935036,2.82143115997,2.26765322685,1.67206394672]},"spectral_decrease":{"dmean":3.70807606842e-9,"dmean2":6.27146157228e-9,"dvar":5.83355296543e-17,"dvar2":1.57128423364e-16,"max":9.89014292685e-9,"mean":-7.03987712569e-9,"median":-2.65796096244e-9,"min":-9.65767341654e-8,"var":9.72020401032e-17},"spectral_energy":{"dmean":0.0141669390723,"dmean2":0.023918159306,"dvar":0.000835089944303,"dvar2":0.00224406062625,"max":0.391464650631,"mean":0.0365626178682,"median":0.015249568969,"min":1.07998720259e-20,"var":0.00207582022995},"spectral_energyband_high":{"dmean":0.000113525609777,"dmean2":0.000166061494383,"dvar":6.99283972949e-8,"dvar2":1.31377177581e-7,"max":0.0158984847367,"mean":0.00041378728929,"median":0.0000532587000635,"min":7.69952315744e-21,"var":5.4613519751e-7},"spectral_energyband_low":{"dmean":0.0126395085827,"dmean2":0.0216655209661,"dvar":0.000761884555686,"dvar2":0.00207220343873,"max":0.336510032415,"mean":0.0179611090571,"median":0.0063655981794,"min":5.4404101562e-23,"var":0.00087981967954},"spectral_energyband_middle_high":{"dmean":0.00152042333502,"dmean2":0.00247724563815,"dvar":0.00000767687015468,"dvar2":0.0000202132850973,"max":0.0589787550271,"mean":0.00588473211974,"median":0.000725452904589,"min":1.62755055662e-21,"var":0.0000669367291266},"spectral_energyband_middle_low":{"dmean":0.00292073562741,"dmean2":0.00466268602759,"dvar":0.0000297840397252,"dvar2":0.0000757524321671,"max":0.0963001772761,"mean":0.0079434113577,"median":0.00262121809646,"min":2.07275411657e-22,"var":0.000121228636999},"spectral_entropy":{"dmean":0.207349643111,"dmean2":0.323333114386,"dvar":0.0527933761477,"dvar2":0.127435684204,"max":9.79187965393,"mean":7.32715892792,"median":7.45830821991,"min":4.86546134949,"var":0.216109484434},"spectral_flux":{"dmean":0.0233760531992,"dmean2":0.038940101862,"dvar":0.00139681238215,"dvar2":0.00328334025107,"max":0.491557687521,"mean":0.0872505232692,"median":0.0673903822899,"min":1.03922433159e-10,"var":0.00600566482171},"spectral_kurtosis":{"dmean":4.69477510452,"dmean2":7.54249668121,"dvar":43.3976554871,"dvar2":115.637123108,"max":120.595718384,"mean":17.6676521301,"median":16.1232833862,"min":-1.21929693222,"var":87.0236206055},"spectral_rms":{"dmean":0.000894133700058,"dmean2":0.00147134694271,"dvar":0.00000178811126261,"dvar2":0.00000465681978312,"max":0.0195426903665,"mean":0.00469488045201,"median":0.00385715276934,"min":3.24599136632e-12,"var":0.0000136289418151},"spectral_rolloff":{"dmean":3920.83129883,"dmean2":7560.50292969,"dvar":53739360,"dvar2":136279840,"max":22028.4667969,"mean":7006.47265625,"median":1291.9921875,"min":43.06640625,"var":85315592},"spectral_skewness":{"dmean":0.368607193232,"dmean2":0.574064195156,"dvar":0.206894025207,"dvar2":0.520215034485,"max":8.26809978485,"mean":2.84994482994,"median":2.76359915733,"min":-0.0217372123152,"var":0.617444694042},"spectral_spread":{"dmean":527948.25,"dmean2":841891.5,"dvar":414198530048,"dvar2":818390695936,"max":41590204,"mean":3658171.75,"median":3577744.5,"min":861996.0625,"var":882112069632},"spectral_strongpeak":{"dmean":1.1435059309,"dmean2":2.15869045258,"dvar":50.813949585,"dvar2":133.741317749,"max":176.92539978,"mean":1.04229164124,"median":0.141313940287,"min":0,"var":50.2098503113},"zerocrossingrate":{"dmean":0.0314208269119,"dmean2":0.0416068471968,"dvar":0.000880757346749,"dvar2":0.00155439204536,"max":0.71923828125,"mean":0.189647510648,"median":0.19287109375,"min":0.005859375,"var":0.0117933154106}},"metadata":{"audio_properties":{"analysis_sample_rate":44100,"bit_rate":191735,"codec":"mp3","downmix":"mix","equal_loudness":0,"length":310.596984863,"lossless":false,"md5_encoded":"e036766e2b94b4a1fca385770f3a871d","replay_gain":0.15806388855,"sample_rate":44100},"tags":{"acoustid_id":["e51c3180-987f-452a-9b79-e4cba30efc70"],"album":["Echoes, Silence, Patience & Grace"],"albumartist":["Foo Fighters"],"artist":["Foo Fighters"],"date":["2007"],"discnumber":["1/1"],"file_name":"05 - Foo Fighters - Come Alive.mp3","musicbrainz_albumartistid":["67f66c07-6e61-4026-ade5-7e782fad3a5d"],"musicbrainz_albumid":["ec3a4176-51c2-316e-96b1-23df619e5ace"],"musicbrainz_artistid":["67f66c07-6e61-4026-ade5-7e782fad3a5d"],"musicbrainz_recordingid":["fd96ed68-5a47-4f57-ba73-5836f3d46fff"],"musicbrainz_releasegroupid":["0ce4a1f2-7908-3865-8f19-08348546424a"],"replaygain_album_gain":["+0.01 dB"],"replaygain_album_peak":["0.420713"],"replaygain_track_gain":["-0.74 dB"],"replaygain_track_peak":["0.382123"],"title":["Come Alive"],"tracknumber":["5/13"]},"version":{"essentia":"2.1-beta1","essentia_build_sha":"e76a03f03bb3900de42a1fa0d9be1e72f12def64","essentia_git_sha":"v2.1_beta1-28-g21ef5f4-dirty","extractor":"music 1.0"}},"rhythm":{"beats_count":639,"beats_loudness":{"dmean":0.0173564273864,"dmean2":0.0300661269575,"dvar":0.000469393271487,"dvar2":0.00135776971001,"max":0.200916573405,"mean":0.0463080666959,"median":0.0377761311829,"min":0.00000980797176453,"var":0.00197674357332},"beats_loudness_band_ratio":{"dmean":[0.165215492249,0.0928176268935,0.0629809126258,0.0485762581229,0.0196276195347,0.0599076263607],"dmean2":[0.285911649466,0.163854777813,0.11343871057,0.0842282474041,0.0351142175496,0.103268109262],"dvar":[0.0193357244134,0.0126230167225,0.00840601418167,0.00284604937769,0.000799273315351,0.00653181644157],"dvar2":[0.0512525103986,0.03640537709,0.0222484152764,0.00778954615816,0.00235646287911,0.0180780738592],"max":[0.9711438417