{"lowlevel":{"average_loudness":0.858449935913,"barkbands":{"dmean":[0.002056872705,0.00698936544359,0.00232071219943,0.00110277766362,0.00289694895037,0.00126699346583,0.00100675900467,0.00071774283424,0.00128037959803,0.00123445922509,0.000430322514148,0.000393367721699,0.000575080106501,0.000343124265783,0.000394240953028,0.000175091045094,0.000112917281513,0.000134414396598,0.000111550070869,0.0000790296980995,0.000049912941904,0.0000365269843314,0.0000134213087222,0.00000315728948408,0.00000233944092543,0.00000586934629609,0.000148224862642],"dmean2":[0.00354548497126,0.0117222927511,0.00384930800647,0.00182357162703,0.00455800862983,0.00197010720149,0.00155208038632,0.00114517530892,0.00200433307327,0.00197891518474,0.00070492742816,0.00064348714659,0.000931333692279,0.000562300847378,0.000644035579171,0.00028370245127,0.000179060312803,0.00021326795104,0.000173154723598,0.000118029725854,0.0000714429261279,0.0000520842149854,0.0000186200377357,0.00000507271488459,0.0000038903517634,0.0000083797294792,0.0002163144527],"dvar":[0.0000224621380767,0.000227908007219,0.0000120441764011,0.00000272155580205,0.0000209323770832,0.00000588887814956,0.00000309524898512,0.00000313385976369,0.0000123064482977,0.0000107868308987,7.91251068222e-7,4.74250612115e-7,0.00000146792285705,3.43863206353e-7,6.4234149022e-7,1.16415328932e-7,6.26808827064e-8,1.03221438508e-7,5.73738745402e-8,4.45994210452e-8,1.31192186004e-8,5.62476820676e-9,5.29185140152e-10,2.37788608248e-11,1.54295274474e-11,7.31793098341e-11,5.17670279976e-8],"dvar2":[0.0000610299248365,0.000622701714747,0.0000320143990393,0.00000704691456122,0.0000491332029924,0.0000134122101372,0.00000654424866298,0.00000648644072498,0.0000284113521047,0.0000263902093138,0.0000020119682631,0.00000119223568618,0.00000349739411831,8.98328266885e-7,0.00000167318796684,2.97898395729e-7,1.44521592915e-7,2.49922919693e-7,1.32557502752e-7,9.63635713447e-8,2.56183483316e-8,1.10139755094e-8,1.04607678075e-9,5.67812394325e-11,3.81438595987e-11,1.40903164136e-10,1.0792400218e-7],"max":[0.0859789550304,0.259556144476,0.0539335943758,0.0387750044465,0.129581034184,0.0762642845511,0.0437862984836,0.11684063822,0.138725221157,0.0915450528264,0.0281248483807,0.0158102940768,0.0398911237717,0.0145568614826,0.024989400059,0.00640907045454,0.00526819331571,0.00797487050295,0.00554602360353,0.0100018419325,0.00516749499366,0.00227972492576,0.000822415167931,0.000107850653876,0.0000480162270833,0.000191799728782,0.00613460689783],"mean":[0.00247121741995,0.00919296965003,0.0033985292539,0.00170324032661,0.00529434345663,0.00212322943844,0.00169740733691,0.00108727952465,0.00191233225632,0.00182458141353,0.000671835732646,0.000662508653477,0.000918369391002,0.000578646664508,0.000661274592858,0.000293266901281,0.000187721132534,0.00022696745873,0.000224505987717,0.000168256505276,0.000103116894024,0.0000609670678386,0.0000204662428587,0.00000383595670428,0.00000240420627051,0.00000985711085377,0.0005007321015],"median":[0.000891689327545,0.00394215295091,0.00196337467059,0.000894546625204,0.00318257207982,0.00119169196114,0.000870082352776,0.000549656630028,0.000718326598871,0.000664776656777,0.000355931028025,0.000336034572683,0.000393376423744,0.000323273794493,0.000325068627717,0.00015073249233,0.0000907293942873,0.0000920734819374,0.0000967989471974,0.000071237955126,0.0000483766598336,0.0000260292745224,0.00000827470375953,0.00000176186540557,9.24375910927e-7,0.00000508885750605,0.000340787461028],"min":[1.08488874991e-24,1.5834751308e-23,6.28679503529e-24,8.31494340641e-24,5.56987075045e-24,7.97873798835e-24,1.82791803955e-23,1.38716078364e-23,2.95956156951e-23,1.48144417686e-23,1.42703012934e-23,4.11676308839e-23,3.026430153e-23,6.3967853591e-23,1.32611329944e-22,6.51154947468e-23,7.08427890018e-23,1.60125775954e-22,1.62209757139e-22,3.40383484157e-22,2.90339940622e-22,3.31310498275e-22,4.78937170771e-22,6.20043207378e-22,1.09121288765e-21,1.42584571464e-21,2.13923850587e-21],"var":[0.0000210859197978,0.00023064367997,0.0000202521878236,0.00000571140799366,0.0000461997406092,0.0000112953939606,0.00000705757292963,0.00000602749469181,0.0000194839849428,0.0000178437803697,0.00000126062468553,9.52108052843e-7,0.0000026960346986,6.90221781952e-7,0.00000111031351935,1.84575824846e-7,1.00992004093e-7,1.81146603495e-7,1.54602659563e-7,1.14740210222e-7,3.93756849348e-8,1.14143245966e-8,1.16218901169e-9,3.27511941178e-11,1.69696010716e-11,1.89679064122e-10,3.15439365295e-7]},"barkbands_crest":{"dmean":2.75108361244,"dmean2":4.50859689713,"dvar":6.22322416306,"dvar2":16.4508895874,"max":25.9473228455,"mean":9.31022167206,"median":8.45559310913,"min":2.59009075165,"var":14.7813911438},"barkbands_flatness_db":{"dmean":0.0235557034612,"dmean2":0.0367861278355,"dvar":0.000458515103674,"dvar2":0.00113934860565,"max":0.368522018194,"mean":0.135820910335,"median":0.129262834787,"min":0.0396666377783,"var":0.00201663491316},"barkbands_kurtosis":{"dmean":3.98897123337,"dmean2":6.48153829575,"dvar":69.0226593018,"dvar2":192.25289917,"max":243.188995361,"mean":7.51039218903,"median":4.54228210449,"min":-1.51953518391,"var":118.563858032},"barkbands_skewness":{"dmean":0.560312092304,"dmean2":0.886341750622,"dvar":0.387827426195,"dvar2":0.998938083649,"max":14.2998523712,"mean":2.03206515312,"median":1.84422421455,"min":-2.12569594383,"var":1.22124445438},"barkbands_spread":{"dmean":4.94612169266,"dmean2":7.62477254868,"dvar":24.9093494415,"dvar2":55.4723510742,"max":83.2182693481,"mean":21.6123790741,"median":19.9610271454,"min":0.788543879986,"var":132.961380005},"dissonance":{"dmean":0.0209510661662,"dmean2":0.0351971909404,"dvar":0.00039064703742,"dvar2":0.00106929545291,"max":0.5,"mean":0.463344991207,"median":0.470108002424,"min":0.152831882238,"var":0.000775941356551},"dynamic_complexity":4.17047166824,"erbbands":{"dmean":[0.290780991316,1.29185426235,2.60199546814,3.06435894966,6.60373210907,10.4131689072,12.158241272,11.102191925,10.6407442093,21.1175098419,14.9935188293,31.2088565826,23.0395927429,42.1779060364,15.9281778336,15.9881515503,27.3813247681,18.3627319336,19.9646339417,14.0687189102,7.85961055756,6.17158794403,6.85555410385,6.69851398468,4.73646593094,3.74445199966,2.65161705017,1.51189339161,1.03939592838,1.10624933243,0.363917887211,0.113574266434,0.0390135459602,0.0262293536216,0.0166396982968,0.00965424440801,0.0120633309707,0.0172505266964,0.0109714353457,0.00359338452108],"dmean2":[0.491877615452,2.17725324631,4.35179138184,4.93741846085,10.7816734314,16.2446060181,19.4969158173,17.10414505,16.5849571228,32.9843482971,23.6853160858,48.9196624756,36.5035667419,67.5495223999,25.9718723297,25.86860466,44.3141021729,29.7790031433,32.5536079407,22.7964706421,12.5705747604,9.68434047699,10.7897386551,10.6253185272,7.15437412262,5.62917804718,3.87940740585,2.11318635941,1.45326793194,1.60391378403,0.50705063343,0.166850626469,0.0646072402596,0.0436527505517,0.027629300952,0.0159218404442,0.0170180648565,0.023279376328,0.0148727716878,0.00523380329832],"dvar":[0.445735156536,7.05638790131,14.326086998,22.6705722809,90.5126571655,337.17199707,538.897583008,539.161560059,410.130493164,1463.14208984,1933.27392578,8605.625,4318.64794922,11692.9121094,797.615234375,848.183776855,3599.28515625,913.120483398,1976.1529541,780.250915527,239.073867798,191.730865479,276.905578613,235.53288269,115.38508606,120.192932129,40.1757278442,12.5789422989,4.93606901169,5.55912256241,0.367963701487,0.033483620733,0.00431776791811,0.00196669786237,0.000769388861954,0.000244346389081,0.000352305039996,0.00100949767511,0.000504191208165,0.0000242262995016],"dvar2":[1.22116470337,19.2601890564,38.4771118164,56.6691894531,227.052749634,761.077331543,1310.7722168,1170.73205566,976.503234863,2970.20068359,3896.07519531,20286.6054688,10074.8847656,28133.1757812,2030.40649414,2092.39355469,8577.33789062,2337.75244141,5183.05029297,2075.15356445,579.671203613,432.686920166,659.041320801,578.679504395,257.009338379,267.698181152,80.040512085,21.5970077515,8.67559337616,12.3040275574,0.709627270699,0.0702205747366,0.0106667540967,0.00486288359389,0.00190101691987,0.000601900566835,0.000671812682413,0.00186852191109,0.000789536454249,0.000050447837566],"max":[9.31370162964,51.4728431702,58.6017837524,123.927223206,141.904373169,560.598327637,662.056091309,886.638183594,599.996032715,1070.52600098,3069.91455078,4338.97851562,2799.94921875,3130.76098633,977.25970459,873.153747559,1919.77453613,725.502075195,1493.01953125,671.30847168,261.286499023,307.56918335,433.249145508,375.612335205,290.546478271,544.873291016,287.85925293,193.060043335,98.1828918457,37.4982376099,17.5900287628,6.31244325638,0.795093774796,0.542473077774,0.338479876518,0.186465159059,0.497893482447,1.06366944313,0.872665882111,0.136715173721],"mean":[0.365448355675,1.68664133549,3.88178300858,5.31658172607,10.6964225769,17.9616947174,18.6672039032,18.8134994507,18.1314296722,34.0257797241,24.6965713501,45.9235115051,38.120262146,62.7613105774,29.2631340027,28.9961681366,44.1905632019,33.7220993042,34.9863357544,24.9645080566,14.116145134,10.8976154327,11.8358287811,12.7150783539,9.95140457153,8.04670333862,5.67932510376,3.14699459076,1.96411764622,1.51798951626,0.555311918259,0.160562634468,0.0416538603604,0.0268479119986,0.0173595771194,0.0108756944537,0.0202008858323,0.0361877605319,0.0358440540731,0.0154022825882],"median":[0.109881922603,0.816444694996,2.29840230942,3.03702068329,6.44843053818,9.4216966629,9.66549110413,9.99373054504,10.2972621918,16.0801258087,12.721198082,17.1663036346,16.1678066254,24.029045105,17.3542633057,15.6039094925,19.5701637268,19.3421516418,18.4696712494,13.0398864746,7.7315864563,5.32713794708,5.11245441437,5.49376964569,4.39761257172,3.45620799065,2.50642180443,1.48092746735,0.90951448679,0.521876573563,0.225821614265,0.0728459879756,0.0172038339078,0.0101740816608,0.00685055460781,0.00501098437235,0.0100633036345,0.0175206195563,0.0185917224735,0.0122112613171],"min":[1.71639573208e-22,2.29342448738e-21,7.34567080103e-21,1.82206159298e-20,2.07147593472e-20,1.82701482158e-20,1.13102137064e-19,8.64649761727e-20,3.44346241718e-19,2.10725463045e-19,5.84295310795e-19,7.39387436348e-19,6.21831009234e-19,4.30070716759e-19,1.35930734817e-18,1.89341559495e-18,2.15695285657e-18,2.88301043244e-18,5.17169986657e-18,4.77693453668e-18,4.5898697091e-18,5.75857003552e-18,8.50935502666e-18,6.89687643751e-18,1.17602716141e-17,1.38722217095e-17,1.23557150965e-17,1.07136987149e-17,1.14189057559e-17,1.27454371062e-17,1.21267878989e-17,1.23081191241e-17,1.18137852367e-17,9.86710748208e-18,6.94776293444e-18,4.61856749968e-18,2.46013006071e-18,1.10366107941e-18,2.8880127038e-19,3.14965077166e-20],"var":[0.429067820311,7.51995515823,24.3784103394,52.7370071411,174.078796387,721.185852051,843.720947266,1173.29760742,742.109008789,3430.30737305,3690.90087891,12322.2314453,8723.55761719,19134.6152344,1553.2779541,1732.86157227,6303.73730469,2049.11865234,3367.63110352,1350.99243164,394.667022705,331.733581543,486.14163208,499.37588501,316.4090271,279.234558105,118.298912048,39.6571006775,12.7249107361,7.84780359268,0.81080031395,0.065180324018,0.00477570807561,0.00214801449329,0.000854149926454,0.000283417553874,0.000878412160091,0.00307936803438,0.00328753772192,0.000188101417734]},"erbbands_crest":{"dmean":2.72887325287,"dmean2":4.44947433472,"dvar":6.89873313904,"dvar2":16.3349475861,"max":30.9474887848,"mean":8.57457351685,"median":7.44678354263,"min":2.25300002098,"var":17.8172149658},"erbbands_flatness_db":{"dmean":0.0206530448049,"dmean2":0.0313827954233,"dvar":0.000321720843203,"dvar2":0.000709419779014,"max":0.383257061243,"mean":0.151410549879,"median":0.147101387382,"min":0.0245028957725,"var":0.00136309629306},"erbbands_kurtosis":{"dmean":0.89546495676,"dmean2":1.42650544643,"dvar":2.06581234932,"dvar2":5.07941818237,"max":44.9016647339,"mean":0.634446680546,"median":0.0726203918457,"min":-1.7198652029,"var":4.51022338867},"erbbands_skewness":{"dmean":0.330837100744,"dmean2":0.513350784779,"dvar":0.0884270370007,"dvar2":0.207674637437,"max":6.34832954407,"mean":0.261188745499,"median":0.224618285894,"min":-2.52619814873,"var":0.422686964273},"erbbands_spread":{"dmean":5.80003213882,"dmean2":8.93149280548,"dvar":27.2557373047,"dvar2":59.3687744141,"max":109.925193787,"mean":28.7172813416,"median":27.5276966095,"min":2.50916814804,"var":131.958099365},"gfcc":{"cov":[[21693.6328125,-25.82538414,-2089.1550293,485.97442627,639.281555176,-390.724945068,673.941467285,-584.968383789,358.403442383,154.96786499,215.354782104,357.980102539,-23.9004135132],[-25.82538414,582.078613281,49.9491500854,-167.274124146,83.6238708496,27.2118873596,27.5246448517,-14.087023735,32.3096618652,2.36607336998,30.2538661957,-38.2244949341,49.0671730042],[-2089.1550293,49.9491500854,496.218994141,32.0701599121,-108.829490662,155.291091919,-120.033004761,150.753875732,-58.1556053162,20.2572937012,-12.582280159,-26.1732940674,20.588602066],[485.97442627,-167.274124146,32.0701599121,271.789855957,57.4431228638,-35.8265304565,60.5442008972,-24.2185916901,42.2940139771,1.66750562191,-1.98858642578,59.9061164856,-46.8266220093],[639.281555176,83.6238708496,-108.829490662,57.4431228638,180.563766479,0.44591408968,59.0756568909,-50.4697494507,31.3231449127,-0.358740866184,27.7997112274,17.3973464966,5.76027393341],[-390.724945068,27.2118873596,155.291091919,-35.8265304565,0.44591408968,242.483322144,-70.5407104492,88.2663955688,-34.4469680786,26.6538200378,9.03384017944,4.25646257401,26.1292896271],[673.941467285,27.5246448517,-120.033004761,60.5442008972,59.0756568909,-70.5407104492,212.507446289,-50.1068115234,69.0581512451,3.24806165695,10.398850441,35.7923965454,-10.0712556839],[-584.968383789,-14.087023735,150.753875732,-24.2185916901,-50.4697494507,88.2663955688,-50.1068115234,175.343414307,-6.24710655212,38.8338661194,2.41623997688,-33.2063102722,46.3553466797],[358.403442383,32.3096618652,-58.1556053162,42.2940139771,31.3231449127,-34.4469680786,69.0581512451,-6.24710655212,123.454109192,26.3241577148,5.87352180481,32.8949508667,-29.4808044434],[154.96786499,2.36607336998,20.2572937012,1.66750562191,-0.358740866184,26.6538200378,3.24806165695,38.8338661194,26.3241577148,84.7388458252,39.703250885,-6.05443811417,17.0451393127],[215.354782104,30.2538661957,-12.582280159,-1.98858642578,27.7997112274,9.03384017944,10.398850441,2.41623997688,5.87352180481,39.703250885,67.4013214111,26.384759903,11.7179450989],[357.980102539,-38.2244949341,-26.1732940674,59.9061164856,17.3973464966,4.25646257401,35.7923965454,-33.2063102722,32.8949508667,-6.05443811417,26.384759903,92.9681777954,-5.19358921051],[-23.9004135132,49.0671730042,20.588602066,-46.8266220093,5.76027393341,26.1292896271,-10.0712556839,46.3553466797,-29.4808044434,17.0451393127,11.7179450989,-5.19358921051,96.4345474243]],"icov":[[0.000120415170386,-0.000309936847771,0.000807696080301,-0.000617560814135,0.000314461038215,-0.00023693474941,0.0000450637708127,-0.000111931316496,0.000277218583506,-0.000405253493227,0.0000974946815404,-0.00022595457267,-0.0000484849952045],[-0.000309936847771,0.00485702464357,-0.00459753675386,0.00497527373955,-0.00347448932007,0.000678578100633,-0.000954610062763,0.00259719020687,-0.00438161706552,0.00344674102962,-0.00305580021814,0.00314131402411,-0.00188336952124],[0.000807696080301,-0.00459753675386,0.011076531373,-0.00840842816979,0.00631559873,-0.00384385627694,0.00167560204864,-0.00369792687707,0.00412659207359,-0.00278376159258,0.000823035137728,-0.00129430473316,0.000292364944471],[-0.000617560814135,0.00497527373955,-0.00840842816979,0.0140504222363,-0.00923535600305,0.00495521863922,-0.00206894613802,-0.0000712142136763,-0.000629466259852,-0.00212156912312,0.00488612987101,-0.00579030998051,0.00423740781844],[0.000314461038215,-0.00347448932007,0.00631559873,-0.00923535600305,0.0149343283847,-0.00582332862541,0.000139975149068,0.00285288109444,-0.00309610646218,0.00546613708138,-0.00893595535308,0.00722952093929,-0.00509550049901],[-0.00023693474941,0.000678578100633,-0.00384385627694,0.00495521863922,-0.00582332862541,0.00921519473195,0.000654057716019,-0.00403922889382,0.00422375556082,-0.00534837227315,0.00615004450083,-0.00748816132545,0.00376969343051],[0.0000450637708127,-0.000954610062763,0.00167560204864,-0.00206894613802,0.000139975149068,0.000654057716019,0.00729775615036,0.000240857392782,-0.00233978545293,-0.000135386115289,0.0000525445284438,-0.000800669309683,-0.0011455641361],[-0.000111931316496,0.00259719020687,-0.00369792687707,-0.0000712142136763,0.00285288109444,-0.00403922889382,0.000240857392782,0.0147842336446,-0.0085037201643,0.0036615813151,-0.0065070874989,0.00995223969221,-0.00867195893079],[0.000277218583506,-0.00438161706552,0.00412659207359,-0.000629466259852,-0.00309610646218,0.00422375556082,-0.00233978545293,-0.0085037201643,0.0231865663081,-0.0164402965456,0.0151763129979,-0.0160036776215,0.0112834637985],[-0.000405253493227,0.00344674102962,-0.00278376159258,-0.00212156912312,0.00546613708138,-0.00534837227315,-0.000135386115289,0.0036615813151,-0.0164402965456,0.0343683622777,-0.0271936617792,0.0193742904812,-0.00969450455159],[0.0000974946815404,-0.00305580021814,0.000823035137728,0.00488612987101,-0.00893595535308,0.00615004450083,0.0000525445284438,-0.0065070874989,0.0151763129979,-0.0271936617792,0.041844073683,-0.0240246299654,0.00884433370084],[-0.00022595457267,0.00314131402411,-0.00129430473316,-0.00579030998051,0.00722952093929,-0.00748816132545,-0.000800669309683,0.00995223969221,-0.0160036776215,0.0193742904812,-0.0240246299654,0.0322590433061,-0.0111204413697],[-0.0000484849952045,-0.00188336952124,0.000292364944471,0.00423740781844,-0.00509550049901,0.00376969343051,-0.0011455641361,-0.00867195893079,0.0112834637985,-0.00969450455159,0.00884433370084,-0.0111204413697,0.0201324187219]],"mean":[-14.2765169144,110.421958923,-93.8855819702,-4.15605211258,-16.4359722137,-20.8973960876,4.14682149887,-22.7904319763,-2.10717630386,-8.72979450226,-7.24417209625,-4.87919187546,-7.92559480667]},"hfc":{"dmean":31.4753894806,"dmean2":48.3028450012,"dvar":1215.6907959,"dvar2":2830.14575195,"max":1032.21862793,"mean":131.232818604,"median":114.305633545,"min":1.07736549164e-16,"var":9301.41699219},"melbands":{"dmean":[0.00224684178829,0.00140558474232,0.000561560387723,0.000598741928115,0.000455252244137,0.000241967383772,0.000168043479789,0.000213780702325,0.00013845282956,0.00019265107403,0.000118878211651,0.00018281735538,0.0000579610059503,0.0000480673261336,0.0000524390525243,0.000049896643759,0.0000368356559193,0.0000315962533932,0.0000248276483035,0.0000155096549861,0.00000892399020813,0.00000695362450642,0.00000647411025056,0.00000672441456118,0.0000058114019339,0.00000419169691668,0.00000305029038827,0.00000264151094598,0.00000200916997528,0.00000123840470678,8.58727673858e-7,5.99027202952e-7,8.01056103228e-7,4.81818346998e-7,2.18643478433e-7,1.47474892742e-7,4.17911003581e-8,2.73469549228e-8,2.40821922404e-8,2.14278621513e-8],"dmean2":[0.00377023499459,0.00235171965323,0.000912872201297,0.000941258622333,0.000724001147319,0.000372865906684,0.000260582281044,0.000334535667207,0.000219168912736,0.000301993160974,0.000189077385585,0.000293277960736,0.0000949477689574,0.0000789887053543,0.0000844378300826,0.0000809354678495,0.0000602268301009,0.0000516720137966,0.0000404903039453,0.0000253042471741,0.0000144410460052,0.0000110572682388,0.0000104479413494,0.0000107979994937,0.00000936672040552,0.00000655636495139,0.00000466596566184,0.00000406671824749,0.00000303537331092,0.00000183310521606,0.00000123541178709,8.7584510311e-7,0.00000116456885735,7.01518104052e-7,3.1435374126e-7,2.09361857628e-7,6.65515074161e-8,4.56110846869e-8,4.01304163233e-8,3.56589353601e-8],"dvar":[0.0000255471295532,0.00000481039523947,6.4826764401e-7,7.92845980868e-7,7.4137659567e-7,2.35365305912e-7,9.34143074005e-8,1.4405712534e-7,1.38218325674e-7,3.30163175022e-7,1.20033917028e-7,2.28567387239e-7,1.20588126151e-8,7.54413687076e-9,1.18313527864e-8,1.0185923216e-8,3.91173626824e-9,5.00961716554e-9,2.14080086991e-9,9.90055259997e-10,3.19504422919e-10,2.37620229049e-10,2.65344635153e-10,2.71275557573e-10,1.79959422364e-10,8.23818582796e-11,5.47158533759e-11,6.24638327174e-11,2.21736969064e-11,8.34810172379e-12,4.640846301e-12,1.96100796192e-12,2.91375777672e-12,9.81709722195e-13,1.32549597383e-13,7.32287291244e-14,4.13452409313e-15,2.18653762631e-15,1.6772573727e-15,1.30802364078e-15],"dvar2":[0.000069831199653,0.0000130000826175,0.00000167890220837,0.00000183565168754,0.00000176007824848,5.19203524618e-7,2.15799047965e-7,3.00913313822e-7,2.93036976018e-7,7.76082686116e-7,2.81876225472e-7,5.54094356175e-7,3.12819139481e-8,1.88035738091e-8,2.78515273067e-8,2.48018814375e-8,1.01179766787e-8,1.32365940431e-8,5.55860957263e-9,2.63198107753e-9,7.70381924919e-10,5.51175438623e-10,6.41931063861e-10,6.74120426147e-10,4.58636878475e-10,1.92056454074e-10,1.26267718503e-10,1.40579409225e-10,4.6277748994e-11,1.75081234233e-11,8.42385883271e-12,3.59847221465e-12,6.28138383321e-12,2.19959445623e-12,2.69237350513e-13,1.51005483074e-13,9.72473613952e-15,5.41129835914e-15,4.14880633917e-15,3.2348404249e-15],"max":[0.0767477750778,0.0379408188164,0.0176501125097,0.020338576287,0.0247210264206,0.0175635516644,0.00951011572033,0.00969125889242,0.0220655836165,0.0272881705314,0.0144643979147,0.0136729488149,0.00321878143586,0.0019843953196,0.00417745020241,0.00254159723409,0.00151944579557,0.00221442943439,0.000956258096267,0.000702978810295,0.000281009299215,0.000384416984161,0.000562433269806,0.000434077519458,0.000353001581971,0.000229003358982,0.000262816494796,0.000381276448024,0.000185474855243,0.000113587331725,0.000136711649247,0.0000670483132126,0.0000333395146299,0.0000218297391257,0.0000100124962046,0.00000979532887868,0.00000133935805025,5.60432511065e-7,4.98702036111e-7,4.43027744268e-7],"mean":[0.00298583228141,0.0021149974782,0.00103287142701,0.00108038377948,0.000726198952179,0.000413775444031,0.000292262964649,0.000343796651578,0.000215520180063,0.000282051623799,0.000187431141967,0.000264871341642,0.0000968134554569,0.0000809123084764,0.0000856679107528,0.0000825209936011,0.0000610886490904,0.0000535807957931,0.0000424685349572,0.000025350089345,0.0000146220872921,0.0000112625775728,0.0000102830135802,0.0000109977008833,0.0000102896729004,0.00000807109699963,0.00000593431695961,0.00000523625885762,0.00000397439134758,0.00000237416179516,0.00000164268840308,0.00000113181329198,0.00000109514019186,6.57954274175e-7,3.27957565105e-7,2.08079356412e-7,5.13353057841e-8,2.72745079855e-8,2.42440130194e-8,2.18246327677e-8],"median":[0.00115323031787,0.00129990489222,0.000661610160023,0.00065205374267,0.000372771348339,0.000226746051339,0.000166974758031,0.000168286453118,0.000100921948615,0.000104094659036,0.0000747999802115,0.0000947173175518,0.0000552958881599,0.0000402734731324,0.0000417392438976,0.000037661728129,0.00003287877189,0.0000275763140962,0.0000213660932786,0.0000124092848637,0.00000740113637221,0.00000520111188962,0.0000044813787099,0.00000430378941019,0.00000425859661846,0.00000342897465089,0.00000251648589256,0.00000211330893762,0.00000159114540565,0.00000106742436401,7.27496626496e-7,5.24600864082e-7,3.75071067538e-7,2.2982119674e-7,1.35226585485e-7,7.7821226796e-8,2.32925412291e-8,9.56080015158e-9,8.81911788042e-9,8.19916845529e-9],"min":[3.71332368647e-24,3.26853255089e-24,4.64913320669e-24,1.19164933912e-24,3.30161205244e-24,1.66508993063e-24,5.50139486286e-24,2.12459174438e-24,5.04185262e-24,4.42888560853e-24,2.5139890672e-24,1.63899056619e-24,2.79405894602e-24,4.00614964335e-24,5.66208227938e-24,4.22149249883e-24,5.34812431657e-24,7.01748809838e-24,9.65432746042e-24,3.60200791857e-24,4.61293198532e-24,5.05446887245e-24,6.14611510348e-24,7.64909115986e-24,4.3049811983e-24,6.95942635803e-24,8.8019072432e-24,7.58866599224e-24,6.64471266647e-24,5.80376958657e-24,6.27753696371e-24,5.5772801265e-24,5.17557440419e-24,7.84061791018e-24,7.01927881263e-24,6.76291006249e-24,7.03631347502e-24,7.73381008792e-24,7.53183960808e-24,8.62989691168e-24],"var":[0.0000253837679338,0.00000683465805196,0.00000143225940974,0.00000176859884959,0.00000132881837089,5.02393845636e-7,1.81292179491e-7,3.28747262301e-7,2.59319904217e-7,4.75960177937e-7,2.32365891861e-7,3.66767778814e-7,2.05052721469e-8,1.53046340046e-8,2.17132463121e-8,1.86658812851e-8,7.96714871854e-9,8.50183567991e-9,3.89868892725e-9,1.57279811397e-9,4.96501562086e-10,3.76717573802e-10,4.09286438074e-10,4.42832548408e-10,3.44007655695e-10,2.06442724027e-10,1.31380545332e-10,1.34558766907e-10,6.03968403068e-11,2.26594472352e-11,1.24766958917e-11,4.89894106184e-12,4.22813910619e-12,1.42609990657e-12,2.7773001455e-13,1.43608635725e-13,5.90009354443e-15,2.35403076833e-15,1.81768654151e-15,1.42957477453e-15]},"melbands_crest":{"dmean":3.90603756905,"dmean2":6.46442317963,"dvar":12.1330318451,"dvar2":33.3889961243,"max":38.7048683167,"mean":14.289481163,"median":13.3035736084,"min":1.75746738911,"var":30.2234477997},"melbands_flatness_db":{"dmean":0.0302850194275,"dmean2":0.0471882298589,"dvar":0.000710339227226,"dvar2":0.00175700313412,"max":0.520687460899,"mean":0.247010186315,"median":0.239490956068,"min":0.0054608262144,"var":0.00344914523885},"melbands_kurtosis":{"dmean":5.51462173462,"dmean2":9.01641845703,"dvar":121.971801758,"dvar2":338.591827393,"max":323.759490967,"mean":9.25298213959,"median":5.46697044373,"min":-1.68623232841,"var":214.05178833},"melbands_skewness":{"dmean":0.687590122223,"dmean2":1.08966636658,"dvar":0.522563874722,"dvar2":1.33680331707,"max":14.0709915161,"mean":2.27356433868,"median":2.08665990829,"min":-1.18826961517,"var":1.65284764767},"melbands_spread":{"dmean":4.63557291031,"dmean2":7.23489713669,"dvar":25.1653385162,"dvar2":56.9354286194,"max":169.015655518,"mean":17.4474430084,"median":15.9933414459,"min":0.461915761232,"var":112.861114502},"mfcc":{"cov":[[11643.3525391,1642.90063477,-1467.07470703,830.591796875,-410.116455078,526.160766602,-111.010681152,128.514389038,-175.355178833,161.628372192,53.928604126,-59.4361877441,19.9115905762],[1642.90063477,1240.75317383,-197.421401978,-33.5345344543,1.26269900799,82.7142791748,43.2996330261,-15.5198554993,31.3952217102,29.1826648712,35.6022262573,-8.60152244568,41.0002861023],[-1467.07470703,-197.421401978,574.162231445,-152.264297485,124.398704529,-93.7439727783,48.7931098938,-2.85100078583,55.34324646,-11.0703735352,9.36051082611,30.9257736206,-0.437726646662],[830.591796875,-33.5345344543,-152.264297485,388.500427246,-97.041267395,83.1709518433,-58.1489944458,56.4284057617,-34.933807373,30.9641799927,7.26247692108,3.07016372681,-1.8520103693],[-410.116455078,1.26269900799,124.398704529,-97.041267395,210.756271362,-13.944858551,40.7112579346,-14.962272644,18.1640510559,-26.5943660736,11.8109531403,16.1886672974,-3.78020787239],[526.160766602,82.7142791748,-93.7439727783,83.1709518433,-13.944858551,182.046783447,-11.1717557907,58.82188797,-38.3261413574,5.13768625259,6.85165929794,2.16534781456,14.3699350357],[-111.010681152,43.2996330261,48.7931098938,-58.1489944458,40.7112579346,-11.1717557907,136.045684814,-21.5757770538,30.5170173645,-5.40733623505,-0.0321518145502,-2.90837311745,0.335760354996],[128.514389038,-15.5198554993,-2.85100078583,56.4284057617,-14.962272644,58.82188797,-21.5757770538,113.750305176,4.16595172882,3.64339065552,-4.66393899918,8.5136680603,12.6861228943],[-175.355178833,31.3952217102,55.34324646,-34.933807373,18.1640510559,-38.3261413574,30.5170173645,4.16595172882,97.1684951782,32.6124267578,2.0462231636,-1.65969693661,3.44280219078],[161.628372192,29.1826648712,-11.0703735352,30.9641799927,-26.5943660736,5.13768625259,-5.40733623505,3.64339065552,32.6124267578,82.7799301147,26.9892635345,3.76453208923,4.23030424118],[53.928604126,35.6022262573,9.36051082611,7.26247692108,11.8109531403,6.85165929794,-0.0321518145502,-4.66393899918,2.0462231636,26.9892635345,69.1801986694,28.8679046631,5.4968829155],[-59.4361877441,-8.60152244568,30.9257736206,3.07016372681,16.1886672974,2.16534781456,-2.90837311745,8.5136680603,-1.65969693661,3.76453208923,28.8679046631,61.9103469849,25.4518089294],[19.9115905762,41.0002861023,-0.437726646662,-1.8520103693,-3.78020787239,14.3699350357,0.335760354996,12.6861228943,3.44280219078,4.23030424118,5.4968829155,25.4518089294,59.4630584717]],"icov":[[0.000175708511961,-0.000187597936019,0.000285784743028,-0.000209743797313,0.000038089507143,-0.000127726088976,-0.0000714280031389,-0.0000649069115752,0.000177675436134,-0.000228513861657,0.0000358316210622,-0.0000430909822171,0.000134724745294],[-0.000187597936019,0.00117481173947,0.0000735514040571,0.000421658711275,-0.000112644542241,-0.000356239324901,-0.000115941147669,0.000358000979759,-0.000755768560339,0.000311694951961,-0.000697700772434,0.00056269968627,-0.000885115587153],[0.000285784743028,0.0000735514040571,0.0030014901422,0.000250431039603,-0.000951770169195,0.000671344227158,-0.000511841499247,-0.000872111530043,-0.000375412608264,-0.000409460888477,-0.000103215032141,-0.000978061463684,0.000328733382048],[-0.000209743797313,0.000421658711275,0.000250431039603,0.00390332727693,0.000923005980439,-0.000735853391234,0.000637182034552,-0.00102961447556,0.000381411227863,-0.000859778258018,-0.0000966227598838,-0.000684266386088,0.000696381379385],[0.000038089507143,-0.000112644542241,-0.000951770169195,0.000923005980439,0.00658581778407,-0.00111429602839,-0.000779550115112,0.000629244139418,-0.00138614501338,0.00259787356481,-0.00138963980135,-0.00142924906686,0.0012804272119],[-0.000127726088976,-0.000356239324901,0.000671344227158,-0.000735853391234,-0.00111429602839,0.00911718141288,-0.00116777687799,-0.00465756468475,0.00418795226142,-0.00144218746573,-0.000731624895707,0.00129906425718,-0.00163170415908],[-0.0000714280031389,-0.000115941147669,-0.000511841499247,0.000637182034552,-0.000779550115112,-0.00116777687799,0.00905992183834,0.00200570421293,-0.00331927044317,0.00156669074204,-0.000220400863327,0.000561664637644,-0.000265787210083],[-0.0000649069115752,0.000358000979759,-0.000872111530043,-0.00102961447556,0.000629244139418,-0.00465756468475,0.00200570421293,0.0126852085814,-0.00372607819736,0.0013957596384,0.00165345228743,-0.001665023854,-0.00113942369353],[0.000177675436134,-0.000755768560339,-0.000375412608264,0.000381411227863,-0.00138614501338,0.00418795226142,-0.00331927044317,-0.00372607819736,0.0171918813139,-0.00855006556958,0.0022728764452,0.00108901713975,-0.000879127823282],[-0.000228513861657,0.000311694951961,-0.000409460888477,-0.000859778258018,0.00259787356481,-0.00144218746573,0.00156669074204,0.0013957596384,-0.00855006556958,0.0196758601815,-0.00829909369349,0.00219479599036,-0.00103812862653],[0.0000358316210622,-0.000697700772434,-0.000103215032141,-0.0000966227598838,-0.00138963980135,-0.000731624895707,-0.000220400863327,0.00165345228743,0.0022728764452,-0.00829909369349,0.0228686481714,-0.0113531500101,0.00340650603175],[-0.0000430909822171,0.00056269968627,-0.000978061463684,-0.000684266386088,-0.00142924906686,0.00129906425718,0.000561664637644,-0.001665023854,0.00108901713975,0.00219479599036,-0.0113531500101,0.02709900029,-0.0112236076966],[0.000134724745294,-0.000885115587153,0.000328733382048,0.000696381379385,0.0012804272119,-0.00163170415908,-0.000265787210083,-0.00113942369353,-0.000879127823282,-0.00103812862653,0.00340650603175,-0.0112236076966,0.022740624845]],"mean":[-670.70300293,169.250061035,-20.0449371338,32.7587585449,-9.35355091095,18.6218643188,-1.05309641361,4.9363193512,-1.72050833702,5.10500812531,1.01797688007,-4.1387386322,0.682936251163]},"pitch_salience":{"dmean":0.073075927794,"dmean2":0.11927061528,"dvar":0.00434136623517,"dvar2":0.0117230480537,"max":0.87640619278,"mean":0.577015757561,"median":0.592324376106,"min":0.0478361658752,"var":0.0114892516285},"silence_rate_20dB":{"dmean":0,"dmean2":0,"dvar":0,"dvar2":0,"max":1,"mean":1,"median":1,"min":1,"var":0},"silence_rate_30dB":{"dmean":0.0252371281385,"dmean2":0.0504785291851,"dvar":0.0246015619487,"dvar2":0.061480563134,"max":1,"mean":0.978067576885,"median":1,"min":0,"var":0.0214548818767},"silence_rate_60dB":{"dmean":0.00101626012474,"dmean2":0.00203269254416,"dvar":0.00101514917333,"dvar2":0.00219764374197,"max":1,"mean":0.0623253434896,"median":0,"min":0,"var":0.0584414377809},"spectral_centroid":{"dmean":169.879241943,"dmean2":250.009735107,"dvar":44633.6484375,"dvar2":76539.2734375,"max":11183.3642578,"mean":974.780517578,"median":889.262817383,"min":192.159500122,"var":266439.90625},"spectral_complexity":{"dmean":3.38160562515,"dmean2":4.9968662262,"dvar":13.3464021683,"dvar2":23.1368312836,"max":58,"mean":20.6550941467,"median":20,"min":0,"var":103.637809753},"spectral_contrast_coeffs":{"dmean":[0.0535114556551,0.0476341880858,0.0394987873733,0.0289917588234,0.020125227049,0.0495592840016],"dmean2":[0.087838716805,0.0791340246797,0.0649684816599,0.047650296241,0.0329271964729,0.0762651637197],"dvar":[0.0017642279854,0.0013786413474,0.000985243008472,0.000514172308613,0.000262515211944,0.00189575483091],"dvar2":[0.00478257238865,0.00370435859077,0.00256563047878,0.00138533092104,0.000696392089594,0.00432789651677],"max":[-0.366181910038,-0.480046153069,-0.473228305578,-0.587583065033,-0.627043604851,-0.42540448904],"mean":[-0.662955403328,-0.768086969852,-0.78431135416,-0.799809813499,-0.820060253143,-0.725392520428],"median":[-0.667818248272,-0.772022485733,-0.790471851826,-0.801695585251,-0.817736506462,-0.726980745792],"min":[-0.962660431862,-0.97032314539,-0.972716629505,-0.982446670532,-0.976249992847,-0.964410305023],"var":[0.00615404685959,0.00370127847418,0.00337743107229,0.00240569002926,0.00143744959496,0.00752798002213]},"spectral_contrast_valleys":{"dmean":[0.395303249359,0.335465461016,0.29485860467,0.264237344265,0.26549705863,0.662482261658],"dmean2":[0.652746617794,0.551768124104,0.474821388721,0.410505115986,0.379860520363,1.07424509525],"dvar":[0.117457784712,0.0937623530626,0.0756922289729,0.0826054215431,0.0995504781604,0.332401871681],"dvar2":[0.289855599403,0.221159473062,0.163997888565,0.160863935947,0.183372333646,0.835237681866],"max":[-4.86960983276,-4.61526441574,-5.15366888046,-5.71324443817,-5.55604457855,-9.12248706818],"mean":[-6.90709495544,-6.44891881943,-6.95979642868,-7.48128890991,-7.79369163513,-11.3925714493],"median":[-6.61056375504,-6.17329025269,-6.64107847214,-7.12190294266,-7.44841766357,-11.1804170609],"min":[-27.6564941406,-27.535823822,-27.3924789429,-27.6038398743,-27.4538154602,-27.3358783722],"var":[2.23038744926,1.99224126339,2.22308778763,2.5136756897,2.55965805054,1.79123842716]},"spectral_decrease":{"dmean":3.38431904723e-9,"dmean2":5.43576783585e-9,"dvar":2.74266505538e-17,"dvar2":7.1688322471e-17,"max":3.85190634944e-9,"mean":-7.66649854711e-9,"median":-6.23974871772e-9,"min":-7.87595482166e-8,"var":4.4199916267e-17},"spectral_energy":{"dmean":0.0131842065603,"dmean2":0.0209369435906,"dvar":0.000400084856665,"dvar2":0.0010298966663,"max":0.304063916206,"mean":0.0408384092152,"median":0.0363278463483,"min":1.01063101628e-20,"var":0.000849213101901},"spectral_energyband_high":{"dmean":0.000201497256057,"dmean2":0.000261221750407,"dvar":1.50738202365e-7,"dvar2":2.31345964607e-7,"max":0.0155501319095,"mean":0.000603768858127,"median":0.000351590453647,"min":6.89758447827e-21,"var":7.61335343213e-7},"spectral_energyband_low":{"dmean":0.00945991370827,"dmean2":0.0156874191016,"dvar":0.000325973436702,"dvar2":0.00088114629034,"max":0.293157428503,"mean":0.0153621323407,"median":0.0094476537779,"min":3.51097344899e-23,"var":0.00037829062785},"spectral_energyband_middle_high":{"dmean":0.00230472139083,"dmean2":0.00348475715145,"dvar":0.0000156596615852,"dvar2":0.0000367622669728,"max":0.0963709354401,"mean":0.00617970759049,"median":0.00424517970532,"min":1.27959145817e-21,"var":0.00004386330329},"spectral_energyband_middle_low":{"dmean":0.0051999501884,"dmean2":0.00796015653759,"dvar":0.0000521230613231,"dvar2":0.000117442446935,"max":0.189695462584,"mean":0.0141266779974,"median":0.0111771682277,"min":1.86020103613e-22,"var":0.000156482696184},"spectral_entropy":{"dmean":0.163683459163,"dmean2":0.239622458816,"dvar":0.0253347177058,"dvar2":0.0546807684004,"max":9.82503700256,"mean":7.41895961761,"median":7.46702528,"min":5.20019483566,"var":0.130944445729},"spectral_flux":{"dmean":0.0242671500891,"dmean2":0.0388380028307,"dvar":0.00103330356069,"dvar2":0.0022825950291,"max":0.432991653681,"mean":0.104244291782,"median":0.100842468441,"min":6.61572671645e-11,"var":0.00271224253811},"spectral_kurtosis":{"dmean":4.25523042679,"dmean2":6.40727710724,"dvar":35.8229179382,"dvar2":84.3891677856,"max":181.741760254,"mean":17.5573654175,"median":15.5627784729,"min":-1.23091888428,"var":76.3321914673},"spectral_rms":{"dmean":0.000916297838558,"dmean2":0.00142270303331,"dvar":0.00000126079532947,"dvar2":0.00000310113750857,"max":0.0172234643251,"mean":0.00584013061598,"median":0.00595330167562,"min":3.14003423957e-12,"var":0.00000573525539949},"spectral_rolloff":{"dmean":5258.33837891,"dmean2":10063.7109375,"dvar":63207196,"dvar2":146425232,"max":22050,"mean":10461.578125,"median":3509.91210938,"min":43.06640625,"var":95417360},"spectral_skewness":{"dmean":0.335797220469,"dmean2":0.482055068016,"dvar":0.155148655176,"dvar2":0.331642448902,"max":10.8561935425,"mean":2.7664000988,"median":2.62336063385,"min":-0.0190105289221,"var":0.579291164875},"spectral_spread":{"dmean":445164.21875,"dmean2":688519,"dvar":397703446528,"dvar2":777487646720,"max":41751368,"mean":3714881,"median":3637768,"min":968929.125,"var":1594471088130},"spectral_strongpeak":{"dmean":2.42806148529,"dmean2":4.53175497055,"dvar":104.980857849,"dvar2":286.352203369,"max":156.795257568,"mean":2.34616398811,"median":0.314547777176,"min":0,"var":123.008056641},"zerocrossingrate":{"dmean":0.0351314805448,"dmean2":0.0447254776955,"dvar":0.000878844410181,"dvar2":0.00139448605478,"max":0.83984375,"mean":0.252174347639,"median":0.2412109375,"min":0.04150390625,"var":0.00758433807641}},"metadata":{"audio_properties":{"analysis_sample_rate":44100,"bit_rate":128000,"codec":"mp3","downmix":"mix","equal_loudness":0,"length":274.181213379,"lossless":false,"md5_encoded":"ec4ebf72805ebacac278091f6edc63d1","replay_gain":-8.66362953186,"sample_rate":44100},"tags":{"acoustid_id":["1b23dd24-6b02-45af-99e9-d33293dc0435"],"album":["Still Waters"],"albumartist":["Bee Gees"],"albumartistsort":["Bee Gees"],"artist":["Bee Gees"],"artistsort":["Bee Gees"],"composer":["Maurice Gibb/Robin Gibb/Barry Gibb"],"date":["2006"],"discnumber":["1/1"],"file_name":"Bee Gees_Irresistible Force.mp3","genre":["genre"],"isrc":["GBAKW9700080"],"label":["Reprise Records"],"length":["274259"],"media":["CD"],"musicbrainz album status":["official"],"musicbrainz album type":["album"],"musicbrainz_albumartistid":["bf0f7e29-dfe1-416c-b5c6-f9ebc19ea810"],"musicbrainz_albumid":["50d2e573-2e07-32c8-8d05-2ffc23d78976"],"musicbrainz_artistid":["bf0f7e29-dfe1-416c-b5c6-f9ebc19ea810"],"musicbrainz_recordingid":["fd9c75ea-f194-4842-b1a8-c2bbd2a539e8"],"musicbrainz_releasegroupid":["376fb539-0d88-39d0-9061-e7c0b4198f8a"],"originaldate":["1997"],"script":["Latn"],"title":["Irresistible Force"],"tracknumber":["7/12"]},"version":{"essentia":"2.1-beta1","essentia_build_sha":"ca57ba49d9b1854bd80e60cf9ccf267278fb7d6b","essentia_git_sha":"v2.1_beta1-28-g21ef5f4-dirty","extractor":"music 1.0"}},"rhythm":{"beats_count":643,"beats_loudness":{"dmean":0.0198100265115,"dmean2":0.0352470092475,"dvar":0.000368347362382,"dvar2":0.00110351736657,"max":0.158268481493,"mean":0.052262365818,"median":0.0523947365582,"min":6.88477497235e-9,"var":0.000814229832031},"beats_loudness_band_ratio":{"dmean":[0.192843556404,0.101515300572,0.0901532545686,0.0727106407285,0.0471153333783,0.0788313820958],"dmean2":[0.342763453722,0.179415106773,0.155925512314,0.129819020629,0.0892170891166,0.138154104352],"dvar":[0.0206885300577,0.0085020409897,0.00749430572614,0.00470107328147,0.00182162038982,0