{"lowlevel":{"average_loudness":0.810660660267,"barkbands":{"dmean":[0.000032471416489,0.00138735631481,0.00102766708005,0.00137379311491,0.00155610078946,0.000671642483212,0.000442022806965,0.00077116151806,0.000961966463365,0.000659924873617,0.000482813833514,0.000339240796166,0.000250820885412,0.000206314973184,0.000123598190839,0.000190201346413,0.000225128547754,0.000109206004709,0.0000409748281527,0.000224376548431,0.000142992023029,0.000207577773836,0.0000775487860665,0.0000456743582617,0.00000485837335873,2.01288315793e-7,3.63961949468e-9],"dmean2":[0.0000499063135067,0.00215233699419,0.00160770583898,0.00237826863304,0.0025334446691,0.00100677879527,0.000669014756568,0.00108107866254,0.00136164785363,0.000965260842349,0.000694508024026,0.000510360288899,0.000370755238691,0.000302358996123,0.00019362209423,0.000286017311737,0.000369071407476,0.000164823359228,0.0000633973104414,0.000321742671076,0.000208739627851,0.000296036043437,0.000113094152766,0.0000672338937875,0.00000727916494725,2.93556979614e-7,6.3351430768e-9],"dvar":[1.07418589579e-8,0.0000104953624032,0.00000499857469549,0.0000111595800263,0.000012106842405,0.0000012840640693,8.97281267953e-7,0.00000569020858165,0.0000100273309727,0.000010705756722,0.00000711420125299,0.00000257472925114,0.000001612972369,8.01923022209e-7,4.41038395138e-7,4.39015849452e-7,8.19302726995e-7,9.16342202117e-8,1.24841577076e-8,5.14417820341e-7,3.00434720657e-7,3.70153742324e-7,6.14230160068e-8,3.79943791984e-8,7.87576226458e-10,1.26703682268e-12,4.10166943211e-16],"dvar2":[2.55127243776e-8,0.0000256840230577,0.0000119684600577,0.0000317514131893,0.0000323096792272,0.00000282291989606,0.00000204682282856,0.0000113236919788,0.0000192450388568,0.00002108947956,0.0000144510522659,0.00000501141175846,0.00000391202820538,0.00000149488494117,9.4452718713e-7,9.03160469079e-7,0.00000154462156843,1.73380556134e-7,2.80933569741e-8,9.97918959911e-7,6.71833163324e-7,6.9443672146e-7,1.24962596715e-7,7.76243211931e-8,1.67386116079e-9,2.23584323798e-12,1.09353404034e-15],"max":[0.00232026912272,0.0555064082146,0.0291712805629,0.0446339733899,0.0578545108438,0.0173625014722,0.0237011294812,0.071046076715,0.0912738963962,0.128350019455,0.113240994513,0.0468811169267,0.0454093776643,0.0311585627496,0.0263909623027,0.0199999623001,0.0511977858841,0.0136798042804,0.00357903400436,0.022033277899,0.0253258533776,0.0173472836614,0.00632981164381,0.00668397638947,0.00120789965149,0.0000514081730216,5.48460775462e-7],"mean":[0.0000485835880681,0.00253287958913,0.00166520103812,0.0018058673013,0.00217838189565,0.001309496467,0.000853332283441,0.00141002982855,0.00185453216545,0.00115742383059,0.000851497985423,0.000520337198395,0.00041832216084,0.000329554372001,0.000170580198755,0.00026520472602,0.000276800681604,0.000168679340277,0.0000654101313557,0.000371490692487,0.000261790148215,0.000365295214579,0.000127217834233,0.0000639894424239,0.00000674333023198,2.75573512454e-7,3.48809270356e-9],"median":[0.00000314948965752,0.0000449948056485,0.00010029792611,0.000406706414651,0.000754244625568,0.000571758719161,0.000365172454622,0.000171266146936,0.000116738476208,0.0000510292957188,0.0000418475101469,0.000039284779632,0.0000232453276112,0.0000269069660135,0.0000154725275934,0.0000218405584747,0.0000281248976535,0.000021941954401,0.0000144192308653,0.0000281966622424,0.0000236295163631,0.0000349686888512,0.0000193345931621,0.00000751541119826,9.11264805836e-7,2.77247522718e-8,1.92877408489e-10],"min":[7.7305484439e-25,3.83583457392e-24,3.1796620451e-24,2.88403060302e-25,6.70111148803e-24,7.89701988718e-24,5.71479790937e-24,8.71430266196e-24,1.86111251758e-23,9.33482853861e-24,2.10957845917e-23,2.1102554596e-23,3.56756191271e-23,3.21509854471e-23,4.90002560554e-23,4.19605181352e-23,4.35313453014e-23,1.24454167396e-22,1.23811807427e-22,1.23003294419e-22,2.61410454853e-22,3.44487858028e-22,4.28471984238e-22,6.07489691451e-22,8.50106803725e-22,1.33728286303e-21,1.93553861573e-21],"var":[2.10291819513e-8,0.0000289435847662,0.0000099164499261,0.0000146057864185,0.0000145589183376,0.00000341004601978,0.00000250909579336,0.0000159805604198,0.0000360492958862,0.0000366110871255,0.0000239015134866,0.00000615775252299,0.00000471785597256,0.00000216136504605,9.1705152272e-7,8.38161724914e-7,0.00000202758383239,2.5093575573e-7,2.72074629493e-8,0.00000130944101784,0.00000106785864773,0.00000110210476123,1.44149794323e-7,6.98484612371e-8,1.35457656203e-9,2.29334043075e-12,5.11612135306e-16]},"barkbands_crest":{"dmean":2.61417293549,"dmean2":4.14498186111,"dvar":5.74148321152,"dvar2":13.9179897308,"max":25.8859195709,"mean":11.1473321915,"median":10.3797245026,"min":3.09596681595,"var":17.3745727539},"barkbands_flatness_db":{"dmean":0.0255519878119,"dmean2":0.0378888398409,"dvar":0.00065353064565,"dvar2":0.00139670609497,"max":0.54124301672,"mean":0.209365978837,"median":0.194948554039,"min":0.0413375012577,"var":0.00479884957895},"barkbands_kurtosis":{"dmean":5.21154594421,"dmean2":7.98658370972,"dvar":85.5929412842,"dvar2":184.170959473,"max":174.261795044,"mean":8.52304840088,"median":3.48498058319,"min":-1.94111061096,"var":235.935470581},"barkbands_skewness":{"dmean":0.724385976791,"dmean2":1.07670915127,"dvar":0.596966385841,"dvar2":1.30594909191,"max":10.6132287979,"mean":1.73308587074,"median":1.62126088142,"min":-6.83852767944,"var":2.61397123337},"barkbands_spread":{"dmean":5.98410987854,"dmean2":9.09076881409,"dvar":65.4965133667,"dvar2":148.018829346,"max":110.206382751,"mean":17.6153907776,"median":13.3990497589,"min":0.450926244259,"var":231.683074951},"dissonance":{"dmean":0.0281824674457,"dmean2":0.045744292438,"dvar":0.000713114975952,"dvar2":0.00187917810399,"max":0.500000059605,"mean":0.434456676245,"median":0.44445091486,"min":0.198566347361,"var":0.00216662045568},"dynamic_complexity":4.87473678589,"erbbands":{"dmean":[0.0321754738688,0.340158849955,0.942552447319,3.18004250526,5.47147846222,4.87713241577,4.75547504425,6.0636267662,6.16200256348,8.37279129028,18.5765342712,22.5490570068,21.9760093689,15.3387126923,21.6375522614,11.6040554047,12.4381628036,9.23003864288,8.12483024597,7.08752012253,9.87533569336,12.5384979248,6.16497612,3.1469039917,2.53013539314,10.7873420715,7.94444894791,4.75195932388,7.89927339554,4.86385679245,1.8564388752,1.34550118446,0.524501740932,0.105585038662,0.015391388908,0.00208172923885,0.000185305703781,0.0000231335889112,0.00000491115861223,0.00000807689957583],"dmean2":[0.0487169325352,0.526877641678,1.45112013817,5.44676828384,9.12219715118,7.91243028641,7.30605602264,9.07286930084,9.16263484955,12.4164390564,25.8022785187,31.3885593414,32.3355407715,21.6572418213,31.2820034027,17.3452148438,17.9647140503,13.5487565994,11.8430013657,10.2954912186,14.8418188095,20.4015083313,9.28730201721,4.662733078,3.71191000938,15.3189783096,11.1605615616,7.02449941635,11.3428783417,6.9026184082,2.69495820999,2.01025772095,0.766258358955,0.158023267984,0.0223072655499,0.00290359416977,0.000267546362011,0.0000350554400939,0.00000668129223413,0.0000113315581984],"dvar":[0.00678072590381,0.637761235237,4.07216644287,56.1494789124,182.863449097,120.6927948,81.8438568115,125.845153809,161.285415649,545.750061035,3810.48999023,5560.08544922,9835.27832031,6233.14697266,13165.2861328,2318.58251953,3775.42675781,1576.37780762,1693.76904297,926.426208496,852.767944336,3531.52587891,309.10168457,63.2172889709,50.8950996399,996.482971191,757.446594238,342.486206055,591.170349121,204.251617432,46.49659729,32.3984603882,5.98342847824,0.325943678617,0.00840662885457,0.00014145069872,7.67010305935e-7,1.27866002231e-8,6.68344199428e-11,1.26108623544e-10],"dvar2":[0.0150349885225,1.58534264565,8.89681243896,158.438796997,488.226654053,317.691223145,200.476791382,271.521026611,338.685821533,1190.03356934,7630.44921875,9794.74707031,20022.9179688,11393.5722656,27909.0097656,4411.09130859,9124.03515625,3047.3581543,3157.33691406,1854.62524414,1904.50891113,6404.14453125,553.245361328,128.740859985,102.516906738,1930.7322998,1449.3605957,818.168945312,1121.98693848,423.068969727,93.808303833,73.5076675415,11.3977909088,0.691513121128,0.0150053743273,0.000221911424887,0.00000148704009462,2.82959469189e-8,1.24332988349e-10,2.7657176549e-10],"max":[1.93511629105,13.3019523621,28.5993404388,79.4474182129,293.357086182,164.060714722,171.378036499,186.897796631,417.85168457,790.848266602,1948.8651123,2352.11694336,3927.77416992,4193.40185547,5050.14111328,1806.94677734,2378.16918945,1493.1295166,1903.7364502,1074.47399902,1144.06921387,3567.23632812,976.773132324,259.239440918,300.547485352,1067.24328613,1129.08837891,782.11138916,717.84942627,380.386627197,189.165267944,171.347976685,91.0862731934,24.5949649811,3.62674307823,0.56637597084,0.0308849643916,0.00346725713462,0.000201458431548,0.00016631570179],"mean":[0.0612087771297,0.60804438591,1.70399034023,4.45458841324,7.43552827835,6.29561424255,8.67534160614,11.4757652283,12.2101612091,16.3087482452,36.19190979,44.3478889465,40.4121131897,27.854019165,38.9182510376,19.2093276978,22.3333034515,16.011510849,12.9084186554,11.1563749313,14.2694396973,15.9458217621,9.42497062683,5.36535978317,4.69691562653,18.3181991577,15.3480949402,8.82855224609,13.6864938736,8.26961803436,3.05670428276,1.90493583679,0.727110624313,0.148720398545,0.0233808513731,0.00306192482822,0.000292983051622,0.0000371591304429,0.0000136896642289,0.0000237982148974],"median":[0.0016304042656,0.0122473910451,0.101767539978,0.903100013733,1.79348123074,2.08624792099,4.13217258453,4.93909358978,5.8136844635,4.27284812927,4.67758846283,3.55571746826,2.57048892975,1.78869116306,2.40110182762,1.7323589325,1.60102033615,1.51323235035,1.44429755211,1.06193435192,1.51598095894,1.86748790741,1.35884642601,1.05888366699,0.900958418846,1.47463643551,1.18688690662,1.01227200031,1.22272145748,0.970212101936,0.473702967167,0.254912614822,0.0778511539102,0.0188416056335,0.00342418719083,0.000430747459177,0.0000411924847867,0.00000453966822533,0.00000889997318154,0.0000174472806975],"min":[1.162473003e-22,7.3968303871e-22,3.32618512959e-21,6.13327443903e-21,7.041043769e-21,1.80267907102e-20,4.28329081517e-20,8.81950308862e-20,9.6167009889e-20,1.88693326484e-19,2.89688369888e-19,4.35946826885e-19,2.81512723509e-19,3.78026141129e-19,1.05259529109e-18,1.25647835488e-18,1.65376079538e-18,2.31648415028e-18,2.47633122019e-18,2.63977011511e-18,3.49058431174e-18,3.17210860897e-18,6.32186721137e-18,7.58141885242e-18,6.31040745116e-18,5.89819357343e-18,8.43006397469e-18,8.92444749293e-18,1.06461122686e-17,1.16850486364e-17,1.15020440249e-17,1.28663642943e-17,9.86600733187e-18,8.84412081083e-18,6.35651160337e-18,4.37561297325e-18,2.39445543559e-18,1.01095822438e-18,2.38812264422e-19,2.74730753677e-20],"var":[0.023788806051,1.62476527691,9.62323951721,73.1381988525,295.739471436,124.502815247,172.168777466,313.434875488,438.420257568,1601.16625977,12343.296875,20707.3183594,28432.4648438,22068.8691406,39120.6523438,6339.64794922,12060.5712891,4739.01367188,3761.08666992,2128.45263672,1702.18688965,8680.53027344,913.689880371,160.672729492,152.757217407,2752.18676758,3459.55957031,962.172851562,1719.87744141,510.067871094,103.33190155,54.3133354187,11.3055114746,0.587891817093,0.0172530096024,0.000291137665045,0.0000015717706674,2.79379666068e-8,2.69855221502e-10,5.42541400694e-10]},"erbbands_crest":{"dmean":3.2865755558,"dmean2":5.14131164551,"dvar":9.46915054321,"dvar2":22.0851173401,"max":33.1747894287,"mean":12.2051401138,"median":11.0024137497,"min":2.56654191017,"var":30.1176948547},"erbbands_flatness_db":{"dmean":0.020559374243,"dmean2":0.0300119481981,"dvar":0.000384315761039,"dvar2":0.00082006806042,"max":0.40953296423,"mean":0.223672956228,"median":0.219852343202,"min":0.0669151246548,"var":0.00247632153332},"erbbands_kurtosis":{"dmean":2.68462014198,"dmean2":4.13059139252,"dvar":23.0103111267,"dvar2":50.2543945312,"max":83.0876846313,"mean":3.47906589508,"median":0.80727648735,"min":-1.9039337635,"var":62.639087677},"erbbands_skewness":{"dmean":0.624458312988,"dmean2":0.925063610077,"dvar":0.424813777208,"dvar2":0.935368716717,"max":7.32957315445,"mean":0.802533745766,"median":0.776886940002,"min":-5.41898870468,"var":2.04100203514},"erbbands_spread":{"dmean":10.1145534515,"dmean2":15.2454385757,"dvar":144.114929199,"dvar2":331.579498291,"max":159.258422852,"mean":34.4378242493,"median":30.9544372559,"min":1.56927919388,"var":491.356811523},"gfcc":{"cov":[[30929.4375,1006.46716309,-3660.20166016,1564.31555176,-2307.73461914,102.475654602,-331.512695312,128.397781372,56.8630905151,-57.8356056213,-336.956573486,-279.179534912,10.4441728592],[1006.46716309,2055.05981445,616.162597656,-28.2532501221,482.571777344,17.2268924713,-97.1376571655,-223.834182739,-3.40358829498,-195.203826904,174.819015503,-173.773086548,-13.7293624878],[-3660.20166016,616.162597656,1930.07568359,321.742553711,617.618103027,62.501953125,-45.8323059082,-125.564201355,-6.10811853409,18.8194065094,86.0855941772,-22.5712451935,-47.2981948853],[1564.31555176,-28.2532501221,321.742553711,860.974243164,44.0987167358,-101.268180847,-110.443511963,-28.1845607758,101.223197937,44.6285438538,-82.3414382935,8.98042106628,43.6919326782],[-2307.73461914,482.571777344,617.618103027,44.0987167358,759.548522949,88.6855163574,20.8502941132,-33.7112083435,43.6296043396,-57.1057357788,26.078294754,0.495309203863,14.5099630356],[102.475654602,17.2268924713,62.501953125,-101.268180847,88.6855163574,462.880340576,136.064163208,25.5370578766,-76.4775085449,-8.6057100296,60.0231361389,-26.6806221008,-52.0330200195],[-331.512695312,-97.1376571655,-45.8323059082,-110.443511963,20.8502941132,136.064163208,378.552978516,101.366851807,-7.94610071182,17.936290741,60.4967956543,6.63329696655,-53.2248001099],[128.397781372,-223.834182739,-125.564201355,-28.1845607758,-33.7112083435,25.5370578766,101.366851807,232.946166992,76.5094146729,41.82056427,-16.6648464203,27.5535316467,6.71953058243],[56.8630905151,-3.40358829498,-6.10811853409,101.223197937,43.6296043396,-76.4775085449,-7.94610071182,76.5094146729,248.322631836,64.7210083008,-19.0008640289,0.56318539381,31.4149723053],[-57.8356056213,-195.203826904,18.8194065094,44.6285438538,-57.1057357788,-8.6057100296,17.936290741,41.82056427,64.7210083008,191.179290771,36.7312393188,13.7699594498,-7.62218141556],[-336.956573486,174.819015503,86.0855941772,-82.3414382935,26.078294754,60.0231361389,60.4967956543,-16.6648464203,-19.0008640289,36.7312393188,202.240081787,24.8816299438,-33.9269943237],[-279.179534912,-173.773086548,-22.5712451935,8.98042106628,0.495309203863,-26.6806221008,6.63329696655,27.5535316467,0.56318539381,13.7699594498,24.8816299438,151.908004761,42.5089797974],[10.4441728592,-13.7293624878,-47.2981948853,43.6919326782,14.5099630356,-52.0330200195,-53.2248001099,6.71953058243,31.4149723053,-7.62218141556,-33.9269943237,42.5089797974,141.19317627]],"icov":[[0.000112147441541,-0.000257030886132,0.000236579609918,-0.000324926542817,0.000322543462971,-0.000198221358005,0.0000511087018822,-0.000151617045049,0.0000706151404302,-0.000114882823254,0.000228568023886,-0.000108513981104,0.000132475310238],[-0.000257030886132,0.00155299575999,-0.000655634386931,0.000765272299759,-0.00111910863779,0.000591300835367,0.0000452546300949,0.000779542024247,-0.000494028208777,0.00127858528867,-0.00173105113208,0.0014785816893,-0.00065570732113],[0.000236579609918,-0.000655634386931,0.00134014233481,-0.000998245901428,0.0000442140117229,-0.000410983542679,0.000180858405656,-0.000168133454281,0.000412088993471,-0.000639236415736,0.000328208960127,-0.000281621032627,0.000634218915366],[-0.000324926542817,0.000765272299759,-0.000998245901428,0.00239847623743,-0.000781902053859,0.000632945972029,0.0000211350015888,0.000705289479811,-0.000756966415793,0.0000911772731342,-0.0000352650531568,0.000131394932396,-0.000564833986573],[0.000322543462971,-0.00111910863779,0.0000442140117229,-0.000781902053859,0.00311819813214,-0.00102280289866,-0.0000931838876568,-0.000396303017624,-0.000468601530883,0.000128425279399,0.00113007368054,-0.000967082451098,0.0000843468224048],[-0.000198221358005,0.000591300835367,-0.000410983542679,0.000632945972029,-0.00102280289866,0.00313581852242,-0.000763915479183,-0.000124132449855,0.000798095890786,0.00023750460241,-0.00107745989226,0.000975622970145,-9.0160774846e-8],[0.0000511087018822,0.0000452546300949,0.000180858405656,0.0000211350015888,-0.0000931838876568,-0.000763915479183,0.00371093908325,-0.00159316463396,0.000144857331179,0.000134478730615,-0.000865145819262,0.00000726052121536,0.00102239253465],[-0.000151617045049,0.000779542024247,-0.000168133454281,0.000705289479811,-0.000396303017624,-0.000124132449855,-0.00159316463396,0.00661277445033,-0.00219503627159,-0.000121476477943,0.000360429898137,-0.000538250315003,-0.000377363350708],[0.0000706151404302,-0.000494028208777,0.000412088993471,-0.000756966415793,-0.000468601530883,0.000798095890786,0.000144857331179,-0.00219503627159,0.0060158087872,-0.00216913991608,0.000445061421487,0.000495108834002,-0.000677344971336],[-0.000114882823254,0.00127858528867,-0.000639236415736,0.0000911772731342,0.000128425279399,0.00023750460241,0.000134478730615,-0.000121476477943,-0.00216913991608,0.0078196823597,-0.00288292090409,0.000998856383376,-0.0000674155817251],[0.000228568023886,-0.00173105113208,0.000328208960127,-0.0000352650531568,0.00113007368054,-0.00107745989226,-0.000865145819262,0.000360429898137,0.000445061421487,-0.00288292090409,0.00842305459082,-0.00337123451754,0.00186341896188],[-0.000108513981104,0.0014785816893,-0.000281621032627,0.000131394932396,-0.000967082451098,0.000975622970145,0.00000726052121536,-0.000538250315003,0.000495108834002,0.000998856383376,-0.00337123451754,0.00967325270176,-0.00327454856597],[0.000132475310238,-0.00065570732113,0.000634218915366,-0.000564833986573,0.0000843468224048,-9.0160774846e-8,0.00102239253465,-0.000377363350708,-0.000677344971336,-0.0000674155817251,0.00186341896188,-0.00327454856597,0.00937153398991]],"mean":[-114.662109375,118.914451599,-132.812438965,47.839931488,-85.948097229,8.40177822113,-33.3778915405,-11.4138498306,-7.363093853,-15.2229967117,-3.88959026337,-12.2337388992,0.613646745682]},"hfc":{"dmean":5.61066818237,"dmean2":7.29068899155,"dvar":84.677482605,"dvar2":143.354751587,"max":206.572250366,"mean":16.1963577271,"median":7.59158706665,"min":1.07147993614e-16,"var":493.447296143},"melbands":{"dmean":[0.000339916528901,0.000464668934001,0.000606351648457,0.000376963813324,0.000171300038346,0.000133788547828,0.0000908917791094,0.000103773141745,0.000161793112056,0.000141800701385,0.000110427092295,0.0000634155003354,0.0000745368961361,0.0000382247490052,0.0000321285479004,0.0000230643345276,0.0000185105436685,0.0000149919160322,0.00000919789181353,0.0000131108681671,0.0000112700608952,0.0000151017011376,0.00000817473664938,0.00000467081827082,0.00000261983905148,0.00000131883643917,0.00000390971354136,0.00000843373891257,0.00000625804159426,0.00000333453863277,0.00000305519938593,0.00000484382690047,0.00000432314800491,0.00000223177562475,0.00000110807150122,0.00000103453396605,7.54653171953e-7,4.18874464003e-7,1.90384838561e-7,6.06376318046e-8],"dmean2":[0.000523415452335,0.000703268044163,0.00102640350815,0.000617808138486,0.000265490001766,0.000199213725864,0.000135967798997,0.000150555089931,0.000224116127356,0.000199978720048,0.000162546668435,0.0000896381097846,0.00010717198893,0.0000581305757805,0.0000475095548609,0.0000327728666889,0.0000274501617241,0.0000216991684283,0.0000143176976053,0.0000197068529815,0.0000170907878783,0.0000245334395004,0.0000134019901452,0.00000685038457959,0.00000395797951569,0.00000203450099434,0.00000574304567635,0.0000121349667097,0.00000895740413398,0.00000484796419187,0.00000467694371764,0.00000714108955435,0.0000063068550844,0.00000325661994793,0.00000164125606261,0.00000157538136136,0.00000113462033369,6.16527017883e-7,2.91598468039e-7,9.17635389897e-8],"dvar":[6.48144009574e-7,9.11099675704e-7,0.00000208632650356,7.64409605836e-7,1.08014980071e-7,5.64730626706e-8,3.30035483387e-8,8.11178111348e-8,2.70714679118e-7,2.37665574332e-7,2.58944652387e-7,1.17416185219e-7,1.76422830123e-7,3.10718490937e-8,2.80652550089e-8,1.03422568287e-8,7.24511695083e-9,6.05555783295e-9,2.53475995748e-9,2.61025845383e-9,1.36409483709e-9,5.37472422124e-9,6.00852645416e-10,2.06776554212e-10,4.91487579801e-11,1.67085685565e-11,1.75325365337e-10,6.61511900812e-10,5.79199799233e-10,2.02927938342e-10,1.6646842238e-10,2.50486326125e-10,2.00278307827e-10,4.12666324723e-11,1.75654681772e-11,1.69408150702e-11,1.0745114e-11,3.98139334001e-12,8.34156636993e-13,1.5564955466e-13],"dvar2":[0.00000152263862674,0.00000197021358872,0.00000584287090533,0.00000203977128876,2.72438853699e-7,1.21206383596e-7,7.10183556407e-8,1.6734891517e-7,5.28045234205e-7,4.43619597945e-7,5.24617178144e-7,2.1572947162e-7,3.59651949111e-7,6.65672317268e-8,5.53624737165e-8,2.25988951996e-8,1.42536267234e-8,1.05416395613e-8,4.99668084686e-9,5.03372810101e-9,3.01427194316e-9,9.46743750063e-9,1.43403833253e-9,3.80352332963e-10,1.02502541177e-10,3.66036680133e-11,3.32150001947e-10,1.31971311657e-9,1.17775256214e-9,4.62955174196e-10,4.30151553266e-10,5.0686399522e-10,4.35939784271e-10,8.67016458628e-11,3.69278739532e-11,3.79865826294e-11,2.47027086286e-11,7.85504907647e-12,1.71663171959e-12,3.55404236856e-13],"max":[0.0152764134109,0.014614247717,0.0180847160518,0.0156530756503,0.00584307126701,0.00383584364317,0.00559874530882,0.00854241009802,0.0147449960932,0.0126303210855,0.0207584016025,0.018229726702,0.0183144453913,0.00487341033295,0.00722276046872,0.00327799911611,0.00330463820137,0.00411692121997,0.00237357220612,0.00195973739028,0.00182195857633,0.00454338314012,0.000622530118562,0.000596772064455,0.000255566206761,0.000135539681651,0.000707049330231,0.000743959099054,0.00101726420689,0.000707095256075,0.000614572432823,0.000459073402453,0.000388741871575,0.00017792719882,0.000125423859572,0.00010213018686,0.000105230188638,0.0000788690085756,0.0000359824662155,0.0000180585138878],"mean":[0.000634222931694,0.000898887054063,0.000884598994162,0.000495733052958,0.000300941814203,0.000259508262388,0.0001784269989,0.000191439394257,0.000318795675412,0.00027166045038,0.00019892117416,0.000108944346721,0.000136060567456,0.0000590104828007,0.0000528259479324,0.0000391669964301,0.0000293851589959,0.0000222853541345,0.00001325422636,0.0000186065335583,0.0000153601777129,0.0000185894859897,0.00000981186258286,0.00000742460042602,0.0000040397999328,0.00000207813218367,0.00000637090761302,0.0000135491500259,0.0000109955708467,0.00000587148042541,0.00000488045816383,0.00000796201857156,0.00000690531851433,0.00000364970742339,0.00000169494114743,0.00000146610398133,0.00000100630290945,5.54629423277e-7,2.52465497397e-7,8.15582410496e-8],"median":[0.0000129654181364,0.0000401797587983,0.000203087518457,0.000139692871016,0.000149888699525,0.000115620627184,0.0000830350472825,0.0000410535067203,0.000032711395761,0.0000169868944795,0.00000897985501069,0.00000574974637857,0.00000720464595361,0.00000486324734084,0.00000354595454155,0.00000241407178692,0.00000245819410338,0.00000219136131818,0.00000122034703054,0.00000135441405291,0.00000153696589678,0.00000170320640791,0.00000115568877845,9.18557020668e-7,7.26279949959e-7,4.52488109204e-7,6.27164581601e-7,9.65280378296e-7,6.61049739392e-7,4.60487001419e-7,5.14977045896e-7,6.46989121833e-7,6.20947730567e-7,4.43800331595e-7,2.37919323354e-7,1.8274597835e-7,1.17670097666e-7,5.11497617595e-8,2.49657361451e-8,9.8986481234e-9],"min":[1.81018610301e-24,1.64655534784e-24,1.61992902431e-24,1.55547869393e-24,1.70873721009e-24,1.79971594664e-24,1.1205643927e-24,2.07535104667e-24,2.01079540336e-24,2.46627737914e-24,9.98621287894e-25,1.11923910638e-24,3.12624393448e-24,1.67362816664e-24,2.01435474376e-24,3.53253254422e-24,3.39703937286e-24,3.34840530919e-24,3.57850932992e-24,3.09463585573e-24,3.07600769431e-24,2.5398806654e-24,4.36353992102e-24,4.62606888597e-24,5.53905113817e-24,4.18846447045e-24,3.04043243407e-24,3.91096134779e-24,3.55177877815e-24,5.33855819481e-24,4.11663631845e-24,5.11583002354e-24,5.34709406423e-24,6.66484203019e-24,5.46556637827e-24,5.56910003334e-24,7.33578164072e-24,5.97028984062e-24,5.77139118514e-24,6.97151959571e-24],"var":[0.00000204010893867,0.00000246148601946,0.00000295691393148,9.27630026126e-7,1.82605674581e-7,1.42403933978e-7,9.17501381537e-8,2.30127767509e-7,0.00000102459500795,8.12719633814e-7,7.69175869664e-7,4.20070989549e-7,5.87301428823e-7,7.04895626313e-8,8.60960227556e-8,3.08972154528e-8,2.02145127304e-8,1.32027873079e-8,5.59331070349e-9,5.34183852707e-9,2.52066389983e-9,1.40613307664e-8,9.92043114323e-10,5.42302480699e-10,1.08974954061e-10,3.06843613018e-11,5.38729894028e-10,1.66416069813e-9,2.0372443732e-9,6.83279544056e-10,3.21674742398e-10,6.41492969855e-10,4.32157004626e-10,9.98821650389e-11,3.57008173024e-11,3.07018264978e-11,1.67625305997e-11,7.1630587746e-12,1.47429919835e-12,2.47050454096e-13]},"melbands_crest":{"dmean":3.27057933807,"dmean2":5.1753783226,"dvar":9.06521511078,"dvar2":21.6455726624,"max":34.2715377808,"mean":15.0333127975,"median":14.3614683151,"min":1.57887089252,"var":29.2072410583},"melbands_flatness_db":{"dmean":0.0305494982749,"dmean2":0.0427503883839,"dvar":0.0009987821104,"dvar2":0.00193422636949,"max":0.642700493336,"mean":0.240127846599,"median":0.223089069128,"min":0.00307086808607,"var":0.0097396466881},"melbands_kurtosis":{"dmean":9.69078540802,"dmean2":14.8277654648,"dvar":361.47555542,"dvar2":777.674438477,"max":488.021179199,"mean":17.9074268341,"median":9.57796287537,"min":-1.9321180582,"var":849.690917969},"melbands_skewness":{"dmean":0.871727883816,"dmean2":1.29571938515,"dvar":0.897851645947,"dvar2":1.9488120079,"max":18.7648277283,"mean":2.65064692497,"median":2.43159365654,"min":-3.49203443527,"var":3.54702854156},"melbands_spread":{"dmean":8.91036510468,"dmean2":13.1490726471,"dvar":234.022766113,"dvar2":476.902679443,"max":230.253616333,"mean":23.8812904358,"median":14.247713089,"min":0.454308509827,"var":898.336608887},"mfcc":{"cov":[[13647.6855469,-296.939300537,-1052.9510498,406.311248779,-1259.91821289,23.4087657928,-443.719787598,275.907958984,136.189590454,314.972381592,48.5360069275,-12.8914327621,-81.2542877197],[-296.939300537,2359.77612305,417.123565674,35.2064590454,497.789367676,149.354598999,191.570755005,-5.27519226074,-176.037216187,-53.2862968445,20.4873199463,-9.63774394989,11.5631389618],[-1052.9510498,417.123565674,1104.80200195,362.8019104,335.839080811,206.297149658,90.1105041504,-50.1971664429,-67.2248382568,-31.4548740387,11.7862863541,71.5743103027,30.651599884],[406.311248779,35.2064590454,362.8019104,812.911987305,238.923400879,43.4326210022,-162.513793945,-67.5586547852,119.630104065,-38.5903320312,-80.9312362671,102.712928772,37.6920928955],[-1259.91821289,497.789367676,335.839080811,238.923400879,696.044677734,171.972244263,26.7127952576,-17.0887012482,45.644493103,-50.2151679993,-44.1935539246,17.0049419403,13.4951076508],[23.4087657928,149.354598999,206.297149658,43.4326210022,171.972244263,306.331542969,142.91986084,30.3321266174,-15.9553880692,17.300737381,31.7342281342,-9.92584323883,1.60244631767],[-443.719787598,191.570755005,90.1105041504,-162.513793945,26.7127952576,142.91986084,394.891052246,125.898353577,-83.1405258179,24.4790992737,79.7694778442,-32.9156455994,2.15734553337],[275.907958984,-5.27519226074,-50.1971664429,-67.5586547852,-17.0887012482,30.3321266174,125.898353577,231.192199707,41.8334960938,19.7702598572,49.524143219,-17.9269161224,1.87185764313],[136.189590454,-176.037216187,-67.2248382568,119.630104065,45.644493103,-15.9553880692,-83.1405258179,41.8334960938,242.926544189,63.2218894958,-42.7825279236,7.00436353683,13.1837730408],[314.972381592,-53.2862968445,-31.4548740387,-38.5903320312,-50.2151679993,17.300737381,24.4790992737,19.7702598572,63.2218894958,200.044998169,81.1995315552,1.74935126305,14.9484386444],[48.5360069275,20.4873199463,11.7862863541,-80.9312362671,-44.1935539246,31.7342281342,79.7694778442,49.524143219,-42.7825279236,81.1995315552,184.422042847,43.3689422607,12.4610729218],[-12.8914327621,-9.63774394989,71.5743103027,102.712928772,17.0049419403,-9.92584323883,-32.9156455994,-17.9269161224,7.00436353683,1.74935126305,43.3689422607,163.663696289,66.7081680298],[-81.2542877197,11.5631389618,30.651599884,37.6920928955,13.4951076508,1.60244631767,2.15734553337,1.87185764313,13.1837730408,14.9484386444,12.4610729218,66.7081680298,147.779586792]],"icov":[[0.00014634130639,-0.0000823372465675,0.000157297312398,-0.000219268156798,0.000367427855963,-0.000356116768671,0.000314813631121,-0.000343479507137,0.000171456791577,-0.00026460911613,0.000128093772219,-0.0000367980828742,0.00009754900384],[-0.0000823372465675,0.000611949188169,-0.000168925602338,0.000150260530063,-0.000642655417323,0.000319039158057,-0.000321262021316,0.000146779580973,0.000368207111023,0.0000292350323434,-0.0000177737110789,0.0000796315434854,-0.000108636726509],[0.000157297312398,-0.000168925602338,0.00157150626183,-0.000828621559776,0.0000850519281812,-0.000888915965334,0.0000445388977823,-0.00014120452397,0.000717696035281,-0.000373775343178,0.000107257023046,-0.000330836046487,0.000102185425931],[-0.000219268156798,0.000150260530063,-0.000828621559776,0.00235721468925,-0.000827814568765,0.000335118267685,0.000178505200893,0.000567495939322,-0.00108286575414,0.000607957073953,0.000351092487108,-0.00094709492987,-0.0000664804174448],[0.000367427855963,-0.000642655417323,0.0000850519281812,-0.000827814568765,0.00328790582716,-0.00189842679538,0.000829529599287,-0.000625243817922,-0.00055253476603,0.000064761377871,0.000368875218555,-0.000037412992242,0.000190480568563],[-0.000356116768671,0.000319039158057,-0.000888915965334,0.000335118267685,-0.00189842679538,0.00585039379075,-0.00243291561492,0.00103716971353,-0.000464513927,0.000259263819316,-0.000787686440162,0.000654212373774,-0.000203244693694],[0.000314813631121,-0.000321262021316,0.0000445388977823,0.000178505200893,0.000829529599287,-0.00243291561492,0.00541320769116,-0.00307995523326,0.00182876444887,-0.00101164786611,-0.0000860128566273,0.000425348058343,-0.000191483821254],[-0.000343479507137,0.000146779580973,-0.00014120452397,0.000567495939322,-0.000625243817922,0.00103716971353,-0.00307995523326,0.00737222936004,-0.00314684351906,0.0021038427949,-0.00249618827365,0.000971891102381,-0.000478670146549],[0.000171456791577,0.000368207111023,0.000717696035281,-0.00108286575414,-0.00055253476603,-0.000464513927,0.00182876444887,-0.00314684351906,0.00789371598512,-0.00405629258603,0.00317222159356,-0.000685727922246,0.00000959267526923],[-0.00026460911613,0.0000292350323434,-0.000373775343178,0.000607957073953,0.000064761377871,0.000259263819316,-0.00101164786611,0.0021038427949,-0.00405629258603,0.00872465129942,-0.00488864909858,0.00161638227291,-0.00108399835881],[0.000128093772219,-0.0000177737110789,0.000107257023046,0.000351092487108,0.000368875218555,-0.000787686440162,-0.0000860128566273,-0.00249618827365,0.00317222159356,-0.00488864909858,0.0101915942505,-0.00385040137917,0.00105796614662],[-0.0000367980828742,0.0000796315434854,-0.000330836046487,-0.00094709492987,-0.000037412992242,0.000654212373774,0.000425348058343,0.000971891102381,-0.000685727922246,0.00161638227291,-0.00385040137917,0.0097077973187,-0.00389826251194],[0.00009754900384,-0.000108636726509,0.000102185425931,-0.0000664804174448,0.000190480568563,-0.000203244693694,-0.000191483821254,-0.000478670146549,0.00000959267526923,-0.00108399835881,0.00105796614662,-0.00389826251194,0.00859767291695]],"mean":[-727.140258789,118.713790894,11.851764679,24.8026008606,-15.1427974701,8.76689052582,-16.5104980469,2.16565608978,-6.65556621552,-2.41340494156,-7.14918327332,2.14774513245,-3.1895673275]},"pitch_salience":{"dmean":0.0739699304104,"dmean2":0.114169619977,"dvar":0.00469231512398,"dvar2":0.0110452715307,"max":0.873266935349,"mean":0.525386750698,"median":0.52725982666,"min":0.0925617441535,"var":0.0156767126173},"silence_rate_20dB":{"dmean":0,"dmean2":0,"dvar":0,"dvar2":0,"max":1,"mean":1,"median":1,"min":1,"var":0},"silence_rate_30dB":{"dmean":0.00248007080518,"dmean2":0.00496102077886,"dvar":0.00247375969775,"dvar2":0.00635352684185,"max":1,"mean":0.998051702976,"median":1,"min":0,"var":0.0019444974605},"silence_rate_60dB":{"dmean":0.055624447763,"dmean2":0.111268602312,"dvar":0.0525310114026,"dvar2":0.107397258282,"max":1,"mean":0.191285863519,"median":0,"min":0,"var":0.154687404633},"spectral_centroid":{"dmean":315.059417725,"dmean2":456.837310791,"dvar":180378.546875,"dvar2":340191.71875,"max":11675.8046875,"mean":1389.35754395,"median":1030.73925781,"min":127.670700073,"var":2347688.25},"spectral_complexity":{"dmean":2.13923835754,"dmean2":3.15450024605,"dvar":5.31959056854,"dvar2":10.0630168915,"max":38,"mean":9.83988666534,"median":9,"min":0,"var":39.7635421753},"spectral_contrast_coeffs":{"dmean":[0.0565943531692,0.0473218224943,0.0424685962498,0.0363146848977,0.0312014371157,0.0240305420011],"dmean2":[0.0903494879603,0.074338927865,0.0648489221931,0.0544490516186,0.0464734360576,0.033482234925],"dvar":[0.00264361058362,0.00168401922565,0.00133114901837,0.000941994716413,0.000898233207408,0.00052667822456],"dvar2":[0.00652746390551,0.00395622104406,0.00282894913107,0.00193154788576,0.00202320003882,0.000979789649136],"max":[-0.298722654581,-0.388027310371,-0.377185225487,-0.486749827862,-0.524596214294,-0.453947722912],"mean":[-0.618893921375,-0.697568058968,-0.738998770714,-0.755770325661,-0.777789711952,-0.729861974716],"median":[-0.619627118111,-0.696003139019,-0.760700821877,-0.760337352753,-0.781718552113,-0.7312541008],"min":[-0.9808370471,-0.976458013058,-0.979004144669,-0.969172656536,-0.968333482742,-0.964540600777],"var":[0.0128904972225,0.00821178499609,0.0116163706407,0.00662960996851,0.00555678270757,0.00576418917626]},"spectral_contrast_valleys":{"dmean":[0.52720618248,0.41370600462,0.405700206757,0.355228126049,0.326158434153,0.259773254395],"dmean2":[0.802528142929,0.638453066349,0.622365236282,0.524357378483,0.456001698971,0.357581585646],"dvar":[0.280629694462,0.188108921051,0.188801035285,0.159503564239,0.138496384025,0.107466779649],"dvar2":[0.50304377079,0.375140488148,0.374309629202,0.284845113754,0.246531009674,0.1714053303],"max":[-5.26778650284,-5.10614109039,-5.60303497314,-6.44999885559,-6.06030035019,-7.52489852905],"mean":[-8.60647392273,-7.73715496063,-8.66166496277,-9.21551513672,-8.96144390106,-11.417093277],"median":[-8.58281803131,-7.21403694153,-8.24715423584,-8.78135108948,-8.48380756378,-11.0409011841],"min":[-27.9809188843,-28.2073192596,-27.869934082,-27.6274032593,-27.5517883301,-27.3876285553],"var":[7.94653654099,7.75008630753,6.98593235016,6.64497184753,7.0169916153,5.66051959991]},"spectral_decrease":{"dmean":1.65085189963e-9,"dmean2":2.37066166697e-9,"dvar":6.02346925002e-18,"dvar2":1.37907981859e-17,"max":1.30734351482e-28,"mean":-4.66580818426e-9,"median":-3.27890026242e-9,"min":-3.61456145015e-8,"var":2.19739520564e-17},"spectral_energy":{"dmean":0.00661292811856,"dmean2":0.00943274982274,"dvar":0.0000927631772356,"dvar2":0.000210396072362,"max":0.14418181777,"mean":0.0190788693726,"median":0.0139037473127,"min":1.00545265562e-20,"var":0.000358405988663},"spectral_energyband_high":{"dmean":0.00050796935102,"dmean2":0.000673783768434,"dvar":0.00000169281213402,"dvar2":0.00000286937211058,"max":0.0369055829942,"mean":0.00107857666444,"median":0.000148063074448,"min":6.99333305755e-21,"var":0.00000741370377},"spectral_energyband_low":{"dmean":0.00250760512426,"dmean2":0.00371860456653,"dvar":0.0000232401653193,"dvar2":0.0000518735141668,"max":0.0754002928734,"mean":0.0051235598512,"median":0.000427740451414,"min":1.97371057888e-23,"var":0.0000686747007421},"spectral_energyband_middle_high":{"dmean":0.00174294004682,"dmean2":0.0024002562277,"dvar":0.0000207748671528,"dvar2":0.0000394146918552,"max":0.128109961748,"mean":0.00419175019488,"median":0.000911841867492,"min":1.14598411876e-21,"var":0.000104707913124},"spectral_energyband_middle_low":{"dmean":0.00441428134218,"dmean2":0.00689783832058,"dvar":0.0000558074789296,"dvar2":0.000142331031384,"max":0.127323046327,"mean":0.00987870525569,"median":0.00626955926418,"min":1.71398484694e-22,"var":0.000129956068122},"spectral_entropy":{"dmean":0.219717442989,"dmean2":0.316112697124,"dvar":0.0570400245488,"dvar2":0.115743778646,"max":9.82810974121,"mean":7.11177587509,"median":7.20093822479,"min":4.58414125443,"var":0.496368318796},"spectral_flux":{"dmean":0.0229550898075,"dmean2":0.0349650681019,"dvar":0.000789920100942,"dvar2":0.00176091259345,"max":0.297894716263,"mean":0.0656534135342,"median":0.0573308132589,"min":6.47295064771e-11,"var":0.00216883956455},"spectral_kurtosis":{"dmean":2.51420593262,"dmean2":4.14364480972,"dvar":14.067688942,"dvar2":37.9111747742,"max":93.8925018311,"mean":4.97632026672,"median":2.73390960693,"min":-1.2512871027,"var":54.7616500854},"spectral_rms":{"dmean":0.000725644466002,"dmean2":0.000989943160675,"dvar":7.88563852439e-7,"dvar2":0.00000166751726738,"max":0.0118602355942,"mean":0.00372807192616,"median":0.00368301942945,"min":3.13197926795e-12,"var":0.00000471497696708},"spectral_rolloff":{"dmean":534.711791992,"dmean2":889.29083252,"dvar":986095.5625,"dvar2":1991417.125,"max":19595.2148438,"mean":1783.73291016,"median":882.861328125,"min":86.1328125,"var":7556158},"spectral_skewness":{"dmean":0.341918259859,"dmean2":0.513792812824,"dvar":0.132329821587,"dvar2":0.300698578358,"max":7.85895872116,"mean":1.4898070097,"median":1.37244331837,"min":-0.681894123554,"var":1.06148099899},"spectral_spread":{"dmean":531316.0625,"dmean2":812815.875,"dvar":690999787520,"dvar2":1486801731580,"max":42469972,"mean":4672333.5,"median":4009158.25,"min":816322.8125,"var":22956191252500},"spectral_strongpeak":{"dmean":0.577347397804,"dmean2":0.923267841339,"dvar":1.32596790791,"dvar2":3.01293063164,"max":22.8296337128,"mean":1.20394515991,"median":0.483912885189,"min":0,"var":3.47716856003},"zerocrossingrate":{"dmean":0.0109256496653,"dmean2":0.0118350237608,"dvar":0.000228917910135,"dvar2":0.000253083358984,"max":0.52587890625,"mean":0.0633562654257,"median":0.04736328125,"min":0.00244140625,"var":0.00500306906179}},"metadata":{"audio_properties":{"analysis_sample_rate":44100,"bit_rate":128000,"codec":"mp3","downmix":"mix","equal_loudness":0,"length":131.05632019,"lossless":false,"md5_encoded":"5a0f930dc8d596e9a1012adf2e638d03","replay_gain":-11.3934764862,"sample_rate":44100},"tags":{"album":["The Complete Wailers 1967-1972, Part 2"],"albumartist":["Bob Marley & The Wailers"],"albumartistsort":["Marley, Bob & The Wailers"],"artist":["Bob Marley & The Wailers"],"artistsort":["Marley, Bob & The Wailers"],"date":["1998"],"discnumber":["2/3"],"file_name":"31 Stand alone.mp3","genre":["Reggae"],"language":["eng"],"length":["131000"],"media":["CD"],"musicbrainz album release country":["GB"],"musicbrainz album status":["official"],"musicbrainz album type":["compilation"],"musicbrainz_albumartistid":["c296e10c-110a-4103-9e77-47bfebb7fb2e"],"musicbrainz_albumid":["fe2f1881-e88e-4b14-83a6-7f1bc99786bf"],"musicbrainz_artistid":["c296e10c-110a-4103-9e77-47bfebb7fb2e"],"musicbrainz_recordingid":["fdaef21e-0a20-4bc4-8bf6-12643035a04d"],"originaldate":["1998"],"script":["Latn"],"title":["Stand Alone"],"tracknumber":["8/21"]},"version":{"essentia":"2.1-beta2","essentia_build_sha":"70f2e5ece6736b2c40cc944ad0e695b16b925413","essentia_git_sha":"v2.1_beta2","extractor":"music 1.0"}},"rhythm":{"beats_count":251,"beats_loudness":{"dmean":0.016883501783,"dmean2":0.0275843720883,"dvar":0.00026755259023,"dvar2":0.000716865935829,"max":0.114548698068,"mean":0.0305823162198,"median":0.027530239895,"min":0,"var":0.000396660034312},"beats_loudness_band_ratio":{"dmean":[0.359077215195,0.19111520052,0.198894679546,0.135543450713,0.0733291208744,0.0592856891453],"dmean2":[0.628080070019,0.355177134275,0.349850922823