{"lowlevel":{"average_loudness":0.960833370686,"barkbands":{"dmean":[0.000449734478025,0.00716117536649,0.00224413536489,0.00179346476216,0.00185216183309,0.00148249475751,0.000973397749476,0.000552219047677,0.000742460833862,0.000690485758241,0.000345513457432,0.000612640986219,0.000589791045059,0.000893802789506,0.000594942015596,0.000575564044993,0.000420014024712,0.000179005466634,0.000200080292416,0.0000660200385028,0.0000451240994153,0.0000459760194644,0.0000540871697012,0.0000671092202538,0.0000478533256683,0.0000403652738896,0.00000883273514773],"dmean2":[0.000615244673099,0.0116755021736,0.00371820270084,0.00307395681739,0.00300850928761,0.00236431136727,0.00148400024045,0.000849405769259,0.00113969505765,0.00107769051101,0.000529856712092,0.000958893739153,0.000921201193705,0.00138086406514,0.000921523198485,0.000904264103156,0.000661984959152,0.000282527063973,0.000303122884361,0.00010834333807,0.0000733486958779,0.0000739644965506,0.0000808661134215,0.0000962927151704,0.0000657180280541,0.000054261621699,0.0000113859978228],"dvar":[8.92100388228e-7,0.000221423440962,0.0000108574467959,0.000017376825781,0.00000800986799732,0.00000624579797659,0.00000274821468338,9.50315552473e-7,0.00000135611696805,0.00000168492022112,5.48055652416e-7,0.00000119093078865,0.00000109153688754,0.00000196693872567,0.00000105768344838,0.00000120039578633,5.37895687103e-7,1.23210071479e-7,1.49582078279e-7,1.47352672286e-8,1.52448382806e-8,1.6545852688e-8,2.53481342583e-8,5.21618552796e-8,2.68636508594e-8,1.98759941838e-8,5.2561005548e-10],"dvar2":[0.00000153392011271,0.000564375834074,0.0000293053926725,0.0000465972916572,0.0000209832087421,0.0000153541568579,0.00000653682764096,0.0000022408780751,0.00000327692237079,0.00000427052191299,0.00000139319649861,0.0000028427655252,0.00000266268580162,0.00000458883050669,0.00000231300509768,0.00000280882295556,0.0000012197695014,2.82182014644e-7,2.92023742077e-7,3.52813103177e-8,3.48818325335e-8,3.94018471184e-8,5.49311671705e-8,1.03436931909e-7,4.93019385317e-8,3.72025219519e-8,9.22344312038e-10],"max":[0.011922380887,0.127121239901,0.0459123328328,0.0466582775116,0.0391178168356,0.051278244704,0.026713905856,0.023009294644,0.0211177822202,0.0307587254792,0.0252538938075,0.0254078730941,0.0203020107001,0.0191481746733,0.0227452591062,0.0269995015115,0.0189035758376,0.00963037740439,0.00978379417211,0.00422543380409,0.0045159352012,0.00344884698279,0.00470457831398,0.00676410505548,0.0048589296639,0.00403425330296,0.000652932038065],"mean":[0.000679881311953,0.0112004755065,0.00489880237728,0.00192132452503,0.00366468378343,0.00301281735301,0.00205334182829,0.0011463847477,0.00157305400353,0.001276861527,0.000697090756148,0.00127561495174,0.00124681892339,0.00189010344911,0.00119439861737,0.00114979315549,0.000879561179318,0.000378461030778,0.000432569417171,0.000144318444654,0.000101602119685,0.0000963647544268,0.000118486539577,0.000142828619573,0.0000930409732973,0.0000711678221705,0.0000145622489072],"median":[0.0000561467568332,0.00525448052213,0.00351249286905,0.000765805365518,0.0023696180433,0.00180605077185,0.00109430972952,0.000540143984836,0.00100427982397,0.000654717325233,0.000397940777475,0.000667586689815,0.000618565129116,0.000984183745459,0.000623445725068,0.000608511676546,0.000464248849312,0.000220766509301,0.000233708706219,0.000107656851469,0.0000745922006899,0.0000582702086831,0.0000601188221481,0.0000540189321327,0.0000257477167906,0.0000137120032377,0.00000232030902225],"min":[9.47598750621e-25,3.89722964602e-24,2.49350866038e-24,1.24438587393e-24,1.33785334831e-23,3.51446447404e-24,6.18447662044e-24,5.11696637767e-24,2.6611193963e-23,2.02901667032e-23,1.02126106339e-23,2.78168511052e-23,3.33979915226e-23,3.66558892424e-23,3.99240011332e-23,6.06008753407e-23,1.07881171654e-22,1.22323914785e-22,1.5264671824e-22,2.05985567279e-22,2.67205389197e-22,3.93765310339e-22,3.67728482845e-22,5.56348735111e-22,9.35283889572e-22,1.32468138436e-21,2.04041445453e-21],"var":[0.00000206073946174,0.000296529382467,0.0000261615696218,0.0000143459228639,0.0000185156222869,0.0000129064183056,0.00000722116601537,0.00000268941721515,0.0000035623045278,0.00000357057319889,0.00000110319126634,0.00000314682165481,0.00000315716715704,0.00000585942143516,0.00000345004718838,0.00000356635246135,0.00000150466087234,3.11085244675e-7,4.80977519146e-7,2.58857681956e-8,2.14362216866e-8,2.87724137848e-8,6.53303189324e-8,1.60392986004e-7,8.42480432084e-8,5.7294961664e-8,1.3921047648e-9]},"barkbands_crest":{"dmean":2.72196531296,"dmean2":4.39531469345,"dvar":8.4310503006,"dvar2":19.9072341919,"max":26.1970176697,"mean":9.63557052612,"median":8.24204540253,"min":2.38508796692,"var":21.8835525513},"barkbands_flatness_db":{"dmean":0.0199911408126,"dmean2":0.0302816405892,"dvar":0.000468266865937,"dvar2":0.00101478560828,"max":0.406499385834,"mean":0.122103601694,"median":0.111118994653,"min":0.0126066813245,"var":0.00245703011751},"barkbands_kurtosis":{"dmean":3.90790867805,"dmean2":6.20322418213,"dvar":192.572631836,"dvar2":456.883483887,"max":360.144866943,"mean":4.98664045334,"median":0.723867893219,"min":-1.91624355316,"var":351.779754639},"barkbands_skewness":{"dmean":0.582080245018,"dmean2":0.88042229414,"dvar":0.688619613647,"dvar2":1.50390589237,"max":15.6465196609,"mean":1.39831709862,"median":1.13976359367,"min":-4.09613895416,"var":2.72596931458},"barkbands_spread":{"dmean":5.21785640717,"dmean2":7.9291973114,"dvar":51.3194274902,"dvar2":108.398178101,"max":113.856048584,"mean":23.9946346283,"median":22.4642295837,"min":0.360906988382,"var":174.044540405},"dissonance":{"dmean":0.0139802005142,"dmean2":0.023218344897,"dvar":0.000215311069041,"dvar2":0.000581780681387,"max":0.500000059605,"mean":0.471377968788,"median":0.47761324048,"min":0.201661065221,"var":0.000548643118236},"dynamic_complexity":2.76264810562,"erbbands":{"dmean":[0.22375626862,1.64704465866,2.74611520767,4.04321336746,5.73257017136,6.66230297089,10.6140823364,12.7479019165,16.4884204865,10.8863792419,9.58171749115,13.7224988937,26.943479538,12.0431146622,14.6056060791,22.4678993225,22.4848709106,35.9167556763,35.7604789734,28.831199646,26.6091880798,24.4198989868,9.65010166168,11.6243057251,6.35693025589,3.04871559143,2.00519633293,1.72332775593,1.66225814819,1.50398433208,1.67286264896,1.55579698086,1.05766129494,0.576670229435,0.343506634235,0.219424426556,0.0627855360508,0.0128354588524,0.00151271279901,0.0000778830508352],"dmean2":[0.336864411831,2.75642323494,4.55614900589,6.77429485321,9.6873960495,10.800444603,16.5964794159,20.7123069763,25.3299655914,16.7763633728,15.0419988632,21.1120548248,42.0777931213,18.4836425781,22.64635849,35.1931228638,35.186214447,55.6161804199,54.8127937317,44.6244544983,41.4916801453,38.2707252502,15.1259698868,17.9120025635,9.61957454681,4.9705786705,3.30746674538,2.78900957108,2.69566869736,2.3362364769,2.52223587036,2.26303601265,1.51424372196,0.810874998569,0.461161464453,0.302625238895,0.0832103341818,0.0168765131384,0.00194130197633,0.000102094258182],"dvar":[0.198034122586,13.304983139,19.750164032,57.8363685608,136.471420288,132.486038208,303.854431152,607.710266113,876.093505859,360.560119629,300.129302979,567.628540039,2185.60571289,383.516143799,1124.21508789,1635.70788574,1734.7109375,2832.3293457,3866.21508789,2475.45166016,2282.21459961,1964.0645752,349.444549561,476.485992432,178.416275024,30.338848114,27.2190361023,21.2502250671,22.3140068054,19.2802448273,23.3025836945,31.7165279388,11.4888811111,3.96810698509,1.46274983883,0.667005479336,0.0494740903378,0.00122035748791,0.0000152152633746,4.66430307711e-8],"dvar2":[0.425496578217,35.5812492371,53.7232093811,153.137023926,359.313842773,350.881469727,748.174560547,1554.06347656,2105.75268555,847.330200195,736.13092041,1419.83483887,5595.21728516,896.073669434,2940.73730469,4014.26025391,4346.52978516,6640.46337891,9032.94921875,5639.63916016,5221.3671875,4495.03027344,819.267333984,1029.625,326.091461182,72.4728317261,61.1785354614,50.8425064087,53.8620529175,45.3047142029,50.1956367493,68.3740539551,21.8474884033,7.90976810455,2.55742192268,1.29134106636,0.0903563126922,0.00226336088963,0.0000267748164333,8.5652054338e-8],"max":[4.346180439,32.1948852539,58.2925682068,115.043914795,162.296173096,196.101882935,270.522460938,561.604309082,505.538299561,361.24887085,497.778533936,584.338623047,1252.43847656,461.554992676,1142.83312988,832.826477051,1034.32983398,882.984436035,1590.67053223,1143.64038086,1210.1072998,1325.63708496,572.800598145,539.664306641,469.058258057,184.079727173,248.352279663,148.49937439,147.833343506,116.078857422,138.788009644,171.161132813,115.309951782,67.4480895996,36.3239021301,22.3204956055,7.99323558807,1.01360833645,0.10581959039,0.006833369378],"mean":[0.331097304821,2.43524646759,6.12954282761,5.93667221069,8.07727050781,12.69597435,22.0067844391,24.3959636688,33.4584350586,24.5134677887,20.9598445892,29.9100914001,54.7787208557,27.4287452698,33.4458465576,48.9800262451,52.5271224976,85.5170898438,80.4069213867,65.2911376953,58.358039856,52.5874214172,23.0397548676,25.5132751465,14.4725599289,6.98500299454,4.55506706238,3.79307031631,3.50476765633,3.1759762764,3.57195353508,3.21856856346,2.14673852921,1.11530518532,0.645888507366,0.384571045637,0.107219152153,0.0211986210197,0.00249642226845,0.000166909550899],"median":[0.069842107594,1.2896156311,4.40177726746,3.58488488197,4.12633037567,7.58573722839,12.8947639465,15.4450263977,17.5917491913,12.0165586472,12.7305135727,19.7142791748,35.333770752,19.6746025085,20.0058097839,27.309879303,30.5364151001,50.5733947754,41.8175239563,37.6890335083,34.3958091736,28.5005645752,13.9423875809,15.1303100586,8.38012886047,5.32279968262,3.53420567513,2.74964356422,2.17019486427,1.75821197033,1.67188668251,1.20932281017,0.77455830574,0.361899316311,0.149962306023,0.0720095410943,0.0198218915612,0.00370983756147,0.000410914508393,0.0000755233413656],"min":[1.32779818011e-22,9.24831747635e-22,4.21552323569e-21,6.12688438802e-21,1.96510131573e-20,4.12505116399e-20,5.14488472614e-20,3.62900161351e-20,1.37027276457e-19,1.61530628023e-19,2.30323219988e-19,6.37028385038e-19,6.42406661682e-19,5.74671529657e-19,1.04443980724e-18,1.32384042845e-18,1.71312010332e-18,1.68406176539e-18,3.11523291082e-18,3.13732959332e-18,3.49893345925e-18,6.24401834879e-18,6.03309391003e-18,7.36267838405e-18,7.81730677488e-18,1.16898537286e-17,9.79087782555e-18,1.23451809514e-17,1.29970472506e-17,1.33119458108e-17,1.02112543216e-17,1.14097794722e-17,9.53553296072e-18,7.74373402248e-18,7.12373981949e-18,4.91521886917e-18,2.39436051661e-18,1.00674384255e-18,2.65492302995e-19,2.909790366e-20],"var":[0.364157497883,14.0787153244,41.3933982849,62.3349151611,159.727172852,282.809448242,762.664001465,896.853637695,2134.27368164,1143.87341309,712.8125,1317.21081543,4922.72363281,1001.94976807,2599.40527344,4384.11914063,4594.27636719,9643.79394531,11854.2910156,8310.875,6229.12890625,5538.35595703,907.216491699,1357.52490234,572.678222656,56.6345100403,38.3878250122,29.4721717834,34.1332740784,41.5009651184,62.4132423401,85.3514175415,36.2572250366,11.2776985168,4.69133138657,1.94056129456,0.133749097586,0.00300414557569,0.0000385204548365,1.3213100658e-7]},"erbbands_crest":{"dmean":2.16830086708,"dmean2":3.49813461304,"dvar":4.91882276535,"dvar2":12.5479927063,"max":29.4969787598,"mean":8.26672363281,"median":7.41202497482,"min":1.95552253723,"var":13.339846611},"erbbands_flatness_db":{"dmean":0.0141301564872,"dmean2":0.0192431751639,"dvar":0.000211033737287,"dvar2":0.000381129968446,"max":0.303024232388,"mean":0.147376954556,"median":0.14771515131,"min":0.0331234484911,"var":0.00181606481783},"erbbands_kurtosis":{"dmean":0.817883789539,"dmean2":1.25857269764,"dvar":2.01502037048,"dvar2":4.82650899887,"max":35.9479408264,"mean":0.668743252754,"median":0.203177034855,"min":-1.87737047672,"var":3.98709082603},"erbbands_skewness":{"dmean":0.324355185032,"dmean2":0.469668895006,"dvar":0.128117546439,"dvar2":0.259394079447,"max":5.75281620026,"mean":-0.0306652318686,"median":-0.0515743121505,"min":-4.29028654099,"var":0.584269702435},"erbbands_spread":{"dmean":6.50442075729,"dmean2":9.70932197571,"dvar":86.9227905273,"dvar2":186.74256897,"max":173.829101563,"mean":33.9964141846,"median":28.9779376984,"min":4.65471792221,"var":389.244628906},"gfcc":{"cov":[[14045.7226563,847.466369629,-1359.71032715,-221.735458374,-380.266601563,254.88961792,-627.297363281,90.1511154175,-97.8261871338,-5.44212818146,-153.486572266,78.3421936035,-73.6220703125],[847.466369629,1561.34008789,-499.544158936,-26.5367507935,71.8747634888,-112.944831848,84.582901001,-28.1901741028,157.267150879,-8.41936588287,93.2234039307,-66.4688415527,102.78894043],[-1359.71032715,-499.544158936,998.856079102,114.594970703,-0.143380403519,64.5452041626,64.6688079834,25.648733139,-37.3246002197,55.956653595,-67.7642822266,11.7828903198,-16.5803718567],[-221.735458374,-26.5367507935,114.594970703,319.110687256,50.7322273254,84.0883407593,48.7477111816,28.6503601074,32.2112884521,15.2720985413,18.7366466522,6.03727912903,29.7572307587],[-380.266601563,71.8747634888,-0.143380403519,50.7322273254,257.636169434,88.6827011108,88.8598556519,48.4732627869,66.2572631836,41.1943969727,35.1843948364,26.6565608978,28.125038147],[254.88961792,-112.944831848,64.5452041626,84.0883407593,88.6827011108,237.230484009,57.293258667,54.241558075,27.7564659119,37.3524589539,11.4119062424,42.2556152344,16.1872024536],[-627.297363281,84.582901001,64.6688079834,48.7477111816,88.8598556519,57.293258667,159.906967163,56.1087875366,47.4241752625,24.7805042267,32.5035133362,2.74318027496,21.1654644012],[90.1511154175,-28.1901741028,25.648733139,28.6503601074,48.4732627869,54.241558075,56.1087875366,116.833869934,58.4764862061,34.323299408,5.03519868851,10.2815551758,8.73515224457],[-97.8261871338,157.267150879,-37.3246002197,32.2112884521,66.2572631836,27.7564659119,47.4241752625,58.4764862061,122.158683777,54.9519348145,25.107635498,-0.971131443977,32.2058486938],[-5.44212818146,-8.41936588287,55.956653595,15.2720985413,41.1943969727,37.3524589539,24.7805042267,34.323299408,54.9519348145,84.9524383545,30.7349700928,13.6850690842,9.55591106415],[-153.486572266,93.2234039307,-67.7642822266,18.7366466522,35.1843948364,11.4119062424,32.5035133362,5.03519868851,25.107635498,30.7349700928,87.5010299683,32.2783355713,18.243144989],[78.3421936035,-66.4688415527,11.7828903198,6.03727912903,26.6565608978,42.2556152344,2.74318027496,10.2815551758,-0.971131443977,13.6850690842,32.2783355713,71.5918502808,25.2899017334],[-73.6220703125,102.78894043,-16.5803718567,29.7572307587,28.125038147,16.1872024536,21.1654644012,8.73515224457,32.2058486938,9.55591106415,18.243144989,25.2899017334,72.2371520996]],"icov":[[0.00017248064978,-0.000260035012616,0.000218735774979,-0.0000560705047974,0.000213804931263,-0.000396706018364,0.000729615509044,-0.000601112551522,0.000582999258768,-0.000617510580923,0.000671430781949,-0.00054010032909,0.000324953900417],[-0.000260035012616,0.00159506185446,0.0000251731798926,0.000276207341813,-0.000388621469028,0.000865786045324,-0.00158683338668,0.00170884886757,-0.00233807903714,0.00175283837598,-0.0021063934546,0.00245704711415,-0.00194481445942],[0.000218735774979,0.0000251731798926,0.00188627536409,-0.000663731130771,0.000470142520498,-0.000139067022246,-0.000474742264487,-0.000285031099338,0.00161364057567,-0.00296300463378,0.00300352741033,-0.00138062471524,0.00031252737972],[-0.0000560705047974,0.000276207341813,-0.000663731130771,0.00401905504987,-0.000232991558732,-0.00128156936262,-0.0000396768409701,0.0000387560285162,-0.00107859401032,0.00176816491876,-0.00224716030061,0.00223867152818,-0.00184255174827],[0.000213804931263,-0.000388621469028,0.000470142520498,-0.000232991558732,0.00598391471431,-0.00163485226221,-0.00144314183854,-0.000280705746263,-0.00113745499402,-0.0012909224024,0.00104890402872,-0.00230460683815,0.000687932886649],[-0.000396706018364,0.000865786045324,-0.000139067022246,-0.00128156936262,-0.00163485226221,0.00748096080497,-0.00326679111458,0.000398921052692,-0.000676008930895,-0.000765204662457,0.000866290589329,-0.00255537428893,-0.000192718536709],[0.000729615509044,-0.00158683338668,-0.000474742264487,-0.0000396768409701,-0.00144314183854,-0.00326679111458,0.0143908150494,-0.00685929413885,0.00230689393356,0.000116426526802,-0.0027365272399,0.00204061414115,-0.000251405057497],[-0.000601112551522,0.00170884886757,-0.000285031099338,0.0000387560285162,-0.000280705746263,0.000398921052692,-0.00685929413885,0.0169420465827,-0.00906750373542,0.00100930035114,0.000993788475171,-0.00109388609417,0.000896456243936],[0.000582999258768,-0.00233807903714,0.00161364057567,-0.00107859401032,-0.00113745499402,-0.000676008930895,0.00230689393356,-0.00906750373542,0.0230195131153,-0.0131738940254,0.00343888578936,0.00184647517744,-0.00428440794349],[-0.000617510580923,0.00175283837598,-0.00296300463378,0.00176816491876,-0.0012909224024,-0.000765204662457,0.000116426526802,0.00100930035114,-0.0131738940254,0.0263005979359,-0.0118976794183,0.00353006762452,0.000148970677401],[0.000671430781949,-0.0021063934546,0.00300352741033,-0.00224716030061,0.00104890402872,0.000866290589329,-0.0027365272399,0.000993788475171,0.00343888578936,-0.0118976794183,0.0258549042046,-0.0146953333169,0.00403172476217],[-0.00054010032909,0.00245704711415,-0.00138062471524,0.00223867152818,-0.00230460683815,-0.00255537428893,0.00204061414115,-0.00109388609417,0.00184647517744,0.00353006762452,-0.0146953333169,0.0296203121543,-0.0122303869575],[0.000324953900417,-0.00194481445942,0.00031252737972,-0.00184255174827,0.000687932886649,-0.000192718536709,-0.000251405057497,0.000896456243936,-0.00428440794349,0.000148970677401,0.00403172476217,-0.0122303869575,0.022667221725]],"mean":[21.0791034698,89.9246673584,-114.0756073,23.9162063599,-40.5574760437,14.6506967545,-39.8334083557,6.15598630905,-18.2651329041,1.66548836231,-12.7809658051,0.0877813845873,-10.4440793991]},"hfc":{"dmean":5.28562164307,"dmean2":7.89342069626,"dvar":61.4704170227,"dvar2":125.905082703,"max":220.501983643,"mean":29.3906326294,"median":26.5132083893,"min":1.07905717525e-16,"var":394.556915283},"melbands":{"dmean":[0.00195958092809,0.00163585692644,0.000748927122913,0.000405956845498,0.000354290677933,0.000288081209874,0.00022514394368,0.00012381876877,0.0000771648919908,0.000100436904177,0.000136955146445,0.000052998540923,0.0000434242538176,0.0000644584433758,0.000067037763074,0.0000631602670182,0.0000728572995286,0.0000696786446497,0.0000511606049258,0.0000425567195634,0.000030906732718,0.0000304714540107,0.0000123822328533,0.00000850611831993,0.0000107259756987,0.0000069358361543,0.00000331271667164,0.00000203639865504,0.00000142800752201,0.00000118776426916,9.73134888227e-7,9.97713982542e-7,9.79127662504e-7,8.83577968125e-7,0.00000100213776477,0.00000106551397039,9.88275814962e-7,8.01641022008e-7,6.53745416912e-7,4.71969428872e-7],"dmean2":[0.00311713689007,0.00274029304273,0.00126037013251,0.000665536732413,0.000558203784749,0.000463302421849,0.000346963002812,0.000189598198631,0.000121806362586,0.000153505781782,0.0002135734685,0.0000814870873,0.0000673356844345,0.000100243436464,0.000105318569695,0.000098655174952,0.000113393063657,0.000107983927592,0.0000790036428953,0.0000673618269502,0.0000486228746013,0.0000479248810734,0.0000197569061129,0.0000134729561978,0.0000166760783031,0.000010507317711,0.00000530012721356,0.00000337677511197,0.0000023610534754,0.0000019538883862,0.00000158657871907,0.0000016345803715,0.00000158051261678,0.00000138533289373,0.00000154867939273,0.00000158592092703,0.00000147502009895,0.00000117612580652,9.60891725299e-7,6.79111622048e-7],"dvar":[0.000015840467313,0.00000931190243136,0.00000225072471949,4.15668296228e-7,3.38672180078e-7,2.74395006272e-7,1.5712150514e-7,4.49597088448e-8,1.88229538622e-8,2.63726267491e-8,5.5813913491e-8,7.85012499449e-9,1.02823349835e-8,1.33002400204e-8,1.96685636666e-8,1.33565958294e-8,1.21873560133e-8,1.62617190824e-8,7.94263765869e-9,8.08985234357e-9,3.36097283338e-9,3.21586068885e-9,5.09600639464e-10,3.16547121848e-10,4.25678131633e-10,2.41298925285e-10,4.14253457925e-11,1.38652509613e-11,1.34385176598e-11,1.27791154395e-11,5.73966091669e-12,7.43391979918e-12,8.41536822865e-12,6.07013441248e-12,7.14983541122e-12,1.39038225377e-11,1.31509967846e-11,6.56083434109e-12,5.09476532143e-12,2.59402633922e-12],"dvar2":[0.0000380359888368,0.0000252727095358,0.00000598928136242,0.00000104964840375,8.71329575602e-7,6.98303722402e-7,3.81175851771e-7,1.05644978987e-7,4.63501521608e-8,6.40948769615e-8,1.42996569252e-7,1.85664799091e-8,2.68053099717e-8,3.19270085924e-8,4.78588120245e-8,3.27266747036e-8,2.86656867132e-8,3.8161260818e-8,1.68111764509e-8,1.9160687259e-8,7.55403561925e-9,7.20332193893e-9,1.23796206619e-9,7.46935457929e-10,9.23684018161e-10,4.54212500944e-10,9.06006242252e-11,3.40318988268e-11,3.14258653822e-11,3.0400015838e-11,1.39742540456e-11,1.84462532055e-11,1.99749852076e-11,1.46227023545e-11,1.59917218356e-11,3.09358615114e-11,2.88625894018e-11,1.31188193989e-11,1.05356105784e-11,5.34980913736e-12],"max":[0.0339287295938,0.0325819700956,0.0174433104694,0.0100809233263,0.00936062261462,0.0123307276517,0.00667237723246,0.00397076737136,0.00330779934302,0.00347686535679,0.00619850633666,0.00170556921512,0.00402174331248,0.00324772018939,0.0034991002176,0.00253747892566,0.00184101983905,0.00272421119735,0.00179968355224,0.00256309122778,0.00156445696484,0.00143156712875,0.000663743412588,0.000563352834433,0.00055265420815,0.000433750945376,0.000172954300069,0.000112771704153,0.000198717651074,0.000157439149916,0.0000751853949623,0.0000868684510351,0.000076339529187,0.0000665903498884,0.000077023076301,0.000138305738801,0.000090630746854,0.000089628076239,0.0000764780270401,0.0000584778426855],"mean":[0.00300570647232,0.00329158711247,0.00110645010136,0.000734619097784,0.00074402167229,0.00058284465922,0.000462009105831,0.000268248375505,0.000160466661328,0.000214795130887,0.000276279752143,0.00011080292461,0.0000959446842899,0.000133064138936,0.000127829640405,0.000135584952659,0.000160905285156,0.000138525661896,0.0000993561334326,0.0000841676737764,0.0000616948236711,0.0000602083964623,0.0000259596145042,0.0000173662920133,0.0000217257693294,0.0000139585072247,0.00000643435623715,0.00000413370071328,0.00000290158550342,0.00000247841785495,0.00000200700628739,0.00000196705559574,0.00000184862744845,0.00000173610555976,0.00000202718774744,0.00000210595544559,0.00000190014509371,0.00000156819976382,0.00000118728326015,8.61619582793e-7],"median":[0.00106710987166,0.00243125390261,0.000703246856574,0.000435825437307,0.000472570682177,0.00038092728937,0.000262151355855,0.000121450437291,0.0000956672374741,0.000137544688187,0.000175829118234,0.0000732258558855,0.0000583196888329,0.0000745532379369,0.0000561320011911,0.0000668235734338,0.0000930704554776,0.0000637570774416,0.0000507536351506,0.000042022755224,0.0000355864285666,0.0000294980418403,0.0000154882454808,0.00000973700207396,0.0000123886575238,0.00000680960874888,0.00000410715938415,0.00000306008541884,0.00000212564873436,0.00000181470534244,0.00000142861551922,0.00000127454097765,8.95283676527e-7,9.59449153015e-7,9.85857354863e-7,7.98931409918e-7,6.62709169319e-7,6.0051024775e-7,3.16109804999e-7,2.9682982472e-7],"min":[1.78145835264e-24,2.23876279433e-24,1.66941979093e-24,2.15051963018e-24,2.28226571224e-24,8.58598082787e-25,1.93503990734e-24,1.32803500799e-24,2.2324844476e-24,4.21058846897e-24,3.21628609592e-24,2.10624343137e-24,3.10217184395e-24,2.88537708998e-24,3.89071523266e-24,3.47737420643e-24,2.95499544537e-24,4.38086567308e-24,2.20699063251e-24,5.1750344289e-24,3.78117400736e-24,5.47005618011e-24,4.01288888207e-24,5.64190716173e-24,4.58661243008e-24,5.25623424846e-24,5.97794258026e-24,6.97500951635e-24,4.33370007399e-24,5.22476579809e-24,5.91114144438e-24,5.65458100103e-24,6.67662051237e-24,6.76694666374e-24,5.37773342179e-24,6.2285668453e-24,6.02622757298e-24,6.00443805149e-24,5.80141089246e-24,5.75198126257e-24],"var":[0.0000244440398092,0.0000127876191982,0.00000216895909944,9.08277456801e-7,7.81577682574e-7,4.47538383241e-7,3.71081824824e-7,1.44561127513e-7,4.32602291767e-8,6.75046507581e-8,1.26272965417e-7,1.906042435e-8,2.14836628487e-8,3.27899591923e-8,4.92928506901e-8,3.67468544482e-8,3.7306513434e-8,4.24855528536e-8,2.59005474845e-8,2.61762789222e-8,7.84601805748e-9,8.59472581993e-9,1.26467425421e-9,7.00589808389e-10,1.1378619158e-9,7.03563152182e-10,8.5470311384e-11,2.3142538233e-11,1.7928481616e-11,1.51605082654e-11,8.17408033621e-12,9.86909946127e-12,1.6274301351e-11,1.20281623203e-11,1.75792071871e-11,3.47385974153e-11,3.25098281628e-11,1.9408639626e-11,1.37143343557e-11,6.66037017205e-12]},"melbands_crest":{"dmean":3.41573739052,"dmean2":5.37751150131,"dvar":11.0908527374,"dvar2":26.3193969727,"max":38.3325119019,"mean":14.8267593384,"median":13.9924402237,"min":1.58109748363,"var":34.3834152222},"melbands_flatness_db":{"dmean":0.0252999123186,"dmean2":0.0383673608303,"dvar":0.000762923329603,"dvar2":0.00162953324616,"max":0.533212125301,"mean":0.196535125375,"median":0.184149116278,"min":0.00368292047642,"var":0.00418970081955},"melbands_kurtosis":{"dmean":10.1819448471,"dmean2":15.3783874512,"dvar":1340.80529785,"dvar2":2571.05541992,"max":1878.14025879,"mean":16.8711795807,"median":4.67223978043,"min":-1.90958607197,"var":3577.28149414},"melbands_skewness":{"dmean":0.774856925011,"dmean2":1.17992591858,"dvar":1.28548538685,"dvar2":2.69100999832,"max":37.3926124573,"mean":2.5635638237,"median":2.02431130409,"min":-1.74198007584,"var":5.62487125397},"melbands_spread":{"dmean":7.08751821518,"dmean2":10.7314462662,"dvar":131.292785645,"dvar2":265.897644043,"max":280.582244873,"mean":27.5119953156,"median":23.1392860413,"min":0.287276536226,"var":505.899719238},"mfcc":{"cov":[[9096.08105469,1031.4362793,-856.694458008,-504.49118042,77.5173873901,-75.6010971069,-270.776519775,-13.6664981842,-73.0404281616,14.1771831512,-69.7396316528,-18.397233963,-17.5709857941],[1031.4362793,1341.79211426,-344.175018311,16.8040733337,-49.6804580688,-37.6219367981,-58.2381057739,-36.6466369629,45.1217002869,39.2657928467,20.3750915527,19.6208133698,45.1171264648],[-856.694458008,-344.175018311,744.318481445,107.332214355,13.9715042114,47.3526725769,52.286567688,-10.1354923248,54.3028488159,-6.14077806473,-6.41270399094,11.5146989822,-9.13933372498],[-504.49118042,16.8040733337,107.332214355,242.49281311,32.2154312134,17.4779224396,23.4257564545,9.38450336456,28.0377883911,26.5157146454,11.9543008804,6.22593021393,14.3173027039],[77.5173873901,-49.6804580688,13.9715042114,32.2154312134,154.073425293,76.9144287109,29.1184825897,36.9093513489,36.9301452637,30.957906723,13.8131036758,16.8354759216,21.4823799133],[-75.6010971069,-37.6219367981,47.3526725769,17.4779224396,76.9144287109,156.588790894,69.0566329956,43.2394447327,33.2775115967,19.5844154358,13.1475973129,29.9323616028,24.2054004669],[-270.776519775,-58.2381057739,52.286567688,23.4257564545,29.1184825897,69.0566329956,122.341621399,58.6966934204,21.0108242035,11.9595346451,24.2662258148,22.5865974426,13.852640152],[-13.6664981842,-36.6466369629,-10.1354923248,9.38450336456,36.9093513489,43.2394447327,58.6966934204,100.132919312,39.1621742249,20.9685249329,15.3898925781,19.702249527,15.0523366928],[-73.0404281616,45.1217002869,54.3028488159,28.0377883911,36.9301452637,33.2775115967,21.0108242035,39.1621742249,121.024589539,62.2691383362,20.2367172241,20.7840538025,21.1185092926],[14.1771831512,39.2657928467,-6.14077806473,26.5157146454,30.957906723,19.5844154358,11.9595346451,20.9685249329,62.2691383362,97.413848877,45.5140190125,15.0749778748,15.1504507065],[-69.7396316528,20.3750915527,-6.41270399094,11.9543008804,13.8131036758,13.1475973129,24.2662258148,15.3898925781,20.2367172241,45.5140190125,75.7779998779,31.7015552521,10.4048061371],[-18.397233963,19.6208133698,11.5146989822,6.22593021393,16.8354759216,29.9323616028,22.5865974426,19.702249527,20.7840538025,15.0749778748,31.7015552521,74.9013442993,37.4396438599],[-17.5709857941,45.1171264648,-9.13933372498,14.3173027039,21.4823799133,24.2054004669,13.852640152,15.0523366928,21.1185092926,15.1504507065,10.4048061371,37.4396438599,72.4968261719]],"icov":[[0.000160771771334,-0.00012085463095,0.0000520870671608,0.000311523326673,-0.000226855554502,-0.00000678785090713,0.000327592308167,-0.000215280422708,0.000199655813049,-0.00020950329781,0.000223452268983,-0.000122925514006,0.000127846986288],[-0.00012085463095,0.0010587888537,0.000498776731547,-0.000514076149557,0.000624958367553,-0.000104673024907,-0.0000748015299905,0.000781787850428,-0.000973114743829,0.000295842706691,-0.000350698537659,0.0000150524365381,-0.000557871011551],[0.0000520870671608,0.000498776731547,0.00196372088976,-0.000721735821571,0.000266968971118,-0.000326955341734,-0.000688167987391,0.00136035878677,-0.0016485870583,0.000831409473903,0.000225252195378,-0.000495215237606,0.00050131889293],[0.000311523326673,-0.000514076149557,-0.000721735821571,0.00539278425276,-0.00138238375075,0.000513309496455,-0.000124634010717,-0.000336304190569,0.000592322554439,-0.00149120995775,0.000466727506137,0.000299211242236,-0.000511101447046],[-0.000226855554502,0.000624958367553,0.000266968971118,-0.00138238375075,0.0100095402449,-0.00448562949896,0.001118491753,-0.00129729171749,-0.00111126399133,-0.000880835985299,-0.000612002681009,0.000839560641907,-0.0013879413018],[-0.00000678785090713,-0.000104673024907,-0.000326955341734,0.000513309496455,-0.00448562949896,0.0113660367206,-0.00524060474709,0.000204820811632,-0.000392898102291,-0.00058052665554,0.00188453239389,-0.00233976868913,-0.000412346358644],[0.000327592308167,-0.0000748015299905,-0.000688167987391,-0.000124634010717,0.001118491753,-0.00524060474709,0.0159695744514,-0.00781035143882,0.00138125778176,0.00126467668451,-0.00380015722476,0.000408341264119,-0.000279825355392],[-0.000215280422708,0.000781787850428,0.00136035878677,-0.000336304190569,-0.00129729171749,0.000204820811632,-0.00781035143882,0.0174378082156,-0.00512474169955,0.000802042428404,0.000359306286555,-0.00125726568513,-0.000189979866263],[0.000199655813049,-0.000973114743829,-0.0016485870583,0.000592322554439,-0.00111126399133,-0.000392898102291,0.00138125778176,-0.00512474169955,0.0163536444306,-0.0104049853981,0.00385794858448,-0.00195954414085,-0.000541375309695],[-0.00020950329781,0.000295842706691,0.000831409473903,-0.00149120995775,-0.000880835985299,-0.00058052665554,0.00126467668451,0.000802042428404,-0.0104049853981,0.0230006929487,-0.0128811327741,0.00441147806123,-0.00199414347298],[0.000223452268983,-0.000350698537659,0.000225252195378,0.000466727506137,-0.000612002681009,0.00188453239389,-0.00380015722476,0.000359306286555,0.00385794858448,-0.0128811327741,0.0249085240066,-0.0103984056041,0.00377555098385],[-0.000122925514006,0.0000150524365381,-0.000495215237606,0.000299211242236,0.000839560641907,-0.00233976868913,0.000408341264119,-0.00125726568513,-0.00195954414085,0.00441147806123,-0.0103984056041,0.0236312355846,-0.0105078564957],[0.000127846986288,-0.000557871011551,0.00050131889293,-0.000511101447046,-0.0013879413018,-0.000412346358644,-0.000279825355392,-0.000189979866263,-0.000541375309695,-0.00199414347298,0.00377555098385,-0.0105078564957,0.0204370357096]],"mean":[-621.94720459,126.328117371,-8.34936714172,16.5188236237,16.5096874237,8.26275539398,-1.55872106552,3.21033501625,-2.47096943855,4.03436660767,-0.750308930874,-0.866369605064,-2.66593337059]},"pitch_salience":{"dmean":0.0783639773726,"dmean2":0.126214236021,"dvar":0.00617655320093,"dvar2":0.0149725656956,"max":0.87373560667,"mean":0.545284032822,"median":0.564100325108,"min":0.0417535007,"var":0.0172592960298},"silence_rate_20dB":{"dmean":0,"dmean2":0,"dvar":0,"dvar2":0,"max":1,"mean":1,"median":1,"min":1,"var":0},"silence_rate_30dB":{"dmean":0.00672371638939,"dmean2":0.0134488027543,"dvar":0.00667887507007,"dvar2":0.0193817354739,"max":1,"mean":0.996332883835,"median":1,"min":0,"var":0.00365382595919},"silence_rate_60dB":{"dmean":0.0132436836138,"dmean2":0.0264900662005,"dvar":0.0130682438612,"dvar2":0.0286413338035,"max":1,"mean":0.0657023563981,"median":0,"min":0,"var":0.061381790787},"spectral_centroid":{"dmean":209.280258179,"dmean2":305.916992188,"dvar":96106.21875,"dvar2":189791.59375,"max":11587.4541016,"mean":1368.60900879,"median":1298.83459473,"min":162.629577637,"var":671749},"spectral_complexity":{"dmean":3.02770996094,"dmean2":4.82180356979,"dvar":9.07461166382,"dvar2":19.3565692902,"max":53,"mean":24.0180301666,"median":27,"min":0,"var":127.683494568},"spectral_contrast_coeffs":{"dmean":[0.0522186420858,0.0462972223759,0.0373308956623,0.030019255355,0.0220489650965,0.0148955937475],"dmean2":[0.0842516422272,0.0739447548985,0.0596499145031,0.0477732904255,0.035190872848,0.0235023424029],"dvar":[0.00211668014526,0.00149713747669,0.000944499683101,0.000677688512951,0.000366017251508,0.000189257916645],"dvar2":[0.00515642110258,0.00367811601609,0.0023708450608,0.00154357182328,0.000818774220534,0.000457623362308],"max":[-0.270229429007,-0.352565288544,-0.442864954472,-0.448703527451,-0.517112076283,-0.663366019726],"mean":[-0.646398603916,-0.728296875954,-0.762219786644,-0.770296275616,-0.780361175537,-0.78041768074],"median":[-0.659462869167,-0.731310665607,-0.763269901276,-0.777406215668,-0.784750640392,-0.776473641396],"min":[-0.979488015175,-0.9743694067,-0.973046064377,-0.97251355648,-0.965504229069,-0.962673485279],"var":[0.0102641088888,0.00635960651562,0.00483265379444,0.00454081967473,0.00267328787595,0.0010312065715]},"spectral_contrast_valleys":{"dmean":[0.394055634737,0.354519695044,0.309627443552,0.26533845067,0.203244924545,0.228581830859],"dmean2":[0.646425902843,0.567367434502,0.489760607481,0.422076046467,0.31765666604,0.289525300264],"dvar":[0.153098613024,0.15332877636,0.122433118522,0.111012339592,0.0811657011509,0.0984917581081],"dvar2":[0.350507229567,0.320221453905,0.24539244175,0.210749581456,0.14657177031,0.151554018259],"max":[-5.04119873047,-4.72268867493,-5.38804388046,-5.54593610764,-5.55499696732,-7.35451221466],"mean":[-7.09743928909,-6.65007448196,-7.13116693497,-7.19094896317,-7.46067237854,-10.0426473618],"median":[-6.74619197845,-6.27254962921,-6.68698358536,-6.71132326126,-7.14510011673,-9.81134796143],"min":[-27.815694809,-27.9128551483,-27.6935653687,-27.7091503143,-27.4584350586,-27.3685073853],"var":[2.58085250854,2.70236134529,2.60897803307,2.71194863319,2.18741035461,2.01444196701]},"spectral_decrease":{"dmean":2.8858215817e-9,"dmean2":4.6643249263e-9,"dvar":1.71685654018e-17,"dvar2":4.36732470623e-17,"max":1.36153075751e-28,"mean":-1.0250876592e-8,"median":-9.98143256936e-9,"min":-4.20465156026e-8,"var":3.64778477591e-17},"spectral_energy":{"dmean":0.0110923526809,"dmean2":0.0179243423045,"dvar":0.000247949181357,"dvar2":0.000630521855783,"max":0.160508334637,"mean":0.0413549467921,"median":0.0408648736775,"min":1.04599056409e-20,"var":0.000552645127755},"spectral_energyband_high":{"dmean":0.0002607270726,"dmean2":0.000364586390788,"dvar":5.98258850459e-7,"dvar2":0.00000112861960133,"max":0.0207814220339,"mean":0.00070353312185,"median":0.000404416001402,"min":7.11351496885e-21,"var":0.00000183814904631},"spectral_energyband_low":{"dmean":0.00890228431672,"dmean2":0.0144388144836,"dvar":0.000240082139499,"dvar2":0.000615019758698,"max":0.141786321998,"mean":0.0178049188107,"median":0.0127462949604,"min":1.99698907534e-23,"var":0.000379988574423},"spectral_energyband_middle_high":{"dmean":0.00211420282722,"dmean2":0.00317075080238,"dvar":0.00000706713444742,"dvar2":0.0000160117961059,"max":0.045447204262,"mean":0.0101647917181,"median":0.00869204942137,"min":1.22920806074e-21,"var":0.0000656137344777},"spectral_energyband_middle_low":{"dmean":0.00454560993239,"dmean2":0.0072038997896,"dvar":0.0000449433428003,"dvar2":0.000110886670882,"max":0.0970957577229,"mean":0.0139450514689,"median":0.0122308433056,"min":1.51673251261e-22,"var":0.000101012454252},"spectral_entropy":{"dmean":0.126526400447,"dmean2":0.180806934834,"dvar":0.0241383239627,"dvar2":0.0451558530331,"max":9.81800842285,"mean":7.62625598907,"median":7.65597343445,"min":5.30622959137,"var":0.162093177438},"spectral_flux":{"dmean":0.0280932486057,"dmean2":0.0434751473367,"dvar":0.00101664313115,"dvar2":0.002192446962,"max":0.327078938484,"mean":0.0964856222272,"median":0.0920885577798,"min":6.51565468246e-11,"var":0.00255871983245},"spectral_kurtosis":{"dmean":1.45587992668,"dmean2":2.41500067711,"dvar":3.45364713669,"dvar2":10.0017957687,"max":36.713508606,"mean":5.76591539383,"median":5.55467987061,"min":-1.25113415718,"var":9.2376537323},"spectral_rms":{"dmean":0.000802706112154,"dmean2":0.0012627330143,"dvar":0.00000101645548511,"dvar2":0.00000240655026573,"max":0.0125137325376,"mean":0.00598361250013,"median":0.00631412444636,"min":3.19449306417e-12,"var":0.000004542514489},"spectral_rolloff":{"dmean":442.474639893,"dmean2":723.739562988,"dvar":1040971.3125,"dvar2":2116236.25,"max":19530.6152344,"mean":1586.4239502,"median":1378.125,"min":43.06640625,"var":3429778},"spectral_skewness":{"dmean":0.180458366871,"dmean2":0.291330724955,"dvar":0.0397897846997,"dvar2":0.103171393275,"max":5.40260124207,"mean":1.76908636093,"median":1.77884948254,"min":-0.0905867889524,"var":0.15938347578},"spectral_spread":{"dmean":504845.65625,"dmean2":647011.25,"dvar":677011259392,"dvar2":1075169329150,"max":42278372,"mean":4545310.5,"median":3934976.25,"min":1632241,"var":7697465344000},"spectral_strongpeak":{"dmean":0.537701249123,"dmean2":0.942342042923,"dvar":1.30334413052,"dvar2":3.33059096336,"max":12.7050552368,"mean":0.890703558922,"median":0.472359240055,"min":0,"var":1.86839389801},"zerocrossingrate":{"dmean":0.0106061892584,"dmean2":0.0118875466287,"dvar":0.000298322294839,"dvar2":0.000323707412463,"max":0.51953125,"mean":0.0621001534164,"median":0.05419921875,"min":0.00244140625,"var":0.00246177962981}},"metadata":{"audio_properties":{"analysis_sample_rate":44100,"bit_rate":1060212,"codec":"alac","downmix":"mix","equal_loudness":0,"length":227.919998169,"lossless":true,"md5_encoded":"d4365cd7c29191444b9a09f399da3946","replay_gain":-14.8100585938,"sample_rate":44100},"tags":{"album":["Berlin"],"albumartistsort":["Kadavar"],"artist":["Kadavar"],"artistsort":["Kadavar"],"barcode":["727361351502"],"catalognumber":["NB 3515-0"],"compilation":["0"],"date":["2015"],"discnumber":["1/1"],"file_name":"10 Kadavar - Circles in My Mind.m4a","genre":["Hard Rock"],"label":["Nuclear Blast"],"media":["CD"],"musicbrainz_albumartistid":["aa262bd7-2217-4590-b2e3-38d148508916"],"musicbrainz_albumid":["94e494ee-9cd5-4aee-982f-341e7f80b3ae"],"musicbrainz_artistid":["aa262bd7-2217-4590-b2e3-38d148508916"],"musicbrainz_recordingid":["fdcb4628-13f1-4f4f-a493-1fed5656465a"],"musicbrainz_releasegroupid":["8f7ad174-6713-48b8-b2b5-648e9007e1a8"],"script":["Latn"],"title":["Circles in My Mind"],"tracknumber":["10/12"]},"version":{"essentia":"2.1-beta2","essentia_build_sha":"2d9f1f26377add8aeb1075a9c2973f962c4f09fd","essentia_git_sha":"v2.1_beta2-1-ge3940c0","extractor":"music 1.0"}},"rhythm":{"beats_count":400,"beats_loudness":{"dmean":0.0183752495795,"dmean2":0.0326267518103,"dvar":0.000285070011159,"dvar2":0.000831337878481,"max":0.137310683727,"mean":0.0490991324186,"median":0.0475782081485,"min":1.16903953185e-9,"var":0.000386796658859},"beats_loudness_band_ratio":{"dmean":[0.192490696907,0.102241829038,0.0901072248816,0.0790974497795,0.0750317052007,0.0303887035698],"dmean2":[0.313345700502,0.179248854518,0.155136957765,0.135087788105,0.130783006549,0.0559511147439],"dvar":[0.0239494405687,0.00712682539597,0.0068204109557,0.00507569592446,0.0049845688045,0.00214557931758],"dvar2":[0.0620493143797,0.0212216600776,0.0177168920636,0.0130634047091,0.0137492567301,0.00620307773352],"max":[0.970772147179,0.628082454205,0.521803438663,0.545352935791,0.48907122016,0.334396898746],"mean":[0.49045744538