{"lowlevel":{"average_loudness":0.175474688411,"barkbands":{"dmean":[0.000014860623196,0.00183189311065,0.00281433737837,0.00234748516232,0.00374005711637,0.000886921305209,0.000406291132094,0.000177566922503,0.000322451378452,0.000456263893284,0.000139295487315,0.000089776054665,0.0000726551588741,0.000137893148349,0.000120933080325,0.0000417653682234,0.0000493580228067,0.0000359772930096,0.000034105625673,0.0000409837921325,0.000055943710322,0.000068556277256,0.0000574204605073,0.000054155709222,0.00003606169048,0.00000312365159516,8.84060540329e-8],"dmean2":[0.0000250500997936,0.00294187036343,0.00457503972575,0.00384064461105,0.00606767740101,0.00135806167964,0.000560321728699,0.000266541115707,0.000460333161755,0.000574416713789,0.000216342887143,0.000134233254357,0.000107983978523,0.000194903623196,0.000185465047252,0.0000639567806502,0.0000809728517197,0.0000583502878726,0.000054036740039,0.000065944987,0.0000856067927089,0.000102803060145,0.0000872158489074,0.0000814744489617,0.0000568539726373,0.00000452935591966,1.42840974604e-7],"dvar":[3.65149066539e-9,0.0000327850502799,0.0000334870601364,0.0000211665192182,0.0000543145906704,0.0000094438692031,0.00000256438966062,7.92833589003e-7,0.00000325630981024,0.0000155260404426,6.44496253699e-7,3.0679353813e-7,2.76033489399e-7,0.00000103421439235,7.33387707896e-7,4.92717617817e-8,2.97799598314e-8,2.06640926592e-8,1.94689970812e-8,5.04141191016e-8,4.53953568069e-8,2.02081466227e-7,1.14429290932e-7,1.93973605178e-7,5.89786175453e-8,6.73119393557e-10,2.55084256669e-13],"dvar2":[1.05135598005e-8,0.0000901976600289,0.0000919263038668,0.0000579038496653,0.000143601064337,0.0000219832436414,0.00000485762848257,0.00000181603047622,0.00000621399021838,0.0000226157553698,0.00000144977309446,7.70595079302e-7,5.33990373697e-7,0.00000147998446209,0.00000148169533531,8.73183907402e-8,7.48982387222e-8,5.32122683694e-8,5.14615798863e-8,1.17940757605e-7,9.41346200989e-8,3.79487147484e-7,2.31862131272e-7,4.41087053105e-7,1.25249087546e-7,1.34251754158e-9,6.0064973828e-13],"max":[0.00236985692754,0.297304391861,0.0978760868311,0.121538646519,0.166300550103,0.0925989970565,0.0575871989131,0.0270752552897,0.0895916819572,0.190107271075,0.0371845588088,0.0284457076341,0.0318601503968,0.0622048228979,0.0412227772176,0.0125112570822,0.00360500672832,0.00533845927566,0.00462293950841,0.0101042436436,0.00793768279254,0.0178655032068,0.0105680068955,0.0198817886412,0.0160335730761,0.00150864582974,0.0000185737917491],"mean":[0.0000206888689718,0.00457007018849,0.00546366488561,0.00393076473847,0.00637147063389,0.0019035540754,0.000777251087129,0.00026640939177,0.000544615555555,0.000840517226607,0.000224942923523,0.000139282812597,0.000111917295726,0.000226407370064,0.000151495914906,0.0000642456725473,0.000068710083724,0.0000569682124478,0.0000501091817569,0.0000584938243264,0.0000777202876634,0.000094450704637,0.0000740540490369,0.000066829037678,0.0000391234680137,0.00000407307425121,1.87225197124e-7],"median":[0.00000483856092615,0.000868708943017,0.00147803523578,0.00175862305332,0.00297957891598,0.000293625926133,0.0000682114550727,0.0000195327447727,0.0000242715796048,0.0000106831148514,0.0000216022181121,0.0000116030078061,0.00000762145691624,0.00000849020125315,0.0000100873785414,0.0000101549185274,0.0000128493684315,0.0000112377629193,0.00000718871388017,0.00000641061660644,0.0000058808986978,0.00000433314698967,0.00000375456374968,0.00000318995148518,0.00000155842303684,3.41719186281e-7,9.8492407119e-8],"min":[1.78495791217e-25,2.75953582901e-24,2.84499332809e-25,1.24352557181e-25,8.3373170794e-24,5.68071990713e-24,7.2539736094e-24,4.14429969824e-24,1.27640723691e-23,1.62142849112e-23,9.40424435397e-24,1.57703613254e-23,2.45776351894e-23,2.54585545845e-23,4.7397653572e-23,4.5797073728e-23,6.52538041516e-23,8.41418920804e-23,1.11727165178e-22,1.51319172622e-22,2.40535428252e-22,2.84948625382e-22,3.80127432522e-22,5.58084532025e-22,8.25241150686e-22,1.26155504341e-21,1.71985268465e-21],"var":[4.2355026153e-9,0.0000667616404826,0.0000753489221097,0.0000371780224668,0.000101617813925,0.0000277070212178,0.0000082170981841,0.00000135759364639,0.0000095255109045,0.0000597305879637,0.00000119708556667,5.16805243933e-7,4.65883601919e-7,0.00000338142376677,0.0000010686043197,8.76561827567e-8,3.95289703192e-8,3.01737159702e-8,2.72249192079e-8,1.05288364693e-7,1.13046397132e-7,4.42967547087e-7,2.0204360851e-7,2.70852751783e-7,1.05462405031e-7,1.04144814994e-9,3.98461184837e-13]},"barkbands_crest":{"dmean":2.61270332336,"dmean2":4.29330348969,"dvar":5.922519207,"dvar2":15.4114427567,"max":26.4739665985,"mean":12.5489730835,"median":12.0435113907,"min":3.61836767197,"var":16.4851741791},"barkbands_flatness_db":{"dmean":0.0309734288603,"dmean2":0.0442573949695,"dvar":0.00101735803764,"dvar2":0.00187590857968,"max":0.490525901318,"mean":0.229236230254,"median":0.22506518662,"min":0.0357563719153,"var":0.00611840514466},"barkbands_kurtosis":{"dmean":12.6853322983,"dmean2":19.9683589935,"dvar":487.723175049,"dvar2":1138.64404297,"max":615.01940918,"mean":26.6751747131,"median":17.5900440216,"min":-1.96025514603,"var":1111.61975098},"barkbands_skewness":{"dmean":0.994087874889,"dmean2":1.52232062817,"dvar":1.17936968803,"dvar2":2.656676054,"max":19.0244464874,"mean":3.31747913361,"median":3.25512909889,"min":-6.89952325821,"var":4.9025478363},"barkbands_spread":{"dmean":4.84033441544,"dmean2":7.61971139908,"dvar":85.3753814697,"dvar2":188.593688965,"max":151.149185181,"mean":11.0829057693,"median":5.70822143555,"min":0.131541669369,"var":233.498672485},"dissonance":{"dmean":0.0232672896236,"dmean2":0.0382329672575,"dvar":0.000591682386585,"dvar2":0.00152169528883,"max":0.5,"mean":0.446042835712,"median":0.454444259405,"min":0.152658477426,"var":0.00159551738761},"dynamic_complexity":5.26309537888,"erbbands":{"dmean":[0.0254618637264,0.526809096336,2.86515831947,5.18464756012,13.7773065567,10.0369405746,6.77330493927,7.4181895256,6.40416574478,4.63102245331,4.39857387543,6.79949855804,12.0255718231,8.43595981598,4.6959939003,3.20728635788,3.5643093586,5.34426832199,7.13675642014,4.47401857376,1.91914916039,2.96659970284,1.94011294842,1.74401140213,1.74503219128,1.89825987816,2.161008358,2.34299302101,2.59489250183,1.98224639893,1.69023787975,1.3406213522,0.790399074554,0.605389297009,0.136661529541,0.0276300907135,0.00370602798648,0.000325397908455,0.0000213267048821,0.0000107659643618],"dmean2":[0.0397165007889,0.846257805824,4.65596532822,8.30909156799,22.8729953766,15.6943016052,10.6735553741,11.2667036057,8.71489429474,6.83593463898,6.44869852066,9.85681819916,15.374089241,11.2246770859,6.98150396347,4.77298641205,5.19774341583,7.41799592972,10.6824235916,6.83830165863,2.97327542305,4.8125576973,3.14800143242,2.75768971443,2.85708069801,2.97836685181,3.43227458,3.58641457558,3.93940472603,2.93338036537,2.57204532623,2.00856232643,1.22388231754,0.976462960243,0.208129405975,0.0403773225844,0.00560620892793,0.000496295688208,0.0000330478069372,0.0000161977204698],"dvar":[0.00808511208743,2.42347669601,34.0958747864,111.54258728,747.485839844,461.759124756,413.194366455,1003.80114746,717.671081543,294.93963623,420.178375244,1812.61071777,7451.47558594,3913.52099609,553.976135254,377.756835938,682.10357666,2094.05932617,2313.25048828,938.784790039,39.9023094177,106.58228302,47.6180458069,62.1531906128,90.3855361938,98.7876586914,73.9953994751,98.2138137817,308.32244873,153.963516235,110.786872864,151.303329468,30.6883888245,12.1235485077,1.71210873127,0.0586545802653,0.000791827216744,0.00000319648961522,1.25830776909e-8,3.54840073991e-10],"dvar2":[0.0226243138313,6.67468166351,94.0089035034,300.221984863,2042.37438965,1130.01281738,1090.29589844,2350.34912109,1303.17822266,694.581970215,959.093994141,3656.63696289,12195.6816406,5526.10888672,1190.08251953,869.957824707,1317.34448242,2980.42504883,4558.875,2089.97216797,84.2902603149,259.04788208,120.191108704,167.877151489,245.567123413,215.273284912,151.248474121,205.114562988,608.072021484,294.335723877,240.539047241,349.051940918,68.8348083496,26.7327289581,3.6958899498,0.108533754945,0.00165878597181,0.000006623293757,2.81138010649e-8,8.05000288651e-10],"max":[3.97963953018,79.1326904297,128.591842651,330.45526123,481.474487305,837.195800781,638.1171875,1162.72973633,1058.40673828,497.008453369,540.938842773,1799.38330078,3715.00219727,3041.59570313,946.008850098,1213.72961426,1585.5324707,2871.51000977,2364.05932617,1970.79187012,274.721740723,254.333557129,166.463989258,336.068847656,413.369812012,514.473937988,253.784317017,430.356811523,753.847167969,553.511901855,313.477233887,618.513061523,236.307662964,197.327346802,91.0421524048,15.9858493805,1.51031684875,0.082253433764,0.00487295817584,0.000663742073812],"mean":[0.0693383291364,1.28857290745,5.84762191772,10.1714076996,20.7064685822,19.3834190369,14.5919427872,15.6894598007,13.0944738388,8.1237077713,7.15442705154,11.7545003891,22.3242359161,15.9231548309,8.35139274597,5.39047718048,5.81491613388,9.10311508179,10.7717523575,5.98288297653,3.16085839272,4.21402215958,3.04139447212,2.89809012413,2.58529925346,2.73020768166,3.09012937546,3.12545275688,3.44933509827,2.66759252548,2.08150959015,1.62117695808,0.968510866165,0.625565886497,0.165716230869,0.0358750596642,0.00486626941711,0.000495257903822,0.0000480321978102,0.0000322617670463],"median":[0.00920442119241,0.295113503933,1.939437747,4.8708190918,8.92472648621,8.63421630859,4.05426931381,2.0551006794,1.21292054653,0.945556402206,0.566283285618,0.483983337879,0.481328368187,0.620171487331,0.855356693268,0.546754062176,0.473922431469,0.434853136539,0.516317367554,0.626425385475,0.595532298088,0.807278394699,0.599558413029,0.546875596046,0.381744414568,0.298431634903,0.267389982939,0.187686830759,0.148511469364,0.138080999255,0.0995007678866,0.0732451528311,0.0496706217527,0.0230542682111,0.00795515440404,0.00221103057265,0.000524050265085,0.0000990421758615,0.0000253969028563,0.0000226413030759],"min":[8.69594192439e-23,5.05703360125e-22,1.61119041448e-21,8.9039510398e-22,1.31773530885e-20,2.12036618633e-20,3.42051429441e-20,3.3182876954e-20,8.87574684663e-20,1.24749098582e-19,1.8292164791e-19,2.61511677243e-19,4.30302249782e-19,6.76339471565e-19,6.15591430777e-19,9.69888293373e-19,1.49153454724e-18,1.50481203684e-18,1.97500972455e-18,3.30049986133e-18,3.35612982548e-18,4.27504849028e-18,4.84715059016e-18,6.17209085863e-18,7.35816528663e-18,8.72890365049e-18,6.79133604957e-18,1.10320581988e-17,1.03332353378e-17,1.0271215817e-17,1.05865023249e-17,9.80271808884e-18,9.88853145995e-18,7.43939690433e-18,6.74871019183e-18,4.42066743326e-18,2.28013431865e-18,8.4916216185e-19,2.43163932377e-19,2.70625369055e-20],"var":[0.0183412656188,4.97522306442,79.4780960083,210.614395142,1127.00061035,1156.80993652,953.250732422,2627.8046875,2513.57275391,568.005004883,733.499938965,4854.30273438,28127.3691406,14819.125,1253.93188477,715.856506348,1134.81311035,6433.78173828,4619.43066406,1152.56970215,87.4791641235,154.509796143,70.6931838989,80.7613983154,118.659179688,230.371231079,183.195602417,243.669662476,615.241943359,315.51550293,170.52507019,187.939682007,49.1527137756,20.2241573334,3.00415015221,0.10577724129,0.00111727591138,0.00000545345301362,2.15739834886e-8,1.40203315624e-9]},"erbbands_crest":{"dmean":2.94876098633,"dmean2":4.7750711441,"dvar":9.15451335907,"dvar2":21.4365749359,"max":33.8617630005,"mean":11.5249834061,"median":10.6901426315,"min":1.91009187698,"var":28.6269721985},"erbbands_flatness_db":{"dmean":0.0225952714682,"dmean2":0.0328747332096,"dvar":0.000517847016454,"dvar2":0.000992320827208,"max":0.407929390669,"mean":0.181271731853,"median":0.180200248957,"min":0.0100036915392,"var":0.00263358210213},"erbbands_kurtosis":{"dmean":3.33825540543,"dmean2":5.27300977707,"dvar":37.7115478516,"dvar2":88.636138916,"max":113.300941467,"mean":4.61370038986,"median":1.56249439716,"min":-1.90862464905,"var":73.4991226196},"erbbands_skewness":{"dmean":0.675055801868,"dmean2":0.98804628849,"dvar":0.593546450138,"dvar2":1.16060841084,"max":9.76462936401,"mean":1.28183972836,"median":1.24784207344,"min":-6.87345170975,"var":2.73839211464},"erbbands_spread":{"dmean":12.2463827133,"dmean2":19.179391861,"dvar":255.996017456,"dvar2":592.325805664,"max":179.223754883,"mean":39.2980690002,"median":34.3019256592,"min":1.85832703114,"var":614.578308105},"gfcc":{"cov":[[50424.3007813,5025.06494141,-4273.32226563,2145.71435547,-3079.48901367,579.49432373,-1866.91955566,7.96231794357,-951.003051758,-387.091156006,-698.354003906,-382.625030518,-162.990356445],[5025.06494141,1658.81848145,-201.052124023,61.1403503418,42.9394569397,-117.783370972,-32.1960144043,-28.2086200714,-40.8641700745,-143.056381226,55.9289131165,-84.5348968506,-26.2400245667],[-4273.32226563,-201.052124023,1086.0168457,132.328125,447.343261719,48.171131134,230.376327515,96.4808883667,114.995666504,13.5101079941,111.467483521,27.5580253601,20.5007801056],[2145.71435547,61.1403503418,132.328125,645.268310547,82.7502670288,60.3003768921,-42.01039505,54.3680877686,-14.0993394852,-7.41892528534,-24.1077461243,5.7821688652,30.3061237335],[-3079.48901367,42.9394569397,447.343261719,82.7502670288,786.141235352,70.2498855591,161.664550781,16.213722229,34.3150863647,39.0552024841,100.666061401,2.97796821594,45.5698394775],[579.49432373,-117.783370972,48.171131134,60.3003768921,70.2498855591,341.06842041,33.1832008362,38.7006378174,0.874425172806,68.4136276245,19.1053314209,-27.4256191254,5.56046247482],[-1866.91955566,-32.1960144043,230.376327515,-42.01039505,161.664550781,33.1832008362,308.739379883,56.129108429,53.3660926819,11.431511879,58.496761322,32.0122718811,6.8870716095],[7.96231794357,-28.2086200714,96.4808883667,54.3680877686,16.213722229,38.7006378174,56.129108429,174.112335205,61.3043403625,12.7811565399,13.3962993622,5.89335680008,25.5876464844],[-951.003051758,-40.8641700745,114.995666504,-14.0993394852,34.3150863647,0.874425172806,53.3660926819,61.3043403625,193.893218994,55.8048210144,22.6906299591,-20.4130821228,2.7150144577],[-387.091156006,-143.056381226,13.5101079941,-7.41892528534,39.0552024841,68.4136276245,11.431511879,12.7811565399,55.8048210144,134.830993652,36.2813568115,-12.7825956345,7.12317609787],[-698.354003906,55.9289131165,111.467483521,-24.1077461243,100.666061401,19.1053314209,58.496761322,13.3962993622,22.6906299591,36.2813568115,139.124328613,34.8818740845,3.36687874794],[-382.625030518,-84.5348968506,27.5580253601,5.7821688652,2.97796821594,-27.4256191254,32.0122718811,5.89335680008,-20.4130821228,-12.7825956345,34.8818740845,108.898391724,26.4418697357],[-162.990356445,-26.2400245667,20.5007801056,30.3061237335,45.5698394775,5.56046247482,6.8870716095,25.5876464844,2.7150144577,7.12317609787,3.36687874794,26.4418697357,98.5212860107]],"icov":[[0.000528713397216,-0.00169442547485,0.00100918347016,-0.00162693520542,0.00147188140545,-0.00156687619165,0.00129102764186,-0.0010894886218,0.00133845675737,-0.00108613015618,0.00120237225201,-0.000770439044572,0.000521532492712],[-0.00169442547485,0.00631017331034,-0.0029036977794,0.00501412479207,-0.00484403222799,0.00525578577071,-0.00421236921102,0.00349818263203,-0.00437525846064,0.00477356184274,-0.00504697207361,0.00370706152171,-0.00177790876478],[0.00100918347016,-0.0029036977794,0.0035181355197,-0.00344587676227,0.00213185534813,-0.00292649096809,0.0018837073585,-0.00236819405109,0.00189314398449,-0.0011082974961,0.00134713982698,-0.00112754176371,0.0011711345287],[-0.00162693520542,0.00501412479207,-0.00344587676227,0.00683327903971,-0.00468299211934,0.00447601918131,-0.00338982790709,0.00275283912197,-0.00385663518682,0.00312387594022,-0.00289621273987,0.00179866142571,-0.00180894020014],[0.00147188140545,-0.00484403222799,0.00213185534813,-0.00468299211934,0.00604897690937,-0.00451193051413,0.00302109471522,-0.00248705688864,0.00399944698438,-0.00340769905597,0.00264146411791,-0.0015515065752,0.000495617627166],[-0.00156687619165,0.00525578577071,-0.00292649096809,0.00447601918131,-0.00451193051413,0.00835001189262,-0.00425293995067,0.00240448187105,-0.00290465261787,0.00153585593216,-0.0040052360855,0.00372261088341,-0.00156501797028],[0.00129102764186,-0.00421236921102,0.0018837073585,-0.00338982790709,0.00302109471522,-0.00425293995067,0.00773693062365,-0.00364744290709,0.00258884509094,-0.00233028270304,0.00254343287088,-0.0033038163092,0.00181073113345],[-0.0010894886218,0.00349818263203,-0.00236819405109,0.00275283912197,-0.00248705688864,0.00240448187105,-0.00364744290709,0.00981230475008,-0.00500024436042,0.00294996937737,-0.00271149259061,0.00153679342475,-0.00289880973287],[0.00133845675737,-0.00437525846064,0.00189314398449,-0.00385663518682,0.00399944698438,-0.00290465261787,0.00258884509094,-0.00500024436042,0.0109134269878,-0.00606086989865,0.00302498508245,-0.000268799456535,0.00137934368104],[-0.00108613015618,0.00477356184274,-0.0011082974961,0.00312387594022,-0.00340769905597,0.00153585593216,-0.00233028270304,0.00294996937737,-0.00606086989865,0.0146494107321,-0.00685289269313,0.00431879609823,-0.00218660221435],[0.00120237225201,-0.00504697207361,0.00134713982698,-0.00289621273987,0.00264146411791,-0.0040052360855,0.00254343287088,-0.00271149259061,0.00302498508245,-0.00685289269313,0.014506874606,-0.00707819545642,0.00260229129344],[-0.000770439044572,0.00370706152171,-0.00112754176371,0.00179866142571,-0.0015515065752,0.00372261088341,-0.0033038163092,0.00153679342475,-0.000268799456535,0.00431879609823,-0.00707819545642,0.0152061544359,-0.00441066129133],[0.000521532492712,-0.00177790876478,0.0011711345287,-0.00180894020014,0.000495617627166,-0.00156501797028,0.00181073113345,-0.00289880973287,0.00137934368104,-0.00218660221435,0.00260229129344,-0.00441066129133,0.0125524187461]],"mean":[-141.745788574,108.743217468,-73.6193161011,46.5263938904,-46.3445320129,6.71275472641,-42.1879806519,-6.55957508087,-29.7359428406,-13.55747509,-16.1999168396,-5.86298799515,-7.33106851578]},"hfc":{"dmean":3.77256083488,"dmean2":5.37382698059,"dvar":122.732467651,"dvar2":238.081329346,"max":455.906585693,"mean":9.76589775085,"median":4.45288419724,"min":1.05047457784e-16,"var":398.652008057},"melbands":{"dmean":[0.000361841113772,0.00121208210476,0.00110516429413,0.000920846418012,0.000254362472333,0.000165527802892,0.0000931399408728,0.0000470402264909,0.0000408131527365,0.0000425930011261,0.0000665758925606,0.0000429185638495,0.0000188333015103,0.00000855576308822,0.0000110896817205,0.00000721237756807,0.0000106952747956,0.000012564921235,0.00000852735593071,0.00000391496223529,0.00000202617002287,0.00000325813039126,0.0000022062795324,0.00000176546666353,0.00000143812599163,0.00000138335303745,0.00000140503993862,0.00000127784926462,0.00000137947438361,0.00000137297706715,0.00000141423765854,0.00000154449935508,0.00000133057938001,0.00000108562278456,0.00000106455490823,8.39364361127e-7,8.18183309548e-7,5.59998113658e-7,5.59396539757e-7,4.77780872643e-7],"dmean2":[0.000574457459152,0.00196280214004,0.00179589353502,0.00149518309627,0.000397056544898,0.000250626762863,0.000127374645672,0.0000696122442605,0.0000593702461629,0.0000617392142885,0.0000842912559165,0.0000560442313144,0.0000288670853479,0.0000128434394355,0.0000158753355208,0.0000105808758235,0.0000149370507643,0.0000186866927834,0.0000134390666062,0.00000606357252764,0.00000324960114995,0.00000528776308784,0.00000369183885596,0.00000284228076453,0.00000229644047067,0.00000221079608309,0.00000234775075114,0.0000019824951778,0.00000220175365939,0.00000216471971726,0.00000217464616981,0.00000241133079726,0.0000019747742499,0.00000166331062701,0.00000162586775332,0.00000130227681439,0.00000122643973555,8.64954813551e-7,9.11269580683e-7,7.72213923028e-7],"dvar":[0.00000143536260566,0.0000065653493948,0.00000385744215237,0.00000329919589603,5.30332158633e-7,4.2875001327e-7,1.34217501113e-7,3.20307620427e-8,3.43200490249e-8,6.64374368853e-8,2.42273927142e-7,1.17700899693e-7,8.92256313278e-9,3.44435280297e-9,4.13628642448e-9,3.69111718967e-9,1.09291660166e-8,7.06156555452e-9,3.01715830098e-9,8.64660676392e-10,4.02611312345e-11,1.40100278601e-10,5.58195330236e-11,5.68579072713e-11,4.44070925865e-11,3.39685675421e-11,1.05262715211e-10,4.37446259771e-11,3.32153506089e-11,2.85932857252e-11,4.63013065388e-11,1.30804894694e-10,7.17087916824e-11,4.74316350085e-11,4.85870510492e-11,4.64451636872e-11,6.19492304677e-11,1.53753745846e-11,1.3559722789e-11,7.91019940521e-12],"dvar2":[0.00000398928114009,0.0000180911301868,0.0000103868742372,0.00000866388290888,0.00000141555210575,9.97192728391e-7,2.50151998671e-7,7.39712078257e-8,7.49073620909e-8,1.31949590809e-7,3.82577894698e-7,1.62522212577e-7,2.05967261024e-8,7.71411823308e-9,8.0084880949e-9,7.16791470623e-9,1.55531854062e-8,1.34092186244e-8,6.0263838364e-9,1.76769510141e-9,9.45961295407e-11,3.33889582649e-10,1.48223253116e-10,1.45492132231e-10,1.21321022672e-10,8.90142543009e-11,2.9434552018e-10,9.17140530188e-11,6.71000616181e-11,6.5870447985e-11,9.84617040678e-11,2.76483003159e-10,1.25336990786e-10,9.74508529428e-11,1.04420860847e-10,1.10567326128e-10,1.41821457356e-10,3.50756958201e-11,2.92857127437e-11,1.79015795243e-11],"max":[0.0610201470554,0.087310642004,0.0472762808204,0.03059274517,0.0240640453994,0.0225938037038,0.0134431784973,0.00435379194096,0.00472468649969,0.01039148774,0.0219271555543,0.0169945638627,0.00294325989671,0.00368363130838,0.00320482277311,0.00401346944273,0.00667586131021,0.00329700042494,0.00246989983134,0.00176651577931,0.000157518050401,0.000317819329211,0.000141546188388,0.000288499955786,0.000282423832687,0.000205270000151,0.000479827605886,0.000373561604647,0.000181855430128,0.000136146889417,0.000299934821669,0.000539553293493,0.000454845518107,0.00028961407952,0.000256934785284,0.000290317082545,0.000420704251155,0.000150054183905,0.000187279947568,0.000163912263815],"mean":[0.000951383379288,0.00265568657778,0.00211023748852,0.00155832327437,0.000563369481824,0.000356783479219,0.000186556906556,0.0000781992566772,0.0000658554927213,0.0000712677137926,0.000121922581457,0.0000795742671471,0.0000313879245368,0.0000133236308102,0.0000173491371243,0.000010490661225,0.0000179304897756,0.0000188957164937,0.0000110199043775,0.00000537767937203,0.00000311281451104,0.0000044119760787,0.00000311505732498,0.00000280028507404,0.00000226263523473,0.00000200630961444,0.00000193111532099,0.00000172805368948,0.00000186609872799,0.00000187420505426,0.00000179563028269,0.00000198835368792,0.00000174467675151,0.00000141161899592,0.00000127267242078,9.87003659247e-7,9.75913849288e-7,6.71754889936e-7,6.29911653505e-7,4.74655450944e-7],"median":[0.000158684124472,0.000898285303265,0.00113403366413,0.000740039627999,0.000180254734005,0.0000481479946757,0.0000172592026502,0.00000795588766778,0.00000411977680415,0.00000285347869067,0.00000217901606447,0.00000220817173613,0.00000319458922604,0.00000107744733668,0.00000132677632791,6.83839743942e-7,6.57278519611e-7,6.72724013384e-7,8.06503351214e-7,6.13925067228e-7,5.44731278751e-7,7.39131962746e-7,5.92930291532e-7,5.1172082749e-7,4.01572179953e-7,2.68952419447e-7,2.3604430055e-7,1.66169243698e-7,1.59921654586e-7,1.38715350317e-7,9.15514490885e-8,8.05412270211e-8,7.33810878728e-8,6.74567885994e-8,5.46295595427e-8,4.20377652688e-8,4.10777367676e-8,3.26951763441e-8,2.32382486587e-8,1.51377115287e-8],"min":[1.28765972635e-24,1.18917359778e-24,3.80660540383e-25,9.13800300959e-25,1.12787220291e-24,7.26710153677e-25,1.51526266359e-24,1.72864648161e-24,1.34930417711e-24,1.72376146046e-24,2.03274506361e-24,2.04982547993e-24,1.72960021445e-24,1.80816799959e-24,2.49097069763e-24,2.67476424449e-24,2.58892079522e-24,2.59335616566e-24,3.63293047719e-24,3.31360549922e-24,3.8377073297e-24,3.9398592949e-24,3.73460991471e-24,4.00014286199e-24,4.11363667485e-24,4.63776335446e-24,3.99022293611e-24,5.15347446593e-24,3.1759938419e-24,3.83609687017e-24,5.051947673e-24,5.30634427088e-24,5.09206125003e-24,4.94350020335e-24,4.50930287807e-24,5.72962257793e-24,5.08323626308e-24,6.02296011111e-24,5.7651580007e-24,4.97453872452e-24],"var":[0.00000293862763101,0.0000153824876179,0.0000075102802839,0.00000592320657233,0.00000133758237553,0.00000119609444482,4.49217822052e-7,6.14689312783e-8,6.72115518796e-8,1.83896048611e-7,9.14225097404e-7,4.49911880196e-7,1.78988077693e-8,5.91616933221e-9,7.61626051116e-9,5.1058726136e-9,3.29248415198e-8,1.58455897292e-8,4.30390834083e-9,1.19218646066e-9,7.9787926266e-11,2.05852113133e-10,6.8401111164e-11,7.95226939854e-11,5.48278610013e-11,4.74598381428e-11,1.46068046547e-10,9.49522335758e-11,7.24094464943e-11,6.7667239867e-11,1.04199600337e-10,2.34335550964e-10,1.58965049457e-10,8.70847144396e-11,7.2982127286e-11,5.48211094575e-11,7.61336826915e-11,2.31583606458e-11,2.2871694122e-11,1.28261906304e-11]},"melbands_crest":{"dmean":3.02781271935,"dmean2":4.93382358551,"dvar":7.63048934937,"dvar2":19.9823608398,"max":39.6799583435,"mean":16.7967624664,"median":16.6516666412,"min":1.48255944252,"var":30.5569458008},"melbands_flatness_db":{"dmean":0.0366658121347,"dmean2":0.0515353158116,"dvar":0.00155865622219,"dvar2":0.0028073261492,"max":0.622377455235,"mean":0.315129816532,"median":0.317391127348,"min":0.00317662698217,"var":0.0118638835847},"melbands_kurtosis":{"dmean":25.064250946,"dmean2":39.6751861572,"dvar":1533.49255371,"dvar2":3706.69335938,"max":889.378112793,"mean":54.3830184937,"median":38.8161811829,"min":-1.88967382908,"var":3223.9230957},"melbands_skewness":{"dmean":1.27798891068,"dmean2":1.98257386684,"dvar":2.15725159645,"dvar2":5.16152048111,"max":25.3166103363,"mean":4.61792993546,"median":4.38340091705,"min":-1.76813650131,"var":6.65617895126},"melbands_spread":{"dmean":5.0888800621,"dmean2":7.79251527786,"dvar":142.426315308,"dvar2":274.317901611,"max":218.069763184,"mean":13.6538553238,"median":4.52523469925,"min":0.274087280035,"var":833.725158691},"mfcc":{"cov":[[16107.1455078,1907.88232422,195.724731445,173.456710815,-450.167572021,12.8946485519,-371.950317383,-37.1185874939,3.40196681023,114.840240479,-18.3783836365,-165.444396973,-204.093002319],[1907.88232422,2126.2253418,120.572395325,292.413543701,191.56187439,-24.7731533051,112.439743042,80.9889450073,-72.7880172729,-16.7591247559,-24.9695911407,-30.6242809296,-19.7395343781],[195.724731445,120.572395325,653.768249512,198.875106812,125.247962952,57.3819236755,57.246635437,82.9416732788,39.6952629089,15.0451097488,17.601474762,49.2053909302,42.9088134766],[173.456710815,292.413543701,198.875106812,613.096679688,246.864456177,55.4907455444,93.0759277344,76.3497619629,55.4216270447,-41.6073379517,-40.3330574036,32.4668998718,47.723815918],[-450.167572021,191.56187439,125.247962952,246.864456177,508.415374756,121.120803833,158.962265015,20.3179321289,69.7913131714,7.27230358124,37.8182106018,13.5777931213,23.0802974701],[12.8946485519,-24.7731533051,57.3819236755,55.4907455444,121.120803833,244.558364868,107.131187439,14.3570575714,20.6392326355,29.6482105255,39.1153144836,12.4365472794,-3.41121029854],[-371.950317383,112.439743042,57.246635437,93.0759277344,158.962265015,107.131187439,291.423675537,63.6721763611,46.8412818909,-15.7555599213,35.0269584656,32.7606086731,47.2822990417],[-37.1185874939,80.9889450073,82.9416732788,76.3497619629,20.3179321289,14.3570575714,63.6721763611,163.501373291,34.4881706238,9.8002166748,-4.91188764572,27.3750762939,29.2284526825],[3.40196681023,-72.7880172729,39.6952629089,55.4216270447,69.7913131714,20.6392326355,46.8412818909,34.4881706238,164.011672974,46.6886405945,17.7235927582,-10.5041856766,17.6697692871],[114.840240479,-16.7591247559,15.0451097488,-41.6073379517,7.27230358124,29.6482105255,-15.7555599213,9.8002166748,46.6886405945,167.095825195,67.740524292,-0.892008185387,-15.6192731857],[-18.3783836365,-24.9695911407,17.601474762,-40.3330574036,37.8182106018,39.1153144836,35.0269584656,-4.91188764572,17.7235927582,67.740524292,137.734420776,36.766330719,0.625604152679],[-165.444396973,-30.6242809296,49.2053909302,32.4668998718,13.5777931213,12.4365472794,32.7606086731,27.3750762939,-10.5041856766,-0.892008185387,36.766330719,126.394638062,43.6904067993],[-204.093002319,-19.7395343781,42.9088134766,47.723815918,23.0802974701,-3.41121029854,47.2822990417,29.2284526825,17.6697692871,-15.6192731857,0.625604152679,43.6904067993,116.944816589]],"icov":[[0.0000813994556665,-0.0000903422478586,-0.0000278134048131,-0.0000384968261642,0.000130989297759,-0.000104120008473,0.000122633835417,0.0000425959005952,-0.000109430111479,0.00000721306832929,-0.0000507480872329,0.0000437804010289,0.0000650200963719],[-0.0000903422478586,0.000671379733831,-0.00000612179337622,-0.000207859106013,-0.000295618956443,0.000411526707467,-0.000408667168813,-0.000287943927106,0.000677366973832,-0.000199847941985,0.0000494735140819,0.000257049163338,0.000124937010696],[-0.0000278134048131,-0.00000612179337622,0.00184458843432,-0.000392946676584,-0.000221630034503,-0.000222692629904,0.000188646125025,-0.000650971138384,-0.0000586239511904,-0.0000947919324972,-0.000147227736306,-0.000374346796889,-0.000305510737235],[-0.0000384968261642,-0.000207859106013,-0.000392946676584,0.00257227709517,-0.00107100280002,-0.000178579124622,0.000180348026333,-0.000536866427865,-0.000587125658058,0.000518130953424,0.00103074137587,-0.000629358866718,-0.00035285242484],[0.000130989297759,-0.000295618956443,-0.000221630034503,-0.00107100280002,0.00338534498587,-0.000925594591536,-0.000844318768941,0.000863542605657,-0.000929959816858,0.000104393788206,-0.000756259483751,0.000304315617541,0.000172304935404],[-0.000104120008473,0.000411526707467,-0.000222692629904,-0.000178579124622,-0.000925594591536,0.00574665423483,-0.00212142150849,0.000122121899039,0.000792620179709,-0.00108029996045,-0.000368423847249,-0.0000140810498124,0.000963020138443],[0.000122633835417,-0.000408667168813,0.000188646125025,0.000180348026333,-0.000844318768941,-0.00212142150849,0.00594879081473,-0.00158582662698,-0.00123233627528,0.001758780214,-0.00142633530777,-0.00014140442363,-0.00142027752008],[0.0000425959005952,-0.000287943927106,-0.000650971138384,-0.000536866427865,0.000863542605657,0.000122121899039,-0.00158582662698,0.00804771855474,-0.00129644642584,-0.00105607626028,0.00136121374089,-0.00140424107667,-0.000481241208035],[-0.000109430111479,0.000677366973832,-0.0000586239511904,-0.000587125658058,-0.000929959816858,0.000792620179709,-0.00123233627528,-0.00129644642584,0.00852324161679,-0.00257577979937,-0.0000985385486274,0.00192902632989,-0.00113859784324],[0.00000721306832929,-0.000199847941985,-0.0000947919324972,0.000518130953424,0.000104393788206,-0.00108029996045,0.001758780214,-0.00105607626028,-0.00257577979937,0.00907479785383,-0.0043772268109,0.000614792632405,0.000697886804119],[-0.0000507480872329,0.0000494735140819,-0.000147227736306,0.00103074137587,-0.000756259483751,-0.000368423847249,-0.00142633530777,0.00136121374089,-0.0000985385486274,-0.0043772268109,0.0114488210529,-0.00366987776943,0.000668229244184],[0.0000437804010289,0.000257049163338,-0.000374346796889,-0.000629358866718,0.000304315617541,-0.0000140810498124,-0.00014140442363,-0.00140424107667,0.00192902632989,0.000614792632405,-0.00366987776943,0.0110788214952,-0.00346710253507],[0.0000650200963719,0.000124937010696,-0.000305510737235,-0.00035285242484,0.000172304935404,0.000963020138443,-0.00142027752008,-0.000481241208035,-0.00113859784324,0.000697886804119,0.000668229244184,-0.00346710253507,0.011187271215]],"mean":[-769.321899414,131.89704895,31.9081745148,40.3239860535,17.5154285431,9.21163654327,1.58220624924,2.39277219772,-5.63816356659,-9.4961605072,-10.4588022232,-7.51956415176,-6.99014949799]},"pitch_salience":{"dmean":0.0740999132395,"dmean2":0.120745450258,"dvar":0.00486122211441,"dvar2":0.0121129415929,"max":0.959070324898,"mean":0.525407850742,"median":0.532203435898,"min":0.0690056085587,"var":0.015914035961},"silence_rate_20dB":{"dmean":0,"dmean2":0,"dvar":0,"dvar2":0,"max":1,"mean":1,"median":1,"min":1,"var":0},"silence_rate_30dB":{"dmean":0.0101248733699,"dmean2":0.0202531646937,"dvar":0.0100225871429,"dvar2":0.0235568583012,"max":1,"mean":0.979584932327,"median":1,"min":0,"var":0.0199995748699},"silence_rate_60dB":{"dmean":0.0438744500279,"dmean2":0.0877637118101,"dvar":0.0419473089278,"dvar2":0.0918662324548,"max":1,"mean":0.189978063107,"median":0,"min":0,"var":0.153887912631},"spectral_centroid":{"dmean":217.321166992,"dmean2":333.765014648,"dvar":170061.609375,"dvar2":342473.6875,"max":11717.3828125,"mean":983.456970215,"median":427.362670898,"min":126.562713623,"var":4069238.75},"spectral_complexity":{"dmean":1.65845429897,"dmean2":2.57147669792,"dvar":5.80765581131,"dvar2":12.4134454727,"max":49,"mean":7.11135482788,"median":5,"min":0,"var":37.5272483826},"spectral_contrast_coeffs":{"dmean":[0.0497707985342,0.0443821065128,0.0342805087566,0.029134683311,0.0210016872734,0.0201374422759],"dmean2":[0.080593958497,0.0698582530022,0.0534648038447,0.0460128188133,0.0323939844966,0.0311621148139],"dvar":[0.00181584060192,0.00142616603989,0.000831838638987,0.000681870209519,0.000392609508708,0.000509894976858],"dvar2":[0.00455040391535,0.00336027448066,0.00192032777704,0.00154741096776,0.000847262679599,0.00120038900059],"max":[-0.246799603105,-0.350338727236,-0.389722526073,-0.467317909002,-0.57355684042,-0.527126908302],"mean":[-0.574057996273,-0.714869260788,-0.791115820408,-0.799249351025,-0.812174856663,-0.794400155544],"median":[-0.567611098289,-0.71674734354,-0.803127884865,-0.807229101658,-0.814463496208,-0.792790353298],"min":[-0.979472219944,-0.981982111931,-0.996764659882,-0.972717165947,-0.967035830021,-0.965173065662],"var":[0.0154007701203,0.00988623406738,0.00691098859534,0.0049557662569,0.00279317190871,0.00338142877445]},"spectral_contrast_valleys":{"dmean":[0.43451333046,0.39058381319,0.361626386642,0.336774021387,0.32954403758,0.356953173876],"dmean2":[0.678417205811,0.613668680191,0.555369377136,0.497042000294,0.468400090933,0.473264575005],"dvar":[0.184370487928,0.157073423266,0.141251012683,0.135184139013,0.163732871413,0.192701116204],"dvar2":[0.386114776134,0.324961990118,0.272786706686,0.25338101387,0.291306555271,0.325685352087],"max":[-4.98427534103,-4.58627462387,-5.45149898529,-5.68637990952,-5.93158626556,-6.77957487106],"mean":[-8.36822032928,-8.63211345673,-9.4534444809,-9.76637554169,-9.59150218964,-11.7932624817],"median":[-7.41931533813,-7.83555746078,-8.73275089264,-9.04925441742,-8.89820480347,-11.3405818939],"min":[-28.2229537964,-28.2638721466,-27.8289470673,-27.9079208374,-27.5898170471,-27.3913002014],"var":[15.2516031265,14.4475879669,13.1637792587,12.6723518372,12.8956336975,10.2042579651]},"spectral_decrease":{"dmean":2.29226593262e-9,"dmean2":3.47735196193e-9,"dvar":1.33271510448e-17,"dvar2":3.16859805445e-17,"max":2.39680836738e-16,"mean":-6.70659261459e-9,"median":-4.68314809154e-9,"min":-1.01855093249e-7,"var":5.6237190816e-17},"spectral_energy":{"dmean":0.00888628978282,"dmean2":0.0134565290064,"dvar":0.000197742760065,"dvar2":0.000467128586024,"max":0.388087421656,"mean":0.0261979885399,"median":0.0183044970036,"min":9.73418551593e-21,"var":0.000860445783474},"spectral_energyband_high":{"dmean":0.000263253139565,"dmean2":0.000385460793041,"dvar":0.00000179412973011,"dvar2":0.00000338063432537,"max":0.0549417361617,"mean":0.000386049883673,"median":0.0000299678176816,"min":6.87684599402e-21,"var":0.00000407709012507},"spectral_energyband_low":{"dmean":0.00482091866434,"dmean2":0.00767246214673,"dvar":0.000100655772258,"dvar2":0.000271738157608,"max":0.369039475918,"mean":0.0118908314034,"median":0.00552047137171,"min":1.26803781713e-23,"var":0.000256334518781},"spectral_energyband_middle_high":{"dmean":0.000879500817973,"dmean2":0.00117351103108,"dvar":0.0000181077011803,"dvar2":0.0000273093501164,"max":0.19877076149,"mean":0.00194037903566,"median":0.000241370944423,"min":1.16250450695e-21,"var":0.0000808567201602},"spectral_energyband_middle_low":{"dmean":0.00586268585175,"dmean2":0.00907620135695,"dvar":0.000101325691503,"dvar2":0.00024125672644,"max":0.217364892364,"mean":0.0138563979417,"median":0.0077062677592,"min":1.61215868129e-22,"var":0.000331294373609},"spectral_entropy":{"dmean":0.316200464964,"dmean2":0.45490282774,"dvar":0.117440208793,"dvar2":0.209193468094,"max":9.83292388916,"mean":6.84190940857,"median":6.77476644516,"min":3.99244141579,"var":0.829159736633},"spectral_flux":{"dmean":0.0225613061339,"dmean2":0.0354749038815,"dvar":0.000699262542184,"dvar2":0.00172061903868,"max":0.467961549759,"mean":0.060109641403,"median":0.0495747327805,"min":6.22672607919e-11,"var":0.00232110288925},"spectral_kurtosis":{"dmean":2.8367600441,"dmean2":4.39823532104,"dvar":11.1056308746,"dvar2":24.8423347473,"max":63.1874847412,"mean":7.10514259338,"median":5.81153106689,"min":-1.30167400837,"var":35.6530036926},"spectral_rms":{"dmean":0.000785490963608,"dmean2":0.00114514224697,"dvar":8.65262165917e-7,"dvar2":0.00000182125643278,"max":0.0194582082331,"mean":0.00427850801498,"median":0.00422587804496,"min":3.08168247865e-12,"var":0.00000725333620721},"spectral_rolloff":{"dmean":325.242004395,"dmean2":576.344909668,"dvar":1185579.625,"dvar2":2806139.25,"max":22050,"mean":1390.85852051,"median":258.3984375,"min":43.06640625,"var":14661300},"spectral_skewness":{"dmean":0.374811470509,"dmean2":0.554091632366,"dvar":0.150356590748,"dvar2":0.299546688795,"max":6.57261562347,"mean":2.00971317291,"median":2.00708246231,"min":-0.379191368818,"var":0.78550940752},"spectral_spread":{"dmean":734345.3125,"dmean2":1092933.75,"dvar":953766117376,"dvar2":1970692292610,"max":42424248,"mean":5835266.5,"median":4268944.5,"min":1215627.5,"var":47095432085500},"spectral_strongpeak":{"dmean":0.300416648388,"dmean2":0.502246975899,"dvar":0.521421313286,"dvar2":1.28425931931,"max":15.4338827133,"mean":0.610099136829,"median":0.397299796343,"min":0,"var":1.07766139507},"zerocrossingrate":{"dmean":0.00939286313951,"dmean2":0.0115123121068,"dvar":0.000282723107375,"dvar2":0.000369716086425,"max":0.78564453125,"mean":0.0506013259292,"median":0.02392578125,"min":0.00341796875,"var":0.00962323416024}},"metadata":{"audio_properties":{"analysis_sample_rate":44100,"bit_rate":0,"codec":"flac","downmix":"mix","equal_loudness":0,"length":137.600006104,"lossless":true,"md5_encoded":"e45bad123046c49affd0727d168b6ed2","replay_gain":-6.47520065308,"sample_rate":44100},"tags":{"acoustid_id":["e770be80-84db-4985-abaf-35783414b6a0"],"album":["Bookends"],"albumartist":["Simon & Garfunkel"],"albumartistsort":["Simon & Garfunkel"],"artist":["Simon & Garfunkel"],"artistsort":["Simon & Garfunkel"],"asin":["B00005ML9E"],"barcode":["5099749508323"],"catalognumber":["495083 2"],"composer":["Paul Simon"],"composersort":["Simon, Paul"],"date":["2001-08-20"],"discnumber":["1"],"disctotal":["1"],"file_name":"09 Punky's Dilemma.flac","genre":["Folk Rock"],"grouping":["Folk"],"isrc":["USSM16701351"],"label":["Legacy"],"language":["eng"],"lyricist":["Paul Simon"],"media":["CD"],"mood":["Peaceful; Sentimental; Yearning; Melancholy"],"musicbrainz_albumartistid":["5d02f264-e225-41ff-83f7-d9b1f0b1874a"],"musicbrainz_albumid":["0455cc23-9081-3ef1-b047-d2cd1cc797dd"],"musicbrainz_artistid":["5d02f264-e225-41ff-83f7-d9b1f0b1874a"],"musicbrainz_recordingid":["fdcd9fb1-3e09-40ff-82e1-6498620e2aa2"],"musicbrainz_releasegroupid":["f4a26672-dcd8-342d-ad09-2b612d91c9fb"],"musicbrainz_releasetrackid":["290c1e83-4899-3392-946a-fdf84e9b31c0"],"musicbrainz_workid":["b3bae449-a045-4835-b948-ba8a7fadc9ba"],"originaldate":["1968-04-03"],"originalyear":["1968"],"producer":["Bob Johnston","Paul Simon","Roy Halee","Art Garfunkel"],"releasecountry":["GB"],"releasestatus":["official"],"releasetype":["album"],"script":["Latn"],"title":["Punky's Dilemma"],"totaldiscs":["1"],"totaltracks":["14"],"tracknumber":["9"],"tracktotal":["14"],"work":["Punky's Dilemma"]},"version":{"essentia":"2.1-beta2","essentia_build_sha":"2d9f1f26377add8aeb1075a9c2973f962c4f09fd","essentia_git_sha":"v2.1_beta2-1-ge3940c0","extractor":"mu