{"lowlevel":{"average_loudness":0.720140457153,"barkbands":{"dmean":[0.000553609337658,0.000647578795906,0.0009517603321,0.00234740762971,0.00190283055417,0.00139372737613,0.00116484682076,0.000578849867452,0.00159451668151,0.000435981550254,0.00022181039094,0.000227735115914,0.000499256828334,0.000340201571817,0.000219447581912,0.000387426320231,0.000154226101586,0.0000911804963835,0.000093501941592,0.0000440333496954,0.0000390031455026,0.0000325838336721,0.0000263634665316,0.000018388071112,0.0000135767058964,0.00000714505040378,0.00000487684201289],"dmean2":[0.00100451393519,0.00107234728057,0.00166111171711,0.00382411666214,0.00318254507147,0.00212612049654,0.00181473011617,0.000906160974409,0.00244895345531,0.000688659900334,0.00035239639692,0.000349863723386,0.000771977065597,0.00051051256014,0.000343203369994,0.000607940368354,0.000245053728577,0.000142805176438,0.000144503734191,0.0000675684568705,0.0000572753488086,0.000049261496315,0.0000400454555347,0.0000256439470832,0.0000192082898138,0.0000098011441878,0.00000728813301976],"dvar":[0.00000101967964383,0.00000218959553422,0.00000555009455638,0.0000269285446848,0.000015473449821,0.00000807946526038,0.00000552934170628,0.00000179245614618,0.00000885516328708,6.99003408045e-7,3.41892217648e-7,2.70108273526e-7,8.52368827964e-7,6.65979428049e-7,3.69425634972e-7,6.48524064673e-7,1.47637877035e-7,3.09265288934e-8,3.79127271799e-8,9.63275859078e-9,1.56315493882e-8,3.97131216801e-8,5.78056003064e-8,7.46251949124e-9,3.81415166117e-9,7.1629430165e-10,5.4728255261e-10],"dvar2":[0.00000330781949742,0.00000565612663195,0.0000156375808729,0.0000725037389202,0.000041283412429,0.000019763418095,0.0000135133223012,0.000004289788194,0.0000211142942135,0.000001682516654,8.09829202808e-7,6.0109050537e-7,0.00000198399106921,0.00000142644694279,8.7062124976e-7,0.00000151446135987,3.73440514068e-7,7.10066174747e-8,8.22082100171e-8,2.0439278714e-8,3.22750572934e-8,1.05385154825e-7,1.58330990985e-7,1.5698766731e-8,8.45381453729e-9,1.45289225095e-9,1.48578171988e-9],"max":[0.0232460591942,0.033705085516,0.0405831225216,0.102318048477,0.0646764114499,0.0608440116048,0.0514811947942,0.0396106615663,0.0676583424211,0.0152502432466,0.0191623345017,0.0157373920083,0.0234066322446,0.0262811109424,0.0182082951069,0.0225189533085,0.0115784332156,0.00466017378494,0.00566554954275,0.00319279334508,0.00534131377935,0.0126118706539,0.0171172711998,0.00316137075424,0.00202190550044,0.000838789565023,0.00078145461157],"mean":[0.000527645053808,0.00125151500106,0.00155038863886,0.00454306090251,0.00304882624187,0.00251427246258,0.00200067088008,0.000962368503679,0.00348921492696,0.000752024410758,0.000322279054672,0.000400164804887,0.000980864162557,0.000613662530668,0.000331656017806,0.000667625747155,0.000251057674177,0.000166673708009,0.000171317631612,0.0000878801874933,0.0000824316957733,0.0000593588338234,0.0000424962126999,0.0000320120016113,0.0000228256431001,0.0000107646619654,0.00000558751617064],"median":[0.000198297406314,0.000716425012797,0.000597016420215,0.00288404058665,0.00159690552391,0.00110174401198,0.000870833755471,0.000389416527469,0.00110603019129,0.000260508270003,0.000106814310129,0.000122148223454,0.000333544216119,0.000160299125127,0.000108274631202,0.000264137896011,0.000083880891907,0.0000841875444166,0.000068206260039,0.0000371911082766,0.0000259324115177,0.0000224919804168,0.00000660839123157,0.00000547882973478,0.00000371424175682,0.00000198959810405,8.7014257133e-7],"min":[2.7437078387e-8,1.27647282966e-7,3.12130210567e-9,9.57624868292e-10,1.20494165756e-8,2.58472176995e-9,2.47024933842e-9,9.80085346214e-10,9.87802173391e-10,9.45536871022e-10,1.2269985028e-9,1.69866454236e-9,1.09418274441e-9,1.11229780941e-9,1.01677588571e-9,6.01116434407e-10,3.17616988266e-10,5.14632170212e-10,8.74677552609e-10,3.9218658876e-10,2.82249640327e-10,5.14126519136e-10,5.20400667003e-10,5.60057944465e-10,3.05011127466e-10,3.75419528797e-10,3.05817871027e-10],"var":[0.00000107987227693,0.0000027816383863,0.00000564489346289,0.0000367196298612,0.0000190212995221,0.0000147267046486,0.0000100931329143,0.00000318074694405,0.0000464532276965,0.00000166073130003,6.00263888373e-7,7.32790283564e-7,0.00000249826007348,0.00000213534212889,6.66655864734e-7,0.00000172750719685,3.92850182607e-7,6.88571901719e-8,9.6163262242e-8,2.77963341233e-8,5.44202762853e-8,4.36032117079e-8,5.14213382985e-8,1.58123576455e-8,8.1858413381e-9,1.33766520083e-9,4.18712176042e-10]},"barkbands_crest":{"dmean":2.29094982147,"dmean2":3.75526189804,"dvar":5.31967353821,"dvar2":14.0215587616,"max":26.8614025116,"mean":10.110329628,"median":8.83857154846,"min":2.62921047211,"var":22.5550365448},"barkbands_flatness_db":{"dmean":0.0263011232018,"dmean2":0.0374350734055,"dvar":0.00080738204997,"dvar2":0.00188271235675,"max":0.685105144978,"mean":0.163778588176,"median":0.145464122295,"min":0.0250858087093,"var":0.00594767881557},"barkbands_kurtosis":{"dmean":39.2229957581,"dmean2":70.5951461792,"dvar":235986.390625,"dvar2":767796.5,"max":16114.8876953,"mean":39.6089248657,"median":2.13747692108,"min":-1.96475362778,"var":248290.890625},"barkbands_skewness":{"dmean":0.825044989586,"dmean2":1.34953045845,"dvar":10.1550636292,"dvar2":31.6163043976,"max":105.070137024,"mean":1.82483398914,"median":1.2694658041,"min":-12.0336465836,"var":23.1999378204},"barkbands_spread":{"dmean":3.87054777145,"dmean2":5.97435188293,"dvar":23.591135025,"dvar2":55.7674331665,"max":105.590400696,"mean":14.8479557037,"median":14.0271339417,"min":0.0151280714199,"var":78.4504470825},"dissonance":{"dmean":0.0230960231274,"dmean2":0.0384852029383,"dvar":0.000530733610503,"dvar2":0.00145159394015,"max":0.500000119209,"mean":0.450492084026,"median":0.45904737711,"min":0.22903996706,"var":0.00134800025262},"dynamic_complexity":3.58780813217,"erbbands":{"dmean":[0.00967536401004,0.185134857893,0.884344875813,4.62865447998,7.17608833313,7.01162290573,8.5074005127,11.4007291794,14.2321968079,17.0194149017,15.4067764282,39.3422889709,17.5927734375,10.1722822189,8.24197483063,10.1832561493,20.7076683044,19.653591156,9.24573898315,14.2455778122,20.3395042419,7.78105735779,4.67423152924,5.58069038391,3.43218111992,1.79346203804,1.91080594063,1.31847131252,1.13573288918,0.945509195328,0.707019984722,0.428465336561,0.310443431139,0.175761088729,0.0793184116483,0.0336655601859,0.0125647736713,0.00402484089136,0.000872104254086,0.0000571962991671],"dmean2":[0.0152107588947,0.308114230633,1.53362572193,7.62010002136,12.2336111069,11.5500631332,13.1341295242,17.4270534515,22.6953392029,25.968208313,23.728761673,60.1671028137,27.3029327393,16.0905094147,12.6639375687,15.4543867111,31.552740097,29.1156997681,14.0956439972,21.993970871,31.8563137054,12.0979862213,7.22974920273,8.51288032532,5.29404354095,2.69335913658,2.90731668472,1.9628046751,1.71600294113,1.43614339828,1.06654953957,0.607826411724,0.436822652817,0.249430641532,0.113204687834,0.0457650646567,0.0175791811198,0.00587274320424,0.00131394772325,0.0000844139140099],"dvar":[0.000465459161205,0.178749591112,4.71777009964,107.086151123,260.608734131,229.35446167,282.223052979,572.305297852,1056.09631348,1194.88085938,967.197937012,5926.5546875,1115.39904785,487.057861328,461.73651123,482.691772461,1603.44702148,1917.60668945,695.12677002,1082.8059082,1975.39941406,339.310974121,91.1173095703,106.761123657,75.8616714478,17.7198581696,37.8059272766,21.8739356995,37.3961219788,113.785926819,29.9901657104,4.65215158463,2.43968009949,0.627593994141,0.153144106269,0.0171039458364,0.0025641056709,0.000283033761661,0.0000198537782126,6.12804953448e-8],"dvar2":[0.00103563163429,0.471664905548,13.1374816895,293.917755127,705.983093262,597.503234863,677.11340332,1399.42224121,2666.42675781,2809.21191406,2225.16455078,13872.9404297,2722.26391602,1194.66442871,1048.91296387,1067.82580566,3772.96313477,4012.97998047,1523.98852539,2559.49755859,4711.48876953,862.862060547,211.351791382,228.175247192,165.23500061,36.0859069824,84.2169952393,52.035369873,97.2226715088,320.153381348,79.7844085693,10.7848024368,5.19636583328,1.34843063354,0.351374268532,0.033230330795,0.00551313115284,0.000698741117958,0.0000543740861758,1.64956176718e-7],"max":[0.465620279312,9.27025222778,39.111946106,209.179199219,293.01940918,315.788421631,348.310882568,482.669586182,760.573486328,858.992248535,900.426635742,2131.07250977,1039.33605957,575.827941895,1012.41400146,749.78503418,1052.46643066,1486.13586426,834.741394043,1056.09179688,1264.30969238,639.96875,325.996612549,445.194335938,248.419647217,142.028884888,269.313476562,207.24520874,380.767303467,777.505126953,358.966186523,98.8151016235,76.5129623413,25.5526771545,17.1392707825,4.6033577919,1.82342469692,0.550954937935,0.152972146869,0.00875848531723],"mean":[0.0174680780619,0.360129237175,1.70401799679,8.97955703735,12.0022106171,11.1314926147,15.261631012,20.6816635132,23.0406627655,31.8890209198,28.947599411,80.9088439941,42.892288208,18.3197536469,14.1852321625,19.3257751465,42.7576599121,39.7714157104,16.3674087524,24.1903839111,36.8052368164,14.0355863571,9.05920028687,10.433049202,6.91931915283,3.84544920921,3.98870515823,2.65303611755,2.14756846428,1.48745894432,1.14971530437,0.747801065445,0.524978876114,0.298970073462,0.126086264849,0.0531609654427,0.0183761361986,0.00513902772218,0.000992618384771,0.0000867744165589],"median":[0.0105774737895,0.246057391167,1.11961746216,5.95533657074,7.23277378082,5.51999092102,7.17627573013,8.90497970581,9.65152359009,12.4306907654,13.4285583496,24.8658409119,14.9003658295,7.84159660339,5.74469041824,8.57374572754,17.0522994995,13.3707275391,6.14522647858,10.4253864288,14.644739151,5.92264318466,4.67893409729,5.23076534271,2.44782781601,1.555134058,1.56427836418,0.780915141106,0.854946494102,0.34963542223,0.177143469453,0.128052085638,0.0842306911945,0.0476384535432,0.0227902978659,0.0101262740791,0.00326380855404,0.000872537260875,0.000163433302077,0.0000399633863708],"min":[0.00000855995403981,0.0000199725818675,0.0000113879596029,0.0000217265605897,0.0000238654738496,0.00002799640788,0.0000267224659183,0.0000216367261601,0.0000319876307913,0.0000541185436305,0.0000390146415157,0.0000343418942066,0.0000470696686534,0.0000461880626972,0.0000672902315273,0.0000708079678589,0.0000519892855664,0.0000627850240562,0.0000481394999952,0.0000436153786723,0.0000309696697514,0.0000242110600084,0.0000306885121972,0.0000199522619369,0.00005780554784,0.0000197808021767,0.0000121225830298,0.000010778288015,0.0000170080238604,0.0000189693892025,0.0000136639609991,0.0000135708951348,0.00000749229366193,0.00000384290797228,0.00000163591880664,0.00000109633310785,8.77328659499e-7,1.76586169687e-7,4.29514201983e-8,5.57209611785e-9],"var":[0.000681029283442,0.209130451083,4.87485170364,135.990478516,285.454528809,288.331787109,546.475158691,1027.33215332,1685.64501953,2610.57226562,2171.76586914,22606.8144531,8294.40234375,992.467468262,1010.81646729,1216.4251709,4857.54882812,7090.19726562,1572.90869141,2044.31091309,5696.97167969,660.836853027,208.847290039,277.463195801,217.124008179,57.5156364441,115.033081055,53.8410758972,44.6088066101,82.4596099854,32.4509086609,7.41789293289,5.60849714279,1.5679962635,0.236532926559,0.0359480902553,0.00415925169364,0.000295983743854,0.0000146365300679,4.77823149936e-8]},"erbbands_crest":{"dmean":2.70257687569,"dmean2":4.24587535858,"dvar":7.22129249573,"dvar2":17.4139461517,"max":33.9077110291,"mean":11.046453476,"median":9.5117855072,"min":2.38039255142,"var":32.4157562256},"erbbands_flatness_db":{"dmean":0.0209849420935,"dmean2":0.0282785184681,"dvar":0.000384458253393,"dvar2":0.00074153917376,"max":0.468535602093,"mean":0.187137141824,"median":0.17887789011,"min":0.0401835255325,"var":0.0039270077832},"erbbands_kurtosis":{"dmean":1.7288299799,"dmean2":2.58689713478,"dvar":26.8126735687,"dvar2":55.9591789246,"max":149.932952881,"mean":2.32785487175,"median":0.196652889252,"min":-1.80985212326,"var":96.4039611816},"erbbands_skewness":{"dmean":0.417395144701,"dmean2":0.620092332363,"dvar":0.196147754788,"dvar2":0.459823936224,"max":7.14478683472,"mean":0.553224921227,"median":0.484727501869,"min":-4.26127386093,"var":1.00472915173},"erbbands_spread":{"dmean":6.35664510727,"dmean2":9.48579025269,"dvar":58.676864624,"dvar2":128.495193481,"max":152.132781982,"mean":28.8211479187,"median":26.3810405731,"min":0.478170603514,"var":284.851104736},"gfcc":{"cov":[[9735.15722656,-93.259475708,-758.605529785,81.0797195435,-809.026672363,-522.319152832,-601.46496582,-28.2635097504,-97.1072540283,-193.141998291,-441.924285889,-324.663543701,-290.78012085],[-93.259475708,1362.09960938,130.265304565,-33.8969268799,127.723152161,-237.648864746,-100.193649292,-94.9579696655,30.4510154724,-109.686973572,-95.5573806763,-107.202026367,-6.6065196991],[-758.605529785,130.265304565,1333.85180664,336.707214355,-44.9514045715,103.540794373,-84.4106140137,4.36552095413,-41.7187614441,-28.2719039917,-19.4089412689,-56.6438598633,11.6405134201],[81.0797195435,-33.8969268799,336.707214355,440.44152832,29.0186023712,46.4607391357,-30.0715961456,-12.3222723007,-16.6313076019,-2.54874920845,-0.0859689563513,-31.2968730927,-10.9280910492],[-809.026672363,127.723152161,-44.9514045715,29.0186023712,333.632354736,93.4699630737,35.5747871399,-22.3710002899,18.4608020782,-3.51955771446,23.486492157,25.8522109985,-0.166501000524],[-522.319152832,-237.648864746,103.540794373,46.4607391357,93.4699630737,219.083251953,77.3993453979,24.4449234009,-14.0075187683,32.9540328979,55.0371551514,25.6077346802,-8.5642080307],[-601.46496582,-100.193649292,-84.4106140137,-30.0715961456,35.5747871399,77.3993453979,187.789962769,48.1173477173,1.18079137802,30.5072441101,51.386177063,32.559879303,13.6383924484],[-28.2635097504,-94.9579696655,4.36552095413,-12.3222723007,-22.3710002899,24.4449234009,48.1173477173,103.058586121,33.9984283447,-2.21200633049,-1.27859377861,12.3982248306,6.12796926498],[-97.1072540283,30.4510154724,-41.7187614441,-16.6313076019,18.4608020782,-14.0075187683,1.18079137802,33.9984283447,79.9208526611,23.2127132416,-9.88759326935,-1.83213078976,13.7425966263],[-193.141998291,-109.686973572,-28.2719039917,-2.54874920845,-3.51955771446,32.9540328979,30.5072441101,-2.21200633049,23.2127132416,96.6910400391,58.140209198,2.58953928947,-8.96413707733],[-441.924285889,-95.5573806763,-19.4089412689,-0.0859689563513,23.486492157,55.0371551514,51.386177063,-1.27859377861,-9.88759326935,58.140209198,113.030960083,48.3558998108,-3.33243012428],[-324.663543701,-107.202026367,-56.6438598633,-31.2968730927,25.8522109985,25.6077346802,32.559879303,12.3982248306,-1.83213078976,2.58953928947,48.3558998108,97.0394668579,47.4399528503],[-290.78012085,-6.6065196991,11.6405134201,-10.9280910492,-0.166501000524,-8.5642080307,13.6383924484,6.12796926498,13.7425966263,-8.96413707733,-3.33243012428,47.4399528503,86.0337142944]],"icov":[[0.000280644453596,-0.0000156805581355,0.000303772219922,-0.000256701896433,0.00057350913994,-0.0000182159219548,0.000722443161067,-0.000368747103494,0.000482770381495,-0.000175893510459,0.000925561529584,-0.000176599860424,0.000822446192615],[-0.0000156805581355,0.00156306067947,-0.000410136242863,0.000411372893723,-0.00108589674346,0.00194775406271,-0.00057282281341,0.00133057427593,-0.00144360074773,0.00233305408619,-0.00158666353673,0.00231016380712,-0.000499031331856],[0.000303772219922,-0.000410136242863,0.00153790588956,-0.00104649551213,0.00112368294504,-0.00128123140894,0.00165059929714,-0.00119412026834,0.0013479400659,-0.000364322128007,0.000853821227793,0.000419028947363,-0.0000990301487036],[-0.000256701896433,0.000411372893723,-0.00104649551213,0.00326012494043,-0.001155390637,0.000264246336883,-0.000493336992804,0.000687608146109,-0.000516858708579,0.00075890874723,-0.00166903412901,0.00166643213015,-0.00104893150274],[0.00057350913994,-0.00108589674346,0.00112368294504,-0.001155390637,0.00624445825815,-0.00365957058966,0.00105180672836,0.00152078270912,-0.00181714619976,0.000794411462266,0.00230681383982,-0.00291310902685,0.00299763074145],[-0.0000182159219548,0.00194775406271,-0.00128123140894,0.000264246336883,-0.00365957058966,0.0102353477851,-0.00258198333904,-0.000806073890999,0.00127751624677,0.0000273601472145,-0.00221238634549,0.00146560976282,0.000678370764945],[0.000722443161067,-0.00057282281341,0.00165059929714,-0.000493336992804,0.00105180672836,-0.00258198333904,0.0107604395598,-0.00623927405104,0.00459054019302,-0.00265670823865,0.000188633654034,0.000601274892688,-0.000738928210922],[-0.000368747103494,0.00133057427593,-0.00119412026834,0.000687608146109,0.00152078270912,-0.000806073890999,-0.00623927405104,0.0187175571918,-0.0125588485971,0.00740763591602,-0.00163697905373,-0.00141272565816,0.00217684684321],[0.000482770381495,-0.00144360074773,0.0013479400659,-0.000516858708579,-0.00181714619976,0.00127751624677,0.00459054019302,-0.0125588485971,0.0256910696626,-0.0137406578287,0.00789969414473,-0.000603290682193,-0.00333351898007],[-0.000175893510459,0.00233305408619,-0.000364322128007,0.00075890874723,0.000794411462266,0.0000273601472145,-0.00265670823865,0.00740763591602,-0.0137406578287,0.0265871156007,-0.0168241336942,0.00990506168455,-0.00152022531256],[0.000925561529584,-0.00158666353673,0.000853821227793,-0.00166903412901,0.00230681383982,-0.00221238634549,0.000188633654034,-0.00163697905373,0.00789969414473,-0.0168241336942,0.0288286283612,-0.0173419322819,0.0102141750976],[-0.000176599860424,0.00231016380712,0.000419028947363,0.00166643213015,-0.00291310902685,0.00146560976282,0.000601274892688,-0.00141272565816,-0.000603290682193,0.00990506168455,-0.0173419322819,0.0295953247696,-0.0159814488143],[0.000822446192615,-0.000499031331856,-0.0000990301487036,-0.00104893150274,0.00299763074145,0.000678370764945,-0.000738928210922,0.00217684684321,-0.00333351898007,-0.00152022531256,0.0102141750976,-0.0159814488143,0.0238624121994]],"mean":[-33.138507843,110.505599976,-115.345115662,12.651061058,-47.7969398499,-0.648429214954,-34.9839324951,-0.537302851677,-20.1953659058,-2.59303021431,-20.7022171021,-6.78802967072,-13.8034229279]},"hfc":{"dmean":4.54641771317,"dmean2":6.70834970474,"dvar":58.1252403259,"dvar2":130.247116089,"max":273.590179443,"mean":15.9872961044,"median":12.5050582886,"min":0.0000779946567491,"var":214.862731934},"melbands":{"dmean":[0.000142405988299,0.000374797120458,0.000883928616531,0.000485829426907,0.000287719100015,0.000259423919488,0.000218510700506,0.000168091268279,0.000161121424753,0.000235948624322,0.0000864239627845,0.0000432628548879,0.0000301391955873,0.0000228725639317,0.0000405823957408,0.0000491749378853,0.0000360651392839,0.0000152385991896,0.0000191117978829,0.0000238959964918,0.0000249387630902,0.00000949249715632,0.00000455185454484,0.00000475398428534,0.00000507246068082,0.0000025929405183,0.00000242339683609,0.00000111422218652,0.0000013526374687,0.00000104212301721,7.72159239659e-7,6.93356923875e-7,6.59415263726e-7,5.2943744322e-7,4.364937638e-7,3.70621961565e-7,2.37655513047e-7,2.33291331142e-7,2.09326003642e-7,1.35698840609e-7],"dmean2":[0.000235069994233,0.000640881771687,0.00146104523446,0.000823229842354,0.000443988246843,0.000395846087486,0.0003456598497,0.00025714430376,0.000247875810601,0.000360001664376,0.000134362038807,0.0000687098727212,0.0000468045072921,0.0000346634878952,0.0000624876047368,0.0000743375785532,0.0000536433581146,0.0000234312519751,0.0000297386523016,0.0000371400237782,0.0000391744688386,0.0000149745728777,0.0000070657483775,0.00000739516235626,0.00000778452431405,0.00000403569174523,0.00000378047889171,0.00000169738996192,0.00000209657741834,0.00000158612374435,0.00000118536740956,0.00000106498123387,0.0000010162699482,8.19373951799e-7,6.71986640555e-7,5.56680106456e-7,3.38010011092e-7,3.35043040423e-7,3.04252921524e-7,1.96315554035e-7],"dvar":[8.67208953537e-8,7.86972577771e-7,0.00000402207933803,0.00000105083813651,2.91417421749e-7,2.87000261778e-7,2.30408019775e-7,1.17890131435e-7,1.00702699513e-7,1.99600378892e-7,2.81621588272e-8,8.76508821079e-9,6.21023810154e-9,2.93459101464e-9,7.06413683105e-9,8.53767367914e-9,6.8737922021e-9,2.20987717015e-9,2.66755906253e-9,2.85147794266e-9,3.14143466795e-9,5.82319303888e-10,1.24975585436e-10,8.43710032394e-11,9.6408589445e-11,4.4418205225e-11,3.6029949857e-11,6.70563084226e-12,1.71398607113e-11,1.11942009481e-11,8.09327344725e-12,9.92140918032e-12,2.39395898938e-11,4.04327196724e-11,1.12509567635e-11,4.5620013843e-12,1.20615767808e-12,1.32696772407e-12,1.20161801516e-12,3.51819539213e-13],"dvar2":[2.1450377119e-7,0.00000215319982999,0.000010969858522,0.00000284543216367,7.02553506926e-7,7.00973487255e-7,5.75174226469e-7,2.81730621055e-7,2.33473784306e-7,4.67385007141e-7,6.87734242888e-8,2.15740119103e-8,1.45469218893e-8,6.49351594717e-9,1.66065525775e-8,1.90012894308e-8,1.44502019239e-8,4.93030993809e-9,6.45958930789e-9,6.27606944192e-9,7.52857243214e-9,1.48457979243e-9,2.7342600406e-10,1.92415181011e-10,2.06504272016e-10,9.78658334927e-11,7.83838410845e-11,1.45282709474e-11,3.92599459886e-11,2.52971324444e-11,2.00897649211e-11,2.56274047122e-11,6.42844111276e-11,1.14896203662e-10,3.00565718148e-11,1.15498626288e-11,2.67963407539e-12,2.87054277917e-12,2.70882882097e-12,7.88270165288e-13],"max":[0.00633144751191,0.0149066131562,0.0395859032869,0.0178549364209,0.00966358650476,0.0110637145117,0.0116388276219,0.00924297701567,0.00651758396998,0.012178607285,0.00545918755233,0.00238096364774,0.00290898303501,0.00202605267987,0.00257727666758,0.0022727297619,0.0024982325267,0.0012270094594,0.00170216883998,0.00177225214429,0.00173620891292,0.000758482783567,0.000400432589231,0.000336896744557,0.000423668505391,0.000200076974579,0.000175822002348,0.0000831597717479,0.000177518100827,0.00013855661382,0.000113556779979,0.000183844065759,0.000311616313411,0.000468746235128,0.000214004670852,0.000116137867735,0.000039877522795,0.0000590501404076,0.000041322560719,0.0000207494522328],"mean":[0.000277296057902,0.000736697926186,0.00171857210808,0.000789411307778,0.000539770466276,0.000471045030281,0.000364221312338,0.000315298035275,0.000287722301437,0.000507204735186,0.000203822783078,0.0000728478189558,0.0000473317268188,0.0000426567457907,0.0000738488452043,0.0000992814457277,0.0000687399297021,0.0000238144948526,0.0000287770762952,0.0000378964068659,0.0000436027330579,0.0000151422973431,0.00000769510097598,0.00000853500932863,0.00000874232046044,0.00000472454030387,0.00000453928396382,0.00000208467145058,0.0000026164150313,0.00000200787303584,0.00000140097097301,0.00000124638188481,0.00000106345180484,7.61388605497e-7,6.66197252031e-7,6.03871967542e-7,3.98537338242e-7,3.78498924647e-7,3.34941262281e-7,2.2089081142e-7],"median":[0.000179970360477,0.000555885839276,0.00121529353783,0.000476674758829,0.000282203429379,0.000206875236472,0.000160343101015,0.000127037972561,0.000106385421532,0.00015904760221,0.0000568806863157,0.0000258719119302,0.0000170501371031,0.000013121957636,0.0000249335826084,0.0000363503495464,0.0000193304731511,0.00000640608777758,0.0000097785377875,0.0000151608228407,0.0000158265193022,0.00000540714518138,0.00000293074913316,0.00000434242201663,0.00000399442569687,0.00000156845408128,0.00000138130599225,8.38817527438e-7,0.0000010942173958,4.92613025926e-7,4.35149672739e-7,5.25490690961e-7,3.04884849811e-7,1.4208939092e-7,9.66269482205e-8,8.86001174649e-8,7.23298398952e-8,6.01317680093e-8,4.65073171085e-8,3.66860106737e-8],"min":[8.38316083218e-8,1.15314602311e-8,4.07088496246e-9,1.63721591839e-9,9.12046216328e-10,4.96783558734e-10,3.7678302145e-10,6.01939886824e-10,2.37328601216e-10,1.59326399296e-10,2.24174317998e-10,1.42112419055e-10,2.44348263845e-10,1.80305159692e-10,1.63399876962e-10,1.04321946914e-10,1.16886736401e-10,7.02750704851e-11,7.88104442817e-11,4.25949032989e-11,3.25636739795e-11,2.38209833803e-11,2.74890648438e-11,2.01934597516e-11,1.32012838161e-11,4.06494768401e-11,3.1609034834e-11,9.43075478821e-12,5.04191263392e-12,9.96502533268e-12,5.10473521093e-12,1.00311764104e-11,1.01757326523e-11,1.03094859039e-11,7.38006357415e-12,8.03057273457e-12,9.0009484241e-12,5.80320123553e-12,4.53527146393e-12,2.53322731715e-12],"var":[1.20507976931e-7,8.09876667063e-7,0.00000483862277179,0.00000117118304388,5.64599986319e-7,5.20010360106e-7,3.91573593106e-7,2.50910829891e-7,2.44542690098e-7,9.76478304437e-7,2.23559453616e-7,1.81852914949e-8,1.18236673785e-8,8.76796768523e-9,1.64438525019e-8,2.94584481253e-8,2.36509496432e-8,4.65302596453e-9,4.39514158401e-9,5.94450488833e-9,9.32135790777e-9,1.13474152297e-9,2.96412366874e-10,1.82398970927e-10,2.36733688208e-10,1.05981882992e-10,1.02711693317e-10,1.74600160718e-11,4.64198991745e-11,3.2523810034e-11,1.61640024282e-11,1.21285290838e-11,2.45676742838e-11,2.72340934526e-11,1.19930254963e-11,6.11092470029e-12,2.00750093632e-12,2.87879442507e-12,2.77820301486e-12,7.54248226376e-13]},"melbands_crest":{"dmean":2.88657736778,"dmean2":4.59917497635,"dvar":8.29431152344,"dvar2":20.4021644592,"max":39.9886512756,"mean":14.0343952179,"median":12.7958126068,"min":4.08758306503,"var":35.2162666321},"melbands_flatness_db":{"dmean":0.0294749792665,"dmean2":0.0405845493078,"dvar":0.0009007009794,"dvar2":0.00185244553722,"max":0.686210393906,"mean":0.243817642331,"median":0.228865623474,"min":0.0489191040397,"var":0.0061163874343},"melbands_kurtosis":{"dmean":61.4144630432,"dmean2":109.385810852,"dvar":671235.625,"dvar2":2179463.25,"max":36174.0234375,"mean":74.7069091797,"median":5.25318813324,"min":-1.95291984081,"var":935853.4375},"melbands_skewness":{"dmean":0.925494134426,"dmean2":1.47559523582,"dvar":14.3253974915,"dvar2":43.6559333801,"max":174.609298706,"mean":2.68452882767,"median":1.89486324787,"min":-8.31318569183,"var":52.1488571167},"melbands_spread":{"dmean":4.63625574112,"dmean2":7.15536737442,"dvar":41.6717910767,"dvar2":103.10308075,"max":172.909637451,"mean":17.2074985504,"median":15.7001457214,"min":0.015534051694,"var":127.957855225},"mfcc":{"cov":[[10370.0810547,-166.203659058,-693.966918945,-24.7580814362,-486.76739502,-551.590393066,-668.199645996,-321.741088867,-186.486831665,-10.431098938,-199.011322021,-284.438171387,-252.733612061],[-166.203659058,1344.72521973,-84.9869918823,67.061050415,91.1213531494,-91.8519287109,-149.104614258,-65.8999786377,15.2052955627,-71.2683181763,-32.0177192688,-103.966949463,-90.1031723022],[-693.966918945,-84.9869918823,1136.58288574,212.820541382,145.392654419,53.2946281433,52.602104187,-13.1322164536,-20.259349823,88.7216415405,-106.104606628,-36.4768867493,-3.84867858887],[-24.7580814362,67.061050415,212.820541382,297.886169434,72.8152542114,28.7040138245,-8.02334594727,-19.1477355957,3.39106822014,19.078874588,-28.8122425079,-39.3452911377,3.26362061501],[-486.76739502,91.1213531494,145.392654419,72.8152542114,255.020355225,85.9605941772,13.1916818619,27.8751487732,16.5996017456,8.2031211853,-13.6393060684,-4.5256690979,3.57705545425],[-551.590393066,-91.8519287109,53.2946281433,28.7040138245,85.9605941772,149.632049561,93.7486343384,21.7266101837,5.50040912628,10.6265459061,21.8772182465,29.5801258087,20.4020347595],[-668.199645996,-149.104614258,52.602104187,-8.02334594727,13.1916818619,93.7486343384,174.882965088,68.3305206299,-4.40600061417,8.62225437164,37.8434906006,47.7016983032,26.3779411316],[-321.741088867,-65.8999786377,-13.1322164536,-19.1477355957,27.8751487732,21.7266101837,68.3305206299,119.036354065,39.3192901611,-15.5290975571,3.44403481483,17.8864097595,17.1269931793],[-186.486831665,15.2052955627,-20.259349823,3.39106822014,16.5996017456,5.50040912628,-4.40600061417,39.3192901611,95.9445343018,18.1005249023,-10.3902330399,-2.93615937233,4.8064455986],[-10.431098938,-71.2683181763,88.7216415405,19.078874588,8.2031211853,10.6265459061,8.62225437164,-15.5290975571,18.1005249023,98.9797210693,31.7728862762,0.428634166718,-7.06973171234],[-199.011322021,-32.0177192688,-106.104606628,-28.8122425079,-13.6393060684,21.8772182465,37.8434906006,3.44403481483,-10.3902330399,31.7728862762,113.08732605,50.3248329163,-5.49264383316],[-284.438171387,-103.966949463,-36.4768867493,-39.3452911377,-4.5256690979,29.5801258087,47.7016983032,17.8864097595,-2.93615937233,0.428634166718,50.3248329163,94.8086929321,43.9691047668],[-252.733612061,-90.1031723022,-3.84867858887,3.26362061501,3.57705545425,20.4020347595,26.3779411316,17.1269931793,4.8064455986,-7.06973171234,-5.49264383316,43.9691047668,93.1108093262]],"icov":[[0.000186774996109,0.000108655796794,0.000168284430401,-0.000132716799271,0.00018592235574,0.000158673356054,0.000574536505155,-0.000124157799291,0.000514977495186,-0.000345494481735,0.000480249582324,-0.0000615780445514,0.000446478952654],[0.000108655796794,0.00110900274012,0.000109549328045,-0.000205064337933,-0.00062508956762,0.000902356929146,0.000289217394311,0.000789900426753,-0.000456684094388,0.00109377549961,-0.000503590737935,0.00083460152382,0.000661684665829],[0.000168284430401,0.000109549328045,0.00166500359774,-0.000896192563232,-0.000452243344625,0.000519789406098,-0.000373837799998,-0.0000795495216153,0.00143331650179,-0.00235923472792,0.00300224451348,-0.00116376380902,0.00116058299318],[-0.000132716799271,-0.000205064337933,-0.000896192563232,0.00456115137786,-0.000756594527047,-0.000765633943956,-0.000284452020423,0.00090221100254,-0.000850183423609,0.00051488832105,-0.00134915031958,0.0026700689923,-0.00190161017235],[0.00018592235574,-0.00062508956762,-0.000452243344625,-0.000756594527047,0.00701150670648,-0.00553569849581,0.00416498538107,-0.00373350968584,0.00154206715524,-0.00138828658964,0.00104497815482,-0.000709992018528,0.000569909403566],[0.000158673356054,0.000902356929146,0.000519789406098,-0.000765633943956,-0.00553569849581,0.0159887671471,-0.00912315584719,0.00561937596649,-0.00272922567092,0.00148772937246,-0.000731415871996,0.00000534954278919,-0.000179411639692],[0.000574536505155,0.000289217394311,-0.000373837799998,-0.000284452020423,0.00416498538107,-0.00912315584719,0.0174895245582,-0.00987068004906,0.00601714104414,-0.00272123492323,-0.000219005873078,-0.00230481033213,0.00109205010813],[-0.000124157799291,0.000789900426753,-0.0000795495216153,0.00090221100254,-0.00373350968584,0.00561937596649,-0.00987068004906,0.0179241206497,-0.00913558714092,0.00606089876965,-0.00204679183662,0.00185086764395,-0.00125905266032],[0.000514977495186,-0.000456684094388,0.00143331650179,-0.000850183423609,0.00154206715524,-0.00272922567092,0.00601714104414,-0.00913558714092,0.0177925731987,-0.00824558641762,0.00599045027047,-0.00243055308238,0.00151609734166],[-0.000345494481735,0.00109377549961,-0.00235923472792,0.00051488832105,-0.00138828658964,0.00148772937246,-0.00272123492323,0.00606089876965,-0.00824558641762,0.0187671743333,-0.0106097757816,0.00534094497561,-0.00190889032092],[0.000480249582324,-0.000503590737935,0.00300224451348,-0.00134915031958,0.00104497815482,-0.000731415871996,-0.000219005873078,-0.00204679183662,0.00599045027047,-0.0106097757816,0.0220321118832,-0.0128116831183,0.00778111955151],[-0.0000615780445514,0.00083460152382,-0.00116376380902,0.0026700689923,-0.000709992018528,0.00000534954278919,-0.00230481033213,0.00185086764395,-0.00243055308238,0.00534094497561,-0.0128116831183,0.0244945455343,-0.010954266414],[0.000446478952654,0.000661684665829,0.00116058299318,-0.00190161017235,0.000569909403566,-0.000179411639692,0.00109205010813,-0.00125905266032,0.00151609734166,-0.00190889032092,0.00778111955151,-0.010954266414,0.0180550292134]],"mean":[-683.218811035,150.179016113,-7.58743810654,20.3398551941,2.44618201256,2.6857919693,-6.35551977158,-1.74446952343,0.58585524559,-0.180657833815,0.29202273488,-1.81251859665,-5.54320812225]},"pitch_salience":{"dmean":0.0683468580246,"dmean2":0.109898775816,"dvar":0.00404759310186,"dvar2":0.0104653211311,"max":0.878856301308,"mean":0.579148888588,"median":0.59785759449,"min":0.00323630054481,"var":0.0192414242774},"silence_rate_20dB":{"dmean":0,"dmean2":0,"dvar":0,"dvar2":0,"max":1,"mean":1,"median":1,"min":1,"var":0},"silence_rate_30dB":{"dmean":0.00486153317615,"dmean2":0.00972391013056,"dvar":0.00483732204884,"dvar2":0.0131017742679,"max":1,"mean":0.996440947056,"median":1,"min":0,"var":0.0035466440022},"silence_rate_60dB":{"dmean":0.0166681129485,"dmean2":0.0332523025572,"dvar":0.016389541328,"dvar2":0.0396110489964,"max":1,"mean":0.076128475368,"median":0,"min":0,"var":0.070335008204},"spectral_centroid":{"dmean":170.75730896,"dmean2":255.962646484,"dvar":38692.2226562,"dvar2":88414.015625,"max":4146.76757812,"mean":952.764160156,"median":897.381713867,"min":179.348190308,"var":207577.375},"spectral_complexity":{"dmean":3.26729750633,"dmean2":4.90119791031,"dvar":13.3180370331,"dvar2":25.2559013367,"max":52,"mean":15.8702259064,"median":15,"min":0,"var":79.8251571655},"spectral_contrast_coeffs":{"dmean":[0.0458646640182,0.0485645905137,0.0414947196841,0.0322268567979,0.0242737140507,0.0192667711526],"dmean2":[0.0760430768132,0.077737621963,0.0663816854358,0.0504428818822,0.0383646935225,0.0302229057997],"dvar":[0.00173013529275,0.00172063149512,0.00120837090071,0.000751940591726,0.000482134812046,0.000302198546706],"dvar2":[0.0046452479437,0.00416547106579,0.00292518618517,0.00171846430749,0.00113834405784,0.000712307868525],"max":[-0.26251283288,-0.430509209633,-0.383864551783,-0.427152663469,-0.513652324677,-0.660326242447],"mean":[-0.598739266396,-0.719326555729,-0.729355096817,-0.761261820793,-0.78399503231,-0.777169287205],"median":[-0.59340929985,-0.721369147301,-0.738433361053,-0.770738005638,-0.788380324841,-0.774280905724],"min":[-0.948891401291,-0.987148225307,-0.983967602253,-0.976056516171,-0.96414399147,-0.905025720596],"var":[0.00833412911743,0.00631263386458,0.00700672855601,0.00520014716312,0.00282886414789,0.00165607593954]},"spectral_contrast_valleys":{"dmean":[0.395986944437,0.403439253569,0.399458318949,0.383339703083,0.328753560781,0.41634735465],"dmean2":[0.659370660782,0.643059015274,0.612018287182,0.559687852859,0.467980951071,0.537246525288],"dvar":[0.133841440082,0.136190086603,0.132871896029,0.131113246083,0.13506989181,0.164261966944],"dvar2":[0.347663491964,0.318299263716,0.289980381727,0.272477149963,0.27150028944,0.314693272114],"max":[-5.42021226883,-4.48241138458,-5.10506248474,-5.49355792999,-5.70881271362,-7.60511636734],"mean":[-7.67485141754,-6.82403850555,-7.63007450104,-7.89952325821,-8.13133430481,-10.852722168],"median":[-7.28197479248,-6.54788017273,-7.41571998596,-7.66670894623,-7.90257644653,-10.7452964783],"min":[-12.4733285904,-13.4487009048,-13.6986808777,-14.1283884048,-13.5920286179,-15.6447343826],"var":[1.36761367321,1.44754111767,1.26001083851,1.33156514168,1.17912602425,1.14266014099]},"spectral_decrease":{"dmean":1.94764093742e-9,"dmean2":3.12262016244e-9,"dvar":1.08987051035e-17,"dvar2":2.79580197987e-17,"max":-1.42999259894e-13,"mean":-6.21015994184e-9,"median":-5.40661293513e-9,"min":-5.43959934873e-8,"var":2.22532959124e-17},"spectral_energy":{"dmean":0.00767656834796,"dmean2":0.0122730089352,"dvar":0.000166898753378,"dvar2":0.000424894329626,"max":0.212025150657,"mean":0.0248887483031,"median":0.0215934012085,"min":5.46787646272e-7,"var":0.000355994619895},"spectral_energyband_high":{"dmean":0.000134151938255,"dmean2":0.000184997436008,"dvar":3.80577745318e-7,"dvar2":9.21563355405e-7,"max":0.0379495806992,"mean":0.000293059099931,"median":0.0000971482004388,"min":2.959572587e-9,"var":7.0894543569e-7},"spectral_energyband_low":{"dmean":0.0023229685612,"dmean2":0.00385959562846,"dvar":0.0000261420755123,"dvar2":0.000071352449595,"max":0.0902235284448,"mean":0.00513389892876,"median":0.0044953012839,"min":3.66115671113e-7,"var":0.0000302155312966},"spectral_energyband_middle_high":{"dmean":0.00154545018449,"dmean2":0.00231181643903,"dvar":0.00000549259220861,"dvar2":0.0000121138900795,"max":0.0440096259117,"mean":0.00452614342794,"median":0.00319862086326,"min":1.22853256457e-8,"var":0.0000225747880904},"spectral_energyband_middle_low":{"dmean":0.00601482531056,"dmean2":0.00958797894418,"dvar":0.000104848550109,"dvar2":0.000273728946922,"max":0.156998336315,"mean":0.0168721303344,"median":0.0141000756994,"min":3.85729457264e-8,"var":0.000218032553676},"spectral_entropy":{"dmean":0.215174913406,"dmean2":0.291565209627,"dvar":0.051699437201,"dvar2":0.101746104658,"max":8.79228210449,"mean":7.1538476944,"median":7.24913549423,"min":4.56772899628,"var":0.305306464434},"spectral_flux":{"dmean":0.0238764192909,"dmean2":0.036226734519,"dvar":0.000710559950676,"dvar2":0.00143545866013,"max":0.370469093323,"mean":0.0734870582819,"median":0.0659343078732,"min":0.000886042660568,"var":0.0019954808522},"spectral_kurtosis":{"dmean":2.97583818436,"dmean2":4.81786203384,"dvar":16.4724979401,"dvar2":39.9575157166,"max":76.6043701172,"mean":8.40038871765,"median":6.83569574356,"min":-1.11542022228,"var":39.788394928},"spectral_rms":{"dmean":0.000710734515451,"dmean2":0.00111520965584,"dvar":8.07609467302e-7,"dvar2":0.00000197637655219,"max":0.0143824126571,"mean":0.00458854716271,"median":0.00458985101432,"min":0.0000230965652008,"var":0.0000032269804251},"spectral_rolloff":{"dmean":259.030609131,"dmean2":437.732116699,"dvar":232522.78125,"dvar2":531517.3125,"max":10895.8007812,"mean":1006.82879639,"median":796.728515625,"min":21.533203125,"var":535446.1875},"spectral_skewness":{"dmean":0.31122019887,"dmean2":0.483770906925,"dvar":0.132059648633,"dvar2":0.300987511873,"max":7.09295797348,"mean":2.06387352943,"median":1.95429873466,"min":0.345136970282,"var":0.474577456713},"spectral_spread":{"dmean":563701.5625,"dmean2":758269.0625,"dvar":402985484288,"dvar2":734836490240,"max":16189011,"mean":3721862.5,"median":3439629.25,"min":1096212,"var":1853459267580},"spectral_strongpeak":{"dmean":0.531226217747,"dmean2":0.914548993111,"dvar":0.755252122879,"dvar2":1.8887809515,"max":14.3552885056,"mean":1.17616844177,"median":0.659998595715,"min":0,"var":2.01219344139},"zerocrossingrate":{"dmean":0.00686989119276,"dmean2":0.00818996597081,"dvar":0.0000595895035076,"dvar2":0.0000756950175855,"max":0.28564453125,"mean":0.0420821718872,"median":0.04052734375,"min":0,"var":0.000442959775683}},"metadata":{"audio_properties":{"analysis_sample_rate":44100,"bit_rate":0,"codec":"flac","downmix":"mix","equal_loudness":0,"length":267.457885742,"lossless":true,"md5_encoded":"b067b3215af800878d436461441f8ed3","replay_gain":-6.27605056763,"sample_rate":96000},"tags":{"acoustid_id":["08df7a6f-5f5b-4025-b597-22d64c7e5425"],"album":["Rio Grande Mud"],"albumartist":["ZZ Top"],"albumartistsort":["ZZ Top"],"artist":["ZZ Top"],"artistsort":["ZZ Top"],"catalognumber":["WB 56 602"],"date":["1980"],"discnumber":["1"],"disctotal":["1"],"file_name":"02 Just Got Paid.flac","genre":["Rock","Southern Rock","Hard Rock","Blues Rock"],"grouping":["Classic Rock"],"label":["Warner Bros. Records"],"language":["eng"],"media":["12\" Vinyl"],"mood":["Feel Good"],"musicbrainz_albumartistid":["a81259a0-a2f5-464b-866e-71220f2739f1"],"musicbrainz_albumid":["9c8c4bd7-8368-4135-95bd-e021e4a10577"],"musicbrainz_artistid":["a81259a0-a2f5-464b-866e-71220f2739f1"],"musicbrainz_recordingid":["fdd795f5-7eea-4997-9d37-ee66e2785a3a"],"musicbrainz_releasegroupid":["7f5c9df6-5626-3b5c-bef9-fc012bd04824"],"musicbrainz_releasetrackid":["88d06ac6-1958-35d5-a512-a8a4bce5b542"],"musicbrainz_workid":["d5662d3d-3806-389d-9f69-e7a893fee20a"],"originaldate":["1972-04-04"],"originalyear":["1972"],"releasecountry":["DE"],"releasestatus":["official"],"releasetype":["album"],"script":["Latn"],"title":["Just Got Paid"],"totaldiscs":["1"],"totaltracks":["10"],"tracknumber":["2"],"tracktotal":["10"],"website":["http://www.zztop.com/"],"work":["Just Got Paid"],"writer":["Bill Ham","Billy Gibbons","Frank Beard"]},"version":{"essentia":"2.1-beta2","essentia_build_sha":"70f2e5ece6736b2c40cc944ad0e695b16b925413","essentia_git_sha":"v2.1_beta2","extractor":"music 1.0"}},"rhythm":{"beats_count":445,"beats_loudness":{"dmean":0.0143397850916,"dmean2":0.0248891804367,"dvar":0.000248149823165,"dvar2":0.000718153140042,"max":0.1565753