{"lowlevel":{"average_loudness":0.95318210125,"barkbands":{"dmean":[0.00689457962289,0.0107610756531,0.00178869953379,0.000998134724796,0.00238656252623,0.00146582513116,0.00132432952523,0.00135730649345,0.00145733274985,0.00116157752927,0.000762700277846,0.00076900923159,0.000639951380435,0.000454776920378,0.000327042507706,0.000288555660518,0.000201902017579,0.000137852781336,0.000198370675207,0.000128631421831,0.0000455820409115,0.0000149714551299,0.00000634563684798,0.00000357147064278,0.00000281560437543,0.00000516628733749,0.000163949647686],"dmean2":[0.0111048445106,0.0184843614697,0.00309611065313,0.00171091442462,0.00404123403132,0.00234187487513,0.00221267412417,0.00224674562924,0.00238122534938,0.00192817626521,0.00125011289492,0.00126163940877,0.00105449254625,0.000749464321416,0.000536640291102,0.000470686063636,0.000329148344463,0.000221174646867,0.000308780843625,0.000192411986063,0.0000691611567163,0.0000232653237617,0.00000999117764877,0.00000576725233259,0.00000461693207399,0.00000812174766907,0.00025699249818],"dvar":[0.00008766445535,0.000167125734151,0.00000584112876822,0.00000272051647698,0.0000197371773538,0.0000073937903835,0.00000601258943789,0.00000513231179866,0.00000788136730989,0.00000495858057548,0.0000031986007798,0.00000237139352066,0.00000133529192681,4.43293515673e-7,2.51925570183e-7,2.61846452076e-7,1.07846894082e-7,9.09800448312e-8,4.40375742983e-7,2.46134021609e-7,2.43662103827e-8,1.09563424999e-9,9.05800504047e-11,2.68068033049e-11,1.84024861322e-11,4.77831905987e-11,4.29709423599e-8],"dvar2":[0.000203975068871,0.000465695280582,0.0000159697592608,0.00000732530588721,0.0000532964659214,0.000017715676222,0.0000160061517818,0.0000128032779685,0.0000196273958863,0.0000124267444335,0.00000793939943833,0.00000607190122537,0.00000341298823514,0.00000114163867693,6.57088776279e-7,6.47384297281e-7,2.68665587555e-7,2.01549937628e-7,9.83529162113e-7,4.82638881749e-7,5.14860438727e-8,2.30825869529e-9,2.08234790522e-10,6.43405398404e-11,4.48586341684e-11,1.09787436087e-10,9.73275078309e-8],"max":[0.162838369608,0.174962252378,0.0371465906501,0.0415029600263,0.0587007924914,0.0524751953781,0.0696126669645,0.05656087026,0.0927441567183,0.0442371554673,0.0394474044442,0.0422710292041,0.0246638320386,0.0162634328008,0.00952036119998,0.0112379621714,0.00972312036902,0.0149948904291,0.0261248387396,0.0148534318432,0.00424656039104,0.0012443716405,0.00018051173538,0.0000860503278091,0.0000560204680369,0.000144142948557,0.00442779297009],"mean":[0.00943731330335,0.0145830633119,0.00203371793032,0.00119155657012,0.00318278907798,0.00224536308087,0.00195337482728,0.00218531861901,0.00221889466047,0.0015691180015,0.00108973449096,0.0012776030926,0.00107258243952,0.000782756658737,0.000619532831479,0.00050583697157,0.000389198685298,0.000267829018412,0.000349493202521,0.000219719251618,0.0000871628362802,0.0000337996061717,0.0000140500087582,0.00000579195420869,0.00000317649551107,0.0000117418321679,0.00066503661219],"median":[0.00553571991622,0.0103994337842,0.00121406232938,0.000627113739029,0.00167986704037,0.00102744007017,0.0011432672618,0.00131797138602,0.0011908034794,0.000726691097952,0.00044923328096,0.000664505641907,0.000588917406276,0.000500733382069,0.00041030353168,0.000348693807609,0.000250596960541,0.000175393972313,0.000161015297635,0.0000810053170426,0.0000444448014605,0.0000234690996876,0.0000103032698462,0.00000360649892173,0.00000158762907176,0.00000885840927367,0.000596615253016],"min":[4.61486469454e-23,1.98055552496e-23,2.84516348539e-23,1.78700408424e-23,2.3481238438e-23,2.58016096818e-23,2.92500346652e-23,1.48204686659e-23,4.6333054226e-23,2.78189494752e-23,5.86998846422e-23,1.28233252894e-22,9.10500984887e-23,5.96651411567e-23,9.93540585847e-23,9.87417195065e-23,1.67361145068e-22,2.06641697604e-22,2.45604913486e-22,3.9776214669e-22,4.16079294961e-22,4.26956967403e-22,5.4372640527e-22,7.78339394012e-22,1.00758292843e-21,1.66022075769e-21,2.36106831288e-21],"var":[0.000146185382619,0.000202568233362,0.00000601544843448,0.00000327623047269,0.0000216467524297,0.000014715828911,0.00000847905812407,0.00000955038922257,0.0000130709149744,0.00000708355173629,0.00000503911678607,0.00000457840769741,0.00000240683766606,8.42229212594e-7,5.19205741512e-7,3.73208479232e-7,2.16330647618e-7,2.28910721489e-7,9.07813443973e-7,5.02917089307e-7,4.38858869245e-8,2.34380381769e-9,2.39459840845e-10,5.06874993367e-11,2.13056881165e-11,1.45650158601e-10,2.80539410369e-7]},"barkbands_crest":{"dmean":3.12334895134,"dmean2":5.17505025864,"dvar":6.71751785278,"dvar2":17.9076061249,"max":26.2127399445,"mean":10.3791151047,"median":9.51257324219,"min":2.32878255844,"var":20.6644744873},"barkbands_flatness_db":{"dmean":0.0288075376302,"dmean2":0.0457447171211,"dvar":0.000841550936457,"dvar2":0.00207027443685,"max":0.619578063488,"mean":0.145253553987,"median":0.128048270941,"min":0.0279830992222,"var":0.0039271870628},"barkbands_kurtosis":{"dmean":8.90730571747,"dmean2":14.2619590759,"dvar":888.408691406,"dvar2":2223.51928711,"max":941.056518555,"mean":12.8903770447,"median":3.81133198738,"min":-1.71679580212,"var":1429.1328125},"barkbands_skewness":{"dmean":0.791546702385,"dmean2":1.24511086941,"dvar":1.10083627701,"dvar2":2.65444850922,"max":20.8649044037,"mean":2.26261281967,"median":1.74297738075,"min":-2.05131387711,"var":3.77344560623},"barkbands_spread":{"dmean":6.10081291199,"dmean2":9.62262630463,"dvar":36.5875015259,"dvar2":86.9034347534,"max":109.474136353,"mean":24.3400230408,"median":22.9430179596,"min":0.110991813242,"var":197.179626465},"dissonance":{"dmean":0.0177863687277,"dmean2":0.0304841753095,"dvar":0.000349538051523,"dvar2":0.000955729512498,"max":0.500000178814,"mean":0.474681317806,"median":0.481533586979,"min":0.276494026184,"var":0.000551949604414},"dynamic_complexity":1.93958759308,"erbbands":{"dmean":[0.614197492599,1.51764774323,2.04655623436,2.58320999146,5.15640974045,9.15385246277,11.3268022537,12.4567842484,17.2662830353,22.615694046,29.2144927979,31.130947113,37.0093269348,34.4872894287,28.1106891632,29.5215682983,28.3344326019,22.6048030853,17.6060123444,16.182516098,14.2812385559,10.38048172,7.13681507111,9.13259029388,9.78587245941,5.88452672958,2.80000329018,1.20931375027,0.597998678684,0.310155212879,0.162319228053,0.0919121131301,0.0532597824931,0.0320865064859,0.0197790116072,0.0136175788939,0.0103348148987,0.0106438240036,0.0111402431503,0.00413415301591],"dmean2":[1.05805885792,2.58591341972,3.52498030663,4.40338468552,8.85197162628,15.6583766937,18.2397842407,20.2405185699,28.9672698975,37.2407798767,48.696395874,51.0305709839,61.7519226074,56.7444992065,45.9995346069,48.3066940308,46.5142974854,37.1340827942,28.7036552429,26.2697639465,23.1041507721,16.79180336,11.3996944427,14.4241399765,15.0070095062,8.69543838501,4.21237277985,1.83793950081,0.928895354271,0.48445096612,0.255746811628,0.147377178073,0.0865083038807,0.0525827035308,0.0323912352324,0.0220762677491,0.0162084270269,0.0156747959554,0.0159884206951,0.00659180339426],"dvar":[0.600820839405,3.18013286591,6.3508682251,15.403875351,80.7595825195,318.038238525,553.793945312,592.810974121,1031.23254395,2121.85791016,2247.36791992,4726.88916016,5198.02001953,5701.54150391,3901.82885742,3239.78686523,2626.80761719,1107.35534668,727.912536621,656.401550293,718.591491699,309.53125,203.775924683,640.76739502,1375.3614502,505.822906494,105.506401062,11.7885427475,1.79651522636,0.304375827312,0.0572490990162,0.0181243866682,0.00605912553146,0.00236422871239,0.00091714510927,0.000355138879968,0.000200925875106,0.00027897983091,0.000660537392832,0.0000200839458557],"dvar2":[1.67728221416,8.72936820984,17.3106117249,41.2554588318,223.36428833,864.433532715,1307.40441895,1421.27160645,2778.71362305,5341.96142578,5655.38085938,11719.4599609,13280.0019531,14227.5703125,9724.82910156,8540.17382812,6700.17138672,2834.8659668,1839.41394043,1650.89819336,1752.96984863,745.754577637,453.78515625,1443.29626465,2968.55151367,983.640197754,220.477737427,24.3673248291,3.75616693497,0.652498841286,0.13280467689,0.043523311615,0.0146617656574,0.00576646765694,0.00223266356625,0.000860317319166,0.000458043650724,0.000567578244954,0.00124066288117,0.0000470828672405],"max":[11.221449852,25.8495025635,33.2195243835,102.499725342,169.023422241,256.32232666,482.177825928,611.943847656,824.662780762,1868.60766602,1095.51806641,2857.73803711,1477.17272949,1616.41052246,1808.66601562,1268.94213867,1205.83520508,604.10736084,455.814178467,589.547180176,694.466552734,624.856323242,665.63067627,1119.07055664,1390.70568848,679.04901123,261.270507812,113.892112732,47.1560020447,16.8895225525,5.71030664444,2.82390403748,1.24962508678,0.636227786541,0.392873376608,0.295735985041,0.338513791561,0.44187694788,0.600779891014,0.102672740817],"mean":[0.768507122993,1.99807465076,2.5548658371,3.34934425354,6.63877153397,11.164563179,16.2350502014,18.7851486206,25.2670536041,36.6057472229,48.8817672729,48.1049613953,52.1041221619,49.3713722229,46.4045410156,52.3300590515,50.0582199097,41.5575256348,35.1503295898,31.9651851654,26.9148616791,21.0883808136,15.0045671463,17.0833587646,16.656747818,10.2040348053,5.04347276688,2.49834489822,1.33639276028,0.707711279392,0.35543730855,0.16824388504,0.0780095085502,0.0381097085774,0.0218824502081,0.0200970936567,0.0240311510861,0.0322088859975,0.0349988825619,0.0225877016783],"median":[0.498330652714,1.38904058933,1.72626459599,2.04106903076,3.37376117706,5.65168905258,6.19336605072,9.27937412262,14.2203388214,22.7273864746,31.3304977417,26.7096061707,25.0837116241,20.8624763489,22.5110015869,27.910533905,28.1565856934,27.5403518677,24.7931518555,22.1513137817,19.1655673981,14.3309354782,10.5249977112,9.41969680786,6.99362659454,3.8128619194,2.30722904205,1.50847148895,0.919999420643,0.504596233368,0.261739403009,0.114950813353,0.0441928133368,0.0201219134033,0.0104717072099,0.0122192269191,0.0182004086673,0.0248750373721,0.021794103086,0.0222705155611],"min":[6.85241336882e-22,4.84702514628e-21,2.37577936464e-20,5.85345119315e-20,3.02362722039e-20,7.10719463043e-20,2.3442414882e-19,3.0052883031e-19,5.50373564453e-19,8.98111556875e-19,4.86017775423e-19,1.16692881574e-18,5.29682416911e-19,1.88400269317e-18,2.61648890997e-18,5.06635138453e-18,4.75628066396e-18,2.54115012696e-18,2.92105412318e-18,4.26712203206e-18,7.28731478562e-18,9.17669373919e-18,9.37067090155e-18,9.87298708187e-18,1.26345651256e-17,1.98022671132e-17,1.59243004721e-17,1.37650952027e-17,1.30242093804e-17,1.76154431103e-17,1.63052915904e-17,1.3593855581e-17,1.37245162034e-17,1.06190411287e-17,7.50174647018e-18,5.10341486624e-18,3.06843061817e-18,1.35837087632e-18,3.34591404152e-19,3.53952684375e-20],"var":[0.703636229038,3.94794821739,6.98303794861,18.4655094147,93.7261581421,320.928344727,1015.29766846,1101.60644531,1421.71520996,3123.11767578,4064.91113281,6909.68896484,7660.29589844,8767.2578125,6868.23291016,6937.1953125,5027.75097656,2252.17749023,1545.77429199,1355.29370117,1033.56237793,644.121948242,524.448303223,1469.85119629,2732.63183594,1042.06018066,193.183059692,23.4653606415,3.80321145058,0.735551953316,0.151349619031,0.0392225570977,0.0100938333198,0.0028199327644,0.00105525681283,0.000585286063142,0.000629191927146,0.00107048591599,0.00207417085767,0.000171505016624]},"erbbands_crest":{"dmean":2.41831994057,"dmean2":3.99973654747,"dvar":5.25791120529,"dvar2":13.3157463074,"max":28.1044902802,"mean":7.74622821808,"median":6.82027816772,"min":2.50295186043,"var":12.1919746399},"erbbands_flatness_db":{"dmean":0.0208729673177,"dmean2":0.0323081277311,"dvar":0.000433378940215,"dvar2":0.00106270692777,"max":0.381120413542,"mean":0.149066433311,"median":0.14680403471,"min":0.0278634596616,"var":0.00128382781986},"erbbands_kurtosis":{"dmean":1.07868790627,"dmean2":1.77027893066,"dvar":13.7274074554,"dvar2":34.2460441589,"max":205.091796875,"mean":0.82258528471,"median":0.191911101341,"min":-1.63153767586,"var":14.7637176514},"erbbands_skewness":{"dmean":0.356199294329,"dmean2":0.562744438648,"dvar":0.142705991864,"dvar2":0.332172065973,"max":10.8865690231,"mean":0.171434760094,"median":0.149731904268,"min":-3.94892573357,"var":0.534537494183},"erbbands_spread":{"dmean":5.29778051376,"dmean2":8.36149787903,"dvar":28.1328392029,"dvar2":66.7519378662,"max":95.3691177368,"mean":25.4275665283,"median":24.8751239777,"min":2.72034668922,"var":86.0417556763},"gfcc":{"cov":[[6377.02685547,-470.421722412,-1358.91943359,219.001296997,-180.655426025,-551.85559082,165.888885498,-193.703430176,-18.2091140747,-5.50082159042,-34.3936309814,118.891822815,-167.112121582],[-470.421722412,670.641113281,126.024986267,-250.154998779,61.6857337952,-11.9979372025,-3.75614070892,-39.2580604553,17.6646251678,-40.3452720642,46.1134910583,-28.87758255,52.4857978821],[-1358.91943359,126.024986267,725.787719727,23.5932712555,-65.318359375,257.155975342,-107.502845764,105.22303009,-22.5882759094,13.4232721329,-1.19428002834,-12.4693031311,48.8387870789],[219.001296997,-250.154998779,23.5932712555,269.076629639,51.9830780029,-40.6097106934,45.6445808411,15.1597995758,2.56147289276,15.3907165527,-13.0178728104,10.514755249,-24.0716876984],[-180.655426025,61.6857337952,-65.318359375,51.9830780029,231.089996338,-34.2433166504,64.1320419312,-13.1305437088,36.6196136475,-11.8661994934,19.8607501984,-28.4802112579,17.0235786438],[-551.85559082,-11.9979372025,257.155975342,-40.6097106934,-34.2433166504,247.576553345,-54.7421188354,63.859462738,-34.6550788879,14.1132164001,-5.9614906311,2.23687887192,24.1147499084],[165.888885498,-3.75614070892,-107.502845764,45.6445808411,64.1320419312,-54.7421188354,139.290420532,-20.4919223785,40.2452507019,-4.68801212311,3.14374256134,4.43502378464,-16.8568687439],[-193.703430176,-39.2580604553,105.22303009,15.1597995758,-13.1305437088,63.859462738,-20.4919223785,124.099113464,27.0195922852,24.7427711487,2.50158786774,-10.681230545,14.7179412842],[-18.2091140747,17.6646251678,-22.5882759094,2.56147289276,36.6196136475,-34.6550788879,40.2452507019,27.0195922852,105.914726257,26.5086078644,4.94003105164,5.08240747452,-12.6224403381],[-5.50082159042,-40.3452720642,13.4232721329,15.3907165527,-11.8661994934,14.1132164001,-4.68801212311,24.7427711487,26.5086078644,54.687664032,22.948348999,7.04645061493,1.63546442986],[-34.3936309814,46.1134910583,-1.19428002834,-13.0178728104,19.8607501984,-5.9614906311,3.14374256134,2.50158786774,4.94003105164,22.948348999,51.2952461243,17.3510990143,13.3971357346],[118.891822815,-28.87758255,-12.4693031311,10.514755249,-28.4802112579,2.23687887192,4.43502378464,-10.681230545,5.08240747452,7.04645061493,17.3510990143,56.0678977966,11.4332542419],[-167.112121582,52.4857978821,48.8387870789,-24.0716876984,17.0235786438,24.1147499084,-16.8568687439,14.7179412842,-12.6224403381,1.63546442986,13.3971357346,11.4332542419,60.6428985596]],"icov":[[0.000361928861821,-0.000311208743369,0.000849773350637,-0.000740043295082,0.000592254626099,-0.0000568249670323,0.000145562240505,-0.000139719166327,0.000137386770803,-0.0000832196237752,0.000222167174798,-0.000464617623948,0.00028865414788],[-0.000311208743369,0.00454772356898,-0.00276662874967,0.00498412130401,-0.00166526297107,0.00213502068073,-0.00130362308118,0.00126580824144,-0.00086102943169,0.00272343121469,-0.00362030323595,0.0020217646379,-0.00147223391104],[0.000849773350637,-0.00276662874967,0.00630343751982,-0.00649258121848,0.00458561582491,-0.0051890690811,0.00250074919313,0.000108751832158,-0.00321911717765,0.00310970726423,-0.00245019677095,0.00286481762305,-0.00222527771257],[-0.000740043295082,0.00498412130401,-0.00649258121848,0.0147111965343,-0.00860444363207,0.00768701033667,-0.00401093903929,-0.00303698075004,0.00770336249843,-0.00764894252643,0.00721956277266,-0.00808468461037,0.00543508399278],[0.000592254626099,-0.00166526297107,0.00458561582491,-0.00860444363207,0.0134728020057,-0.00585041707382,-0.000206624157727,0.00436228932813,-0.00995485391468,0.0112126814201,-0.0126646859571,0.013642238453,-0.00875554885715],[-0.0000568249670323,0.00213502068073,-0.0051890690811,0.00768701033667,-0.00585041707382,0.012363425456,-0.00188804720528,-0.00497194333002,0.00916351657361,-0.00883013010025,0.00887352228165,-0.00902717839926,0.0045208032243],[0.000145562240505,-0.00130362308118,0.00250074919313,-0.00401093903929,-0.000206624157727,-0.00188804720528,0.0115206642076,0.00136793323327,-0.00512650515884,0.00366809172556,-0.00200761016458,0.0000972125853878,0.000861707550939],[-0.000139719166327,0.00126580824144,0.000108751832158,-0.00303698075004,0.00436228932813,-0.00497194333002,0.00136793323327,0.0151351150125,-0.00976498052478,0.00398869579658,-0.00762763107195,0.0110780019313,-0.00785773806274],[0.000137386770803,-0.00086102943169,-0.00321911717765,0.00770336249843,-0.00995485391468,0.00916351657361,-0.00512650515884,-0.00976498052478,0.0263293813914,-0.020987065509,0.0180681627244,-0.0176098272204,0.0122444191948],[-0.0000832196237752,0.00272343121469,0.00310970726423,-0.00764894252643,0.0112126814201,-0.00883013010025,0.00366809172556,0.00398869579658,-0.020987065509,0.0467377863824,-0.032753508538,0.0183372758329,-0.00956187304109],[0.000222167174798,-0.00362030323595,-0.00245019677095,0.00721956277266,-0.0126646859571,0.00887352228165,-0.00200761016458,-0.00762763107195,0.0180681627244,-0.032753508538,0.0510713234544,-0.0273601766676,0.00842419266701],[-0.000464617623948,0.0020217646379,0.00286481762305,-0.00808468461037,0.013642238453,-0.00902717839926,0.0000972125853878,0.0110780019313,-0.0176098272204,0.0183372758329,-0.0273601766676,0.0427608080208,-0.0176254399121],[0.00028865414788,-0.00147223391104,-0.00222527771257,0.00543508399278,-0.00875554885715,0.0045208032243,0.000861707550939,-0.00785773806274,0.0122444191948,-0.00956187304109,0.00842419266701,-0.0176254399121,0.0295842923224]],"mean":[15.8768730164,106.892715454,-94.8596420288,-8.80771350861,-8.5674829483,-16.0772590637,4.35795068741,-9.72544384003,4.06992483139,-3.98204350471,-0.808012545109,-2.94532132149,-4.84033346176]},"hfc":{"dmean":55.1806564331,"dmean2":87.7893676758,"dvar":4528.26708984,"dvar2":10420.8710938,"max":1244.37243652,"mean":201.133712769,"median":187.09475708,"min":1.14448259567e-16,"var":11160.6005859},"melbands":{"dmean":[0.00421580765396,0.00124620378483,0.000486636505229,0.000495152838994,0.000397603755118,0.000277227838524,0.000264060246991,0.000259132037172,0.000249166332651,0.000203636125661,0.00018765963614,0.000144498932059,0.000096174859209,0.0000915830678423,0.0000744619319448,0.000059228783357,0.0000448152386525,0.0000318985621561,0.0000259813223238,0.0000215981817746,0.0000174561864696,0.0000123042855193,0.00000792011724116,0.000006971464245,0.00000787536009739,0.00000831521538203,0.00000646711532681,0.00000359997352462,0.00000203029594559,0.00000117328102078,6.23929679477e-7,3.9815256514e-7,2.33944589922e-7,1.60813598882e-7,1.03622113556e-7,7.51345226035e-8,5.28640917707e-8,3.95185431046e-8,3.19257793535e-8,2.56226329043e-8],"dmean2":[0.00719021586701,0.0021260061767,0.000825816649012,0.000849750824273,0.000647134089377,0.000448930135462,0.000441796844825,0.000426318583777,0.000415713409893,0.000332700787112,0.000313785450999,0.000238562890445,0.000157115573529,0.000150872438098,0.000122852245113,0.0000980100230663,0.0000744117205613,0.000052471023082,0.0000428382336395,0.000035462941014,0.0000285409660137,0.0000201546445169,0.0000128554447656,0.0000112125426313,0.0000126592121887,0.0000130712105602,0.00000999286294245,0.00000543094665773,0.00000313611963065,0.00000183538440979,9.66778429756e-7,6.32857620531e-7,3.69933616184e-7,2.55156948015e-7,1.65217443282e-7,1.21111625617e-7,8.55768078623e-8,6.42277697693e-8,5.22546592663e-8,4.20541823587e-8],"dvar":[0.0000269348402071,0.0000019070671442,5.22537675351e-7,8.60057184582e-7,5.98900385285e-7,2.68728655328e-7,2.33773874925e-7,2.51247229244e-7,1.63767509775e-7,2.04387234248e-7,1.33457930929e-7,9.76211751436e-8,4.54924098392e-8,3.86133756081e-8,2.01445562453e-8,1.06528181831e-8,4.35517222286e-9,2.4773723073e-9,1.69598435296e-9,1.30031119205e-9,1.05314768017e-9,4.15559420208e-10,2.29427782328e-10,2.34189112547e-10,4.75426586988e-10,9.09265329696e-10,7.18194725913e-10,1.82576634367e-10,5.85303958078e-11,1.69100532188e-11,2.56178650342e-12,7.73552066586e-13,2.23487583149e-13,6.88100428416e-14,2.35597691123e-14,1.26985764907e-14,6.05684884978e-15,3.3190312647e-15,2.21595232771e-15,1.5577944928e-15],"dvar2":[0.0000738455491955,0.00000517895568919,0.00000141289160638,0.00000237130052483,0.00000147083881075,6.50795641377e-7,6.25075699645e-7,6.26825851668e-7,4.15900416328e-7,5.02877469444e-7,3.40714478853e-7,2.43234239861e-7,1.12283323972e-7,9.90159350067e-8,5.30562900281e-8,2.71636686477e-8,1.13681579705e-8,6.27713392376e-9,4.42641878706e-9,3.31518812402e-9,2.59152965754e-9,1.04300801329e-9,5.41537037435e-10,5.30831545387e-10,1.10901854367e-9,2.12699791113e-9,1.55144608271e-9,3.69252989296e-10,1.29368196711e-10,3.80325354543e-11,5.42026883446e-12,1.69231089645e-12,4.94157015654e-13,1.54485392577e-13,5.57804975441e-14,3.1071784143e-14,1.47821564153e-14,8.06179362362e-15,5.41674986319e-15,3.79954204425e-15],"max":[0.0735025107861,0.0171084720641,0.016663338989,0.0123999668285,0.0128822838888,0.0118139041588,0.0122439451516,0.0188661888242,0.0103593096137,0.0181525405496,0.00746103236452,0.00706843240187,0.0043474775739,0.00537867238745,0.00313453748822,0.00234189000912,0.00129105825908,0.00104233075399,0.000952006899752,0.000927139539272,0.000833561411127,0.000633170770016,0.000855399935972,0.00072470062878,0.000928862194996,0.00132825388573,0.000941778649576,0.000408692925703,0.000189501355635,0.000140550328069,0.000068633860792,0.0000292135264317,0.0000156819824042,0.00000659155830363,0.00000342545058629,0.00000261585228145,0.00000172645661678,9.80508730208e-7,6.08151935921e-7,5.18668457516e-7],"mean":[0.00593207450584,0.00174903310835,0.000676119467244,0.00063231884269,0.000572291959543,0.000426879181759,0.000392317509977,0.000418737647124,0.000403713784181,0.000305764900986,0.000257352308836,0.000198728113901,0.000149026076542,0.000148270541104,0.000125066639157,0.0000981177872745,0.0000755023502279,0.0000578016879444,0.0000477471585327,0.0000369934314222,0.0000307064292429,0.0000230378500419,0.0000151101558004,0.0000129380168801,0.00001378835168,0.0000133511066451,0.0000101585919765,0.00000588869625062,0.00000336473863172,0.00000206702543437,0.00000123657287077,8.12140058315e-7,5.01650845308e-7,3.41549139193e-7,2.15999932607e-7,1.41019526723e-7,8.69518004265e-8,5.72880836103e-8,4.0943650248e-8,2.84164709541e-8],"median":[0.00417256914079,0.00130907620769,0.000426521612098,0.000339334772434,0.000240599794779,0.000213799648918,0.000227835451369,0.000252104655374,0.000254923303146,0.000158537062816,0.000120592747407,0.000081587524619,0.0000666253617965,0.0000764904980315,0.0000631361181149,0.0000562373097637,0.0000483682306367,0.0000375046947738,0.0000305237772409,0.0000250629873335,0.000020751307602,0.0000146856655192,0.0000106806492113,0.00000800588168204,0.00000715521855454,0.00000560251373827,0.00000365589335161,0.00000212445002035,0.00000148464778249,0.00000102856074591,7.60413797707e-7,5.44072577213e-7,3.4535270288e-7,2.43292447522e-7,1.5604943826e-7,9.85531443121e-8,5.51796901505e-8,3.15526165195e-8,2.21856630844e-8,1.38486040413e-8],"min":[8.08496205355e-24,1.06476973999e-23,9.39852590127e-24,5.3828160526e-24,1.19870672544e-23,6.96253210341e-24,7.15355240503e-24,8.37602963947e-24,4.67941047709e-24,7.05663295421e-24,2.27894756606e-24,7.1930072832e-24,8.40469053388e-24,1.3888715074e-23,1.1040741035e-23,1.00770724975e-23,3.89422566369e-24,3.77306017852e-24,7.3516945429e-24,4.30234995275e-24,1.03327525721e-23,1.05598033067e-23,7.94448328127e-24,9.19264424906e-24,6.31082018859e-24,8.42635975408e-24,1.04810852435e-23,1.23238745733e-23,9.41299676571e-24,7.92242436377e-24,8.01889653046e-24,6.63326156157e-24,8.59526591794e-24,9.40760016826e-24,1.04593253043e-23,5.60428322972e-24,8.6107978003e-24,9.41659791574e-24,9.21317750956e-24,8.85615799652e-24],"var":[0.0000342098937836,0.00000239973383032,6.55399844618e-7,8.53059020756e-7,0.00000101011369225,5.12035512656e-7,3.33191422897e-7,3.99497849912e-7,2.76696937362e-7,3.1353505392e-7,1.93719657204e-7,1.48442836689e-7,7.87068117347e-8,6.73832687426e-8,3.73202730941e-8,1.90688087542e-8,7.9453617019e-9,4.84478901441e-9,3.31885674498e-9,1.93276528115e-9,1.4739799381e-9,7.89211251906e-10,4.5889292366e-10,5.63803892462e-10,1.00507169254e-9,1.61565794077e-9,1.30808286425e-9,3.44197115254e-10,9.72683530942e-11,2.69614244125e-11,5.0146106885e-12,1.49490814692e-12,4.65789624753e-13,1.60450157934e-13,5.81647157196e-14,2.7446025731e-14,1.17385476543e-14,5.76048388e-15,2.99057115775e-15,1.78662669037e-15]},"melbands_crest":{"dmean":5.4839630127,"dmean2":9.14850139618,"dvar":19.8799133301,"dvar2":52.9722671509,"max":39.0510215759,"mean":18.2622737885,"median":17.5495853424,"min":1.99615168571,"var":57.253704071},"melbands_flatness_db":{"dmean":0.0362667664886,"dmean2":0.0579648055136,"dvar":0.00116992846597,"dvar2":0.0029522147961,"max":0.806833803654,"mean":0.255741775036,"median":0.236697524786,"min":0.00432117423043,"var":0.00611703470349},"melbands_kurtosis":{"dmean":8.61450195312,"dmean2":13.9965867996,"dvar":418.866699219,"dvar2":1078.13232422,"max":774.108764648,"mean":12.2670536041,"median":4.52245235443,"min":-1.71174371243,"var":797.714111328},"melbands_skewness":{"dmean":0.879999339581,"dmean2":1.41756749153,"dvar":0.931278288364,"dvar2":2.35565423965,"max":24.6312713623,"mean":2.41682553291,"median":1.99404907227,"min":-1.21651422977,"var":3.11054253578},"melbands_spread":{"dmean":5.92759513855,"dmean2":9.43810939789,"dvar":41.4894599915,"dvar2":99.2549057007,"max":159.291015625,"mean":19.4414958954,"median":18.259803772,"min":0.225101977587,"var":151.016723633},"mfcc":{"cov":[[6207.92773438,-455.420928955,-1408.24816895,414.769989014,-568.118225098,-89.818939209,-234.432052612,-26.7974910736,-211.976211548,10.7451372147,-43.6643218994,-52.5001182556,-34.0371627808],[-455.420928955,824.349853516,45.3269386292,-183.920028687,42.9441719055,-23.7959213257,4.00064277649,-25.3473396301,-7.79618930817,-24.8537330627,-1.33514904976,-14.21098423,6.01290082932],[-1408.24816895,45.3269386292,817.051513672,-195.155426025,147.466369629,23.651008606,55.161075592,18.9430332184,57.0505638123,-35.6585464478,16.2472381592,27.3319911957,-17.7199058533],[414.769989014,-183.920028687,-195.155426025,346.932647705,-27.7487239838,4.60363674164,-8.3271522522,11.1753644943,-5.09836673737,37.1381530762,-2.1222782135,0.491752594709,16.7879753113],[-568.118225098,42.9441719055,147.466369629,-27.7487239838,193.615829468,11.5706710815,47.2835884094,4.03694725037,41.9070396423,2.46624851227,9.18365383148,4.21401977539,13.9876585007],[-89.818939209,-23.7959213257,23.651008606,4.60363674164,11.5706710815,108.882781982,30.5155410767,15.7488880157,-1.65186369419,-4.9463391304,-9.60345745087,3.09868264198,-3.19353413582],[-234.432052612,4.00064277649,55.161075592,-8.3271522522,47.2835884094,30.5155410767,104.954864502,11.7507181168,10.871509552,-6.71723794937,-6.72757911682,-8.43070602417,5.43207216263],[-26.7974910736,-25.3473396301,18.9430332184,11.1753644943,4.03694725037,15.7488880157,11.7507181168,65.1971817017,27.7708148956,13.3852024078,2.30842280388,8.62907218933,1.32808411121],[-211.976211548,-7.79618930817,57.0505638123,-5.09836673737,41.9070396423,-1.65186369419,10.871509552,27.7708148956,76.7966003418,31.5430107117,12.0356607437,9.73805809021,9.30951690674],[10.7451372147,-24.8537330627,-35.6585464478,37.1381530762,2.46624851227,-4.9463391304,-6.71723794937,13.3852024078,31.5430107117,59.8388175964,26.4015769958,11.3599071503,9.14836978912],[-43.6643218994,-1.33514904976,16.2472381592,-2.1222782135,9.18365383148,-9.60345745087,-6.72757911682,2.30842280388,12.0356607437,26.4015769958,52.0191421509,25.4441051483,7.70378351212],[-52.5001182556,-14.21098423,27.3319911957,0.491752594709,4.21401977539,3.09868264198,-8.43070602417,8.62907218933,9.73805809021,11.3599071503,25.4441051483,49.490436554,19.0691070557],[-34.0371627808,6.01290082932,-17.7199058533,16.7879753113,13.9876585007,-3.19353413582,5.43207216263,1.32808411121,9.30951690674,9.14836978912,7.70378351212,19.0691070557,45.0246391296]],"icov":[[0.000344886095263,0.000131614200654,0.000462856667582,-0.0000617795158178,0.000479494599858,0.000131064181915,0.000261525303358,-0.00022110035934,0.000294751225738,0.000234117265791,-0.000114933180157,0.0000657364580547,0.000166956553585],[0.000131614200654,0.00148693460505,0.000297053047689,0.000792482227553,-0.000148703024024,0.000249242497375,0.000175606139237,0.000086172563897,0.000316612393362,0.000205325486604,-0.000222675327677,0.000633106741589,-0.00057473097695],[0.000462856667582,0.000297053047689,0.00248168013059,0.000679074786603,-0.000381096877391,0.0000921218743315,-0.0000535269646207,-0.000394541071728,-0.000858869811054,0.0019421329489,-0.000659103621729,-0.00127366720699,0.00161192228552],[-0.0000617795158178,0.000792482227553,0.000679074786603,0.00410766154528,-0.000444494158728,-0.0000936823635129,-0.0000528879572812,-0.000537262065336,0.00115643907338,-0.0026587981265,0.00121468945872,0.0000998798932415,-0.00121221551672],[0.000479494599858,-0.000148703024024,-0.000381096877391,-0.000444494158728,0.00821920111775,-0.000268257077551,-0.00196889345534,0.00129678228404,-0.00347094098106,0.00165227509569,-0.00173270062078,0.00135086406954,-0.0018687871052],[0.000131064181915,0.000249242497375,0.0000921218743315,-0.0000936823635129,-0.000268257077551,0.0109492782503,-0.00298599991947,-0.00236055068672,0.00197619060054,-0.000798042339738,0.00306318723597,-0.00314588379115,0.0019886076916],[0.000261525303358,0.000175606139237,-0.0000535269646207,-0.0000528879572812,-0.00196889345534,-0.00298599991947,0.0126903196797,-0.00207775365561,-0.0000515979299962,0.00176158570684,-0.000833725032862,0.00441617658362,-0.00297194859013],[-0.00022110035934,0.000086172563897,-0.000394541071728,-0.000537262065336,0.00129678228404,-0.00236055068672,-0.00207775365561,0.0203059148043,-0.00770565029234,-0.00130965805147,0.00214754766785,-0.00394395319745,0.00211009290069],[0.000294751225738,0.000316612393362,-0.000858869811054,0.00115643907338,-0.00347094098106,0.00197619060054,-0.0000515979299962,-0.00770565029234,0.0244671031833,-0.0131432469934,0.00338575523347,-0.000423381949076,-0.00192508939654],[0.000234117265791,0.000205325486604,0.0019421329489,-0.0026587981265,0.00165227509569,-0.000798042339738,0.00176158570684,-0.00130965805147,-0.0131432469934,0.0335496924818,-0.016126813367,0.00351813971065,-0.00166849594098],[-0.000114933180157,-0.000222675327677,-0.000659103621729,0.00121468945872,-0.00173270062078,0.00306318723597,-0.000833725032862,0.00214754766785,0.00338575523347,-0.016126813367,0.0351431258023,-0.0168639235198,0.0037292977795],[0.0000657364580547,0.000633106741589,-0.00127366720699,0.0000998798932415,0.00135086406954,-0.00314588379115,0.00441617658362,-0.00394395319745,-0.000423381949076,0.00351813971065,-0.0168639235198,0.036312378943,-0.0147537160665],[0.000166956553585,-0.00057473097695,0.00161192228552,-0.00121221551672,-0.0018687871052,0.0019886076916,-0.00297194859013,0.00211009290069,-0.00192508939654,-0.00166849594098,0.0037292977795,-0.0147537160665,0.0308648906648]],"mean":[-649.003112793,173.406799316,-23.6342811584,26.7063140869,-0.0533639676869,12.4352025986,2.80755901337,8.78200531006,3.61633443832,9.30344009399,5.66612386703,5.13972616196,3.7605342865]},"pitch_salience":{"dmean":0.0950956121087,"dmean2":0.155028745532,"dvar":0.00607195682824,"dvar2":0.0155331632122,"max":0.846420109272,"mean":0.51781141758,"median":0.54039645195,"min":0.0400630682707,"var":0.0194247756153},"silence_rate_20dB":{"dmean":0,"dmean2":0,"dvar":0,"dvar2":0,"max":1,"mean":1,"median":1,"min":1,"var":0},"silence_rate_30dB":{"dmean":0.038208514452,"dmean2":0.0764210522175,"dvar":0.0367523431778,"dvar2":0.093014754355,"max":1,"mean":0.970634698868,"median":1,"min":0,"var":0.0284994132817},"silence_rate_60dB":{"dmean":0.00115783384535,"dmean2":0.00231578946114,"dvar":0.00115628330968,"dvar2":0.00273164617829,"max":1,"mean":0.00742027163506,"median":0,"min":0,"var":0.00736359739676},"spectral_centroid":{"dmean":190.805633545,"dmean2":284.619140625,"dvar":50916.7929688,"dvar2":88655.65625,"max":11248.9257812,"mean":1129.50439453,"median":1047.97973633,"min":90.7467346191,"var":304007.0625},"spectral_complexity":{"dmean":3.72285676003,"dmean2":5.65357875824,"dvar":13.2923765182,"dvar2":25.3595333099,"max":63,"mean":25.2138195038,"median":27,"min":0,"var":118.605781555},"spectral_contrast_coeffs":{"dmean":[0.0570324547589,0.0481102466583,0.0396714992821,0.0280923992395,0.022573184222,0.035853587091],"dmean2":[0.0951327234507,0.0815207585692,0.0665282011032,0.046957693994,0.0371669344604,0.0561913922429],"dvar":[0.00207089725882,0.00139632751234,0.000995646696538,0.00049519649474,0.000417894189013,0.00110480340663],"dvar2":[0.00571592105553,0.00393286114559,0.00278679444455,0.00134635309223,0.00105581677053,0.00268266955391],"max":[-0.410682916641,-0.510571777821,-0.545990049839,-0.571476697922,-0.635138630867,-0.461320847273],"mean":[-0.722569227219,-0.780553877354,-0.804037868977,-0.813315331936,-0.809702217579,-0.748893380165],"median":[-0.730243444443,-0.785427570343,-0.810866236687,-0.814608097076,-0.804134488106,-0.740863442421],"min":[-0.965657770634,-0.968958437443,-0.963139116764,-0.989917099476,-0.975263476372,-0.962457835674],"var":[0.00504480674863,0.00320302555338,0.00269419234246,0.00171264971141,0.00193234591279,0.00533270975575]},"spectral_contrast_valleys":{"dmean":[0.381317555904,0.35460460186,0.331718444824,0.28367292881,0.288515716791,0.571157693863],"dmean2":[0.635538935661,0.584337413311,0.533233880997,0.443638712168,0.438471674919,0.912619948387],"dvar":[0.102229177952,0.0968482121825,0.0933017805219,0.0887051895261,0.146856695414,0.277791053057],"dvar2":[0.253080934286,0.219419181347,0.199116662145,0.179018631577,0.316533863544,0.701401650906],"max":[-5.08284807205,-4.43243455887,-4.84976196289,-5.37789487839,-5.12392234802,-9.01352500916],"mean":[-6.52064561844,-6.05195569992,-6.52936267853,-6.99231815338,-7.48115825653,-10.9957504272],"median":[-6.4350643158,-5.88550758362,-6.36315822601,-6.72627449036,-7.20605707169,-10.9074668884],"min":[-27.7880744934,-27.2462120056,-27.2420959473,-27.2167510986,-27.3665409088,-27.2798080444],"var":[0.493723273277,0.706164300442,0.745024204254,0.846941709518,1.05934119225,0.6801674366]},"spectral_decrease":{"dmean":4.85787632343e-9,"dmean2":7.99496913118e-9,"dvar":2.88739601997e-17,"dvar2":7.51642214317e-17,"max":1.05254116534e-8,"mean":-9.93485294032e-9,"median":-8.79217409988e-9,"min":-7.28406845951e-8,"var":5.38262835852e-17},"spectral_energy":{"dmean":0.0193286258727,"dmean2":0.0316924415529,"dvar":0.00041484675603,"dvar2":0.00107220374048,"max":0.281241744757,"mean":0.0557399317622,"median":0.052153531462,"min":1.04074039058e-20,"var":0.000813783030026},"spectral_energyband_high":{"dmean":0.000195426764549,"dmean2":0.000285712216282,"dvar":2.11733251376e-7,"dvar2":4.07596019159e-7,"max":0.0112316273153,"mean":0.000630394613836,"median":0.000465095217805,"min":7.62635725511e-21,"var":6.06306628015e-7},"spectral_energyband_low":{"dmean":0.014826701954,"dmean2":0.0249866805971,"dvar":0.000302757689497,"dvar2":0.000813237100374,"max":0.23861348629,"mean":0.0240378752351,"median":0.0183416306973,"min":7.62293710764e-23,"var":0.000424939702498},"spectral_energyband_middle_high":{"dmean":0.0028719229158,"dmean2":0.00446022721007,"dvar":0.0000180397601071,"dvar2":0.0000431095722888,"max":0.065328553319,"mean":0.00776723679155,"median":0.00579976476729,"min":1.44612062635e-21,"var":0.0000556682862225},"spectral_energyband_middle_low":{"dmean":0.00552575197071,"dmean2":0.00886998511851,"dvar":0.0000593117620156,"dvar2":0.000149078085087,"max":0.110479898751,"mean":0.0135161411017,"median":0.0104884523898,"min":3.14281376846e-22,"var":0.000138443807373},"spectral_entropy":{"dmean":0.151552006602,"dmean2":0.23382781446,"dvar":0.0394852496684,"dvar2":0.0980999022722,"max":9.80112743378,"mean":7.50369596481,"median":7.57562541962,"min":4.04033946991,"var":0.123634681106},"spectral_flux":{"dmean":0.0298875775188,"dmean2":0.048811621964,"dvar":0.000806266034488,"dvar2":0.00198714295402,"max":0.415978252888,"mean":0.135039463639,"median":0.134534984827,"min":1.03648208072e-10,"var":0.00226727244444},"spectral_kurtosis":{"dmean":5.62392950058,"dmean2":8.97523403168,"dvar":136.196365356,"dvar2":358.064788818,"max":267.349212646,"mean":21.7285003662,"median":19.6730155945,"min":-1.21689236164,"var":172.620300293},"spectral_rms":{"dmean":0.0012342298869,"dmean2":0.0019971865695,"dvar":0.00000126354643726,"dvar2":0.00000319227865475,"max":0.0165644846857,"mean":0.00711050024256,"median":0.00713312625885,"min":3.18646584813e-12,"var":0.00000382138296118},"spectral_rolloff":{"dmean":5196.88964844,"dmean2":10002.6367188,"dvar":64607516,"dvar2":151146992,"max":22050,"mean":11443.2216797,"median":6492.26074219,"min":43.06640625,"var":97966504},"spectral_skewness":{"dmean":0.39242041111,"dmean2":0.612794399261,"dvar":0.441398143768,"dvar2":1.12232935429,"max":14.1335124969,"mean":3.12026691437,"median":2.98680257797,"min":-0.0414083525538,"var":0.88232177496},"spectral_spread":{"dmean":486367.78125,"dmean2":750727.25,"dvar":413384409088,"dvar2":848294379520,"max":43316756,"mean":3583987.75,"median":3434259,"min":978970.125,"var":954774716416},"spectral_strongpeak":{"dmean":5.31768941879,"dmean2":10.0080366135,"dvar":338.815795898,"dvar2":932.321166992,"max":198.715209961,"mean":3.70954585075,"median":0.19968213141,"min":0,"var":247.759628296},"zerocrossingrate":{"dmean":0.0414906218648,"dmean2":0.0550911016762,"dvar":0.00131375540514,"dvar2":0.002403375227,"max":0.7998046875,"mean":0.265781015158,"median":0.24853515625,"min":0.0048828125,"var":0.0101474095136}},"metadata":{"audio_properties":{"analysis_sample_rate":44100,"bit_rate":224000,"codec":"mp3","downmix":"mix","equal_loudness":0,"length":441.182037354,"lossless":false,"md5_encoded":"47d71a52f5758a7f9e2fb269e11b8ca2","replay_gain":-1.03317451477,"sample_rate":44100},"tags":{"album":["St. Anger (bonus disc: St. Anger Rehearsals)"],"artist":["Metallica"],"date":["2003-06-05"],"file_name":"02 - Metallica - St. Anger.mp3","musicbrainz_albumid":["316025bc-7ec0-4f65-8d80-ab6c4b613934"],"musicbrainz_artistid":["65f4f0c5-ef9e-490c-aee3-909e7ae6b2ab"],"musicbrainz_recordingid":["fdde5bec-4a67-419e-a177-439d93067493"],"title":["St. Anger"],"tracknumber":["02/11"]},"version":{"essentia":"2.1-beta1","essentia_build_sha":"ca57ba49d9b1854bd80e60cf9ccf267278fb7d6b","essentia_git_sha":"v2.1_beta1-28-g21ef5f4-dirty","extractor":"music 1.0"}},"rhythm":{"beats_count":674,"beats_loudness":{"dmean":0.0227480493486,"dmean2":0.0393315032125,"dvar":0.000333164789481,"dvar2":0.000910324277356,"max":0.161129027605,"mean":0.0636914297938,"median":0.0622852407396,"min":1.05552416585e-7,"var":0.00071535812458},"beats_loudness_band_ratio":{"dmean":[0.167642086744,0.0643052384257,0.0857197642326,0.0610894188285,0.0303478501737,0.06458337605],"dmean2":[0.294194072485,0.112033061683,0.150570094585,0.104705967009,0.0537641607225,0.11053481698],"dvar":[0.0158887710422,0.00477113155648,0.00682272994891,0.00395575119182,0.000831172626931,0.0038366317749],"dvar2":[0.0460935607553,0.0137303965166,0.019679043442,0.0112296203151,0.00235559465364,0.0100554488599],"max":[0.945912003517,0.547136068344,0.586735725403,0.443858385086,0.177754461765,0.501823723316],"mean":[0.475720375776,0.0895575806499,0.136658236384,0.102144233882,0.0484231449664,0.158066764474],"median":[0.47660523653,0.0698972791433,0.112928986549,0.0790411680937,0.0394970029593,0.131518185139],"min":[0.0603640116751,0.00279200053774,0.000401782657718,0.0000792192367953,0.0000130481694214,0.0102887451649],"var":[0.0387535169721,0.00511918216944,0.0105873392895,0.00673344451934,0.0013