{"lowlevel":{"average_loudness":0.923324286938,"barkbands":{"dmean":[0.00010409206152,0.0053653139621,0.00336571014486,0.00146658730228,0.0017209709622,0.00098950159736,0.000717480201274,0.000574218633119,0.00073567283107,0.000678088574205,0.000443216500571,0.000542432826478,0.000452533276984,0.000437118753325,0.000293890392641,0.00034232516191,0.000304551620502,0.000289305258775,0.000267350231297,0.000182068819413,0.000147880724398,0.000109394080937,0.000123919206089,0.0000779877445893,0.0000209005065699,0.00000465196990262,0.00000132190677959],"dmean2":[0.000173597392859,0.00896780379117,0.00559570267797,0.00248767388985,0.00284857838415,0.00163232337218,0.00117845588829,0.00090059969807,0.0012098159641,0.00107495335396,0.000701985729393,0.000860282103531,0.000723976001609,0.000720905780327,0.000480670685647,0.000541790912393,0.000481192575535,0.000462480820715,0.000433939276263,0.000297411781503,0.000234103470575,0.000164711265825,0.000187741767149,0.000117521856737,0.0000326911576849,0.00000741769326851,0.00000215704562834],"dvar":[3.5065479409e-8,0.0000558017127332,0.0000184693853953,0.00000396521636503,0.00000585394627706,0.00000278133938991,0.00000185459828117,0.00000293523999062,0.00000293508219329,0.0000018661953618,0.00000104031266801,0.00000112879251901,6.15190174358e-7,5.54681435005e-7,3.06988084731e-7,4.43802662176e-7,2.97139393979e-7,2.78646496099e-7,3.24794854123e-7,9.08069779371e-8,8.56622790479e-8,8.21707359933e-8,1.57250440225e-7,1.20647086987e-7,6.10439832016e-9,1.51577597696e-10,1.12079859282e-11],"dvar2":[9.38397377581e-8,0.000155046451255,0.0000485225136799,0.0000108396970973,0.0000156583791977,0.00000712368728273,0.0000045467468226,0.0000063409302129,0.00000686311977915,0.00000432958267993,0.00000205914784601,0.00000237927883973,0.00000141160751355,0.00000138370251079,7.32493731448e-7,0.00000103433353615,6.71574582611e-7,6.44122167159e-7,8.14169027308e-7,2.28348028486e-7,2.04185951702e-7,1.56630491688e-7,3.05326892658e-7,2.56025970202e-7,1.45134100293e-8,3.66972147114e-10,2.85434176295e-11],"max":[0.0031947735697,0.0824253112078,0.0669594779611,0.0345649495721,0.0335474275053,0.0426657013595,0.042276635766,0.0426869206131,0.0650982782245,0.0338995605707,0.0453154593706,0.0348005965352,0.0188012663275,0.0152164511383,0.0139974961057,0.0175360515714,0.014476891607,0.0155322579667,0.0168008245528,0.00658436818048,0.00839776266366,0.0100065534934,0.012856354937,0.0137943150476,0.00252094399184,0.000379960110877,0.0000843862944748],"mean":[0.000125954742543,0.00863144733012,0.00488761393353,0.00197504018433,0.00284891924821,0.00188360817265,0.00120947440155,0.000927426270209,0.00137894588988,0.00106494512875,0.000717053015251,0.000989919528365,0.00078145909356,0.000677868840285,0.000477728259284,0.000650246627629,0.00065002264455,0.000617472222075,0.000573330675252,0.000389959168388,0.000330182927428,0.000245705392445,0.000247609248618,0.000157108530402,0.0000471743805974,0.0000109274351416,0.00000335370305038],"median":[0.0000373010479962,0.00586868310347,0.00315031595528,0.00120723154396,0.00189424538985,0.000972309033386,0.000623786589131,0.0002735487069,0.000672122696415,0.000469372695079,0.000321531028021,0.000427252380177,0.000417679257225,0.000380188517738,0.000259298714809,0.000364263309166,0.000346219050698,0.00034470227547,0.000327294343151,0.000259717577137,0.000184867982171,0.000120330383652,0.0000889386501512,0.0000495782987855,0.0000195435641217,0.00000317207013723,1.83906848861e-7],"min":[1.42587039398e-10,9.38767674707e-11,1.23751078829e-11,1.04973061493e-11,1.12215601394e-11,2.99677231815e-12,4.01712430681e-12,1.67835613029e-12,1.6591269374e-12,7.43914153369e-13,1.13231017444e-12,1.16838125546e-12,1.35644945796e-12,7.45642209001e-13,5.23985368983e-13,2.59902451123e-13,1.89207509252e-13,4.43445085339e-13,3.08998676255e-13,4.16470162393e-13,1.94795216199e-13,5.68623815568e-13,3.21875799668e-13,3.51925465766e-13,7.07285521383e-13,7.88683354735e-13,2.77668014449e-12],"var":[4.65209879508e-8,0.0000951707988861,0.0000312267729896,0.00000558739429835,0.00000961795012699,0.0000087267062554,0.00000407992729379,0.00000648584682494,0.00000894207369129,0.00000427053510066,0.00000229529700846,0.00000409100312027,0.00000149179913933,9.3622361419e-7,5.22057916896e-7,9.8823272765e-7,0.00000103190654954,7.40794291687e-7,6.69659243613e-7,1.87186032008e-7,1.93491615619e-7,2.19783842681e-7,3.78354627628e-7,2.64522640236e-7,1.11528066782e-8,3.53781198781e-10,4.31792483713e-11]},"barkbands_crest":{"dmean":2.77962779999,"dmean2":4.54874134064,"dvar":6.19505739212,"dvar2":16.0430450439,"max":26.3344688416,"mean":9.70452404022,"median":8.82123565674,"min":2.23218917847,"var":18.2639751434},"barkbands_flatness_db":{"dmean":0.0200962610543,"dmean2":0.030803732574,"dvar":0.0004391472321,"dvar2":0.000938290148042,"max":0.492288947105,"mean":0.135565534234,"median":0.112965896726,"min":0.0324242897332,"var":0.00531781790778},"barkbands_kurtosis":{"dmean":2.32697486877,"dmean2":3.60301160812,"dvar":23.5806560516,"dvar2":50.7736167908,"max":196.740859985,"mean":3.06881570816,"median":0.570315003395,"min":-1.89971017838,"var":75.3239746094},"barkbands_skewness":{"dmean":0.508542776108,"dmean2":0.783388435841,"dvar":0.279791265726,"dvar2":0.641959547997,"max":11.2029123306,"mean":1.383233428,"median":1.18703103065,"min":-1.48507893085,"var":1.12034869194},"barkbands_spread":{"dmean":5.48375988007,"dmean2":8.44824790955,"dvar":35.7750320435,"dvar2":78.1239089966,"max":98.6798706055,"mean":26.4541549683,"median":25.6431884766,"min":0.501115202904,"var":205.714614868},"dissonance":{"dmean":0.0137723442167,"dmean2":0.0234006587416,"dvar":0.000258632673649,"dvar2":0.000719069503248,"max":0.500000119209,"mean":0.473210573196,"median":0.482621699572,"min":0.188956975937,"var":0.00109006813727},"dynamic_complexity":3.58593201637,"erbbands":{"dmean":[0.121157944202,1.35072445869,3.34475779533,4.7304391861,5.1222577095,5.84696578979,7.16718149185,8.30445766449,9.59513759613,12.294137001,11.6497468948,16.4442596436,22.9040565491,15.4648942947,17.6277866364,22.0219898224,19.5917072296,21.7491397858,16.1952781677,14.412027359,18.7192420959,15.618265152,15.8532066345,13.8726625443,11.8365917206,8.34210777283,7.03520774841,5.31435108185,3.83984732628,3.56700825691,3.80120277405,2.12664318085,1.10346639156,0.342023044825,0.113814033568,0.0312113407999,0.00675754155964,0.00139028916601,0.000236150197452,0.0000194851090782],"dmean2":[0.195775151253,2.28805303574,5.68510770798,7.74142551422,8.53329086304,9.82070541382,12.077837944,13.5815353394,15.6909627914,19.8212223053,18.3602542877,26.852230072,36.485168457,24.8654441833,27.0751228333,34.8330764771,31.1278400421,35.4797859192,26.3114128113,22.7618408203,29.6002159119,24.0438785553,25.1298141479,22.388174057,18.9667224884,13.5291461945,11.384724617,8.3909778595,5.83695077896,5.39360284805,5.77311468124,3.27390909195,1.68586349487,0.520676791668,0.17999714613,0.049611505121,0.0109133915976,0.0022968063131,0.000385563907912,0.000031587715057],"dvar":[0.0337568856776,3.44287967682,17.0138969421,40.573928833,51.5413856506,85.3778686523,146.350311279,256.728546143,376.481750488,826.201904297,1237.25,1668.06164551,2177.73779297,931.392883301,1702.6295166,1747.52819824,1151.32727051,1465.60595703,668.87512207,941.841003418,1089.94567871,805.584899902,859.381286621,641.698303223,735.335571289,187.364990234,169.038711548,135.640869141,94.9672470093,111.715194702,151.45954895,89.7138214111,23.0001544952,1.72980487347,0.133616179228,0.008027208969,0.00027598455199,0.00000990945227386,3.4166978935e-7,1.18805221216e-9],"dvar2":[0.0839654430747,9.85352420807,47.3678359985,103.92830658,133.254776001,235.140716553,407.934967041,632.26171875,935.115844727,1928.72277832,2791.89160156,3767.96630859,5040.23095703,2056.49755859,3382.80322266,3767.15893555,2618.58300781,3628.15332031,1637.61181641,2229.67749023,2461.2109375,1717.50061035,1932.71972656,1621.41760254,1824.33947754,469.476745605,417.912445068,315.136291504,182.702651978,214.797546387,295.006347656,192.929031372,50.8361282349,3.92873501778,0.326179474592,0.0191316343844,0.000682279700413,0.0000258829932136,8.83839732069e-7,2.94962165803e-9],"max":[2.40019392967,20.6826915741,49.2642936707,109.920623779,125.388595581,119.912940979,230.124633789,531.421203613,586.147827148,776.262329102,996.18182373,1484.12548828,1307.43005371,1240.82128906,1237.66113281,1702.0859375,899.524475098,866.50958252,378.882507324,896.925170898,789.639770508,973.92401123,888.885131836,483.568084717,842.271972656,253.073287964,237.602279663,329.355072021,385.189544678,321.455078125,408.094146729,368.24621582,194.824249268,43.5657844543,13.1517715454,3.11342859268,0.491715550423,0.0677728280425,0.0131885912269,0.000960711564403],"mean":[0.206613525748,2.0974650383,5.20369291306,7.29191017151,7.91411304474,8.87966442108,12.0544872284,15.6312932968,16.678943634,21.5124130249,19.9176750183,31.5536689758,38.3673934937,26.1334571838,32.4564056396,42.1746635437,36.684299469,36.4106750488,27.8739700317,26.6914100647,39.2676315308,36.7542572021,35.6186790466,30.1949615479,25.5510005951,18.5190639496,15.0929899216,11.7711029053,8.70829391479,7.4315199852,7.35003566742,4.06449604034,2.21941566467,0.752564966679,0.251941978931,0.0705751851201,0.0159575995058,0.00332614011131,0.000600154395215,0.0000729645544197],"median":[0.113371297717,1.46195650101,3.88807654381,4.56454753876,5.06031513214,5.46996021271,6.70392608643,7.60376548767,8.30882453918,9.90098762512,7.95212221146,15.3564739227,17.0494670868,14.3104848862,13.7123308182,20.0644645691,20.7149047852,20.3444538116,17.2896080017,14.308429718,23.2516326904,20.2336883545,19.7603034973,17.8777618408,14.926240921,12.2069587708,9.16562271118,6.24841833115,4.32362174988,3.09334564209,2.4845252037,1.26751637459,0.71258944273,0.304264187813,0.0986122488976,0.0239423699677,0.00436077546328,0.000436859147158,0.0000620890205028,0.0000553363206564],"min":[4.94986363009e-9,1.36541098428e-8,1.91827105311e-8,3.02963769627e-8,3.74669895109e-8,3.76852398176e-8,2.25312248858e-8,2.74066209727e-8,5.82118531156e-8,4.4369475205e-8,4.02386675091e-8,3.95826091903e-8,1.55386459255e-8,4.1635825454e-8,4.92698148946e-8,4.65469334188e-8,6.01529848154e-8,4.36174687479e-8,3.84979692569e-8,1.48251864118e-8,1.67266289708e-8,1.14317169064e-8,2.10308730431e-8,1.89967153119e-8,2.06391241875e-8,1.77909864618e-8,8.82983641759e-9,1.15425589087e-8,2.75275198192e-8,7.80940112577e-9,1.01083461601e-8,8.58036575124e-9,5.68611691065e-9,5.80880010759e-9,5.83704728996e-9,3.14028136827e-9,1.32652333562e-9,7.89850018723e-10,2.30937352574e-10,5.65589484969e-11],"var":[0.0732209905982,5.21698904037,25.5442562103,75.7179412842,84.8976364136,115.111541748,298.035400391,840.646850586,841.485717773,2088.52001953,2319.7121582,5343.48828125,5395.27099609,1880.7565918,4327.78271484,6936.63671875,2920.28540039,2621.05859375,1120.3536377,1881.89245605,3101.25585938,3218.09619141,2494.23120117,1553.89746094,1362.62280273,416.940032959,335.235015869,305.327758789,250.2734375,291.447113037,351.630126953,182.919570923,46.9473304749,3.33981466293,0.255186736584,0.0170713402331,0.000690167071298,0.0000343203828379,0.00000127544456063,5.30075672245e-9]},"erbbands_crest":{"dmean":2.00567603111,"dmean2":3.23769283295,"dvar":4.06111812592,"dvar2":9.96880435944,"max":29.8882007599,"mean":7.48189926147,"median":6.25073432922,"min":2.2178106308,"var":15.6272668839},"erbbands_flatness_db":{"dmean":0.0119553525001,"dmean2":0.0178854838014,"dvar":0.000152320921188,"dvar2":0.00029388954863,"max":0.41609993577,"mean":0.16243442893,"median":0.145065948367,"min":0.0179573409259,"var":0.00390972010791},"erbbands_kurtosis":{"dmean":0.640510797501,"dmean2":0.996025323868,"dvar":0.890804708004,"dvar2":2.00111293793,"max":34.2989349365,"mean":0.300038993359,"median":-0.252749443054,"min":-1.72597324848,"var":5.06349563599},"erbbands_skewness":{"dmean":0.287724226713,"dmean2":0.438801527023,"dvar":0.0866064354777,"dvar2":0.180300727487,"max":4.6626329422,"mean":-0.0235864184797,"median":-0.0762858092785,"min":-3.03063249588,"var":0.562599241734},"erbbands_spread":{"dmean":6.71208333969,"dmean2":10.1851682663,"dvar":49.0804405212,"dvar2":105.132232666,"max":130.448394775,"mean":37.9620361328,"median":36.0901260376,"min":2.80534362793,"var":279.439727783},"gfcc":{"cov":[[17661.4394531,-3912.95581055,-821.697692871,1952.7722168,-1196.1706543,2048.15649414,-445.377746582,970.639099121,347.309875488,623.102966309,441.620178223,616.50994873,-82.9404220581],[-3912.95581055,2297.75561523,-461.625091553,-580.165893555,478.232940674,-819.72052002,306.608093262,-482.87387085,-69.6056365967,-243.951400757,-80.4642486572,-278.972167969,130.481903076],[-821.697692871,-461.625091553,1071.68395996,-155.734100342,-34.9269371033,119.007675171,-213.895797729,147.396179199,-59.2378883362,0.0260218847543,-32.7776031494,72.7525100708,-62.9440002441],[1952.7722168,-580.165893555,-155.734100342,668.586791992,-199.703018188,309.137054443,-28.1968517303,102.715354919,103.359924316,74.713508606,95.2113418579,41.3906211853,-10.0229415894],[-1196.1706543,478.232940674,-34.9269371033,-199.703018188,444.662017822,-173.905197144,128.731231689,-118.941673279,-35.613571167,-19.9842777252,-40.2445640564,-40.4576339722,33.6377334595],[2048.15649414,-819.72052002,119.007675171,309.137054443,-173.905197144,481.860656738,-70.3344955444,181.302368164,37.9777030945,96.6207046509,72.177986145,104.02217865,-32.5066413879],[-445.377746582,306.608093262,-213.895797729,-28.1968517303,128.731231689,-70.3344955444,197.797195435,-67.7594604492,5.84984922409,-6.38745355606,-9.48952770233,-46.3629837036,24.5706138611],[970.639099121,-482.87387085,147.396179199,102.715354919,-118.941673279,181.302368164,-67.7594604492,212.925842285,65.2510299683,55.7812194824,25.9699802399,64.6945495605,-30.4995517731],[347.309875488,-69.6056365967,-59.2378883362,103.359924316,-35.613571167,37.9777030945,5.84984922409,65.2510299683,102.680435181,38.2157783508,28.5420646667,2.91573786736,6.51718664169],[623.102966309,-243.951400757,0.0260218847543,74.713508606,-19.9842777252,96.6207046509,-6.38745355606,55.7812194824,38.2157783508,101.950912476,34.2449874878,40.3524284363,-7.65453195572],[441.620178223,-80.4642486572,-32.7776031494,95.2113418579,-40.2445640564,72.177986145,-9.48952770233,25.9699802399,28.5420646667,34.2449874878,83.1262969971,42.2971572876,8.33623218536],[616.50994873,-278.972167969,72.7525100708,41.3906211853,-40.4576339722,104.02217865,-46.3629837036,64.6945495605,2.91573786736,40.3524284363,42.2971572876,100.996231079,10.2508687973],[-82.9404220581,130.481903076,-62.9440002441,-10.0229415894,33.6377334595,-32.5066413879,24.5706138611,-30.4995517731,6.51718664169,-7.65453195572,8.33623218536,10.2508687973,62.7761383057]],"icov":[[0.00021628732793,-0.000186387158465,0.000375722796889,-0.000264743546722,0.000126477578306,-0.000664053543005,0.000463745207526,-0.000547108298633,0.000351301569026,-0.000601966574322,0.000438771443442,-0.000661693920847,0.0000885915360413],[-0.000186387158465,0.003543155035,-0.000298492755974,0.00157267763279,-0.000873958400916,0.0030150457751,-0.00183748605195,0.00277741323225,-0.00177995057311,0.00378506467678,-0.00497878808528,0.00535881053656,-0.00312845082954],[0.000375722796889,-0.000298492755974,0.00218908442184,-0.0000527985066583,-0.000251922872849,-0.00143025419675,0.00226045609452,-0.00195583933964,0.00139357114676,-0.000781130627729,0.00103360321373,-0.00124144402798,0.000688279978931],[-0.000264743546722,0.00157267763279,-0.0000527985066583,0.0038355581928,0.000075693562394,-0.000162910058862,-0.000857651291881,0.00250690686516,-0.00326430751011,0.00232890131883,-0.00366534967907,0.0034333828371,-0.00108149601147],[0.000126477578306,-0.000873958400916,-0.000251922872849,0.000075693562394,0.00387183297426,-0.000502560520545,-0.001631004503,0.000480696355226,0.000311317038722,-0.00202321168035,0.00205454276875,-0.00209183781408,0.0000698899675626],[-0.000664053543005,0.0030150457751,-0.00143025419675,-0.000162910058862,-0.000502560520545,0.00907271262258,-0.00313502689824,0.000314812903525,0.000801816640887,0.00217180349864,-0.00545779522508,0.00388849666342,-0.00198561814614],[0.000463745207526,-0.00183748605195,0.00226045609452,-0.000857651291881,-0.001631004503,-0.00313502689824,0.0104421135038,-0.00214834604412,0.00131504703313,-0.00340395863168,0.00246088509448,-0.000128583196783,-0.000176074972842],[-0.000547108298633,0.00277741323225,-0.00195583933964,0.00250690686516,0.000480696355226,0.000314812903525,-0.00214834604412,0.0163524653763,-0.011676996015,0.0042976969853,-0.000675594841596,-0.00157258147374,0.00271730590612],[0.000351301569026,-0.00177995057311,0.00139357114676,-0.00326430751011,0.000311317038722,0.000801816640887,0.00131504703313,-0.011676996015,0.0224011521786,-0.00805656798184,-0.00233362987638,0.00467801326886,-0.00466159032658],[-0.000601966574322,0.00378506467678,-0.000781130627729,0.00232890131883,-0.00202321168035,0.00217180349864,-0.00340395863168,0.0042976969853,-0.00805656798184,0.0208249036223,-0.00722430925816,0.0012429774506,0.000687006220687],[0.000438771443442,-0.00497878808528,0.00103360321373,-0.00366534967907,0.00205454276875,-0.00545779522508,0.00246088509448,-0.000675594841596,-0.00233362987638,-0.00722430925816,0.0275292024016,-0.0167082287371,0.00459495699033],[-0.000661693920847,0.00535881053656,-0.00124144402798,0.0034333828371,-0.00209183781408,0.00388849666342,-0.000128583196783,-0.00157258147374,0.00467801326886,0.0012429774506,-0.0167082287371,0.0320856757462,-0.0136432461441],[0.0000885915360413,-0.00312845082954,0.000688279978931,-0.00108149601147,0.0000698899675626,-0.00198561814614,-0.000176074972842,0.00271730590612,-0.00466159032658,0.000687006220687,0.00459495699033,-0.0136432461441,0.0255755335093]],"mean":[-4.20829105377,112.891029358,-128.56539917,43.2757034302,-48.3480033875,10.842086792,-25.7513847351,3.80426716805,-19.4860610962,-4.20229625702,-11.2799482346,-5.69636535645,-8.06455898285]},"hfc":{"dmean":5.65529251099,"dmean2":8.5448923111,"dvar":78.5773849487,"dvar2":159.9478302,"max":230.60585022,"mean":25.6308574677,"median":23.0187454224,"min":1.30564075107e-7,"var":399.981506348},"melbands":{"dmean":[0.00131775543559,0.0016488393303,0.000751556130126,0.00039421801921,0.000246797368163,0.000187181271031,0.00014500816178,0.000134204427013,0.000103345053503,0.00010533718887,0.000116712144518,0.0000651993977954,0.0000581201566092,0.0000586428868701,0.0000568512259633,0.0000433325803897,0.0000428838866355,0.0000287754683086,0.0000226309348363,0.0000218005588977,0.0000239405653701,0.0000179610633495,0.0000180942824954,0.0000130737944346,0.0000123183754113,0.0000099700937426,0.00000801609348855,0.00000570155543755,0.00000507302502228,0.0000039152514546,0.0000030742025956,0.00000235560287365,0.00000222417793339,0.00000208595338336,0.00000251107121585,0.00000179630114872,0.00000124118810163,9.15592409001e-7,5.18419881246e-7,2.57258051306e-7],"dmean2":[0.00216710055247,0.00282146222889,0.00122729432769,0.000658303208183,0.000413753587054,0.000306608184474,0.00023668918584,0.000213761770283,0.00016446103109,0.000172279018443,0.000186136894627,0.000104978927993,0.0000903121981537,0.0000904125408852,0.0000918097939575,0.0000690549713909,0.0000705437923898,0.0000474029875477,0.0000368279252143,0.0000345083826687,0.000038410511479,0.0000281628799712,0.0000287095062959,0.0000208000510611,0.0000202226983674,0.0000160439394676,0.0000131337983476,0.00000932666443987,0.00000829094369692,0.00000630629529041,0.00000486962653667,0.00000367042116522,0.00000336246216648,0.00000324015127262,0.00000386146894016,0.00000278563629763,0.00000194836070477,0.00000142483577292,8.00427926606e-7,4.07284915127e-7],"dvar":[0.0000036038854887,0.00000392107949665,9.23007632991e-7,3.15322012057e-7,1.57940235113e-7,1.14150829233e-7,7.74681012672e-8,1.09078371224e-7,8.2252533673e-8,6.72368614119e-8,5.61370256946e-8,1.70167435698e-8,1.93969000861e-8,1.66651172862e-8,9.1157446036e-9,6.64720634092e-9,5.69353675317e-9,2.08570360982e-9,2.19083529096e-9,2.49449216838e-9,1.83187753855e-9,1.1524450283e-9,1.27928601046e-9,5.64090052446e-10,5.37113409305e-10,5.82585313325e-10,2.36828140432e-10,8.62461352336e-11,8.13629580376e-11,5.64778952772e-11,4.96492048863e-11,3.12855227835e-11,4.66595512227e-11,3.66535031493e-11,6.254900764e-11,4.84160732339e-11,3.57552355779e-11,1.94321694152e-11,3.99773226675e-12,9.75914444742e-13],"dvar2":[0.00000957502834353,0.0000112187772174,0.00000236732466874,8.4621416363e-7,4.3236957481e-7,2.85042659698e-7,1.91589336396e-7,2.43844880288e-7,1.85485433235e-7,1.52706647327e-7,1.2954608053e-7,3.79628950498e-8,3.85382357138e-8,3.41698687123e-8,2.10158326297e-8,1.49941055128e-8,1.41668285991e-8,5.19488230211e-9,5.19225151763e-9,5.92219340234e-9,4.20679757696e-9,2.5715372054e-9,2.91567103794e-9,1.27715349407e-9,1.39054823212e-9,1.43591882829e-9,5.98011751229e-10,2.21333631978e-10,2.05512898366e-10,1.38738187605e-10,1.16342199763e-10,6.55455550946e-11,9.02545191361e-11,7.53826584488e-11,1.2939084526e-10,9.92284587831e-11,8.15624026651e-11,4.50446520361e-11,8.95809121326e-12,2.42722335286e-12],"max":[0.0226882398129,0.0208149943501,0.0156293325126,0.00887385010719,0.00676913559437,0.0103419814259,0.00920526683331,0.00847518723458,0.00828137248755,0.00945091154426,0.00653402321041,0.00534864282236,0.00627231784165,0.00363475014456,0.00320727564394,0.00233834958635,0.00165264611132,0.000777217850555,0.0013461158378,0.0016536260955,0.00101149070542,0.00111031543929,0.00120414455887,0.000626410008408,0.000437575130491,0.000776003056671,0.000392041984014,0.000173991444171,0.000140581745654,0.000224416333367,0.000199418282136,0.000205077943974,0.000298945204122,0.000156489695655,0.000259260006715,0.000238055072259,0.0002544093295,0.000204706971999,0.0000672701498843,0.0000344992586179],"mean":[0.00219232030213,0.00285743456334,0.00127214926761,0.000614302232862,0.000422173499828,0.000359564466635,0.000255998369539,0.000233853177633,0.000170117156813,0.000200956812478,0.000189333833987,0.000102750214864,0.0000989505351754,0.000110696717456,0.000100539742562,0.0000739001843613,0.0000672234018566,0.0000457118003396,0.0000358031356882,0.0000386359788536,0.0000473314466944,0.0000378028198611,0.0000367819156963,0.0000270418440778,0.0000243758458964,0.0000200648082682,0.0000156482183229,0.0000113759315354,0.00000979965807346,0.0000080221107055,0.00000631633474768,0.00000503876299263,0.0000043590707719,0.00000399814507546,0.00000459595639768,0.00000316986142934,0.00000221906429942,0.00000170384430476,9.79682340585e-7,5.2589734878e-7],"median":[0.00138938939199,0.00235109799542,0.000875420519151,0.000396350544179,0.000246530980803,0.000181750598131,0.000128840707475,0.0000972013367573,0.000069976769737,0.0000944930434343,0.0000802568392828,0.0000537837477168,0.0000429468855145,0.0000426458536822,0.0000564617221244,0.0000375276867999,0.0000365791347576,0.0000281010470644,0.0000181029117812,0.0000204728348763,0.0000274751928373,0.0000193286396097,0.0000195949360204,0.0000139962703543,0.0000137754122989,0.0000112364596134,0.0000093007547548,0.00000733286105969,0.00000582217035117,0.00000456833549833,0.00000320473554893,0.00000252562585956,0.00000184483405974,0.00000155554209869,0.00000150971834501,9.94384890873e-7,6.5696292495e-7,5.3507562825e-7,3.1423070368e-7,2.21144105694e-7],"min":[4.19584332556e-11,1.32120989496e-11,5.49959773902e-12,2.80756342654e-12,9.47480050147e-13,6.33531584398e-13,8.70910494329e-13,4.40875797241e-13,3.38696030857e-13,2.31100674621e-13,7.06730138821e-14,1.63408511982e-13,1.61724610483e-13,1.39024222364e-13,1.27373792395e-13,1.23593491127e-13,7.50848764674e-14,6.617171817e-14,2.89892824914e-14,1.45426154978e-14,2.08235511489e-14,1.17488213169e-14,1.50482331809e-14,1.89913494273e-14,1.52444093996e-14,1.03240593835e-14,1.66365927517e-14,1.14344433444e-14,6.58224221114e-15,4.41177449391e-15,6.40773817741e-15,1.70318183249e-14,7.89754546482e-15,3.06367094813e-15,5.67145944669e-15,6.66318510309e-15,4.63931718969e-15,3.64567977993e-15,3.74115013396e-15,5.78178337049e-15],"var":[0.0000068880967774,0.00000622510333415,0.00000183115344043,4.74841073128e-7,3.11912884854e-7,3.80435807301e-7,1.77461899398e-7,2.83384366639e-7,1.70515491504e-7,2.26824241167e-7,1.37905587394e-7,3.20939932408e-8,4.38660237023e-8,6.00106204729e-8,2.36168702372e-8,1.56907677962e-8,1.00411829962e-8,3.21876214571e-9,3.68855790356e-9,4.35122693432e-9,4.86703566338e-9,3.97928978657e-9,3.26306293097e-9,1.53322821106e-9,1.13222553555e-9,1.01289421295e-9,4.40798481049e-10,1.65251243245e-10,1.44403711211e-10,1.16763834712e-10,1.01702625488e-10,7.69508345932e-11,1.07946339367e-10,8.77156472456e-11,1.33922095635e-10,9.7292694734e-11,6.47689679667e-11,3.24928278728e-11,8.02734701627e-12,1.52512789724e-12]},"melbands_crest":{"dmean":3.25794744492,"dmean2":5.40833997726,"dvar":7.51930904388,"dvar2":20.0921287537,"max":38.1247215271,"mean":13.8224163055,"median":13.5459737778,"min":3.77899909019,"var":19.6019191742},"melbands_flatness_db":{"dmean":0.0272124093026,"dmean2":0.0414372608066,"dvar":0.000727108446881,"dvar2":0.0015585613437,"max":0.641327023506,"mean":0.20303183794,"median":0.178961992264,"min":0.0297017563134,"var":0.00871607102454},"melbands_kurtosis":{"dmean":6.2386469841,"dmean2":9.80432415009,"dvar":98.3247833252,"dvar2":230.321533203,"max":259.217895508,"mean":11.2063655853,"median":6.55486774445,"min":-1.71145939827,"var":241.743743896},"melbands_skewness":{"dmean":0.735508084297,"dmean2":1.14532351494,"dvar":0.566621661186,"dvar2":1.34600567818,"max":12.704334259,"mean":2.62307238579,"median":2.38629841805,"min":-0.776224911213,"var":2.02876830101},"melbands_spread":{"dmean":7.64438915253,"dmean2":11.9434394836,"dvar":73.3201751709,"dvar2":177.121505737,"max":178.940628052,"mean":26.0451965332,"median":24.255821228,"min":0.517819583416,"var":274.693084717},"mfcc":{"cov":[[14100.0654297,-2050.33569336,-800.802307129,143.081680298,163.126098633,497.977172852,-3.50080347061,640.860168457,-58.2267608643,477.368347168,367.446380615,414.199707031,376.200408936],[-2050.33569336,1602.30358887,-574.04864502,31.6704082489,-51.5509147644,-127.069076538,92.4617080688,-240.707443237,59.7661781311,-144.594345093,-103.333534241,-78.6828308105,-79.693939209],[-800.802307129,-574.04864502,1035.0904541,-89.7292327881,36.3932952881,-30.9273986816,-122.380157471,75.3767547607,-78.9010009766,16.5368537903,-17.5094566345,-37.2067604065,-16.7011528015],[143.081680298,31.6704082489,-89.7292327881,241.903076172,29.4402275085,22.1609344482,5.77182817459,-0.911559164524,4.12214899063,23.8237113953,13.3432378769,16.832365036,6.69248914719],[163.126098633,-51.5509147644,36.3932952881,29.4402275085,194.696990967,45.0733108521,21.7119445801,22.4786071777,10.6423597336,9.47883415222,10.5470380783,11.0677967072,20.8227481842],[497.977172852,-127.069076538,-30.9273986816,22.1609344482,45.0733108521,171.285705566,71.4037399292,32.4021110535,-1.42777204514,21.0415973663,11.4347267151,24.7011699677,15.9498434067],[-3.50080347061,92.4617080688,-122.380157471,5.77182817459,21.7119445801,71.4037399292,132.054824829,3.30250883102,24.914899826,-10.7257032394,5.38061380386,8.06235408783,1.27011156082],[640.860168457,-240.707443237,75.3767547607,-0.911559164524,22.4786071777,32.4021110535,3.30250883102,134.536132812,3.31154847145,42.7379951477,31.8156433105,19.8820152283,24.5544223785],[-58.2267608643,59.7661781311,-78.9010009766,4.12214899063,10.6423597336,-1.42777204514,24.914899826,3.31154847145,87.7643356323,25.4014110565,10.1447582245,5.47884607315,1.34617972374],[477.368347168,-144.594345093,16.5368537903,23.8237113953,9.47883415222,21.0415973663,-10.7257032394,42.7379951477,25.4014110565,89.8631057739,43.2104797363,25.5108604431,14.0683288574],[367.446380615,-103.333534241,-17.5094566345,13.3432378769,10.5470380783,11.4347267151,5.38061380386,31.8156433105,10.1447582245,43.2104797363,76.6715698242,38.62707901,21.4856834412],[414.199707031,-78.6828308105,-37.2067604065,16.832365036,11.0677967072,24.7011699677,8.06235408783,19.8820152283,5.47884607315,25.5108604431,38.62707901,66.2658004761,37.1852645874],[376.200408936,-79.693939209,-16.7011528015,6.69248914719,20.8227481842,15.9498434067,1.27011156082,24.5544223785,1.34617972374,14.0683288574,21.4856834412,37.1852645874,67.9332199097]],"icov":[[0.000164331111591,0.00013935987954,0.000284807378193,0.0000698709918652,-0.0000499513807881,-0.000203196686925,0.000206119060749,-0.000435319321696,0.000372808397515,-0.000458202441223,0.0000827234689496,-0.000295844511129,-0.000243622096605],[0.00013935987954,0.001429417287,0.000769664242398,-0.000106180363218,-0.000171492400113,0.000820780987851,-0.000689455890097,0.000965515442658,-0.000191245984752,0.000383572012652,0.000670873036142,0.000127106075524,0.000271174649242],[0.000284807378193,0.000769664242398,0.00202217255719,0.000539642584044,-0.000590215029661,-0.0000229337802011,0.00106735725421,-0.000981596531346,0.00144101178739,-0.000924313033465,0.000658694829326,0.000171520834556,0.000151467480464],[0.0000698709918652,-0.000106180363218,0.000539642584044,0.00463370978832,-0.000785895390436,-0.000474366650451,0.000491718528792,0.00000880710376805,0.000870179268532,-0.00177128973883,0.000221062204218,-0.000850180978887,0.000249600416282],[-0.0000499513807881,-0.000171492400113,-0.000590215029661,-0.000785895390436,0.00595548935235,-0.00138400518335,-0.000323231506627,-0.000262457906501,-0.00123231043108,0.000810371653643,-0.000665048544761,0.000775316497311,-0.00174930295907],[-0.000203196686925,0.000820780987851,-0.0000229337802011,-0.000474366650451,-0.00138400518335,0.0104208448902,-0.00654473761097,0.000485483265948,0.0019144640537,-0.002238989342,0.00288071157411,-0.00199710344896,0.000661469355691],[0.000206119060749,-0.000689455890097,0.00106735725421,0.000491718528792,-0.000323231506627,-0.00654473761097,0.0136771369725,-0.00209983368404,-0.0031118390616,0.00375863257796,-0.00261246250011,-0.000183817726793,0.000612834643107],[-0.000435319321696,0.000965515442658,-0.000981596531346,0.00000880710376805,-0.000262457906501,0.000485483265948,-0.00209983368404,0.0126381432638,-0.00113899260759,-0.00159151526168,-0.00156124925707,0.00215123174712,-0.00159273529425],[0.000372808397515,-0.000191245984752,0.00144101178739,0.000870179268532,-0.00123231043108,0.0019144640537,-0.0031118390616,-0.00113899260759,0.0163284894079,-0.00802519079298,0.0015266307164,-0.000688362168148,-0.000389917986467],[-0.000458202441223,0.000383572012652,-0.000924313033465,-0.00177128973883,0.000810371653643,-0.002238989342,0.00375863257796,-0.00159151526168,-0.00802519079298,0.0226778220385,-0.00880702212453,-0.0000953112830757,0.00201723305508],[0.0000827234689496,0.000670873036142,0.000658694829326,0.000221062204218,-0.000665048544761,0.00288071157411,-0.00261246250011,-0.00156124925707,0.0015266307164,-0.00880702212453,0.0241586137563,-0.0107706049457,0.000658127886709],[-0.000295844511129,0.000127106075524,0.000171520834556,-0.000850180978887,0.000775316497311,-0.00199710344896,-0.000183817726793,0.00215123174712,-0.000688362168148,-0.0000953112830757,-0.0107706049457,0.0304077081382,-0.0118342107162],[-0.000243622096605,0.000271174649242,0.000151467480464,0.000249600416282,-0.00174930295907,0.000661469355691,0.000612834643107,-0.00159273529425,-0.000389917986467,0.00201723305508,0.000658127886709,-0.0118342107162,0.0232049934566]],"mean":[-631.713500977,124.952613831,-7.75286817551,31.5063858032,3.25376558304,9.97252464294,4.9346446991,6.41374492645,0.183207526803,2.41877937317,-1.71181535721,2.57904982567,-3.22388887405]},"pitch_salience":{"dmean":0.0804595500231,"dmean2":0.131883725524,"dvar":0.00500255310908,"dvar2":0.0129791302606,"max":0.874703526497,"mean":0.561831474304,"median":0.57110440731,"min":0.0528404861689,"var":0.0127798961475},"silence_rate_20dB":{"dmean":0,"dmean2":0,"dvar":0,"dvar2":0,"max":1,"mean":1,"median":1,"min":1,"var":0},"silence_rate_30dB":{"dmean":0,"dmean2":0,"dvar":0,"dvar2":0,"max":1,"mean":1,"median":1,"min":1,"var":0},"silence_rate_60dB":{"dmean":0.0080914190039,"dmean2":0.0161839872599,"dvar":0.00802881643176,"dvar2":0.0184752698988,"max":1,"mean":0.0789212211967,"median":0,"min":0,"var":0.0726901069283},"spectral_centroid":{"dmean":242.968841553,"dmean2":373.713653564,"dvar":63992.9140625,"dvar2":138546.609375,"max":10615.2841797,"mean":1544.65148926,"median":1547.46630859,"min":145.925933838,"var":433371.1875},"spectral_complexity":{"dmean":4.34182691574,"dmean2":6.62734222412,"dvar":19.4170475006,"dvar2":40.4506263733,"max":63,"mean":27.7595462799,"median":30,"min":0,"var":179.0756073},"spectral_contrast_coeffs":{"dmean":[0.0530732795596,0.046956114471,0.0371033288538,0.0272372905165,0.0194846186787,0.0172059554607],"dmean2":[0.0880552232265,0.077722042799,0.061544533819,0.0454292409122,0.0318684242666,0.0271598659456],"dvar":[0.0017100314144,0.00142096274067,0.000912621268071,0.00050144927809,0.000264300615527,0.000291751231998],"dvar2":[0.00467232894152,0.00378787796944,0.00238307123072,0.00133956118952,0.000653661438264,0.00063848355785],"max":[-0.327736139297,-0.436058580875,-0.445925295353,-0.621257483959,-0.586546063423,-0.578839302063],"mean":[-0.659549176693,-0.751469194889,-0.781147420406,-0.809536635876,-0.801887691021,-0.728351414204],"median":[-0.667056202888,-0.759912133217,-0.789520025253,-0.814637839794,-0.806454002857,-0.721641600132],"min":[-0.967524468899,-0.962046861649,-0.96530687809,-0.961652636528,-0.960200369358,-0.959154009819],"var":[0.00546158803627,0.00463149463758,0.00348895601928,0.00162312772591,0.00164505420253,0.00344318361022]},"spectral_contrast_valleys":{"dmean":[0.394613802433,0.34852039814,0.310890853405,0.28467053175,0.211350768805,0.204541444778],"dmean2":[0.661126077175,0.577461600304,0.496020615101,0.445344209671,0.321369290352,0.29696726799],"dvar":[0.112354367971,0.094200052321,0.0865319371223,0.0778553187847,0.0616616345942,0.0803746134043],"dvar2":[0.283635497093,0.224428728223,0.184512853622,0.158222898841,0.113138832152,0.141997843981],"max":[-5.2352104187,-4.73174858093,-5.17994499207,-5.50902509689,-5.36261987686,-7.24025058746],"mean":[-6.95655727386,-6.684217453,-7.06903600693,-7.26220846176,-7.20282888412,-10.545542717],"median":[-6.55596208572,-6.43613529205,-6.7680106163,-6.91345024109,-6.77349758148,-9.75604438782],"min":[-26.9039287567,-27.2026672363,-27.4923439026,-27.1083583832,-27.1487121582,-27.2449131012],"var":[1.65160024166,1.2442804575,1.56859898567,1.78646051884,2.0393743515,3.84484171867]},"spectral_decrease":{"dmean":2.24725615894e-9,"dmean2":3.74084674348e-9,"dvar":6.08222761124e-18,"dvar2":1.72147419323e-17,"max":-7.62378092226e-17,"mean":-7.995182294e-9,"median":-8.22817636248e-9,"min":-2.77988299047e-8,"var":2.14953701694e-17},"spectral_energy":{"dmean":0.00869698729366,"dmean2":0.0144613031298,"dvar":0.0000909057198442,"dvar2":0.000256631989032,"max":0.108267426491,"mean":0.0325005464256,"median":0.0338878408074,"min":2.99581942587e-10,"var":0.000345451524481},"spectral_energyband_high":{"dmean":0.00044778897427,"dmean2":0.000659438082948,"dvar":0.00000116039791465,"dvar2":0.00000214858096115,"max":0.0284736268222,"mean":0.00123230239842,"median":0.000695550232194,"min":5.31828877812e-12,"var":0.00000376424441129},"spectral_energyband_low":{"dmean":0.00745179550722,"dmean2":0.0124903135002,"dvar":0.000078444769315,"dvar2":0.000220062938752,"max":0.0948941409588,"mean":0.0149296633899,"median":0.0124053843319,"min":1.84339515874e-10,"var":0.000159176590387},"spectral_energyband_middle_high":{"dmean":0.0021177069284,"dmean2":0.00317243579775,"dvar":0.0000084714647528,"dvar2":0.0000176417324838,"max":0.0513445846736,"mean":0.00718986708671,"median":0.00549029139802,"min":7.04549179414e-12,"var":0.0000412137560488},"spectral_energyband_middle_low":{"dmean":0.00356976571493,"dmean2":0.00582279544324,"dvar":0.0000177737256308,"dvar2":0.0000464698387077,"max":0.0682362169027,"mean":0.0107285091653,"median":0.00887577515095,"min":3.21378305912e-11,"var":0.0000688504660502},"spectral_entropy":{"dmean":0.110564820468,"dmean2":0.162053629756,"dvar":0.0200781337917,"dvar2":0.0367485508323,"max":9.80728626251,"mean":7.65209913254,"median":7.81846857071,"min":4.8535118103,"var":0.393935471773},"spectral_flux":{"dmean":0.020366795361,"dmean2":0.0328566282988,"dvar":0.000409842323279,"dvar2":0.00100119097624,"max":0.260697841644,"mean":0.09384983778,"median":0.0975230261683,"min":0.0000268129660981,"var":0.00190955784637},"spectral_kurtosis":{"dmean":2.19059562683,"dmean2":3.70270586014,"dvar":23.2833309174,"dvar2":65.1504898071,"max":141.210006714,"mean":6.73121929169,"median":3.1820743084,"min":-1.21832239628,"var":215.160339355},"spectral_rms":{"dmean":0.00071668723831,"dmean2":0.00117889069952,"dvar":5.14386158557e-7,"dvar2":0.00000143442355238,"max":0.0102774882689,"mean":0.00525384955108,"median":0.00574989616871,"min":5.40624682799e-7,"var":0.00000410477468904},"spectral_rolloff":{"dmean":484.745727539,"dmean2":784.929870605,"dvar":472067.28125,"dvar2":1059708.625,"max":8720.94726562,"mean":1511.35473633,"median":1313.52539062,"min":21.533203125,"var":1446352.875},"spectral_skewness":{"dmean":0.226051434875,"dmean2":0.370002180338,"dvar":0.101860910654,"dvar2":0.271508425474,"max":9.45157241821,"mean":1.48497915268,"median":1.20931601524,"min":0.00748741440475,"var":1.38453793526},"spectral_spread":{"dmean":335141.34375,"dmean2":486917.40625,"dvar":219920990208,"dvar2":340762492928,"max":39528444,"mean":3836051.75,"median":3851900.5,"min":688814.125,"var":1826334834690},"spectral_strongpeak":{"dmean":0.377896547318,"dmean2":0.657787442207,"dvar":0.596815407276,"dvar2":1.54132926464,"max":12.5364618301,"mean":0.59895169735,"median":0.303420573473,"min":0,"var":0.880388200283},"zerocrossingrate":{"dmean":0.00834004767239,"dmean2":0.0099415211007,"dvar":0.0000788508405094,"dvar2":0.0000983898280538,"max":0.28662109375,"mean":0.0575643740594,"median":0.05517578125,"min":0,"var":0.000818156520836}},"metadata":{"audio_properties":{"analysis_sample_rate":44100,"bit_rate":0,"codec":"flac","downmix":"mix","equal_loudness":0,"length":327.133331299,"lossless":true,"md5_encoded":"e900d018ea4706fab1511d2377d2c71e","replay_gain":-14.5385856628,"sample_rate":44100},"tags":{"album":["St. Anger"],"albumartist":["Metallica"],"albumartistsort":["Metallica"],"artist":["Metallica"],"artistsort":["Metallica"],"asin":["B00009OYBR"],"barcode":["602498653388"],"catalognumber":["0602498653388"],"composer":["James Hetfield","Lars Ulrich","Kirk Hammett","Bob Rock"],"date":["2003-06-05"],"engineer":["Mike Gillies"],"file_name":"08 - Metallica - Sweet Amber.flac","format":["CD"],"genre":["Rock","Metal","American","Thrash Metal","Heavy Metal","Aggressive","Hard Rock","Metallica"],"label":["Vertigo"],"language":["eng"],"mixer":["Eric Helmkamp","Mike Gillies","Bob Rock"],"musicbrainz_albumartistid":["65f4f0c5-ef9e-490c-aee3-909e7ae6b2ab"],"musicbrainz_albumid":["5997cf87-5225-4830-9edf-358638a24905"],"musicbrainz_artistid":["65f4f0c5-ef9e-490c-aee3-909e7ae6b2ab"],"musicbrainz_recordingid":["fe1cc051-faa7-4953-b331-f6196cd3ddae"],"musicip_puid":["7e004684-8741-82ed-0110-2e0026f7ba62"],"performer":["Lars Ulrich (drums)","Kirk Hammett (guitar)","James Hetfield (guitar)","James Hetfield (vocal)","Bob Rock (electric bass guitar)"],"producer":["Bob Rock","Metallica"],"releasecountry":["XE"],"releasestatus":["official"],"releasetype":["album"],"replaygain_album_gain":["-9.93 dB"],"replaygain_album_peak":["1.00000000"],"replaygain_reference_loudness":["89.0 dB"],"replaygain_track_gain":["-9.50 dB"],"replaygain_track_peak":["0.98855591"],"script":["Latn"],"title":["Sweet Amber"],"totaltracks":["11"],"tracknumber":["8"]},"version":{"essentia":"2.1-beta1","essentia_build_sha":"81dca3489dfd3c4275b86ac4d56d870715677d3f","essentia_git_sha":"v2.1_beta1-28-g21ef5f4","extractor":"music 1.0"}},"rhythm":{"beats_count":513,"beats_loudness":{"dmean":0.00993425492197,"dmean2":0.0170913990587,"dvar":0.00010064617527,"dvar