{"lowlevel":{"average_loudness":0.920873880386,"barkbands":{"dmean":[0.000013050040252,0.00123003241606,0.000812971091364,0.000729333492927,0.00117185129784,0.000402446021326,0.000538866210263,0.000332087278366,0.000551561068278,0.000409765256336,0.00031720843981,0.000293892575428,0.000328926893417,0.000602147076279,0.000654298462905,0.000364423904102,0.000480807357235,0.000498234701809,0.000330441893311,0.000173997963429,0.000177231035195,0.000209466874367,0.000107314852357,0.000100035991636,0.0000905070191948,0.0000844515889185,0.00000511264533998],"dmean2":[0.0000206533204619,0.00219702487811,0.00146576610859,0.00122422131244,0.00191468175035,0.000647520238999,0.000818462809548,0.000510367855895,0.000851969816722,0.000645647407509,0.000503155111801,0.000478388974443,0.000528131378815,0.000999905751087,0.00106261356268,0.000596300524194,0.000785650336184,0.000813754217234,0.000536165433004,0.000267330324277,0.000254060287261,0.000306439033011,0.000151814994751,0.000143645200296,0.000134640533361,0.000128826854052,0.00000767251094658],"dvar":[1.21308096901e-9,0.00001498241636,0.00000592895230511,0.00000170662622168,0.00000352909660251,5.37287633051e-7,9.94665356302e-7,5.46044361727e-7,7.7061565662e-7,7.45428735627e-7,5.23117478224e-7,3.05365603026e-7,3.18163131396e-7,7.34306297545e-7,8.30266685625e-7,3.17042520237e-7,4.16762929945e-7,4.10748043578e-7,1.68864190186e-7,7.72945938365e-8,1.1902289998e-7,1.42993528129e-7,3.89830177028e-8,2.85108612275e-8,4.12605132283e-8,2.8923139439e-8,1.25865984302e-10],"dvar2":[2.76663914001e-9,0.0000415213835367,0.0000171445772139,0.00000469980841444,0.00000928825647861,0.00000132312777623,0.00000219806929636,0.00000123749657632,0.00000179114874754,0.00000188256797173,0.00000128078829675,8.16448277874e-7,8.25159190754e-7,0.00000201256534638,0.00000215941508941,8.01214014245e-7,0.00000104287357772,0.00000106796608179,4.32573983744e-7,1.62552979077e-7,2.40631919723e-7,3.07241947439e-7,7.54447953e-8,5.81081920359e-8,9.64002921933e-8,6.97521542747e-8,2.9407068447e-10],"max":[0.000487873592647,0.0405521951616,0.0314096324146,0.0223263353109,0.0260853711516,0.0194353256375,0.0205468945205,0.0167063158005,0.0139518743381,0.0188312176615,0.0213956795633,0.0133828530088,0.00945810507983,0.010669618845,0.0122905280441,0.0102414023131,0.0119510358199,0.00832610577345,0.00562497973442,0.00458062347025,0.00519859232008,0.005308767315,0.00353467394598,0.00237522623502,0.00388627173379,0.00208765780553,0.000163205506396],"mean":[0.0000156872210937,0.00136178114917,0.00116585055366,0.00158024032135,0.00204268144444,0.000698996416759,0.00102832645644,0.0005551854847,0.00101624336094,0.000783474592026,0.000572876480874,0.000495938409586,0.000646553875413,0.00115496036597,0.00136951648165,0.000796573411208,0.00103728892282,0.0011460413225,0.000857372302562,0.000394676200813,0.000358562421752,0.000397645315388,0.000218932123971,0.000187909055967,0.000124198457343,0.000094731876743,0.00000577515038458],"median":[0.00000506833339387,0.000752003979869,0.000498621491715,0.00126963295043,0.00138019316364,0.000407422659919,0.000551806704607,0.00022344730678,0.000471117062261,0.000256685394561,0.000250915298238,0.000273865676718,0.000385195889976,0.000736292917281,0.001002012752,0.000521187437698,0.000773766252678,0.000939840450883,0.000711083586793,0.000261295383098,0.000167909980519,0.000211622784263,0.000104095917777,0.000095763556601,0.0000448358150607,0.0000302505541185,0.00000136532082706],"min":[2.13481755108e-24,3.32865854301e-24,9.92590742097e-25,1.77492757042e-24,1.09694808629e-23,9.57283970663e-24,1.32490687868e-23,1.62680158052e-23,7.56438722016e-24,2.39191098829e-23,2.31851410749e-23,3.90693965601e-23,4.15745789814e-23,3.97840856076e-23,5.88448394112e-23,6.54163536743e-23,5.71968837367e-23,1.23282450205e-22,1.25347890003e-22,2.2656362877e-22,2.57614658125e-22,3.88346151464e-22,4.84307786301e-22,6.02534281814e-22,9.38594631506e-22,1.3270212594e-21,2.15258769846e-21],"var":[1.25204602242e-9,0.00000992737386696,0.00000417186856794,0.00000257414899352,0.00000529455292053,9.41688824696e-7,0.00000251427832154,0.00000119991341307,0.00000191627395907,0.00000203917852559,0.0000013039220903,5.27129429884e-7,6.92532069024e-7,0.00000166571919635,0.00000189738329937,8.09524294709e-7,0.00000101799412278,9.96264816422e-7,5.77618720854e-7,1.98251512984e-7,2.79909528444e-7,2.91290120913e-7,1.06537306976e-7,6.78425777778e-8,5.49260121829e-8,3.26274083307e-8,1.49807569128e-10]},"barkbands_crest":{"dmean":1.70917832851,"dmean2":2.84975290298,"dvar":3.04107570648,"dvar2":8.41931533813,"max":23.2649841309,"mean":6.13883972168,"median":5.41051483154,"min":2.00689101219,"var":7.43312501907},"barkbands_flatness_db":{"dmean":0.0140192657709,"dmean2":0.0212280191481,"dvar":0.000180325616384,"dvar2":0.000412622233853,"max":0.330311924219,"mean":0.0875460356474,"median":0.074767768383,"min":0.0220062024891,"var":0.00245078583248},"barkbands_kurtosis":{"dmean":0.620557785034,"dmean2":1.02978885174,"dvar":2.19717407227,"dvar2":6.30379629135,"max":68.9484786987,"mean":0.184793889523,"median":-0.923671245575,"min":-1.74042141438,"var":22.173122406},"barkbands_skewness":{"dmean":0.312425285578,"dmean2":0.495672792196,"dvar":0.117349810898,"dvar2":0.287320911884,"max":6.95681858063,"mean":0.275135159492,"median":0.170855179429,"min":-3.29354906082,"var":0.707687616348},"barkbands_spread":{"dmean":4.64161109924,"dmean2":6.9705324173,"dvar":23.8412532806,"dvar2":52.8695640564,"max":87.4858398438,"mean":32.8148231506,"median":33.8904342651,"min":1.56859135628,"var":162.160461426},"dissonance":{"dmean":0.00861892104149,"dmean2":0.0144643802196,"dvar":0.0000742084885132,"dvar2":0.000208039738936,"max":0.500000059605,"mean":0.48163485527,"median":0.485316574574,"min":0.319140225649,"var":0.000272127334028},"dynamic_complexity":3.54662084579,"erbbands":{"dmean":[0.0224759560078,0.322258234024,0.91258084774,1.65130209923,3.5439517498,4.0755033493,3.51619458199,2.85287952423,6.22594451904,8.73956298828,7.99718999863,11.8125534058,11.5018424988,10.6511621475,11.9559755325,9.35634422302,14.7129163742,18.4108829498,30.2787036896,37.7414283752,21.1748790741,26.8405227661,27.3526420593,18.6108455658,13.6003322601,8.11893939972,7.85419511795,6.44613981247,6.74626255035,6.11055040359,2.96227622032,2.62767672539,1.26543557644,0.85041821003,0.766508162022,0.336899489164,0.187909990549,0.0214773789048,0.000964870618191,0.0000407364241255],"dmean2":[0.0390517599881,0.581354618073,1.64352476597,2.81411719322,5.75733470917,6.74793672562,5.6676902771,4.58120727539,9.74573898315,13.0846710205,12.3089828491,18.4388542175,17.7750072479,16.8378124237,18.9492530823,15.0872535706,23.516954422,29.7418136597,49.6327590942,61.5638694763,34.6042518616,43.6775169373,44.5228462219,29.9603118896,21.5191345215,12.4936485291,11.3479614258,9.28203296661,9.79937171936,9.23295497894,4.14266586304,3.81293988228,1.77945578098,1.21252524853,1.18571996689,0.51276999712,0.290158122778,0.032924041152,0.00143574760295,0.0000590714116697],"dvar":[0.0047624334693,1.03826618195,7.70726585388,11.2503166199,38.4240913391,39.2356376648,38.3793640137,27.2699813843,187.028762817,237.72505188,278.028503418,410.797454834,457.708679199,432.592559814,499.471801758,298.219818115,668.956481934,753.801208496,1661.14074707,3200.49707031,1055.36401367,1420.90014648,1241.07226562,563.337219238,322.235046387,175.033248901,252.119018555,135.172668457,146.271636963,139.907272339,29.6862316132,18.8275337219,5.27791786194,3.37626361847,3.26356506348,0.637774586678,0.131876453757,0.00162818515673,0.00000410357415603,6.85272549816e-9],"dvar2":[0.0128221930936,2.89986824989,22.1148948669,31.6944236755,97.3527069092,107.168777466,96.4902496338,66.7910461426,419.128112793,551.925964355,647.951721191,960.909179688,1134.3807373,1044.2487793,1255.18591309,770.699462891,1751.15124512,1961.33239746,4453.64697266,8444.35351562,2639.91552734,3549.49267578,3199.42749023,1478.62158203,768.846008301,368.526733398,517.960998535,270.565765381,298.346923828,324.650238037,57.8502616882,39.5968284607,10.506354332,7.40615034103,8.06934928894,1.54830598831,0.327900052071,0.00398524617776,0.0000094883280326,1.53628398891e-8],"max":[0.805905818939,10.024597168,31.6342582703,51.1982574463,128.330795288,99.5092315674,95.2712173462,147.868408203,360.41204834,270.621124268,444.11895752,335.15713501,554.956542969,585.241210938,652.490966797,514.789245605,482.011993408,536.980224609,637.572753906,901.443054199,629.26763916,802.336242676,401.686553955,352.032409668,279.284973145,227.931976318,294.562957764,170.534591675,241.066772461,148.958312988,122.659484863,54.2257575989,40.4128074646,42.6225662231,27.2830619812,13.739947319,4.03544807434,0.448855936527,0.028239723295,0.00108894414734],"mean":[0.0258721970022,0.359946370125,1.33995163441,3.37385845184,6.20653629303,7.29693651199,6.26895093918,5.26258468628,11.1382799149,16.2816944122,14.7682218552,21.0669498444,23.8437156677,22.3777542114,23.156665802,19.0700454712,31.0255241394,41.2513999939,66.0855407715,72.6798019409,50.342502594,61.9821434021,65.4782180786,49.4629516602,35.9865913391,19.3312683105,15.5119066238,13.3516225815,13.0737571716,11.1150541306,5.98483419418,4.87016963959,2.4081261158,1.32875227928,0.925145089626,0.390622615814,0.200658708811,0.0232670232654,0.00111568183638,0.0000681723104208],"median":[0.0126034049317,0.205028474331,0.691844642162,2.82706570625,4.37252521515,4.96134090424,3.93568992615,3.35713100433,5.14870929718,9.02323722839,7.1073884964,10.3567695618,11.4118499756,10.9409351349,13.430434227,12.60754776,19.7666931152,27.0244636536,48.8478927612,51.3502807617,35.8126144409,47.5131072998,55.7868347168,43.1575775146,29.3548679352,13.0763540268,7.02542591095,6.70640850067,7.03090858459,5.69166088104,2.82099246979,2.57955503464,1.09232378006,0.452683091164,0.32492172718,0.115608841181,0.0625947341323,0.00708578014746,0.000312435469823,0.0000398950869567],"min":[2.32781594508e-22,3.80705333089e-22,2.31613479572e-21,1.39095864529e-20,1.85471551702e-20,4.98100118287e-20,3.75555184618e-20,6.31929734215e-20,1.36313225718e-19,1.84703640519e-19,4.72203445603e-19,1.77897650138e-19,7.02720897938e-19,7.5873927508e-19,1.26117549999e-18,1.8970657362e-18,1.79639537411e-18,2.58599758503e-18,3.17802274355e-18,3.8740487001e-18,3.22364113395e-18,3.93285793293e-18,6.8048042043e-18,5.70852850359e-18,7.93521309939e-18,1.05274896057e-17,1.02480547598e-17,9.20781392819e-18,1.24011074598e-17,1.14324682092e-17,1.35783624881e-17,1.19719802201e-17,1.15691002484e-17,9.31554014091e-18,6.70882850578e-18,3.94990612536e-18,2.41407057625e-18,1.09685565771e-18,2.77456798472e-19,2.99986387236e-20],"var":[0.00343573559076,0.673813164234,5.25354242325,12.0765132904,52.1099586487,65.7877044678,65.0891113281,46.1060752869,461.20199585,516.85546875,624.325622559,872.71887207,1273.69567871,1286.99255371,1268.66259766,587.128967285,1467.17810059,2087.91796875,3920.09667969,6325.8203125,2805.83935547,3536.51733398,3023.59399414,1739.03601074,1042.26599121,464.949279785,556.412414551,341.769561768,321.077941895,246.961593628,83.019203186,43.2672576904,13.3444271088,5.8594994545,3.47919559479,0.691366732121,0.139371395111,0.00181209947914,0.00000503926321471,9.1848306738e-9]},"erbbands_crest":{"dmean":1.96249866486,"dmean2":3.22211384773,"dvar":3.73857975006,"dvar2":9.7525844574,"max":27.1138000488,"mean":7.47317409515,"median":6.7176361084,"min":1.84061539173,"var":9.71502876282},"erbbands_flatness_db":{"dmean":0.0165895614773,"dmean2":0.0236260015517,"dvar":0.000255116960034,"dvar2":0.000509723904543,"max":0.387580424547,"mean":0.152903348207,"median":0.142667278647,"min":0.0229823607951,"var":0.00268953968771},"erbbands_kurtosis":{"dmean":0.726145684719,"dmean2":1.14639616013,"dvar":0.84586507082,"dvar2":2.0506696701,"max":20.0953044891,"mean":0.758338391781,"median":0.382624268532,"min":-1.53694450855,"var":2.74737858772},"erbbands_skewness":{"dmean":0.253123581409,"dmean2":0.394955575466,"dvar":0.0577305927873,"dvar2":0.140451654792,"max":3.30985093117,"mean":-0.429574906826,"median":-0.494042277336,"min":-2.39814424515,"var":0.330356121063},"erbbands_spread":{"dmean":5.30713367462,"dmean2":8.25666618347,"dvar":29.225069046,"dvar2":69.249130249,"max":146.619186401,"mean":30.3084335327,"median":29.1681060791,"min":1.98615074158,"var":179.111129761},"gfcc":{"cov":[[25450.828125,1253.62182617,-281.699584961,557.569091797,-786.553100586,-42.8197746277,-933.262390137,-62.4858970642,-263.998199463,80.8311538696,-692.576416016,-250.610061646,-858.45715332],[1253.62182617,1983.36193848,365.958740234,-19.0445632935,202.826507568,-205.02986145,36.8092193604,-167.299362183,-24.7109031677,-87.2150421143,-4.44086933136,-162.471389771,-96.7284088135],[-281.699584961,365.958740234,1259.86425781,70.7726211548,107.602226257,28.1292610168,15.5016202927,-51.1175537109,-61.7155570984,19.769744873,-93.7348709106,-0.105248183012,-112.814582825],[557.569091797,-19.0445632935,70.7726211548,241.214096069,-37.3383560181,50.2756271362,-27.9059009552,1.74682188034,14.1509113312,-12.4649763107,-6.28030395508,-13.3295888901,1.37051737309],[-786.553100586,202.826507568,107.602226257,-37.3383560181,222.691680908,-10.40604496,39.6230125427,-5.40437364578,6.79414749146,0.44971165061,9.00490760803,-1.83599388599,9.07986927032],[-42.8197746277,-205.02986145,28.1292610168,50.2756271362,-10.40604496,181.745895386,46.6265296936,16.9027118683,-14.8010005951,-7.37966680527,0.619641840458,19.4882564545,6.66725921631],[-933.262390137,36.8092193604,15.5016202927,-27.9059009552,39.6230125427,46.6265296936,135.48600769,23.2279720306,-12.5661268234,-22.9668617249,31.5720233917,1.02852523327,31.6806564331],[-62.4858970642,-167.299362183,-51.1175537109,1.74682188034,-5.40437364578,16.9027118683,23.2279720306,115.167533875,37.119720459,0.739763736725,5.93661785126,15.0384693146,2.21706366539],[-263.998199463,-24.7109031677,-61.7155570984,14.1509113312,6.79414749146,-14.8010005951,-12.5661268234,37.119720459,86.4249420166,24.2480201721,14.7462434769,-1.65331685543,1.6798210144],[80.8311538696,-87.2150421143,19.769744873,-12.4649763107,0.44971165061,-7.37966680527,-22.9668617249,0.739763736725,24.2480201721,66.9444885254,8.29805183411,5.91845750809,-12.0923318863],[-692.576416016,-4.44086933136,-93.7348709106,-6.28030395508,9.00490760803,0.619641840458,31.5720233917,5.93661785126,14.7462434769,8.29805183411,77.5495147705,16.861869812,33.4732055664],[-250.610061646,-162.471389771,-0.105248183012,-13.3295888901,-1.83599388599,19.4882564545,1.02852523327,15.0384693146,-1.65331685543,5.91845750809,16.861869812,68.1024932861,21.4163036346],[-858.45715332,-96.7284088135,-112.814582825,1.37051737309,9.07986927032,6.66725921631,31.6806564331,2.21706366539,1.6798210144,-12.0923318863,33.4732055664,21.4163036346,98.9931793213]],"icov":[[0.000202962197363,-0.000406907231081,0.000396006536903,-0.000497606990393,0.000485170457978,-0.000367179221939,0.000833479454741,-0.000810849363916,0.00127528584562,-0.00113954115659,0.001462535467,-0.000590391107835,0.00102465401869],[-0.000406907231081,0.00196548737586,-0.00106550508644,0.00097300199559,-0.0016988433199,0.001813921961,-0.00212114164606,0.00306732836179,-0.00320732989348,0.00422712508589,-0.0040217093192,0.00300765852444,-0.00091210094979],[0.000396006536903,-0.00106550508644,0.00202425639145,-0.00169799500145,0.000486003467813,-0.000704004836734,0.000727217819076,-0.00142715149559,0.00330735510215,-0.00357616669498,0.00454515451565,-0.00259051495232,0.00305604375899],[-0.000497606990393,0.00097300199559,-0.00169799500145,0.00682712905109,-0.000285075395368,-0.0014164847089,0.000633195682894,0.00172777683474,-0.00485467165709,0.00501191522926,-0.0049543841742,0.00374723039567,-0.00395464384928],[0.000485170457978,-0.0016988433199,0.000486003467813,-0.000285075395368,0.00692438380793,-0.00122702063527,0.000918394769542,-0.00222812825814,0.00203846464865,-0.00367901334539,0.00385760189965,-0.00220626033843,0.000997594674118],[-0.000367179221939,0.001813921961,-0.000704004836734,-0.0014164847089,-0.00122702063527,0.00913851615041,-0.0057296063751,0.00250829174183,-0.00153503613546,0.00261179660447,-0.00191999354865,-0.000246624374995,0.00012778522796],[0.000833479454741,-0.00212114164606,0.000727217819076,0.000633195682894,0.000918394769542,-0.0057296063751,0.017055882141,-0.00740900449455,0.00732348719612,-0.00128480652347,0.000108772845124,0.00131716905162,0.000381469959393],[-0.000810849363916,0.00306732836179,-0.00142715149559,0.00172777683474,-0.00222812825814,0.00250829174183,-0.00740900449455,0.0170748587698,-0.0120708271861,0.00803548935801,-0.00503115123138,0.000784154864959,-0.000942687503994],[0.00127528584562,-0.00320732989348,0.00330735510215,-0.00485467165709,0.00203846464865,-0.00153503613546,0.00732348719612,-0.0120708271861,0.0261489953846,-0.0142908887938,0.00725384615362,-0.0025049354881,0.00550427101552],[-0.00113954115659,0.00422712508589,-0.00357616669498,0.00501191522926,-0.00367901334539,0.00261179660447,-0.00128480652347,0.00803548935801,-0.0142908887938,0.0297037214041,-0.0143438903615,0.0055091152899,-0.00197440455668],[0.001462535467,-0.0040217093192,0.00454515451565,-0.0049543841742,0.00385760189965,-0.00191999354865,0.000108772845124,-0.00503115123138,0.00725384615362,-0.0143438903615,0.0317008979619,-0.0109823774546,0.00363639416173],[-0.000590391107835,0.00300765852444,-0.00259051495232,0.00374723039567,-0.00220626033843,-0.000246624374995,0.00131716905162,0.000784154864959,-0.0025049354881,0.0055091152899,-0.0109823774546,0.0243791583925,-0.00625036563724],[0.00102465401869,-0.00091210094979,0.00305604375899,-0.00395464384928,0.000997594674118,0.00012778522796,0.000381469959393,-0.000942687503994,0.00550427101552,-0.00197440455668,0.00363639416173,-0.00625036563724,0.0212205834687]],"mean":[3.96551585197,53.23072052,-137.827575684,34.5978927612,-47.6782112122,11.3305196762,-43.0301704407,9.41309547424,-24.6477909088,-0.351930648088,-22.9897632599,1.33548355103,-17.648147583]},"hfc":{"dmean":8.57601547241,"dmean2":11.5779056549,"dvar":145.031723022,"dvar2":270.196929932,"max":147.758255005,"mean":31.7494983673,"median":29.5673599243,"min":1.11457862686e-16,"var":503.445373535},"melbands":{"dmean":[0.000277113897027,0.000464127399027,0.000321798434015,0.000294510740787,0.000120918462926,0.0000676620475133,0.0000961060359259,0.0000911432289286,0.0000748125530663,0.0000718654046068,0.0000612318399362,0.0000477060348203,0.0000477177381981,0.0000294345300063,0.0000347025124938,0.000029900114896,0.0000403724334319,0.0000610292736383,0.0000421069926233,0.00003650938379,0.0000279622890957,0.0000302750504488,0.0000319147511618,0.0000252772497333,0.0000162887536135,0.0000126755194287,0.00000783306677477,0.00000539758912055,0.0000050960070439,0.00000471966905025,0.00000379312905352,0.00000382028974855,0.00000491183664053,0.00000285742612505,0.00000177479148533,0.0000016419505755,0.00000173542548509,0.00000101437194644,6.64588185373e-7,7.54897769184e-7],"dmean2":[0.000490000064019,0.000828515330795,0.000537597516086,0.000488672871143,0.000193143554498,0.000108462307253,0.000149042738485,0.000136287606438,0.000115427901619,0.000111779823783,0.0000948875676841,0.0000753681379138,0.0000757197631174,0.00004778263974,0.0000555643018743,0.000048404232075,0.0000658721546642,0.000100661367469,0.0000686519633746,0.0000594846096647,0.0000461080235254,0.0000496461034345,0.0000521215042681,0.0000418900817749,0.0000266769366135,0.0000205282321986,0.0000124080879687,0.00000841236760607,0.00000760565080782,0.0000070227224569,0.0000056193907767,0.00000564594029129,0.00000766504126659,0.00000434347703049,0.00000256158955381,0.00000238771553995,0.00000260656429418,0.00000147954631302,9.41825589962e-7,0.0000011071803101],"dvar":[7.5466442695e-7,0.00000200956787921,3.63625986211e-7,2.31459182487e-7,3.9173070121e-8,1.46409542268e-8,3.98253945377e-8,2.46439935125e-8,1.99523721989e-8,1.37618387797e-8,1.31702719841e-8,8.88532269983e-9,1.03014281549e-8,3.49600259852e-9,4.46845005442e-9,2.43170772407e-9,3.48557138707e-9,6.80007561371e-9,3.85132103986e-9,2.77228484613e-9,1.8819696912e-9,2.00916572268e-9,1.82727866171e-9,1.12194387114e-9,4.53571680215e-10,2.7308241779e-10,1.22754348353e-10,8.50021650289e-11,1.01901771743e-10,9.24651952228e-11,4.47931691738e-11,4.78678728599e-11,9.26487844777e-11,3.0447724203e-11,1.16173442394e-11,8.10996148709e-12,8.77761491963e-12,3.37345212528e-12,1.98279218565e-12,2.97588126016e-12],"dvar2":[0.00000207242260331,0.00000567384449823,9.9745773241e-7,6.20518903816e-7,9.78212355562e-8,3.56535245771e-8,8.82421034021e-8,5.72241809493e-8,4.66059546511e-8,3.2302857278e-8,3.26457616495e-8,2.17701341398e-8,2.53497063341e-8,9.58668522344e-9,1.1293818325e-8,6.1699392262e-9,9.25774479299e-9,1.84355766208e-8,9.97147697746e-9,7.22909065942e-9,4.76536987648e-9,5.11922237934e-9,4.84008966239e-9,3.05073744045e-9,1.21421905863e-9,6.98157531787e-10,2.89335527759e-10,1.85035584077e-10,2.14987846969e-10,2.00689215246e-10,9.4307027465e-11,9.9632649353e-11,2.24423840622e-10,6.95442800569e-11,2.35936860327e-11,1.71714604341e-11,1.97091024057e-11,7.03313665987e-12,4.11379307355e-12,6.79674285603e-12],"max":[0.00962757505476,0.01535601262,0.00966391526163,0.00675222836435,0.0044824774377,0.00340020656586,0.00487181125209,0.00254247803241,0.00316578848287,0.00185172830243,0.00295212492347,0.00255317450501,0.00316173653118,0.000990974484012,0.00249614776112,0.000821737106889,0.00101091328543,0.00123866472859,0.00106381590012,0.000802975613624,0.000927133020014,0.000860210740939,0.000681610836182,0.000436148169683,0.000335578399245,0.000264781003352,0.000178371468792,0.000173069638549,0.000194183710846,0.000149821920786,0.000095899689768,0.000155726316734,0.000141294542118,0.0000750732942834,0.0000793382278061,0.0000532166159246,0.0000384659178962,0.0000295745103358,0.0000374245319108,0.0000441034208052],"mean":[0.000308869231958,0.000627688132226,0.000681868172251,0.00051042996347,0.000239209330175,0.000124206126202,0.000177515321411,0.000166662328411,0.000133673733217,0.000129316860694,0.00012311222963,0.0000970169057837,0.000088654422143,0.0000498711015098,0.0000664267281536,0.0000616780962446,0.0000817078616819,0.000120870521641,0.0000835785758682,0.0000727351944079,0.0000585893212701,0.000062401064497,0.0000667663116474,0.0000527412084921,0.0000384872873838,0.0000312714655593,0.0000179103808478,0.0000113223122753,0.00000951562924456,0.00000882926360646,0.00000739999450161,0.0000071529257184,0.00000815973271528,0.00000516195314049,0.00000344540853803,0.00000301881618725,0.00000300291776512,0.00000184282635018,0.00000117055003557,0.00000108235769858],"median":[0.000168527301867,0.000368164823158,0.000572772463784,0.000354449031875,0.000167724210769,0.0000768253812566,0.0000885757108335,0.0000918995865504,0.0000599109116592,0.0000612787844148,0.0000554614744033,0.0000429793908552,0.0000453713510069,0.0000230068508245,0.0000403882222599,0.0000390462009818,0.0000513186605531,0.00008449973393,0.000058416142565,0.0000517596927239,0.0000398039337597,0.000043373558583,0.0000525059003849,0.0000408696978411,0.0000315160541504,0.0000244615475822,0.000013406832295,0.00000678559717926,0.00000416072134612,0.0000039762421693,0.00000379302218789,0.00000372256090486,0.00000428081330028,0.00000252215340879,0.00000154594124524,0.0000014750455648,0.00000154800818564,8.54164284192e-7,3.87924615097e-7,3.47086057673e-7],"min":[1.71966253919e-24,1.39825694058e-24,3.01379358738e-24,2.41186885365e-24,1.27762926133e-24,1.58636003457e-24,2.39893035151e-24,2.19876892694e-24,3.44579925984e-24,9.08873174353e-25,3.94813168479e-24,2.81716980953e-24,3.45725785892e-24,3.46593335672e-24,5.15862493878e-24,3.46084007629e-24,3.84563735395e-24,3.86479365775e-24,4.92452375984e-24,3.96241716692e-24,3.00454478491e-24,3.35151973204e-24,5.10299446775e-24,4.17909240847e-24,4.58246972703e-24,4.59202519918e-24,5.615244452e-24,6.05299204577e-24,6.64992545934e-24,4.80941948744e-24,4.73953311655e-24,5.88015025486e-24,6.95518307522e-24,5.38218378059e-24,6.76111619279e-24,6.06617943352e-24,6.42306129034e-24,7.12591624094e-24,8.18981192304e-24,6.91299558287e-24],"var":[5.11765847477e-7,0.00000134431581955,4.4201689775e-7,3.28914268266e-7,7.37205638757e-8,2.59918877532e-8,1.00406772674e-7,5.46371232701e-8,4.84276228008e-8,3.0933481554e-8,3.642254498e-8,2.62142556551e-8,2.61664983014e-8,6.21092111075e-9,8.86533513267e-9,5.69281866092e-9,8.910865823e-9,1.51315386887e-8,7.94800669723e-9,5.83904613549e-9,4.44857750637e-9,4.42625225361e-9,3.82964415735e-9,2.4310273794e-9,1.21565191247e-9,8.51593962015e-10,2.97722235754e-10,2.02485792022e-10,2.15423359706e-10,1.91977447828e-10,1.04186818894e-10,1.02938151059e-10,1.37597933048e-10,5.67905410198e-11,3.03270013269e-11,1.96381643586e-11,1.6834596217e-11,7.76662154728e-12,4.41257056935e-12,4.46040643656e-12]},"melbands_crest":{"dmean":2.36997652054,"dmean2":3.95957493782,"dvar":6.04843711853,"dvar2":16.4521808624,"max":32.2695274353,"mean":9.39852237701,"median":8.58428001404,"min":1.6669472456,"var":13.8868141174},"melbands_flatness_db":{"dmean":0.0169876627624,"dmean2":0.0263500325382,"dvar":0.000317629281199,"dvar2":0.000773512176238,"max":0.477919280529,"mean":0.118250958622,"median":0.108549579978,"min":0.00349838356487,"var":0.00354313198477},"melbands_kurtosis":{"dmean":1.85105657578,"dmean2":3.10482954979,"dvar":45.076133728,"dvar2":112.750297546,"max":394.564819336,"mean":3.36613750458,"median":0.674015045166,"min":-1.75959563255,"var":202.471282959},"melbands_skewness":{"dmean":0.40839612484,"dmean2":0.651749134064,"dvar":0.280526816845,"dvar2":0.682185590267,"max":17.2973842621,"mean":1.2720375061,"median":1.13032984734,"min":-2.91335487366,"var":1.48372900486},"melbands_spread":{"dmean":8.75921916962,"dmean2":13.5977783203,"dvar":82.7579116821,"dvar2":196.14894104,"max":163.074768066,"mean":49.0381546021,"median":49.7888832092,"min":1.37530946732,"var":391.117675781},"mfcc":{"cov":[[15295.5136719,1879.05224609,753.687255859,437.091156006,52.2388496399,70.3043365479,-428.839996338,-153.682189941,-180.864151001,38.8663749695,179.803863525,-42.3329353333,-301.316375732],[1879.05224609,1646.90759277,153.54083252,199.712692261,109.07611084,1.96158456802,-30.0940589905,-81.3723678589,-54.6405105591,-19.6182765961,46.3193473816,17.078453064,-33.8745918274],[753.687255859,153.54083252,811.494262695,163.931686401,75.1190032959,100.886505127,27.1587905884,1.32563638687,12.4833984375,-26.9052677155,5.67029905319,21.9580001831,-8.20261287689],[437.091156006,199.712692261,163.931686401,187.645477295,72.6273574829,3.54906511307,-21.0043678284,-15.1903810501,4.69592523575,-3.91435861588,-5.57645368576,12.1277894974,6.88912391663],[52.2388496399,109.07611084,75.1190032959,72.6273574829,150.475006104,32.1644172668,-12.0752639771,-0.496193230152,16.8674144745,3.56822562218,2.77720355988,5.27049350739,15.3699798584],[70.3043365479,1.96158456802,100.886505127,3.54906511307,32.1644172668,141.022201538,45.2840690613,6.33707046509,-3.17084527016,-6.04979658127,-9.67469787598,1.07622361183,-10.7149925232],[-428.839996338,-30.0940589905,27.1587905884,-21.0043678284,-12.0752639771,45.2840690613,133.572296143,45.125,6.95753669739,-0.923230171204,-9.61782550812,-14.5021133423,-5.80823564529],[-153.682189941,-81.3723678589,1.32563638687,-15.1903810501,-0.496193230152,6.33707046509,45.125,116.985466003,14.9237298965,17.6682109833,11.5694265366,-22.6360054016,-5.90812730789],[-180.864151001,-54.6405105591,12.4833984375,4.69592523575,16.8674144745,-3.17084527016,6.95753669739,14.9237298965,66.0957565308,16.4635334015,-10.5422735214,-0.420287281275,5.83094120026],[38.8663749695,-19.6182765961,-26.9052677155,-3.91435861588,3.56822562218,-6.04979658127,-0.923230171204,17.6682109833,16.4635334015,65.7504806519,25.9045886993,-7.45272445679,-5.5272154808],[179.803863525,46.3193473816,5.67029905319,-5.57645368576,2.77720355988,-9.67469787598,-9.61782550812,11.5694265366,-10.5422735214,25.9045886993,67.7841110229,13.9397115707,-8.46107292175],[-42.3329353333,17.078453064,21.9580001831,12.1277894974,5.27049350739,1.07622361183,-14.5021133423,-22.6360054016,-0.420287281275,-7.45272445679,13.9397115707,63.8398094177,26.3947982788],[-301.316375732,-33.8745918274,-8.20261287689,6.88912391663,15.3699798584,-10.7149925232,-5.80823564529,-5.90812730789,5.83094120026,-5.5272154808,-8.46107292175,26.3947982788,59.8092079163]],"icov":[[0.000104480859591,-0.0000873188473633,-0.0000650919027976,-0.000124677375425,0.000122742334497,-0.000127422114019,0.000388672924601,-0.000049127433158,0.000138750867336,-0.0000830957578728,-0.0000864325775183,0.0000427681698056,0.000408562016673],[-0.0000873188473633,0.000866379821673,0.0000970018591033,-0.000666692620143,-0.000484557851451,0.000250910961768,-0.000584781286307,0.000578535546083,0.000368182722013,0.000358042801963,-0.000599397462793,-0.00000668592883812,0.00022606861603],[-0.0000650919027976,0.0000970018591033,0.00179624068551,-0.00156199431513,0.0000989924519672,-0.00112741754856,-0.000433051987784,-0.0000242697569774,-0.000787438941188,0.00114314898383,-0.000920993217733,-0.000158394424943,0.00000342723615177],[-0.000124677375425,-0.000666692620143,-0.00156199431513,0.00920786894858,-0.00353180523962,0.0018409776967,0.000324798049405,-0.000147449332871,0.000563228444662,-0.00136163714342,0.00309484801255,-0.00164801708888,-0.0000417673036281],[0.000122742334497,-0.000484557851451,0.0000989924519672,-0.00353180523962,0.010126738809,-0.00345578393899,0.00201181112789,-0.000365376356058,-0.00292199430987,0.000540751090739,-0.0024153420236,0.00235071778297,-0.00334218190983],[-0.000127422114019,0.000250910961768,-0.00112741754856,0.0018409776967,-0.00345578393899,0.0103725269437,-0.00385455344804,0.000372666778276,0.00211009499617,-0.0010098105995,0.00305165513419,-0.00270260847174,0.00286770123057],[0.000388672924601,-0.000584781286307,-0.000433051987784,0.000324798049405,0.00201181112789,-0.00385455344804,0.0118230562657,-0.00399033678696,-0.000353129871655,0.000144938909216,0.000892857671715,0.00119108043145,0.000725032470655],[-0.000049127433158,0.000578535546083,-0.0000242697569774,-0.000147449332871,-0.000365376356058,0.000372666778276,-0.00399033678696,0.0119624622166,-0.00219820905477,-0.000460781651782,-0.00410357816145,0.00461293710396,-0.00139590678737],[0.000138750867336,0.000368182722013,-0.000787438941188,0.000563228444662,-0.00292199430987,0.00211009499617,-0.000353129871655,-0.00219820905477,0.0201275553554,-0.00741088436916,0.00707733351737,-0.00337683456019,0.00145649118349],[-0.0000830957578728,0.000358042801963,0.00114314898383,-0.00136163714342,0.000540751090739,-0.0010098105995,0.000144938909216,-0.000460781651782,-0.00741088436916,0.0225292481482,-0.0112839769572,0.00514597026631,-0.00131633877754],[-0.0000864325775183,-0.000599397462793,-0.000920993217733,0.00309484801255,-0.0024153420236,0.00305165513419,0.000892857671715,-0.00410357816145,0.00707733351737,-0.0112839769572,0.0254563298076,-0.0106478622183,0.00615858333185],[0.0000427681698056,-0.00000668592883812,-0.000158394424943,-0.00164801708888,0.00235071778297,-0.00270260847174,0.00119108043145,0.00461293710396,-0.00337683456019,0.00514597026631,-0.0106478622183,0.025772433728,-0.0122125027701],[0.000408562016673,0.00022606861603,0.00000342723615177,-0.0000417673036281,-0.00334218190983,0.00286770123057,0.000725032470655,-0.00139590678737,0.00145649118349,-0.00131633877754,0.00615858333185,-0.0122125027701,0.0262138098478]],"mean":[-625.075561523,84.5324172974,-26.7856273651,22.4995918274,9.25208950043,4.52486944199,-6.27241563797,6.84061670303,-2.97621536255,2.13422441483,-0.456060916185,-5.79111528397,-6.86417913437]},"pitch_salience":{"dmean":0.0478371456265,"dmean2":0.0790139585733,"dvar":0.00200672354549,"dvar2":0.00536922784522,"max":0.857203245163,"mean":0.624044299126,"median":0.627888262272,"min":0.192008450627,"var":0.00543845305219},"silence_rate_20dB":{"dmean":0,"dmean2":0,"dvar":0,"dvar2":0,"max":1,"mean":1,"median":1,"min":1,"var":0},"silence_rate_30dB":{"dmean":0,"dmean2":0,"dvar":0,"dvar2":0,"max":1,"mean":1,"median":1,"min":1,"var":0},"silence_rate_60dB":{"dmean":0.0107512427494,"dmean2":0.0215053763241,"dvar":0.0106346234679,"dvar2":0.0234617125243,"max":1,"mean":0.124832034111,"median":0,"min":0,"var":0.109240092337},"spectral_centroid":{"dmean":193.486572266,"dmean2":296.335144043,"dvar":57463.9296875,"dvar2":119759.578125,"max":11609.9257812,"mean":2216.85742188,"median":2214.31396484,"min":193.345825195,"var":557799.5},"spectral_complexity":{"dmean":3.76589179039,"dmean2":5.49112892151,"dvar":17.4911251068,"dvar2":30.0431365967,"max":64,"mean":28.9158821106,"median":31,"min":0,"var":173.049591064},"spectral_contrast_coeffs":{"dmean":[0.040423668921,0.0412075333297,0.0345644205809,0.0306747648865,0.0221106112003,0.015694797039],"dmean2":[0.0673839077353,0.0673703402281,0.0558041632175,0.0502735972404,0.0360349006951,0.0254697278142],"dvar":[0.00129928695969,0.00110398768447,0.000779754191171,0.000622493796982,0.000367057305994,0.0001842276979],"dvar2":[0.00362475099973,0.0029332425911,0.00203326693736,0.00161883898545,0.000925333122723,0.000457771529909],"max":[-0.411017924547,-0.507738649845,-0.489939421415,-0.524634242058,-0.589159309864,-0.645057499409],"mean":[-0.652125477791,-0.758573532104,-0.754843652248,-0.749863564968,-0.756661951542,-0.746920526028],"median":[-0.640865266323,-0.761837422848,-0.761580109596,-0.749461770058,-0.758147716522,-0.741239488125],"min":[-0.980648875237,-0.979067862034,-0.984717667103,-0.982535779476,-0.976757347584,-0.967064797878],"var":[0.00646952213719,0.00410842429847,0.00420842273161,0.00305820512585,0.00242127920501,0.00151513703167]},"spectral_contrast_valleys":{"dmean":[0.339177906513,0.329282999039,0.286503404379,0.247166767716,0.218187466264,0.313834756613],"dmean2":[0.559577822685,0.537601530552,0.455136567354,0.39362975955,0.321489691734,0.404016166925],"dvar":[0.122381038964,0.100575871766,0.0802818462253,0.0688580721617,0.0784619301558,0.125221088529],"dvar2":[0.282391786575,0.222503483295,0.163565769792,0.134288728237,0.135819971561,0.215720266104],"max":[-5.27990484238,-4.90746164322,-5.44913244247,-5.80950641632,-5.3740901947,-7.73099851608],"mean":[-7.84677934647,-7.19783353806,-7.6501493454,-7.47737121582,-7.20162916183,-9.90585422516],"median":[-7.25476741791,-6.66983604431,-7.25018501282,-7.05663490295,-6.81596660614,-9.55756282806],"min":[-28.0277462006,-27.7726478577,-27.9015007019,-27.8392620087,-27.3852806091,-27.3294143677],"var":[4.00244092941,4.00441265106,3.31619381905,3.36341094971,3.34014034271,3.12402367592]},"spectral_decrease":{"dmean":1.21178289625e-9,"dmean2":1.85762882854e-9,"dvar":3.70069108246e-18,"dvar2":9.22373467344e-18,"max":1.77314002374e-28,"mean":-4.56469928523e-9,"median":-4.57955939837e-9,"min":-2.37747190823e-8,"var":7.94075107359e-18},"spectral_energy":{"dmean":0.00517570599914,"dmean2":0.00772810447961,"dvar":0.0000606543217145,"dvar2":0.000146047241287,"max":0.0994322374463,"mean":0.0201080068946,"median":0.0201478525996,"min":1.03720217398e-20,"var":0.000149156563566},"spectral_energyband_high":{"dmean":0.000728160957806,"dmean2":0.000966731167864,"dvar":0.00000159547846579,"dvar2":0.00000294520600619,"max":0.0146585358307,"mean":0.0015546096256,"median":0.000829466967843,"min":7.27264787816e-21,"var":0.00000414490568801},"spectral_energyband_low":{"dmean":0.00211026123725,"dmean2":0.00366893992759,"dvar":0.0000355343036063,"dvar2":0.000097525655292,"max":0.0653859004378,"mean":0.00326172844507,"median":0.00239268224686,"min":2.05889887918e-23,"var":0.0000261566292465},"spectral_energyband_middle_high":{"dmean":0.00200192793272,"dmean2":0.00300987740047,"dvar":0.00000506795231558,"dvar2":0.0000115315142466,"max":0.0379137545824,"mean":0.00905282609165,"median":0.00876899808645,"min":1.33789961342e-21,"var":0.0000339312427968},"spectral_energyband_middle_low":{"dmean":0.00232228916138,"dmean2":0.0036156217102,"dvar":0.00000995850405161,"dvar2":0.0000240884819505,"max":0.0555897988379,"mean":0.00703513948247,"median":0.00645692739636,"min":1.73959985473e-22,"var":0.000025883091439},"spectral_entropy":{"dmean":0.110446788371,"dmean2":0.159414157271,"dvar":0.0131274256855,"dvar2":0.0257234778255,"max":9.80923748016,"mean":7.83202028275,"median":7.86524200439,"min":5.55125999451,"var":0.156452447176},"spectral_flux":{"dmean":0.0150941731408,"dmean2":0.0220622457564,"dvar":0.000388164364267,"dvar2":0.000685722508933,"max":0.2281768471,"mean":0.0713176876307,"median":0.0701510086656,"min":6.36253411068e-11,"var":0.00142786663491},"spectral_kurtosis":{"dmean":1.22562503815,"dmean2":2.08036732674,"dvar":2.76366710663,"dvar2":8.63965702057,"max":40.5042572021,"mean":4.70145797729,"median":4.12361812592,"min":-1.22418045998,"var":10.7864131927},"spectral_rms":{"dmean":0.000507940421812,"dmean2":0.000737698050216,"dvar":4.26196891112e-7,"dvar2":9.55644622991e-7,"max":0.00984921585768,"mean":0.00411574961618,"median":0.00443355878815,"min":3.18104462042e-12,"var":0.00000267821019406},"spectral_rolloff":{"dmean":497.574768066,"dmean2":786.268066406,"dvar":534462.375,"dvar2":1154377.5,"max":19336.8164062,"mean":3037.41503906,"median":2799.31640625,"min":64.599609375,"var":2450267.25},"spectral_skewness":{"dmean":0.16254606843,"dmean2":0.261969506741,"dvar":0.0271977521479,"dvar2":0.0774738416076,"max":5.3076839447,"mean":1.46504688263,"median":1.44225478172,"min":-0.0463428348303,"var":0.186369046569},"spectral_spread":{"dmean":544933.125,"dmean2":778897.8125,"dvar":524986384384,"dvar2":1081770770430,"max":41372160,"mean":4382843,"median":4142321.25,"min":1485683.5,"var":6320779427840},"spectral_strongpeak":{"dmean":0.740198910236,"dmean2":1.28388392925,"dvar":1.17653012276,"dvar2":3.02956199646,"max":8.77959156036,"mean":1.10007107258,"median":0.45267534256,"min":0,"var":1.75904738903},"zerocrossingrate":{"dmean":0.0114306760952,"dmean2":0.0133115705103,"dvar":0.000157628615852,"dvar2":0.000218844841584,"max":0.52392578125,"mean":0.104503408074,"median":0.09716796875,"min":0.00732421875,"var":0.00170993607026}},"metadata":{"audio_properties":{"analysis_sample_rate":44100,"bit_rate":0,"codec":"flac","downmix":"mix","equal_loudness":0,"length":172.773330688,"lossless":true,"md5_encoded":"1e934b5d7300b9ae182c55d567f2b695","replay_gain":-9.21766281128},"tags":{"album":["Lifes Rich Pageant"],"albumartist":["R.E.M."],"albumartistsort":["R.E.M."],"albumsort":["Lifes Rich Pageant (1993, R.E.M., 1f233a68-c3c2-348b-a135-10edc450edf7)"],"artist":["R.E.M."],"artists":["R.E.M."],"artistsort":["R.E.M."],"asin":["B000005RQF"],"barcode":["077771320125"],"catalognumber":["0777 7 13201 2 5"],"date":["1993"],"discnumber":["1"],"disctotal":["1"],"file_name":"12 - R.E.M. - Superman.flac","genre":["Alternative Rock"],"label":["EMI"],"media":["CD"],"mixer":["Don Gehman"],"musicbrainz_albumartistid":["ea4dfa26-f633-4da6-a52a-f49ea4897b58"],"musicbrainz_albumid":["1f233a68-c3c2-348b-a135-10edc450edf7"],"musicbrainz_artistid":["ea4dfa26-f633-4da6-a52a-f49ea4897b58"],"musicbrainz_recordingid":["fed683e6-f707-430d-9824-f1df1d586fab"],"musicbrainz_releasegroupid":["8b6b2628-7bd4-3fed-9d65-cf4e5dc45939"],"musicbrainz_releasetrackid":["22d80370-2b20-3563-88eb-c893a8d83582"],"musicbrainz_workid":["a40f6554-868c-3c43-ac4a-2751683f74c6"],"musicip_puid":["f7826e81-9842-f7b3-d32f-0db437eeb8f7"],"originaldate":["1986-07-28"],"performer":["Mike Mills (lead vocals)"],"producer":["Don Gehman"],"releasecountry":["XE"],"releasestatus":["official"],"releasetype":["album"],"replaygain_album_gain":["-3.430000"],"replaygain_album_peak":["0.977234"],"replaygain_track_gain":["-3.680000"],"replaygain_track_peak":["0.962341"],"script":["Latn"],"title":["Superman"],"totaldiscs":["1"],"totaltracks":["18"],"tracknumber":["12"],"tracktotal":["18"],"work":["Superman"]},"version":{"essentia":"2.1-beta1","essentia_build_sha":"5a55991247aa8bc5301991e5ebe36927b56abb96","essentia_git_sha":"v2.1_beta1-6-g5578087","extractor":"music 1.0"}},"rhythm":{"beats_count":330,"beats_loudness":{"dmean":0.0071