{"lowlevel":{"average_loudness":0.658263683319,"barkbands":{"dmean":[0.00000290537514047,0.000805929070339,0.000964751525316,0.000664175488055,0.00143905973528,0.000633741612546,0.000499034125824,0.000832028745208,0.000713768124115,0.000648296962027,0.000546273600776,0.000676295894664,0.00134437007364,0.00103520462289,0.000479934562463,0.000198633788386,0.000240574474446,0.000178794987733,0.000104979109892,0.000108416119474,0.0000567615315958,0.000025818038921,0.0000149455618157,0.0000100192028185,0.00000220854144573,2.86989120468e-7,1.64528977109e-8],"dmean2":[0.0000046059521992,0.00129267084412,0.00156908633653,0.00109537818935,0.00236368831247,0.00102931784932,0.000768827740103,0.00125917536207,0.00108382548206,0.00100629741792,0.000852217315696,0.00105474051088,0.00207522790879,0.00160846952349,0.000748832128011,0.000303930370137,0.000375771283871,0.000277617247775,0.000156085676281,0.000167454330949,0.0000839457934489,0.0000375454183086,0.00002214450069,0.0000147178443513,0.00000335581535182,4.29816623182e-7,2.83093157805e-8],"dvar":[9.17578027448e-11,0.00000159706758041,0.00000331350724991,0.00000153499001954,0.00000454519704363,0.00000127023781715,0.00000160954084549,0.00000332492027155,0.00000343377405443,0.00000136652681704,0.00000162396531778,0.00000283543499791,0.0000103614011095,0.00000936815831665,0.00000196232349481,3.92318668219e-7,2.41805622636e-7,1.52746068238e-7,6.05726668823e-8,4.34111733227e-8,2.90862782748e-8,7.98367327803e-9,2.60389199092e-9,2.30244223687e-9,4.99929542208e-11,5.64038941421e-13,1.43092176868e-15],"dvar2":[1.77320907957e-10,0.00000446542344434,0.00000852607172419,0.00000383980386687,0.0000116778837764,0.00000301318732454,0.00000332714012075,0.00000684552742314,0.00000706394894223,0.00000308844823849,0.00000329135832544,0.00000610682764091,0.0000218539553316,0.0000187109890248,0.00000419494563175,7.89184582572e-7,5.4428983276e-7,3.48185977828e-7,1.15214632501e-7,1.04757134523e-7,5.87778288264e-8,1.79108425868e-8,5.80055070643e-9,5.30434007828e-9,1.10281929422e-10,1.3292486686e-12,3.92647077842e-15],"max":[0.000390095694456,0.0270986407995,0.0431426167488,0.0364069193602,0.0341862030327,0.0233942419291,0.0438271015882,0.0482766106725,0.0650688558817,0.0259923711419,0.0409827530384,0.0519248470664,0.0784424990416,0.0655165016651,0.0359615944326,0.0350523740053,0.0122239105403,0.00877769291401,0.0110462475568,0.0034911534749,0.00635214149952,0.00364614604041,0.00172803155147,0.00158823374659,0.00022923956567,0.0000270479376923,5.82960467455e-7],"mean":[0.00000342511543749,0.00147364777513,0.00178238283843,0.000973788206466,0.00240402366035,0.00106750288978,0.000906716450118,0.00149331428111,0.00136632996146,0.00105403503403,0.000873170851264,0.00112868100405,0.00215726485476,0.00178534456063,0.000828021264169,0.000331273186021,0.00038405469968,0.000310477567837,0.000178029353265,0.000173868989805,0.0000898700163816,0.0000400501630793,0.00002307061186,0.0000133383891807,0.00000290792650048,4.17480009673e-7,4.17567278532e-8],"median":[9.44921907831e-7,0.000745194207411,0.000828242162243,0.000424283527536,0.0014691920951,0.000404155929573,0.000270650023594,0.000334952695994,0.000318924430758,0.000439263007138,0.00025468977401,0.000349503505277,0.000592456024606,0.000319909187965,0.000177124748006,0.0000932066323003,0.000124405720271,0.0000903442269191,0.0000591122661717,0.0000549105825485,0.0000227988130064,0.00000988539068203,0.00000542801672054,0.00000275877209788,9.09023981421e-7,1.66449567018e-7,3.45600525975e-8],"min":[9.80903965001e-25,1.93533513853e-24,1.30184098024e-24,9.16172208486e-25,4.92430840081e-24,4.03833477386e-24,5.02965012508e-24,6.48119126715e-24,9.1232970646e-24,8.33499546176e-24,1.16533735695e-23,2.2215877147e-23,2.6825470673e-23,3.59436267311e-23,4.95804821839e-23,6.3063351988e-23,6.1693693819e-23,9.61927900149e-23,1.04206985723e-22,1.51862363308e-22,2.08734943172e-22,3.29518029593e-22,3.89743205195e-22,5.30717041335e-22,8.20903198257e-22,1.23270944195e-21,1.92519279963e-21],"var":[1.33115518608e-10,0.00000348257140104,0.00000856280894368,0.00000311413782583,0.00000814020131656,0.00000365473079,0.00000479375830764,0.00000969580469246,0.0000125910055431,0.00000300838064504,0.00000432882961832,0.00000701593216945,0.0000237702752202,0.0000293930170301,0.00000513681743541,8.55812174905e-7,5.67710571886e-7,3.79178288767e-7,1.66358745446e-7,8.45797529792e-8,4.92759006931e-8,1.14979696875e-8,4.59943594322e-9,2.80414580445e-9,6.48192818864e-11,7.10686229918e-13,1.16759574252e-15]},"barkbands_crest":{"dmean":2.38709998131,"dmean2":3.86861634254,"dvar":4.77565765381,"dvar2":11.8911590576,"max":24.0510826111,"mean":8.86132049561,"median":7.97760295868,"min":2.83525753021,"var":12.6996974945},"barkbands_flatness_db":{"dmean":0.018721813336,"dmean2":0.0273275021464,"dvar":0.000282658234937,"dvar2":0.00058364745928,"max":0.368243873119,"mean":0.155516579747,"median":0.154663801193,"min":0.0242868009955,"var":0.00172919500619},"barkbands_kurtosis":{"dmean":1.29566907883,"dmean2":2.04437232018,"dvar":4.10723924637,"dvar2":9.5048456192,"max":52.6202087402,"mean":1.03073430061,"median":0.0448678731918,"min":-1.82517695427,"var":9.23704814911},"barkbands_skewness":{"dmean":0.440440028906,"dmean2":0.676201701164,"dvar":0.182228803635,"dvar2":0.41234254837,"max":6.68287611008,"mean":0.606092274189,"median":0.567457318306,"min":-2.33338046074,"var":1.04356145859},"barkbands_spread":{"dmean":3.99100661278,"dmean2":6.16691923141,"dvar":17.2174549103,"dvar2":40.8379058838,"max":110.798652649,"mean":18.8972167969,"median":17.8591861725,"min":1.45406699181,"var":98.9592666626},"dissonance":{"dmean":0.0191414859146,"dmean2":0.031912907958,"dvar":0.000339200953022,"dvar2":0.000913673837204,"max":0.499999910593,"mean":0.463396966457,"median":0.468903213739,"min":0.235554039478,"var":0.000671804009471},"dynamic_complexity":4.81676244736,"erbbands":{"dmean":[0.0078825103119,0.234228208661,1.04273319244,1.50946390629,3.80896997452,5.16038322449,5.48907613754,4.80832433701,5.44354391098,13.5612564087,16.9137020111,16.2010059357,14.2141609192,21.0618038177,21.7740821838,29.4114265442,52.4731063843,61.4235954285,30.2191314697,13.6214904785,10.6582288742,13.0739173889,11.0228090286,5.22840929031,5.81799554825,5.04573392868,2.84738874435,1.802724123,1.04414260387,0.534701943398,0.422047555447,0.296399265528,0.112898647785,0.0360402464867,0.0104607148096,0.00226380396634,0.000356277509127,0.0000452508502349,0.00000547655236005,0.00000682303243593],"dmean2":[0.0123003330082,0.376676172018,1.68572807312,2.46863913536,6.31930065155,8.55013370514,9.07700157166,7.77839326859,8.52533912659,20.2855491638,25.4683551788,24.2625675201,21.5029945374,32.4450111389,33.369354248,45.6951408386,81.0296630859,95.0423431396,46.75157547,20.7464847565,16.3489246368,20.1994457245,17.0135879517,7.88622760773,8.63325595856,7.71797275543,4.25093889236,2.62557601929,1.5230140686,0.784047365189,0.628930211067,0.440490335226,0.165241092443,0.0546080693603,0.016080873087,0.00335055356845,0.000536244304385,0.0000742467964301,0.0000082936076069,0.00000999568419502],"dvar":[0.000145307451021,0.134818837047,3.58357000351,6.29262590408,37.0003242493,68.6993103027,99.053276062,84.4333267212,156.090576172,1089.95739746,1460.89807129,2128.25927734,724.547912598,1673.69396973,1974.47570801,5190.67333984,17815.0351562,30969.9453125,6248.55761719,1116.01831055,738.046264648,744.746948242,595.468383789,182.009902954,145.805801392,98.474395752,46.8760375977,42.5902938843,15.3103342056,2.75227928162,2.35716485977,2.26280975342,0.225780561566,0.0163635145873,0.000723304925486,0.0000339441830874,8.00408145096e-7,1.24597363538e-8,7.66522609275e-11,7.46894421311e-11],"dvar2":[0.000364543258911,0.372761875391,9.06362533569,15.9896068573,97.8455734253,181.561447144,239.972213745,196.705795288,326.918334961,2130.97802734,3073.6015625,4555.49169922,1463.3671875,3461.4753418,4323.52929688,11162.3125,37702.1796875,62519.234375,13603.0751953,2327.72875977,1556.87756348,1641.1373291,1407.47741699,381.586425781,295.402435303,242.815032959,99.1012649536,91.2429199219,34.0991134644,6.11931848526,5.22225189209,5.18775987625,0.50934034586,0.0352732203901,0.00166205316782,0.0000767722012824,0.00000191572075892,3.28499751845e-8,1.86590243256e-10,1.56643434335e-10],"max":[0.211244553328,7.80980348587,44.9916229248,69.1702270508,130.778091431,143.208602905,223.455505371,221.072769165,368.86227417,801.24621582,1103.04455566,1863.84960938,794.44732666,1026.88134766,1013.87103271,2231.64794922,3664.38964844,3889.53808594,2288.85888672,841.141723633,1257.29516602,743.246582031,599.536621094,603.658569336,323.617218018,176.973831177,209.030426025,236.077438354,161.800033569,53.7987213135,54.9214782715,56.8461799622,14.8852272034,4.15798139572,0.700858473778,0.192430838943,0.0286256335676,0.00185445568059,0.000140384785482,0.000120605945995],"mean":[0.0176458209753,0.433191865683,1.97221636772,2.66355276108,5.91987609863,8.04173755646,8.67056369781,8.28996658325,10.7840251923,25.6640491486,31.682258606,31.1371555328,25.9739551544,36.0859069824,38.7526550293,54.988193512,90.8882293701,111.799476624,55.7944412231,26.0670890808,19.2658920288,22.0130519867,19.3555736542,9.58083343506,10.0259189606,8.07278442383,4.64100170135,2.81081628799,1.60167145729,0.893496215343,0.628494560719,0.396270692348,0.150798797607,0.0479453764856,0.0141248293221,0.00330502307042,0.000518215005286,0.0000677085408824,0.0000188953363249,0.0000254918286373],"median":[0.00719357421622,0.2372199893,1.04358839989,1.50399327278,3.19635605812,4.09722900391,4.01235580444,3.25778675079,3.72695875168,6.57788658142,8.4204492569,7.99334812164,11.5115251541,16.1987400055,16.5458850861,19.2220249176,27.0691223145,23.9126548767,15.3703451157,6.79458808899,6.26563549042,7.46503162384,6.03930282593,3.14373803139,3.45877337456,2.50122356415,1.27862215042,0.687955141068,0.395606219769,0.210492372513,0.14599531889,0.0740923285484,0.0352892801166,0.0140988873318,0.00482126418501,0.0012491911184,0.000225978379603,0.0000385108796763,0.000015861576685,0.0000212075101444],"min":[7.04375416885e-23,2.13363726528e-22,1.85996993144e-21,6.78917777379e-21,8.26789075011e-21,2.10795185323e-20,5.43773929785e-20,7.32393533796e-20,9.12484776445e-20,1.11804626725e-19,1.3281816791e-19,2.44535035941e-19,4.44794454114e-19,4.91908697251e-19,8.75541727066e-19,1.079230817e-18,1.49525406826e-18,2.05272375669e-18,2.58550706692e-18,3.05899931162e-18,4.00056721556e-18,4.59671504226e-18,5.55701713951e-18,6.04217097649e-18,7.26694380868e-18,8.14695313823e-18,7.41951892703e-18,1.03307182272e-17,8.72291734439e-18,1.08518411859e-17,1.05310969403e-17,1.02160453517e-17,8.41284951896e-18,7.76565513589e-18,5.75222473304e-18,4.08846673618e-18,2.36996820112e-18,9.02591050084e-19,2.21640744538e-19,2.62321525837e-20],"var":[0.000517468841281,0.294218122959,9.33292102814,14.9034976959,67.8245620728,113.49848175,211.237548828,245.159317017,622.493652344,3587.99853516,3929.58984375,7008.58496094,2032.65661621,3893.91064453,5280.95605469,15278.2421875,44447.4921875,96078.2890625,16729.5097656,3182.05615234,1997.75463867,1856.87341309,1430.36474609,453.234954834,362.950439453,185.70552063,87.1501312256,61.4916305542,20.8969497681,5.28223562241,3.88197731972,2.81512379646,0.28761729598,0.0217909049243,0.000958617019933,0.0000473280597362,9.43516567986e-7,1.07823057149e-8,2.04661218528e-10,4.59473764591e-10]},"erbbands_crest":{"dmean":2.70512676239,"dmean2":4.40423297882,"dvar":6.76773166656,"dvar2":16.4724597931,"max":31.8983230591,"mean":10.1003732681,"median":8.96412849426,"min":2.45371842384,"var":23.8837280273},"erbbands_flatness_db":{"dmean":0.0170172583312,"dmean2":0.0259197670966,"dvar":0.000258149171714,"dvar2":0.000562643632293,"max":0.335940718651,"mean":0.206407263875,"median":0.209358215332,"min":0.0302903875709,"var":0.00189290160779},"erbbands_kurtosis":{"dmean":1.01285052299,"dmean2":1.5978808403,"dvar":1.50705420971,"dvar2":3.43672370911,"max":16.5929698944,"mean":1.01702010632,"median":0.465682864189,"min":-1.73097491264,"var":4.51518297195},"erbbands_skewness":{"dmean":0.346210807562,"dmean2":0.536282598972,"dvar":0.100145667791,"dvar2":0.240699186921,"max":3.13046693802,"mean":-0.0869691744447,"median":-0.120672523975,"min":-2.83111786842,"var":0.450929552317},"erbbands_spread":{"dmean":5.32876014709,"dmean2":8.34919166565,"dvar":30.4536762238,"dvar2":69.9065475464,"max":109.124824524,"mean":23.5431957245,"median":21.5561637878,"min":3.41630744934,"var":126.295883179},"gfcc":{"cov":[[44070.046875,5023.49023438,-6476.14306641,1328.20947266,-2131.51318359,427.043273926,-1100.18762207,-343.567901611,-655.172302246,-467.031188965,-186.688934326,-529.186645508,-103.248641968],[5023.49023438,1379.92773438,-541.664489746,-45.5826721191,-44.3534431458,-1.27777087688,-53.9060935974,-70.8000335693,-61.386932373,-67.0291976929,2.8167848587,-58.293674469,9.90926265717],[-6476.14306641,-541.664489746,1362.69274902,-149.979980469,325.131408691,56.7074050903,133.10786438,56.7846069336,85.6308898926,67.5832748413,14.6801223755,94.6656570435,17.0124931335],[1328.20947266,-45.5826721191,-149.979980469,296.091491699,-31.5366535187,63.7164764404,-32.1001777649,0.63446855545,9.71864795685,-9.14958667755,-16.7537269592,-18.2560863495,4.17505216599],[-2131.51318359,-44.3534431458,325.131408691,-31.5366535187,415.019683838,49.7664031982,69.8017349243,-4.98204898834,41.7796897888,74.4532318115,-4.61809539795,8.64537525177,29.4284858704],[427.043273926,-1.27777087688,56.7074050903,63.7164764404,49.7664031982,236.255157471,22.4266529083,-5.61044931412,-5.22922563553,14.3907155991,-7.99241304398,-0.0615063384175,16.6636772156],[-1100.18762207,-53.9060935974,133.10786438,-32.1001777649,69.8017349243,22.4266529083,175.006286621,43.1608390808,35.9081535339,17.0481529236,26.2975158691,13.2017822266,-1.62157046795],[-343.567901611,-70.8000335693,56.7846069336,0.63446855545,-4.98204898834,-5.61044931412,43.1608390808,112.682907104,50.8866615295,-5.56286478043,2.1937558651,10.261920929,-7.76444244385],[-655.172302246,-61.386932373,85.6308898926,9.71864795685,41.7796897888,-5.22922563553,35.9081535339,50.8866615295,121.176673889,24.4438781738,13.1100883484,0.242428213358,2.5687186718],[-467.031188965,-67.0291976929,67.5832748413,-9.14958667755,74.4532318115,14.3907155991,17.0481529236,-5.56286478043,24.4438781738,114.023536682,26.669834137,-5.86334466934,-12.1052379608],[-186.688934326,2.8167848587,14.6801223755,-16.7537269592,-4.61809539795,-7.99241304398,26.2975158691,2.1937558651,13.1100883484,26.669834137,77.1242675781,20.9694671631,-2.8031232357],[-529.186645508,-58.293674469,94.6656570435,-18.2560863495,8.64537525177,-0.0615063384175,13.2017822266,10.261920929,0.242428213358,-5.86334466934,20.9694671631,82.9617767334,39.6433143616],[-103.248641968,9.90926265717,17.0124931335,4.17505216599,29.4284858704,16.6636772156,-1.62157046795,-7.76444244385,2.5687186718,-12.1052379608,-2.8031232357,39.6433143616,83.2631149292]],"icov":[[0.000927443441469,-0.00236939801835,0.00258296495304,-0.0022932132706,0.00228309212252,-0.00230200705118,0.00219822302461,-0.00150526501238,0.00144830998033,-0.00137212371919,0.000804429582786,-0.000103605321783,0.000407729821745],[-0.00236939801835,0.00703040650114,-0.00616870215163,0.00627099582925,-0.00615257723257,0.00569457747042,-0.00553148565814,0.00415382208303,-0.003678080393,0.00421236548573,-0.0025659694802,0.000818302039988,-0.00126445468049],[0.00258296495304,-0.00616870215163,0.00851222779602,-0.00574722886086,0.00549076730385,-0.00676065916196,0.00590270990506,-0.00415053870529,0.00351412431337,-0.00359402457252,0.00249527744018,-0.00161848333664,0.0018499965081],[-0.0022932132706,0.00627099582925,-0.00574722886086,0.00988664850593,-0.0057169534266,0.00432634912431,-0.00473723514006,0.00367428967729,-0.0045000622049,0.00384381064214,-0.00172125862446,0.00070499634603,-0.00120224780403],[0.00228309212252,-0.00615257723257,0.00549076730385,-0.0057169534266,0.00946817174554,-0.00583580741659,0.00432463549078,-0.00299009215087,0.0030667821411,-0.00570169789717,0.0033315892797,0.000480631337268,-0.000685226870701],[-0.00230200705118,0.00569457747042,-0.00676065916196,0.00432634912431,-0.00583580741659,0.0106830680743,-0.00631245179102,0.0037976866588,-0.00270346202888,0.00259571988136,-0.00146342627704,0.000720388896298,-0.00214355578646],[0.00219822302461,-0.00553148565814,0.00590270990506,-0.00473723514006,0.00432463549078,-0.00631245179102,0.0128543423489,-0.00607970356941,0.00286218267865,-0.00267298612744,-0.000733544875402,-0.0000520395151398,0.00135705107823],[-0.00150526501238,0.00415382208303,-0.00415053870529,0.00367428967729,-0.00299009215087,0.0037976866588,-0.00607970356941,0.0153591381386,-0.00769123388454,0.00379747385159,0.00037587195402,-0.00246257614344,0.00188803835772],[0.00144830998033,-0.003678080393,0.00351412431337,-0.0045000622049,0.0030667821411,-0.00270346202888,0.00286218267865,-0.00769123388454,0.0142272114754,-0.00410412997007,-0.000586482230574,0.00244970805943,-0.00168473948725],[-0.00137212371919,0.00421236548573,-0.00359402457252,0.00384381064214,-0.00570169789717,0.00259571988136,-0.00267298612744,0.00379747385159,-0.00410412997007,0.0145443333313,-0.00592845771462,0.00155821570661,0.00143625074998],[0.000804429582786,-0.0025659694802,0.00249527744018,-0.00172125862446,0.0033315892797,-0.00146342627704,-0.000733544875402,0.00037587195402,-0.000586482230574,-0.00592845771462,0.0185263007879,-0.00670319469646,0.00298691005446],[-0.000103605321783,0.000818302039988,-0.00161848333664,0.00070499634603,0.000480631337268,0.000720388896298,-0.0000520395151398,-0.00246257614344,0.00244970805943,0.00155821570661,-0.00670319469646,0.0210919231176,-0.010592228733],[0.000407729821745,-0.00126445468049,0.0018499965081,-0.00120224780403,-0.000685226870701,-0.00214355578646,0.00135705107823,0.00188803835772,-0.00168473948725,0.00143625074998,0.00298691005446,-0.010592228733,0.0186266880482]],"mean":[-86.4745483398,128.396072388,-145.782516479,23.0482387543,-47.0668296814,11.4576692581,-26.9152297974,-5.56748437881,-22.4000473022,-5.17136764526,-8.74064159393,-12.0901250839,-10.3272275925]},"hfc":{"dmean":5.86452913284,"dmean2":8.35274505615,"dvar":79.1623764038,"dvar2":159.913330078,"max":150.006729126,"mean":18.7142601013,"median":12.1196260452,"min":1.06313209557e-16,"var":420.579193115},"melbands":{"dmean":[0.00014546274906,0.000461970776087,0.000306492467644,0.000328241760144,0.000196378779947,0.00011043993436,0.0000860825311975,0.000159665592946,0.00014047716104,0.0000991403139778,0.000076147771324,0.0000916161225177,0.0000752435298637,0.000073738177889,0.000108338455902,0.00012388266623,0.000122519311844,0.0000531070872967,0.0000308247654175,0.0000143781489896,0.0000132865316118,0.0000144160349009,0.0000138180685099,0.00000747758531361,0.00000426832866651,0.00000433893228546,0.00000456628822576,0.00000340024234902,0.000001858984092,0.00000160295576279,9.56104599936e-7,6.74971659009e-7,3.9481614067e-7,2.80877145542e-7,2.61496950316e-7,2.24910323254e-7,1.67716152077e-7,8.79311699009e-8,4.82332680463e-8,2.4651910735e-8],"dmean2":[0.000231022320804,0.00074536469765,0.000498641456943,0.000541323097423,0.000323726184433,0.000177475012606,0.000135621958179,0.000239213433815,0.000212479499169,0.000148886931129,0.000116119743325,0.000141455660923,0.000116237897601,0.000113980633614,0.000170233368408,0.000189387617866,0.000189305370441,0.0000827879484859,0.0000473440231872,0.0000218526965909,0.0000206883760256,0.0000225330823014,0.0000216331172851,0.0000116718319987,0.00000659973466099,0.00000640010057396,0.00000704348803993,0.00000529022508999,0.00000283958729597,0.00000242068040279,0.00000141544455801,0.00000100052886864,5.90294689573e-7,4.13094426222e-7,3.9457472667e-7,3.37441548481e-7,2.5139448212e-7,1.30702943579e-7,7.25929112377e-8,3.8252647272e-8],"dvar":[5.06517388033e-8,6.03134367338e-7,2.32413739809e-7,2.54029856706e-7,1.13367271126e-7,4.12624174828e-8,3.99710948784e-8,1.34448256972e-7,1.01256766527e-7,8.04867426041e-8,2.02831831331e-8,3.14482377917e-8,2.60313832712e-8,3.1048045912e-8,8.61055724499e-8,1.03489071535e-7,1.46687838765e-7,2.07032098132e-8,9.37658573008e-9,2.7379303269e-9,1.06274655742e-9,1.0243842441e-9,8.56102300162e-10,2.7749180731e-10,1.49657800042e-10,1.03420098874e-10,8.80407829973e-11,5.85019255261e-11,1.83923258568e-11,2.3323698875e-11,1.46884709257e-11,6.8821376549e-12,1.6191540296e-12,7.50630677407e-13,7.28044306699e-13,1.25494102957e-12,6.65076392396e-13,1.35042842252e-13,3.5816462914e-14,7.24360553635e-15],"dvar2":[1.38843006425e-7,0.00000155324744355,5.95385927227e-7,6.71639611483e-7,2.78019371081e-7,9.63798925113e-8,8.43949834461e-8,2.6547755283e-7,2.09033885312e-7,1.67740651591e-7,4.12092262536e-8,6.64695178898e-8,5.51836727425e-8,6.30908232324e-8,1.97341066155e-7,2.228693603e-7,2.90128866709e-7,4.48207941872e-8,1.88729796236e-8,5.55961454651e-9,2.32680119616e-9,2.23671059452e-9,2.0431358827e-9,6.34176822167e-10,3.26436211395e-10,1.97694166593e-10,2.04210190424e-10,1.53013143822e-10,4.19128481921e-11,4.52323213607e-11,3.33797052499e-11,1.59419300677e-11,3.6044240509e-12,1.71810048827e-12,1.61489604241e-12,2.89672647848e-12,1.52390578455e-12,3.03838416016e-13,8.22889933277e-14,1.58795892424e-14],"max":[0.00458491360769,0.0178715959191,0.0120070809498,0.00829431973398,0.00714872125536,0.00442102411762,0.00545586738735,0.00822915229946,0.00740097928792,0.0126084769145,0.0038906855043,0.0038167766761,0.00445282878354,0.00476091168821,0.00786609668285,0.0105231683701,0.00862228684127,0.00477391667664,0.00228433916345,0.00297572091222,0.00122436962556,0.00100251089316,0.000483728304971,0.000432808184996,0.000553076970391,0.000380127050448,0.00020690751262,0.000164243989275,0.000102240075648,0.000166120793438,0.000144239253132,0.000107532192487,0.0000464565055154,0.0000316688601742,0.0000305154189846,0.0000402548757847,0.0000303917950077,0.0000114108697744,0.00000750093340685,0.00000277151116279],"mean":[0.000288067967631,0.000896157580428,0.000563862849958,0.000525329494849,0.000320893770549,0.000191519851796,0.000169759237906,0.000299070059555,0.000265175011009,0.000185231227078,0.000131897148094,0.000149669809616,0.000124904283439,0.000127327686641,0.000180218936293,0.000197699060664,0.000215823980398,0.0000869660143508,0.0000544055801583,0.0000234011877183,0.0000220054844249,0.0000228503322433,0.0000216585031012,0.0000131401902763,0.00000695858034305,0.00000703104342392,0.00000710457879904,0.0000050416342674,0.00000287612488137,0.00000243772660724,0.00000136879884849,9.79890728559e-7,6.02053376042e-7,4.53085448271e-7,3.80707405156e-7,3.00222495753e-7,2.16623760707e-7,1.1454672233e-7,6.29060750157e-8,3.16023403002e-8],"median":[0.000137549970532,0.000564028974622,0.000357127049938,0.000314875505865,0.000157841961482,0.0000738473754609,0.0000565516893403,0.0000733080669306,0.0000647612323519,0.0000441198862973,0.0000539652137377,0.0000609594717389,0.000043405310862,0.0000429317187809,0.0000511129728693,0.0000531720252184,0.0000384424056392,0.0000233667415159,0.0000109926786536,0.00000622927836957,0.00000656412612443,0.00000712371274858,0.00000680310313328,0.00000364982111023,0.00000205604783332,0.00000219497633225,0.00000235552306549,0.00000130062687731,7.6647734204e-7,5.5800330756e-7,3.07269374389e-7,2.28260219615e-7,1.37448822102e-7,1.00232398381e-7,9.42280848903e-8,4.83393343131e-8,4.06975146916e-8,2.42370248316e-8,1.81848847092e-8,8.93419827008e-9],"min":[1.18502113258e-24,6.71249139824e-25,1.44743788207e-24,1.05382074505e-24,1.83824509654e-24,1.8701265156e-24,1.25128682913e-24,1.01954049859e-24,5.78349428358e-25,1.49830225273e-24,2.26012711979e-24,1.53808135274e-24,2.41674638063e-24,2.34202468682e-24,2.29941732326e-24,2.64876772779e-24,3.41373916379e-24,2.71685155151e-24,3.96492258915e-24,3.52723770982e-24,3.78035950848e-24,4.16645643449e-24,4.09384336588e-24,4.52924212631e-24,4.30714228275e-24,3.5067300873e-24,5.26929502404e-24,4.36999556424e-24,4.01857617476e-24,3.60263703514e-24,5.15583079346e-24,3.05093473651e-24,4.74675632143e-24,5.59710459548e-24,4.7129646757e-24,5.01335659752e-24,5.63647112123e-24,6.07086842275e-24,5.53778146655e-24,6.11652177548e-24],"var":[1.27693681407e-7,0.00000152426332534,5.52335563953e-7,4.20790854605e-7,2.35660436942e-7,1.27214875079e-7,1.51701854634e-7,4.55258145848e-7,2.94234496323e-7,2.76820912859e-7,5.44154694637e-8,7.00843756363e-8,7.06162808228e-8,8.27822717042e-8,1.96715262746e-7,2.40136358798e-7,4.6288104727e-7,4.90328453395e-8,2.60724188905e-8,5.13124831514e-9,3.01403257907e-9,2.49506038053e-9,1.71378966574e-9,7.19228676616e-10,3.1994543126e-10,2.50191228846e-10,1.7158142962e-10,9.49612610768e-11,3.17589149423e-11,4.31463129114e-11,1.84083876614e-11,8.63069164747e-12,2.58462001801e-12,1.46819687484e-12,1.24549047291e-12,1.64591495815e-12,8.06953299754e-13,1.72722892846e-13,4.32615979173e-14,9.30817634748e-15]},"melbands_crest":{"dmean":3.06325411797,"dmean2":4.96463298798,"dvar":7.90744590759,"dvar2":19.5665893555,"max":31.7338256836,"mean":11.8842420578,"median":11.0126819611,"min":1.58006560802,"var":25.8092136383},"melbands_flatness_db":{"dmean":0.0240200087428,"dmean2":0.0340850763023,"dvar":0.00051896990044,"dvar2":0.00100929196924,"max":0.500217497349,"mean":0.204081341624,"median":0.202091485262,"min":0.00310859433375,"var":0.00423962622881},"melbands_kurtosis":{"dmean":2.70743775368,"dmean2":4.25464582443,"dvar":25.2789077759,"dvar2":59.4837150574,"max":137.922729492,"mean":3.6393930912,"median":1.26302671432,"min":-1.73307967186,"var":53.2468643188},"melbands_skewness":{"dmean":0.544894099236,"dmean2":0.841028690338,"dvar":0.313968211412,"dvar2":0.719490706921,"max":10.3791074753,"mean":1.38136005402,"median":1.19570684433,"min":-1.78350698948,"var":1.41474533081},"melbands_spread":{"dmean":6.53791284561,"dmean2":10.1638622284,"dvar":50.6818237305,"dvar2":121.871551514,"max":176.083618164,"mean":29.6488933563,"median":25.9998455048,"min":1.2977925539,"var":497.571777344},"mfcc":{"cov":[[15963.8173828,2111.69287109,-1394.95898438,416.803405762,-382.865447998,210.775497437,-238.736984253,55.8746795654,-248.524642944,-44.8579521179,-200.956237793,-38.6134529114,-231.526245117],[2111.69287109,1796.17346191,-179.404983521,42.263874054,67.2158584595,72.3348388672,82.842010498,-20.7351207733,-14.5839805603,-20.4163284302,-31.8098526001,9.83397197723,21.4223747253],[-1394.95898438,-179.404983521,548.275756836,-62.0604820251,47.2594833374,27.3409614563,19.6749305725,48.6456565857,16.3403186798,2.38266158104,11.7710666656,-1.30886733532,18.5362682343],[416.803405762,42.263874054,-62.0604820251,214.218215942,30.2553882599,4.48651885986,-5.59168148041,-7.10663223267,12.8807439804,4.20823669434,8.91529083252,19.284954071,5.15896081924],[-382.865447998,67.2158584595,47.2594833374,30.2553882599,249.483062744,96.7073516846,30.5810451508,-20.7186470032,53.0417137146,8.72623157501,-2.95315146446,15.0661287308,-8.28094100952],[210.775497437,72.3348388672,27.3409614563,4.48651885986,96.7073516846,205.066101074,78.1763000488,-12.7948150635,33.5554962158,9.04522418976,3.50733852386,14.7226867676,-8.71492862701],[-238.736984253,82.842010498,19.6749305725,-5.59168148041,30.5810451508,78.1763000488,133.845748901,12.0967597961,13.2346153259,13.2227897644,11.4240865707,13.0576496124,6.76541805267],[55.8746795654,-20.7351207733,48.6456565857,-7.10663223267,-20.7186470032,-12.7948150635,12.0967597961,135.69140625,32.737487793,11.2097053528,3.878865242,-9.31183338165,-0.829925596714],[-248.524642944,-14.5839805603,16.3403186798,12.8807439804,53.0417137146,33.5554962158,13.2346153259,32.737487793,104.143516541,26.7371044159,0.452962458134,3.40779733658,4.24893379211],[-44.8579521179,-20.4163284302,2.38266158104,4.20823669434,8.72623157501,9.04522418976,13.2227897644,11.2097053528,26.7371044159,98.2936325073,47.8315238953,12.4409675598,-3.0920548439],[-200.956237793,-31.8098526001,11.7710666656,8.91529083252,-2.95315146446,3.50733852386,11.4240865707,3.878865242,0.452962458134,47.8315238953,91.9909820557,31.7692222595,0.251135021448],[-38.6134529114,9.83397197723,-1.30886733532,19.284954071,15.0661287308,14.7226867676,13.0576496124,-9.31183338165,3.40779733658,12.4409675598,31.7692222595,75.4292449951,27.2558574677],[-231.526245117,21.4223747253,18.5362682343,5.15896081924,-8.28094100952,-8.71492862701,6.76541805267,-0.829925596714,4.24893379211,-3.0920548439,0.251135021448,27.2558574677,83.4292602539]],"icov":[[0.000162445285241,-0.000168932994711,0.000304925750243,-0.000257767911535,0.000334097159794,-0.000585024012253,0.000582922133617,-0.000392651185393,0.000480810675072,-0.00029443152016,0.000497831730172,-0.000256603059825,0.000410181237385],[-0.000168932994711,0.000791471451521,-0.0000875008336152,0.000209652425838,-0.000540286826435,0.000528137781657,-0.000962720019743,0.000344110565493,-0.000251660705544,0.000330091424985,-0.000305767724058,0.000290265976219,-0.000651385227684],[0.000304925750243,-0.0000875008336152,0.00271530053578,0.000142237724504,-0.0000134895344672,-0.00129464932252,0.000997860566713,-0.00159273284953,0.00115082866978,-0.000306463101879,0.000465917226393,-0.000131542954477,-0.00000514097928317],[-0.000257767911535,0.000209652425838,0.000142237724504,0.00551140960306,-0.00121028115973,0.00105737277772,-0.000511577178258,0.000566822709516,-0.00124397780746,0.000683478894643,-0.00121342472266,-0.000625752727501,-0.000807364005595],[0.000334097159794,-0.000540286826435,-0.0000134895344672,-0.00121028115973,0.00648358743638,-0.00320536852814,0.00134594808333,0.000597766134888,-0.0016610865714,-0.000505677307956,0.0015715038171,-0.00146377645433,0.00188857316971],[-0.000585024012253,0.000528137781657,-0.00129464932252,0.00105737277772,-0.00320536852814,0.00992071069777,-0.00611135503277,0.00253037060611,-0.00316827022471,0.00134563702159,-0.00155174056999,0.0000197815552383,-0.0000885248009581],[0.000582922133617,-0.000962720019743,0.000997860566713,-0.000511577178258,0.00134594808333,-0.00611135503277,0.012431149371,-0.00276591652073,0.00222700601444,-0.00181500590406,0.00113616045564,-0.00142776966095,0.000416779977968],[-0.000392651185393,0.000344110565493,-0.00159273284953,0.000566822709516,0.000597766134888,0.00253037060611,-0.00276591652073,0.0100285392255,-0.00485502043739,0.000769540551119,-0.00169580907095,0.0016630346654,-0.000473904045066],[0.000480810675072,-0.000251660705544,0.00115082866978,-0.00124397780746,-0.0016610865714,-0.00316827022471,0.00222700601444,-0.00485502043739,0.0150772221386,-0.00491535523906,0.00367602659389,-0.000757627072744,-0.000218143948587],[-0.00029443152016,0.000330091424985,-0.000306463101879,0.000683478894643,-0.000505677307956,0.00134563702159,-0.00181500590406,0.000769540551119,-0.00491535523906,0.0157286897302,-0.00906895846128,0.00140394747723,-0.000228900680668],[0.000497831730172,-0.000305767724058,0.000465917226393,-0.00121342472266,0.0015715038171,-0.00155174056999,0.00113616045564,-0.00169580907095,0.00367602659389,-0.00906895846128,0.0193340461701,-0.0078042363748,0.00328453141265],[-0.000256603059825,0.000290265976219,-0.000131542954477,-0.000625752727501,-0.00146377645433,0.0000197815552383,-0.00142776966095,0.0016630346654,-0.000757627072744,0.00140394747723,-0.0078042363748,0.0196144580841,-0.00702343694866],[0.000410181237385,-0.000651385227684,-0.00000514097928317,-0.000807364005595,0.00188857316971,-0.0000885248009581,0.000416779977968,-0.000473904045066,-0.000218143948587,-0.000228900680668,0.00328453141265,-0.00702343694866,0.0157697796822]],"mean":[-697.5234375,150.55027771,-30.3850021362,16.5845565796,-2.55472350121,12.6935129166,5.19276714325,0.651918888092,-6.60374116898,2.12638139725,-1.1523758173,2.27557730675,-7.17041158676]},"pitch_salience":{"dmean":0.0692423507571,"dmean2":0.110089018941,"dvar":0.00380468042567,"dvar2":0.0094513297081,"max":0.865844905376,"mean":0.572587251663,"median":0.575010001659,"min":0.10265185684,"var":0.0115604279563},"silence_rate_20dB":{"dmean":0,"dmean2":0,"dvar":0,"dvar2":0,"max":1,"mean":1,"median":1,"min":1,"var":0},"silence_rate_30dB":{"dmean":0,"dmean2":0,"dvar":0,"dvar2":0,"max":1,"mean":1,"median":1,"min":1,"var":0},"silence_rate_60dB":{"dmean":0.0314704291523,"dmean2":0.0629522427917,"dvar":0.0304813459516,"dvar2":0.0655042007565,"max":1,"mean":0.161663651466,"median":0,"min":0,"var":0.13552492857},"spectral_centroid":{"dmean":216.338607788,"dmean2":322.370849609,"dvar":76996.9453125,"dvar2":153366.421875,"max":11822.9414062,"mean":1519.79638672,"median":1211.65527344,"min":201.459762573,"var":3035454.75},"spectral_complexity":{"dmean":3.8122625351,"dmean2":5.43342971802,"dvar":17.4733428955,"dvar2":31.4670295715,"max":53,"mean":17.2171783447,"median":17,"min":0,"var":102.75994873},"spectral_contrast_coeffs":{"dmean":[0.0514907389879,0.0466198585927,0.0397925749421,0.0331398583949,0.0229901000857,0.021575178951],"dmean2":[0.0856629759073,0.0757285356522,0.0636771321297,0.0529038570821,0.0361774638295,0.0338567905128],"dvar":[0.00186616904102,0.00152444106061,0.0011381051736,0.000796409032773,0.000425783277024,0.000441929383669],"dvar2":[0.00499794678763,0.00373134738766,0.00276218960062,0.00195693434216,0.000983845442533,0.00102416635491],"max":[-0.35212624073,-0.418051838875,-0.522119045258,-0.490593343973,-0.618748784065,-0.57589584589],"mean":[-0.639268100262,-0.741232454777,-0.772800683975,-0.758755326271,-0.79712843895,-0.749180436134],"median":[-0.633373975754,-0.746312856674,-0.772028923035,-0.76383638382,-0.79838258028,-0.744748950005],"min":[-0.981342077255,-0.979561805725,-0.981092810631,-0.973868846893,-0.97070646286,-0.966040074825],"var":[0.010324687697,0.00775923021138,0.00518467184156,0.00512189418077,0.00315046287142,0.00362461362965]},"spectral_contrast_valleys":{"dmean":[0.440717637539,0.387145698071,0.365664929152,0.35095885396,0.331331968307,0.337650954723],"dmean2":[0.714491665363,0.613036572933,0.556410610676,0.510907828808,0.444405704737,0.454429745674],"dvar":[0.174177914858,0.15492990613,0.140658155084,0.144724234939,0.152693718672,0.177575141191],"dvar2":[0.363698869944,0.288033276796,0.247898697853,0.236053019762,0.224470451474,0.303821265697],"max":[-5.93448925018,-5.1113319397,-5.15276908875,-5.47362327576,-5.88516426086,-8.37093353271],"mean":[-8.28328323364,-7.60406017303,-7.84897089005,-8.21396446228,-8.50878810883,-11.8218736649],"median":[-7.48923110962,-6.80232715607,-7.08281230927,-7.4703578949,-7.80380535126,-11.3439292908],"min":[-28.2995834351,-28.1077785492,-27.927734375,-27.7757053375,-27.6005897522,-27.4254779816],"var":[12.3281507492,13.1694469452,12.8127441406,12.4436254501,12.0748205185,8.30599594116]},"spectral_decrease":{"dmean":1.37080613527e-9,"dmean2":2.03227257245e-9,"dvar":2.81118696024e-18,"dvar2":6.09020618184e-18,"max":1.65916192481e-28,"mean":-5.07324715571e-9,"median":-4.26458690583e-9,"min":-2.3127986637e-8,"var":1.73102846018e-17},"spectral_energy":{"dmean":0.00562587380409,"dmean2":0.00829957891256,"dvar":0.0000488102850795,"dvar2":0.000104372338683,"max":0.097587198019,"mean":0.020845009014,"median":0.0173997543752,"min":9.85582307124e-21,"var":0.000302108383039},"spectral_energyband_high":{"dmean":0.000141431068187,"dmean2":0.000205002739676,"dvar":1.24726270201e-7,"dvar2":2.62971525444e-7,"max":0.0107617760077,"mean":0.00024742106325,"median":0.0000730403262423,"min":7.06367329798e-21,"var":2.31339342349e-7},"spectral_energyband_low":{"dmean":0.00174305378459,"dmean2":0.00278609455563,"dvar":0.0000070276137194,"dvar2":0.0000184165000974,"max":0.0544755980372,"mean":0.00369509658776,"median":0.00270484294742,"min":1.4335314476e-23,"var":0.0000186827073776},"spectral_energyband_middle_high":{"dmean":0.00329654524103,"dmean2":0.00480323983356,"dvar":0.000027940275686,"dvar2":0.0000587444737903,"max":0.0809366777539,"mean":0.00899064727128,"median":0.00492173712701,"min":1.19242861379e-21,"var":0.000129957217723},"spectral_energyband_middle_low":{"dmean":0.00305199972354,"dmean2":0.00475132558495,"dvar":0.0000145818221426,"dvar2":0.0000338437748724,"max":0.0687741190195,"mean":0.00844188127667,"median":0.00678607262671,"min":1.2963717287e-22,"var":0.0000614740711171},"spectral_entropy":{"dmean":0.15200035274,"dmean2":0.213361158967,"dvar":0.020556088537,"dvar2":0.0384870916605,"max":9.82499217987,"mean":7.43107748032,"median":7.36962127686,"min":5.59686374664,"var":0.288876146078},"spectral_flux":{"dmean":0.020695079118,"dmean2":0.0318656750023,"dvar":0.000535607396159,"dvar2":0.00122369173914,"max":0.281176060438,"mean":0.0701952651143,"median":0.066697716713,"min":6.21726489736e-11,"var":0.00187472917605},"spectral_kurtosis":{"dmean":2.84142136574,"dmean2":4.93513345718,"dvar":8.74889373779,"dvar2":25.1383476257,"max":69.2687683105,"mean":6.63879919052,"median":5.72399330139,"min":-1.25384938717,"var":25.7023048401},"spectral_rms":{"dmean":0.000597931386437,"dmean2":0.000862052722368,"dvar":4.23828623752e-7,"dvar2":8.33791489185e-7,"max":0.00975740887225,"mean":0.00399918761104,"median":0.00412011751905,"min":3.10087697707e-12,"var":0.00000434306548414},"spectral_rolloff":{"dmean":300.036621094,"dmean2":490.854095459,"dvar":274003.875,"dvar2":590119.625,"max":19702.8808594,"mean":1955.1270752,"median":1399.65820312,"min":43.06640625,"var":9659575},"spectral_skewness":{"dmean":0.309823781252,"dmean2":0.510675191879,"dvar":0.0846254527569,"dvar2":0.218855381012,"max":6.85121870041,"mean":1.6651160717,"median":1.62181866169,"min":-0.089794896543,"var":0.421965360641},"spectral_spread":{"dmean":342733.0625,"dmean2":526473.0625,"dvar":403949715456,"dvar2":606228381696,"max":42446056,"mean":4119992.25,"median":2822430.5,"min":1103841.125,"var":42019426664400},"spectral_strongpeak":{"dmean":0.796612858772,"dmean2":1.31053507328,"dvar":1.76305627823,"dvar2":3.97514986992,"max":16.2442207336,"mean":1.50589358807,"median":0.504126608372,"min":0,"var":5.12878322601},"zerocrossingrate":{"dmean":0.00672192592174,"dmean2":0.00794578809291,"dvar":0.000066076980147,"dvar2":0.0000941612379393,"max":0.5244140625,"mean":0.0640379562974,"median":0.048828125,"min":0.00732421875,"var":0.00651544518769}},"metadata":{"audio_properties":{"analysis_sample_rate":44100,"bit_rate":0,"codec":"flac","downmix":"mix","equal_loudness":0,"length":128.373306274,"lossless":true,"md5_encoded":"702fa0358d16d9417861cb90df80b921","replay_gain":-9.90971755981,"sample_rate":192000},"tags":{"album":["Complete Studio Albums Collection"],"albumartist":["Grateful Dead"],"albumartistsort":["Grateful Dead"],"artist":["Grateful Dead"],"artistsort":["Grateful Dead"],"asin":["B000002KAG"],"barcode":["603497909360"],"catalognumber":["1689-2"],"date":["2013"],"discnumber":["1"],"discsubtitle":["The Grateful Dead"],"disctotal":["13"],"file_name":"05. Grateful Dead - Sitting on Top of the World.flac","genre":["Folk rock"],"label":["Grateful Dead Records","Rhino"],"media":["Digital Media"],"musicbrainz_albumartistid":["6faa7ca7-0d99-4a5e-bfa6-1fd5037520c6"],"musicbrainz_albumid":["362d6a04-8c98-4299-8a07-a74d2d26f2e2"],"musicbrainz_artistid":["6faa7ca7-0d99-4a5e-bfa6-1fd5037520c6"],"musicbrainz_recordingid":["ff0633ea-7412-4ee9-aa0a-f68abf92215b"],"musicbrainz_releasegroupid":["f1beaef3-a5cb-427d-931a-8a5df464e554"],"musicbrainz_releasetrackid":["dc0f9459-4ada-4aa8-9d1e-a4e54e70fd5a"],"originaldate":["2013"],"originalyear":["2013"],"releasecountry":["US"],"releasestatus":["official"],"releasetype":["album","compilation"],"script":["Latn"],"title":["Sitting on Top of the World"],"totaldiscs":["13"],"totaltracks":["9"],"tracknumber":["5"],"tracktotal":["9"]},"version":{"essentia":"2.1-beta2","essentia_build_sha":"70f2e5ece6736b2c40cc944ad0e695b16b925413","essentia_git_sha":"v2.1_beta2","extractor":"music 1.0"}},"rhythm":{"beats_count":273,"beats_loudness":{"dmean":0.0136729190126,"dmean2":0.0229572430253,"dvar":0.000152851338498,"dvar2":0.000425901875133,"max":0.0851078107953,"mean":0.0256729908288,"median":0.0238238461316,"min":0,"var":0.000325894536218},"beats_loudness_band_ratio":{"dmean":[0.156047835946,0.109603382647,0.116551928222,0.159261