{"lowlevel":{"average_loudness":0.926753997803,"barkbands":{"dmean":[0.0124121485278,0.0209839679301,0.00323478481732,0.00200213235803,0.00205697095953,0.00165915500838,0.00127748958766,0.000585286237765,0.000718890689313,0.000531706085894,0.000451235508081,0.000572767807171,0.000334090756951,0.000375467236154,0.000335337477736,0.000301495194435,0.000185557029909,0.000173774169525,0.000131469161715,0.000189000405953,0.000187379235285,0.0000834248057799,0.0000313041091431,0.000012407082977,0.00000359531895811,0.0000205515825655,0.000354651885573],"dmean2":[0.0199202727526,0.0334961526096,0.00555630028248,0.00341791985556,0.00349521497265,0.00262263184413,0.00202168128453,0.000975835428108,0.00115742383059,0.000861174776219,0.000733540975489,0.000953647249844,0.000548918324057,0.000629084359389,0.000565313559491,0.000511410995387,0.000314396515023,0.000296289479593,0.000219740119064,0.000278848339804,0.000263835507212,0.000121027951536,0.0000464339864266,0.0000198865418497,0.00000602718046139,0.0000301587533613,0.000532955280505],"dvar":[0.000301832711557,0.00127179850824,0.0000383179249184,0.0000136350345201,0.0000209088593692,0.00000865809943207,0.00000948567776504,0.00000195877601072,0.00000202551473194,0.00000150059338466,7.61743592648e-7,0.00000124373445942,3.5993573988e-7,2.92590016215e-7,3.12733220653e-7,2.41825887315e-7,9.45304066136e-8,1.11010557191e-7,6.86834766839e-8,3.7599670577e-7,3.79405321382e-7,7.60475415973e-8,7.14641323896e-9,5.77789649459e-10,3.17990252185e-11,1.57051083249e-9,3.05573109927e-7],"dvar2":[0.00071062130155,0.00283520086668,0.000100612305687,0.0000368035362044,0.0000562897075724,0.0000197011722776,0.0000212933136936,0.0000052334303291,0.00000496208758705,0.00000362898163075,0.00000198076736524,0.0000032422831282,8.74546969953e-7,7.75086562044e-7,8.35345929318e-7,6.40882944936e-7,2.6071774073e-7,2.99488533528e-7,1.74489315441e-7,7.50723984311e-7,7.17907767012e-7,1.39499263696e-7,1.43753062787e-8,1.46753698083e-9,8.1582816891e-11,3.20574722323e-9,6.46283865535e-7],"max":[0.183439731598,0.416193991899,0.0827780738473,0.102853015065,0.0747368484735,0.0626778006554,0.0667065009475,0.0267464742064,0.0378856360912,0.0273402184248,0.0176170952618,0.0193420145661,0.0144430557266,0.00973245035857,0.0148409772664,0.011675009504,0.00528853666037,0.00509923137724,0.00460918853059,0.0221711564809,0.0148123968393,0.00813015643507,0.0021013005171,0.000343049410731,0.0000684185433784,0.00109034939669,0.0130365602672],"mean":[0.0171672105789,0.0267036780715,0.00362391350791,0.00262782396749,0.00233509973623,0.00251612369902,0.00188108801376,0.000750722596422,0.00111015711445,0.000727229577024,0.000654712086543,0.000916745862924,0.000551275035832,0.000604792381637,0.000613865966443,0.000500335067045,0.000339452089975,0.000301218649838,0.000220256464672,0.000343281513778,0.000343252526363,0.00015259522479,0.0000577162099944,0.0000180175247806,0.00000364347283721,0.0000422589328082,0.00125930458307],"median":[0.00855353474617,0.011818440631,0.00168515078258,0.00102778186556,0.00100521324202,0.00128251407295,0.000633661984466,0.00030240448541,0.000525210867636,0.000316536141327,0.000340672704624,0.000490730628371,0.00034357822733,0.000392650283175,0.000379328033887,0.000322652689647,0.000234672566876,0.000189567072084,0.000122982135508,0.000107585598016,0.0000960604666034,0.0000490387319587,0.0000215237996599,0.00000753822132538,0.00000160396325555,0.0000200875911105,0.000967855157796],"min":[4.65137165438e-14,1.63524013395e-14,1.87013948029e-14,1.99327943609e-14,2.25541970083e-14,3.27565123463e-14,6.56436388672e-15,1.6419181417e-14,5.88937603655e-15,5.65652964396e-15,4.93654443901e-15,9.46742870596e-15,1.53729381791e-14,2.46141612307e-15,4.45416468127e-15,5.05258710576e-15,1.41950711033e-14,3.74159609681e-15,3.98488106932e-14,4.3670514931e-14,2.51532854197e-14,3.95414122723e-14,4.81984481352e-14,2.87368517654e-13,1.36210256941e-13,4.19563879082e-13,2.74001280649e-13],"var":[0.000517264939845,0.00171312631574,0.0000382120633731,0.0000314800854539,0.0000186168163054,0.0000160092422448,0.0000181335144589,0.0000023987838631,0.00000353492805516,0.00000222806784222,0.00000110666405817,0.00000211486667467,5.81809388223e-7,4.91754292398e-7,7.02831016497e-7,4.20492256126e-7,1.46042467009e-7,1.53791091861e-7,1.04024394432e-7,9.77716695161e-7,0.00000100978809314,1.886583334e-7,1.75965997329e-8,8.00217114794e-10,3.28734400812e-11,4.09994083128e-9,0.00000159386809173]},"barkbands_crest":{"dmean":3.25883412361,"dmean2":5.34067821503,"dvar":7.32808923721,"dvar2":18.1722221375,"max":25.0952472687,"mean":11.6131734848,"median":11.3309612274,"min":2.20045185089,"var":19.8952007294},"barkbands_flatness_db":{"dmean":0.0336085706949,"dmean2":0.0529104284942,"dvar":0.00106448144652,"dvar2":0.00270655495115,"max":0.664507627487,"mean":0.155632421374,"median":0.143254548311,"min":0.0243067573756,"var":0.00491155125201},"barkbands_kurtosis":{"dmean":10.9183044434,"dmean2":17.4959125519,"dvar":515.022644043,"dvar2":1313.66259766,"max":538.968261719,"mean":16.8581848145,"median":6.21476078033,"min":-1.97144317627,"var":1149.06164551},"barkbands_skewness":{"dmean":1.00686132908,"dmean2":1.53833472729,"dvar":1.23632395267,"dvar2":2.80889296532,"max":17.2375106812,"mean":2.81288456917,"median":2.34769392014,"min":-7.12555265427,"var":4.66949892044},"barkbands_spread":{"dmean":8.93650245667,"dmean2":13.7681465149,"dvar":91.6434631348,"dvar2":189.435089111,"max":140.56401062,"mean":27.680803299,"median":23.9500770569,"min":0.207350715995,"var":417.07901001},"dissonance":{"dmean":0.0166049916297,"dmean2":0.0277590472251,"dvar":0.000351128575858,"dvar2":0.000926084001549,"max":0.500000059605,"mean":0.473493337631,"median":0.480400085449,"min":0.227181524038,"var":0.000663757906295},"dynamic_complexity":3.44105386734,"erbbands":{"dmean":[1.21556842327,2.73125386238,3.78226900101,5.03894519806,7.15917921066,6.76817274094,9.00750350952,14.9784078598,20.1421165466,12.9725561142,15.5797796249,14.9552135468,15.0137815475,15.9702997208,19.1325244904,20.2714920044,14.1415977478,16.5182800293,16.389081955,17.4906692505,15.0842123032,10.1413955688,9.07375049591,8.13264465332,6.26562166214,9.03974342346,8.47626399994,6.81715536118,3.36677837372,1.62111794949,0.800031363964,0.359429508448,0.159028619528,0.0459243506193,0.0251934137195,0.0340187959373,0.045059941709,0.0478185229003,0.0304427742958,0.00730411149561],"dmean2":[1.93355453014,4.54946374893,6.52114486694,8.54069709778,12.2312002182,11.662938118,14.631811142,23.7708129883,31.5238342285,21.0466346741,25.42278862,24.2747650146,24.1331672668,25.7410678864,31.361831665,33.6455001831,23.1807785034,27.7424163818,27.629486084,29.3942089081,25.5054969788,17.1307373047,15.3563318253,13.8505601883,9.93604946136,13.338558197,12.2039413452,9.69914531708,4.83342456818,2.42550492287,1.18790912628,0.559704124928,0.261293292046,0.0764911025763,0.042064782232,0.0548605173826,0.0663617104292,0.0651244595647,0.0406858660281,0.011075951159],"dvar":[4.28756046295,22.3474960327,52.864238739,79.7565307617,208.125411987,301.874267578,177.602523804,932.124206543,2555.90673828,885.834289551,1382.16711426,947.916931152,1225.84338379,1085.09130859,1442.17102051,1480.58154297,677.751647949,586.498962402,601.209411621,854.347167969,655.459106445,300.591644287,296.246490479,257.80645752,201.553573608,930.495422363,791.622131348,559.495422363,123.360656738,24.0733261108,4.73918390274,0.539890646935,0.0944754034281,0.00473023299128,0.00155259668827,0.00365415541455,0.00706890318543,0.0132082747295,0.00552265858278,0.000129664505948],"dvar2":[9.2865152359,55.6764717102,140.755981445,210.915802002,545.427124023,827.159179688,429.492614746,2064.65551758,5750.6484375,1993.67041016,3630.17333984,2348.78466797,2987.06445312,2698.08227539,3856.80273438,3815.00634766,1640.69555664,1542.70214844,1606.69665527,2223.48022461,1692.54394531,829.863647461,796.003723145,698.282043457,468.989074707,1885.73779297,1508.57751465,1120.57287598,218.188201904,47.4585533142,9.73791885376,1.30749225616,0.240386351943,0.0119077339768,0.0039900643751,0.00846964865923,0.0149221373722,0.0221566166729,0.00979393348098,0.000267025548965],"max":[24.6251888275,47.208442688,102.565185547,225.919433594,229.212783813,397.892059326,266.738494873,743.194091797,1197.31677246,1108.69396973,862.437805176,983.803222656,980.033081055,886.268615723,814.986083984,792.041442871,581.786987305,483.119628906,474.399688721,866.026428223,812.753479004,290.997924805,260.148284912,248.756698608,378.551116943,1097.71020508,868.074035645,696.907043457,327.700714111,118.811965942,56.8170814514,16.0499820709,4.6344127655,0.794833481312,0.480428218842,1.12369191647,2.16918063164,2.89418745041,2.01357221603,0.293878555298],"mean":[1.52848923206,3.15596842766,4.32101869583,6.9428563118,8.73033809662,7.04893922806,13.1751708984,21.8766498566,29.026556015,18.8808174133,22.1488494873,23.4075775146,21.3789463043,24.118391037,31.3607349396,33.9070281982,25.2057361603,28.5067424774,31.1633968353,32.6855239868,26.5242271423,19.3741474152,16.592880249,13.5408754349,11.2976264954,16.2169017792,15.5111970901,11.8193321228,6.1480255127,2.96815872192,1.47309947014,0.610301673412,0.189828768373,0.0502862744033,0.026341566816,0.0428803265095,0.0919613614678,0.116821110249,0.082863882184,0.0323390141129],"median":[0.596302986145,1.39971899986,2.17367100716,3.2216629982,3.23942279816,2.90824365616,6.87028598785,10.3876304626,9.56297492981,7.15372276306,9.2456407547,11.5690097809,10.0193586349,12.7727117538,17.9143714905,19.705450058,16.3707046509,19.8129920959,20.8570823669,21.0275764465,17.6887168884,13.998963356,10.871137619,8.10613822937,5.50467777252,4.9537153244,4.31462574005,3.22826194763,1.89944779873,1.06229412556,0.576676607132,0.262402653694,0.0760483667254,0.0239694043994,0.0120817841962,0.0187829323113,0.0431630685925,0.055672287941,0.0430839806795,0.0259254314005],"min":[1.94305270658e-12,5.93797623918e-12,1.96943780728e-11,4.88950546718e-11,7.9605842751e-11,6.55577397923e-11,1.37260619537e-10,2.9936172985e-10,1.49531345639e-10,1.61444649316e-10,3.71307568026e-10,1.35068747853e-10,1.33521443901e-10,2.09670739104e-10,2.45575532132e-10,3.84055121039e-10,6.62524424211e-10,2.96973307057e-10,1.87442311672e-10,2.35823388595e-10,3.93693910805e-10,8.43927649985e-10,2.03715946889e-10,9.52160239542e-10,2.50313925143e-9,1.95123162072e-9,1.05615882706e-9,1.10484632554e-9,1.28001353961e-9,1.53031665118e-9,1.61897717454e-9,5.9408269415e-9,3.88238952098e-9,2.12232942332e-9,9.09267328097e-10,1.56144508434e-9,7.6399875315e-10,1.95113245005e-10,4.26828919431e-11,3.67758297773e-12],"var":[6.11107110977,23.9126548767,49.550113678,161.313827515,252.713012695,231.194717407,352.772735596,1608.94799805,4818.89208984,1858.22644043,1886.77770996,1601.99414062,1750.02294922,1601.1472168,2119.9140625,2387.34594727,1120.95800781,985.105224609,1219.00415039,2026.15991211,1237.82263184,460.813323975,432.647796631,339.023223877,391.978179932,2334.53881836,2085.17700195,1300.31213379,318.486206055,56.401008606,11.0536336899,0.972241818905,0.105981171131,0.00531236734241,0.00162049627397,0.00493655074388,0.0179587621242,0.0486398302019,0.0218528397381,0.000825148774311]},"erbbands_crest":{"dmean":2.63106751442,"dmean2":4.26869440079,"dvar":6.8044462204,"dvar2":17.1205005646,"max":28.4696502686,"mean":7.78195476532,"median":6.69939422607,"min":2.06426501274,"var":15.1698894501},"erbbands_flatness_db":{"dmean":0.0210078638047,"dmean2":0.0321723036468,"dvar":0.000423785677413,"dvar2":0.00099364516791,"max":0.311303317547,"mean":0.127341136336,"median":0.121079921722,"min":0.050365395844,"var":0.00148357427679},"erbbands_kurtosis":{"dmean":1.19109594822,"dmean2":1.91112148762,"dvar":8.04922866821,"dvar2":21.3997097015,"max":124.33846283,"mean":0.826622903347,"median":0.0183130502701,"min":-1.64724814892,"var":10.3437280655},"erbbands_skewness":{"dmean":0.402769237757,"dmean2":0.610768377781,"dvar":0.186497211456,"dvar2":0.426812499762,"max":9.62703990936,"mean":-0.0968211218715,"median":-0.09519995749,"min":-4.93537187576,"var":0.799144685268},"erbbands_spread":{"dmean":7.93788385391,"dmean2":12.2277545929,"dvar":59.0433807373,"dvar2":130.186462402,"max":143.808746338,"mean":33.7696800232,"median":32.2004852295,"min":3.11179971695,"var":200.127410889},"gfcc":{"cov":[[15169.4033203,388.184936523,-1122.63220215,108.478675842,267.078430176,-1022.11444092,680.684448242,-954.088439941,242.745513916,-343.323760986,-124.516723633,10.3398399353,-254.589065552],[388.184936523,1234.19360352,54.2005004883,-363.973602295,157.368225098,21.0598430634,-73.5358810425,12.3393297195,74.4541015625,-31.1340713501,80.5599060059,-60.4431190491,121.197753906],[-1122.63220215,54.2005004883,395.922607422,123.443519592,-102.214118958,150.584564209,-77.5782775879,138.87600708,-50.1052246094,60.3156166077,4.11100912094,2.15775442123,24.6582107544],[108.478675842,-363.973602295,123.443519592,431.115631104,-9.15585708618,-26.0348052979,106.480026245,-33.8832397461,-29.7127552032,27.346529007,-45.7362251282,34.830242157,-63.6628608704],[267.078430176,157.368225098,-102.214118958,-9.15585708618,230.099746704,17.8256969452,27.0495052338,-49.6143035889,24.4518623352,-30.7508468628,37.384311676,-7.08770275116,16.7535476685],[-1022.11444092,21.0598430634,150.584564209,-26.0348052979,17.8256969452,253.521942139,-82.5884628296,128.67918396,-54.2492141724,35.2614326477,22.3692455292,2.42812776566,37.2841758728],[680.684448242,-73.5358810425,-77.5782775879,106.480026245,27.0495052338,-82.5884628296,216.591049194,-70.6836624146,55.650642395,-11.1122169495,-9.10410881042,26.7424869537,-36.8605270386],[-954.088439941,12.3393297195,138.87600708,-33.8832397461,-49.6143035889,128.67918396,-70.6836624146,211.468017578,10.8369035721,48.4703102112,19.233745575,-7.3330488205,40.3988113403],[242.745513916,74.4541015625,-50.1052246094,-29.7127552032,24.4518623352,-54.2492141724,55.650642395,10.8369035721,112.744812012,24.0026931763,18.3652801514,11.2720851898,-3.17386603355],[-343.323760986,-31.1340713501,60.3156166077,27.346529007,-30.7508468628,35.2614326477,-11.1122169495,48.4703102112,24.0026931763,89.6734619141,38.6418914795,13.5316667557,20.0201454163],[-124.516723633,80.5599060059,4.11100912094,-45.7362251282,37.384311676,22.3692455292,-9.10410881042,19.233745575,18.3652801514,38.6418914795,83.5263442993,32.5668563843,29.062828064],[10.3398399353,-60.4431190491,2.15775442123,34.830242157,-7.08770275116,2.42812776566,26.7424869537,-7.3330488205,11.2720851898,13.5316667557,32.5668563843,68.493560791,12.1977777481],[-254.589065552,121.197753906,24.6582107544,-63.6628608704,16.7535476685,37.2841758728,-36.8605270386,40.3988113403,-3.17386603355,20.0201454163,29.062828064,12.1977777481,81.7235488892]],"icov":[[0.000120120668726,-0.000115078946692,0.000259433378233,-0.000181065872312,0.000167672027601,0.0000919416925171,-0.0000991813285509,0.000255924387602,-0.000118701420433,0.00023200114083,-0.000113917543786,0.0000638344790787,0.0000475148735859],[-0.000115078946692,0.0021275037434,-0.00227971724235,0.00182603206486,-0.00134497019462,0.000344468920957,-0.000219547233428,0.000919439597055,-0.00154779735021,0.00121165974997,-0.00110017193947,0.00198325747624,-0.00209996732883],[0.000259433378233,-0.00227971724235,0.00889849662781,-0.00613475451246,0.0061318394728,-0.00420787185431,0.0016843196936,-0.000785418145824,-0.000955326366238,0.00228074728511,-0.00396481109783,0.00260721496306,-0.00103918917011],[-0.000181065872312,0.00182603206486,-0.00613475451246,0.0101045286283,-0.00811802409589,0.00542236911133,-0.00339148566127,-0.00202726083808,0.00665125111118,-0.00943200010806,0.0104209324345,-0.00834756437689,0.00522213242948],[0.000167672027601,-0.00134497019462,0.0061318394728,-0.00811802409589,0.0151115218177,-0.00852971430868,0.00162492378149,0.00533439684659,-0.0092928186059,0.013048319146,-0.0149714425206,0.0117998393252,-0.00676207477227],[0.0000919416925171,0.000344468920957,-0.00420787185431,0.00542236911133,-0.00852971430868,0.0129797877744,-0.00137733889278,-0.0067520821467,0.0100935120136,-0.00896256417036,0.00835572369397,-0.00856427382678,0.00470710080117],[-0.0000991813285509,-0.000219547233428,0.0016843196936,-0.00339148566127,0.00162492378149,-0.00137733889278,0.00844869576395,0.00175139610656,-0.00546471681446,0.00292050954886,-0.00171434029471,-0.000232457838138,-0.000176709814696],[0.000255924387602,0.000919439597055,-0.000785418145824,-0.00202726083808,0.00533439684659,-0.0067520821467,0.00175139610656,0.0132689559832,-0.00970805622637,0.00552088627592,-0.00635369727388,0.00801669526845,-0.00635753199458],[-0.000118701420433,-0.00154779735021,-0.000955326366238,0.00665125111118,-0.0092928186059,0.0100935120136,-0.00546471681446,-0.00970805622637,0.0252467747778,-0.0171966329217,0.0122499782592,-0.0132607510313,0.00984571035951],[0.00023200114083,0.00121165974997,0.00228074728511,-0.00943200010806,0.013048319146,-0.00896256417036,0.00292050954886,0.00552088627592,-0.0171966329217,0.0347622595727,-0.0252956468612,0.0169739201665,-0.0118292551488],[-0.000113917543786,-0.00110017193947,-0.00396481109783,0.0104209324345,-0.0149714425206,0.00835572369397,-0.00171434029471,-0.00635369727388,0.0122499782592,-0.0252956468612,0.0407082550228,-0.0258307978511,0.00826677493751],[0.0000638344790787,0.00198325747624,0.00260721496306,-0.00834756437689,0.0117998393252,-0.00856427382678,-0.000232457838138,0.00801669526845,-0.0132607510313,0.0169739201665,-0.0258307978511,0.0365001149476,-0.0135463653132],[0.0000475148735859,-0.00209996732883,-0.00103918917011,0.00522213242948,-0.00676207477227,0.00470710080117,-0.000176709814696,-0.00635753199458,0.00984571035951,-0.0118292551488,0.00826677493751,-0.0135463653132,0.0245443582535]],"mean":[8.70083904266,87.607673645,-85.7638168335,6.37796354294,-8.51623916626,-11.4764356613,2.46004509926,-14.7255630493,5.37474346161,-2.18430566788,-2.99413704872,3.05664086342,-4.6877450943]},"hfc":{"dmean":46.8338470459,"dmean2":74.0328903198,"dvar":3094.03588867,"dvar2":7611.47216797,"max":831.784973145,"mean":184.071472168,"median":179.239776611,"min":1.69670411054e-8,"var":13807.4277344},"melbands":{"dmean":[0.00819965731353,0.00230556842871,0.000910341506824,0.000491497688927,0.000296940183034,0.000339168385835,0.00028469323297,0.000131886437885,0.000143033248605,0.0000893698888831,0.0000780383124948,0.0000679293298163,0.0000620882419753,0.000070018999395,0.0000462374046037,0.0000302792832372,0.0000329674767272,0.0000294341080007,0.0000268526055152,0.0000222822272917,0.0000178682767,0.0000113012683869,0.00000940856352827,0.00000821975118015,0.00000690000797476,0.0000049837503866,0.0000054325396377,0.00000659601982989,0.0000060008451328,0.00000462964317194,0.00000402751084039,0.00000216328658098,0.00000126195641315,8.22609933948e-7,5.12448934842e-7,3.32919626089e-7,1.87898777426e-7,1.24843509752e-7,6.63569821313e-8,3.22382902596e-8],"dmean2":[0.013012885116,0.00389019004069,0.00153325079009,0.000842199544422,0.000487506738864,0.000535226427019,0.000446777703473,0.000215900377952,0.000231633661315,0.00014540416305,0.00012560930918,0.000109813532617,0.000100949742773,0.000116305767733,0.0000758398746257,0.0000501674767293,0.0000557261882932,0.0000497925393574,0.0000453761094832,0.0000376123643946,0.0000303228625853,0.0000190815626411,0.0000160733725352,0.0000140558449857,0.0000118125208246,0.0000082092019511,0.00000847290084494,0.00000982434903563,0.00000887101668923,0.00000662331285639,0.00000588900638832,0.00000315030911224,0.00000193813343685,0.00000124859991502,7.71318298121e-7,5.12814551712e-7,3.03831313886e-7,2.0789892119e-7,1.10279970045e-7,5.41165476875e-8],"dvar":[0.00018176760932,0.0000154078388732,0.00000241437805926,0.00000129405259486,2.17782940126e-7,4.24368494123e-7,4.74400707162e-7,8.82856454609e-8,1.10825837396e-7,3.1502878528e-8,3.34833210047e-8,1.98904945847e-8,1.46373126952e-8,2.09178647737e-8,9.83304015989e-9,2.39077779796e-9,2.384376252e-9,1.98893612691e-9,2.18400142415e-9,1.23684174014e-9,9.66280389036e-10,3.58652413324e-10,3.00263008901e-10,2.51172277421e-10,1.83477136262e-10,9.70034191861e-11,2.36558411748e-10,5.41414579835e-10,4.42625575081e-10,2.28032967509e-10,2.14920262143e-10,5.27913893156e-11,1.78486496416e-11,5.80739970002e-12,2.15192186986e-12,5.21576868067e-13,1.57274543324e-13,6.41922767112e-14,1.39531483291e-14,2.65562362546e-15],"dvar2":[0.00040242052637,0.0000403249759984,0.0000063804891397,0.00000349903302777,5.42460611541e-7,9.5058635452e-7,0.00000107736184418,2.05789618235e-7,2.84506342041e-7,7.79486626357e-8,8.13354219531e-8,4.92270508801e-8,3.8728039442e-8,5.44677796199e-8,2.39085657938e-8,5.88845150418e-9,6.30480467834e-9,5.29906118985e-9,5.88768056531e-9,3.23471294195e-9,2.52315879301e-9,9.87523285367e-10,8.28043744683e-10,6.78368472506e-10,5.00384456092e-10,2.42595582511e-10,5.37298094905e-10,1.11050146856e-9,9.05902297621e-10,4.52651610638e-10,4.54533632954e-10,9.81731571037e-11,3.6319676433e-11,1.22394290883e-11,4.52837376971e-12,1.19497456635e-12,4.1017823903e-13,1.66571183929e-13,3.40835283716e-14,6.83653081926e-15],"max":[0.159249618649,0.0584189668298,0.0364755950868,0.0198797471821,0.00713923759758,0.01469882112,0.0156286153942,0.0102968346328,0.00832479726523,0.00536990026012,0.00494096009061,0.00343489879742,0.00258854986168,0.00279509485699,0.00336186843924,0.00116009509657,0.000917295576073,0.000741203839425,0.00133229163475,0.000925523461774,0.00099125073757,0.000312137999572,0.000263019057456,0.000287411530735,0.000219045279664,0.000196270586457,0.000355650350684,0.00084872264415,0.000720612006262,0.000309050141368,0.000429438543506,0.000195263623027,0.000140802119859,0.0000562447494303,0.0000395608731196,0.0000168934730027,0.00000725100653653,0.00000419921161665,0.00000216013063437,6.32929811673e-7],"mean":[0.0111803812906,0.00280819181353,0.0012994534336,0.000554058467969,0.000422666693339,0.000514083658345,0.000415023299865,0.000183143565664,0.000201106769964,0.000138421251904,0.000106598061393,0.0000976805094979,0.000096565890999,0.000109265893116,0.0000710432577762,0.0000510374302394,0.0000531960431545,0.0000504685485794,0.0000475602682855,0.0000386696010537,0.0000288576775347,0.0000201242073672,0.0000166268182511,0.0000135564914672,0.0000107188825496,0.00000815557723399,0.00000906454351934,0.0000111772560558,0.0000103216461866,0.00000785698739492,0.00000650742049402,0.00000373641955775,0.00000218100785787,0.00000142348653753,8.97991583315e-7,5.86392786772e-7,2.73222184433e-7,1.40060066656e-7,7.20808870369e-8,3.17831982954e-8],"median":[0.00520513858646,0.00149939802941,0.000614123651758,0.00021805484721,0.000222090660827,0.000247092655627,0.000141115786391,0.0000677351345075,0.0000799702829681,0.0000685759587213,0.000046810699132,0.0000487501092721,0.0000540476066817,0.0000551847406314,0.0000411413784605,0.000033200460166,0.0000352684292011,0.0000317425765388,0.0000289713207167,0.0000246442905336,0.0000185273420357,0.0000138298582897,0.0000111083336378,0.00000823618938739,0.00000609288690612,0.0000041832381612,0.00000359066871169,0.00000300910414808,0.0000027350279197,0.0000020627453523,0.00000174865215286,0.00000106704862901,7.82750532835e-7,4.85640612169e-7,3.34299670612e-7,2.47866637437e-7,1.13250223421e-7,5.188565666e-8,2.84379968463e-8,1.32434223588e-8],"min":[1.69275655098e-14,1.02751550893e-14,9.55891249943e-15,5.32829505954e-15,4.29662205879e-15,6.58017968591e-15,2.02694857223e-15,2.15480607804e-15,2.95248516831e-15,6.64479930006e-16,6.59657612619e-16,8.43051733584e-16,7.15546752303e-16,1.14155858499e-15,8.46809912891e-16,1.6917203544e-15,3.85466694845e-16,2.59360456128e-16,3.59234719744e-16,3.02831669289e-16,4.62000515613e-16,1.08135264777e-15,1.81651152153e-16,1.96738026553e-16,6.70776508238e-16,2.13174094737e-15,1.56142741711e-15,1.24635900694e-15,7.44653080771e-16,4.04343009363e-16,7.18921490383e-16,5.79728195584e-16,9.79796891407e-16,7.86098191122e-16,6.34456741311e-16,2.04129053409e-15,4.28481145489e-15,2.45149990836e-15,2.5920571909e-15,1.46019734491e-15],"var":[0.000269588897936,0.0000156067217176,0.00000475262640975,0.00000114596730327,3.55243116701e-7,7.66139862662e-7,8.79588014868e-7,1.72015049316e-7,1.62588520425e-7,5.25903338655e-8,4.78258108672e-8,2.87383539188e-8,2.09802273332e-8,3.48290107866e-8,1.36755904379e-8,4.1826573316e-9,3.77218611902e-9,3.5964098366e-9,4.66565097668e-9,2.49317833045e-9,1.64809299541e-9,5.33862065666e-10,4.1230255321e-10,3.38737426997e-10,2.27917115736e-10,1.57834939563e-10,4.62286625647e-10,1.29228250323e-9,1.02291464188e-9,5.57655255307e-10,4.28273749797e-10,1.28149615919e-10,3.57882959379e-11,1.28084322662e-11,4.74734964881e-12,1.06338212975e-12,2.07397440151e-13,6.59912120608e-14,1.56450000795e-14,2.69002968026e-15]},"melbands_crest":{"dmean":5.45646429062,"dmean2":8.8553571701,"dvar":21.2950572968,"dvar2":49.1551322937,"max":39.3685302734,"mean":21.810503006,"median":21.3184375763,"min":3.50523066521,"var":72.8356552124},"melbands_flatness_db":{"dmean":0.0411526076496,"dmean2":0.0647132769227,"dvar":0.00141343229916,"dvar2":0.00360465189442,"max":0.8004322052,"mean":0.261732041836,"median":0.253904700279,"min":0.0234920792282,"var":0.00693619577214},"melbands_kurtosis":{"dmean":23.715587616,"dmean2":38.9851417542,"dvar":5734.53808594,"dvar2":17073.9160156,"max":1811.10595703,"mean":31.8359928131,"median":11.1309051514,"min":-1.92100429535,"var":7322.16455078},"melbands_skewness":{"dmean":1.40545320511,"dmean2":2.17266392708,"dvar":2.7612528801,"dvar2":6.62651538849,"max":29.2843818665,"mean":3.76655459404,"median":3.06211423874,"min":-3.561439991,"var":8.7356672287},"melbands_spread":{"dmean":7.43855476379,"dmean2":11.3762617111,"dvar":121.536132812,"dvar2":224.728347778,"max":325.673675537,"mean":18.6243209839,"median":13.5250921249,"min":0.0545034185052,"var":479.624053955},"mfcc":{"cov":[[10113.0195312,55.5693473816,-1129.18005371,702.435852051,-535.107727051,304.344329834,-317.993408203,108.583518982,-278.040985107,43.1660842896,-216.046646118,8.19404315948,-154.264801025],[55.5693473816,1337.12768555,-56.2070236206,-345.504760742,205.409851074,-102.012489319,-1.4271645546,-55.8527946472,57.9996948242,-44.8572349548,44.2111320496,-9.69648551941,54.4311828613],[-1129.18005371,-56.2070236206,541.548339844,-17.5651493073,53.4349746704,-54.3727264404,67.266708374,-10.1185874939,57.1135406494,7.40586328506,38.3056335449,4.91947031021,20.9212265015],[702.435852051,-345.504760742,-17.5651493073,450.362762451,-137.619995117,120.067878723,-23.1604709625,35.3267250061,-33.04139328,39.2954216003,-27.9792575836,16.0447692871,-24.8509674072],[-535.107727051,205.409851074,53.4349746704,-137.619995117,266.783538818,-24.2485790253,64.4883651733,-16.819355011,22.7043247223,-24.5537052155,33.6110305786,-9.83078098297,16.9421958923],[304.344329834,-102.012489319,-54.3727264404,120.067878723,-24.2485790253,165.889785767,30.8838653564,24.0975246429,-27.0047874451,-2.1386988163,-18.4946937561,14.1115169525,-6.14075803757],[-317.993408203,-1.4271645546,67.266708374,-23.1604709625,64.4883651733,30.8838653564,118.532562256,16.1149654388,19.3002204895,-15.0117826462,15.3549032211,-0.678837418556,16.0873756409],[108.583518982,-55.8527946472,-10.1185874939,35.3267250061,-16.819355011,24.0975246429,16.1149654388,100.292167664,9.887550354,22.384475708,2.75234246254,0.806554675102,-9.72981739044],[-278.040985107,57.9996948242,57.1135406494,-33.04139328,22.7043247223,-27.0047874451,19.3002204895,9.887550354,86.8184204102,26.6666908264,20.8323459625,-5.10056018829,11.7507476807],[43.1660842896,-44.8572349548,7.40586328506,39.2954216003,-24.5537052155,-2.1386988163,-15.0117826462,22.384475708,26.6666908264,71.8717498779,26.0794353485,11.213341713,-2.75397229195],[-216.046646118,44.2111320496,38.3056335449,-27.9792575836,33.6110305786,-18.4946937561,15.3549032211,2.75234246254,20.8323459625,26.0794353485,77.1577301025,20.1992607117,15.3392372131],[8.19404315948,-9.69648551941,4.91947031021,16.0447692871,-9.83078098297,14.1115169525,-0.678837418556,0.806554675102,-5.10056018829,11.213341713,20.1992607117,54.6785469055,21.3470153809],[-154.264801025,54.4311828613,20.9212265015,-24.8509674072,16.9421958923,-6.14075803757,16.0873756409,-9.72981739044,11.7507476807,-2.75397229195,15.3392372131,21.3470153809,59.0075645447]],"icov":[[0.000173105116119,-0.000116539107694,0.000258089479757,-0.000215629304876,0.000164221681189,-0.000051000239182,0.000100961580756,-0.000111336659756,0.000278362829704,-0.000132578468765,0.000191268278286,-0.0000513323138875,0.000186621618923],[-0.000116539107694,0.00114419264719,0.0000425284124503,0.000680340919644,-0.000635951699223,-0.00000806562366051,0.000518634624314,0.000214873041841,-0.000865203910507,0.000674179696944,-0.00047982763499,0.000155342611833,-0.000740593241062],[0.000258089479757,0.0000425284124503,0.00269801868126,-0.000634059484582,0.0000745685974834,0.000989619991742,-0.00117684225552,0.000288593088044,-0.000735911598895,0.0000836458275444,-0.000199476620764,-0.000449318205938,0.000226744043175],[-0.000215629304876,0.000680340919644,-0.000634059484582,0.00408293865621,0.000755148357712,-0.00229115318507,0.000518454180565,0.00000843537054607,0.000187294674106,-0.00148442946374,0.000281949935015,-0.0000330107795889,-0.0000101076257124],[0.000164221681189,-0.000635951699223,0.0000745685974834,0.000755148357712,0.00582229113206,-0.000204164665774,-0.00240719551221,0.000496999418829,0.000261705019511,0.000804840645287,-0.00176195171662,0.00104331271723,0.000418879208155],[-0.000051000239182,-0.00000806562366051,0.000989619991742,-0.00229115318507,-0.000204164665774,0.00972441397607,-0.00411089789122,-0.000859771156684,0.00167757796589,-0.0000527928095835,0.00196479214355,-0.0028649722226,0.000797092216089],[0.000100961580756,0.000518634624314,-0.00117684225552,0.000518454180565,-0.00240719551221,-0.00411089789122,0.0139732267708,-0.00272558582947,-0.0028017219156,0.00450847670436,-0.00252505531535,0.00169845740311,-0.00276420288719],[-0.000111336659756,0.000214873041841,0.000288593088044,0.00000843537054607,0.000496999418829,-0.000859771156684,-0.00272558582947,0.0120592433959,-0.00106320285704,-0.00363278924488,0.000268987321761,-0.000073403272836,0.00191013386939],[0.000278362829704,-0.000865203910507,-0.000735911598895,0.000187294674106,0.000261705019511,0.00167757796589,-0.0028017219156,-0.00106320285704,0.0178356766701,-0.00820559915155,0.000107568295789,0.00380552792922,-0.00278583937325],[-0.000132578468765,0.000674179696944,0.0000836458275444,-0.00148442946374,0.000804840645287,-0.0000527928095835,0.00450847670436,-0.00363278924488,-0.00820559915155,0.0240534823388,-0.00810152478516,-0.00271160597913,0.00215559639037],[0.000191268278286,-0.00047982763499,-0.000199476620764,0.000281949935015,-0.00176195171662,0.00196479214355,-0.00252505531535,0.000268987321761,0.000107568295789,-0.00810152478516,0.0202771890908,-0.00657752342522,-0.000715883797966],[-0.0000513323138875,0.000155342611833,-0.000449318205938,-0.0000330107795889,0.00104331271723,-0.0028649722226,0.00169845740311,-0.000073403272836,0.00380552792922,-0.00271160597913,-0.00657752342522,0.026564149186,-0.00998953171074],[0.000186621618923,-0.000740593241062,0.000226744043175,-0.0000101076257124,0.000418879208155,0.000797092216089,-0.00276420288719,0.00191013386939,-0.00278583937325,0.00215559639037,-0.000715883797966,-0.00998953171074,0.023519994691]],"mean":[-653.711914062,150.649719238,-14.0641069412,35.8069648743,3.06224989891,23.348947525,-0.802440941334,9.81409549713,3.56243610382,7.43685770035,0.619285106659,8.10758686066,3.33673906326]},"pitch_salience":{"dmean":0.0981714054942,"dmean2":0.157955035567,"dvar":0.00741536775604,"dvar2":0.0175131130964,"max":0.83342564106,"mean":0.456933557987,"median":0.47754830122,"min":0.0310502052307,"var":0.0253686886281},"silence_rate_20dB":{"dmean":0.00490376353264,"dmean2":0.00980872940272,"dvar":0.00487948954105,"dvar2":0.0136371748522,"max":1,"mean":0.997058093548,"median":1,"min":0,"var":0.00293351127766},"silence_rate_30dB":{"dmean":0.133137181401,"dmean2":0.266307026148,"dvar":0.115406244993,"dvar2":0.220896780491,"max":1,"mean":0.788428544998,"median":1,"min":0,"var":0.166808888316},"silence_rate_60dB":{"dmean":0.00711045740172,"dmean2":0.0142226582393,"dvar":0.00705896597356,"dvar2":0.0147596197203,"max":1,"mean":0.0422897785902,"median":0,"min":0,"var":0.0404982753098},"spectral_centroid":{"dmean":268.996887207,"dmean2":397.058898926,"dvar":100199.804688,"dvar2":168888.53125,"max":7791.51318359,"mean":1341.11206055,"median":1135.68615723,"min":60.7510452271,"var":792697},"spectral_complexity":{"dmean":4.24665927887,"dmean2":6.53236865997,"dvar":20.4835624695,"dvar2":41.9370079041,"max":61,"mean":23.8260612488,"median":25,"min":0,"var":148.403121948},"spectral_contrast_coeffs":{"dmean":[0.0566630810499,0.0518942028284,0.038492847234,0.0279052257538,0.0227766502649,0.0417625680566],"dmean2":[0.0947253704071,0.0847249105573,0.0639002993703,0.0466706119478,0.0373404622078,0.0645186677575],"dvar":[0.00201719230972,0.00166681664996,0.000948525674175,0.000492596940603,0.000437437731307,0.00143278262112],"dvar2":[0.00540360854939,0.00439266487956,0.00254282541573,0.00133422459476,0.00103904877324,0.00330230942927],"max":[-0.400555878878,-0.453396916389,-0.570855379105,-0.60423541069,-0.616766750813,-0.378557950258],"mean":[-0.729942381382,-0.762321472168,-0.811990857124,-0.820376873016,-0.816387355328,-0.718714535236],"median":[-0.737232923508,-0.766964316368,-0.817334294319,-0.819553375244,-0.813448667526,-0.715680420399],"min":[-0.97143727541,-0.959373354912,-0.974343836308,-0.989200890064,-0.975479960442,-0.94687718153],"var":[0.00671764230356,0.00507104536518,0.00292995898053,0.00188095413614,0.00191929144785,0.00796060450375]},"spectral_contrast_valleys":{"dmean":[0.430918246508,0.390068531036,0.345032095909,0.314424991608,0.330705404282,0.59171795845],"dmean2":[0.696105837822,0.634374082088,0.55613219738,0.495368242264,0.502866387367,0.943379878998],"dvar":[0.133220493793,0.110086992383,0.107631489635,0.127719551325,0.169901072979,0.243751019239],"dvar2":[0.31580978632,0.278319358826,0.261647522449,0.301219075918,0.396556049585,0.655467927456],"max":[-4.66216897964,-4.64269828796,-5.18214130402,-5.70475053787,-5.3589720726,-8.99261283875],"mean":[-6.63643932343,-6.49773216248,-6.96403074265,-7.19120073318,-7.4971036911,-10.9196910858],"median":[-6.46107578278,-6.30055236816,-6.69308996201,-6.86363792419,-7.13958787918,-10.7614841461],"min":[-19.0926914215,-18.0334701538,-18.636806488,-18.9978809357,-18.5003166199,-19.4396514893],"var":[1.57715773582,1.49254274368,1.4883377552,1.56200957298,1.67235887051,1.03380835056]},"spectral_decrease":{"dmean":8.56451620734e-9,"dmean2":1.33557005455e-8,"dvar":1.40103669929e-16,"dvar2":3.1497838645e-16,"max":2.73452571697e-9,"mean":-1.48726693183e-8,"median":-9.65989865875e-9,"min":-1.35586049055e-7,"var":2.52696636174e-16},"spectral_energy":{"dmean":0.0328396931291,"dmean2":0.0509447343647,"dvar":0.00202126987278,"dvar2":0.00449941307306,"max":0.52568757534,"mean":0.0728287249804,"median":0.0553825646639,"min":1.65128728833e-12,"var":0.00390920974314},"spectral_energyband_high":{"dmean":0.000584303517826,"dmean2":0.000786780263297,"dvar":0.00000203242507268,"dvar2":0.00000330666807713,"max":0.0360362492502,"mean":0.00158496131189,"median":0.000936799042393,"min":1.22844854948e-12,"var":0.0000077178592619},"spectral_energyband_low":{"dmean":0.0288037713617,"dmean2":0.0452250279486,"dvar":0.00186883716378,"dvar2":0.00418155360967,"max":0.50866574049,"mean":0.0445410422981,"median":0.0253218561411,"min":9.47314804183e-14,"var":0.00305033475161},"spectral_energyband_middle_high":{"dmean":0.00202458049171,"dmean2":0.00325027387589,"dvar":0.00000731886029826,"dvar2":0.0000185626795428,"max":0.0311266537756,"mean":0.00548887299374,"median":0.00466131931171,"min":1.285404888e-13,"var":0.0000213138555409},"spectral_energyband_middle_low":{"dmean":0.0056519494392,"dmean2":0.00919669214636,"dvar":0.0000684264014126,"dvar2":0.000178130940185,"max":0.110434249043,"mean":0.0114118959755,"median":0.00772660970688,"min":1.05689233949e-13,"var":0.000138542614877},"spectral_entropy":{"dmean":0.158619701862,"dmean2":0.245090872049,"dvar":0.0355282612145,"dvar2":0.086889795959,"max":9.038646698,"mean":7.64954805374,"median":7.73000478745,"min":5.23210954666,"var":0.132326155901},"spectral_flux":{"dmean":0.0468705892563,"dmean2":0.0778617188334,"dvar":0.00295355985872,"dvar2":0.00736693805084,"max":0.602847397327,"mean":0.145328998566,"median":0.132875859737,"min":0.0000432505803474,"var":0.00560727156699},"spectral_kurtosis":{"dmean":3.96928167343,"dmean2":6.22590923309,"dvar":36.7921447754,"dvar2":92.2290496826,"max":116.067932129,"mean":16.1856880188,"median":14.4148378372,"min":-0.834670782089,"var":91.1947784424},"spectral_rms":{"dmean":0.00173030921724,"dmean2":0.00263120862655,"dvar":0.00000353739869752,"dvar2":0.0000073703417911,"max":0.0226465445012,"mean":0.0077130291611,"median":0.00735063012689,"min":4.01374151693e-8,"var":0.0000115617749543},"spectral_rolloff":{"dmean":5146.05615234,"dmean2":9771.75683594,"dvar":62178268,"dvar2":140019696,"max":22028.4667969,"mean":9120.22265625,"median":2304.05273438,"min":21.533203125,"var":93942288},"spectral_skewness":{"dmean":0.341348409653,"dmean2":0.521686673164,"dvar":0.198698341846,"dvar2":0.476536899805,"max":8.97941970825,"mean":2.65510964394,"median":2.58082604408,"min":0.0890282616019,"var":0.795909106731},"spectral_spread":{"dmean":467433.65625,"dmean2":727080.375,"dvar":210361090048,"dvar2":516329472000,"max":19487822,"mean":4239568,"median":4156057.5,"min":1280582.375,"var":1479497613310},"spectral_strongpeak":{"dmean":2.34002828598,"dmean2":4.43013763428,"dvar":123.147193909,"dvar2":342.07220459,"max":147.571685791,"mean":1.93794548512,"median":0.223244607449,"min":0,"var":114.290374756},"zerocrossingrate":{"dmean":0.0431695207953,"dmean2":0.0533286817372,"dvar":0.00146524305455,"dvar2":0.00208150595427,"max":0.70068359375,"mean":0.220155775547,"median":0.21826171875,"min":0.00146484375,"var":0.0109076835215}},"metadata":{"audio_properties":{"analysis_sample_rate":44100,"bit_rate":256000,"codec":"mp3","downmix":"mix","equal_loudness":0,"length":189.388824463,"lossless":false,"md5_encoded":"7ef9b3d7831eeb6f48af9ffcfaab7414","replay_gain":-2.58186721802},"tags":{"album":["Riot!"],"albumartist":["Paramore"],"albumartistsort":["Paramore"],"artist":["Paramore"],"artistsort":["Paramore"],"asin":["B000PTYPAC"],"barcode":["075678998058"],"catalognumber":["7567899805"],"composer":[""],"conductor":[""],"copyright":["2007 Atlantic Recording Corporation for the United States and WEA International Inc. for the world outside of the United States.  All Rights Reserved."],"date":["2007"],"discnumber":["1/1"],"file_name":"08. crushcrushcrush.mp3","genre":["Other"],"label":["Atlantic"],"media":["CD"],"musicbrainz album release country":["GB"],"musicbrainz album status":["official"],"musicbrainz album type":["album"],"musicbrainz_albumartistid":["44cf61b8-5197-448a-b82b-cef6ee89fac5"],"musicbrainz_albumid":["a8663323-92a6-3ccc-9fcc-6233c6219dc3"],"musicbrainz_artistid":["44cf61b8-5197-448a-b82b-cef6ee89fac5"],"musicbrainz_recordingid":["ff1b9745-11e6-4e65-ba05-81b8ee1f5555"],"originaldate":["2007"],"script":["Latn"],"title":["crushcrushcrush"],"tracknumber":["8/11"]},"version":{"essentia":"2.1-beta1","essentia_build_sha":"12879b851c9f4b0d899e1af4e221aa110f283a84","essentia_git_sha":"v2.1_beta1-7-ge0e83e8-dirty","extractor":"music 1.0"}},"rhythm":{"beats_count":431,"beats_loudness":{"dmean":0.0753667280078,"dmean2":0.130889445543,"dvar":0.00376818724908,"dvar2":0.0106380684301,"max":0.405377089977,"mean":0.138597398996,"median":0.122397840023,"min":6.25748608485e-9,"var":0.00634675566107},"beats_loudness_band_ratio":{"dmean":[0.156219214201,0.040968388319,0.0368081443012,0.0274084806442,0.019960058853,0.0617047995329],"dmean2":[0.279318720102,0.0742986574769,0.0673481523991,0.0502475127578,0.0367153510451,0.110897377133],"dvar":[0.019231