{"lowlevel":{"average_loudness":0.935098767281,"barkbands":{"dmean":[0.0000571169148316,0.00765400426462,0.00694846827537,0.00302205933258,0.00202188803814,0.00107858411502,0.000558211351745,0.000268533854978,0.000144630379509,0.000171746345586,0.0000559060463274,0.000112265486678,0.000206992161111,0.000105902829091,0.000104667909909,0.000240690351347,0.00038393624709,0.000300492247334,0.000251202756772,0.0000986540544545,0.000075657684647,0.0000624157037237,0.0000372981048713,0.0000429274659837,0.0000481684910483,0.0000371500536858,0.0000036207127323],"dmean2":[0.000100088778709,0.0128787122667,0.0114793162793,0.00499735120684,0.0032129639294,0.00169791141525,0.000910103030037,0.000452120148111,0.0002396486816,0.000286719558062,0.0000944748971961,0.000187119701877,0.000347072811564,0.000177541936864,0.000175280758413,0.000402811710956,0.000643408799078,0.000499411311466,0.000417779636336,0.00016237021191,0.000121316203149,0.0000982403726084,0.0000568232026126,0.0000645850159344,0.0000696782590239,0.0000536757797818,0.00000573816987526],"dvar":[1.25005366058e-8,0.000127593622892,0.0000855459365994,0.0000182822332135,0.00000718323099136,0.00000241363954956,6.33182537513e-7,2.61494250253e-7,6.40842188204e-8,2.98578953561e-7,1.09828244277e-8,5.27062518074e-8,3.00621053384e-7,5.94997437986e-8,3.59454581655e-8,3.89657685673e-7,5.48114712728e-7,2.28423445492e-7,2.31737828926e-7,1.93690734562e-8,1.55504409349e-8,1.53682737647e-8,6.62680754715e-9,9.53993595232e-9,1.54675525721e-8,1.0394786365e-8,1.30912600205e-10],"dvar2":[3.64743897308e-8,0.000359613506589,0.000232527207118,0.0000504066156282,0.0000185742774192,0.00000670318058837,0.00000172608190496,7.13236147476e-7,1.64356563914e-7,8.03712964625e-7,2.95820719032e-8,1.39915087516e-7,8.02880492756e-7,1.61851446023e-7,9.63628536965e-8,0.0000010196462199,0.00000146098875575,6.19687966719e-7,6.27118197372e-7,5.31426458394e-8,3.89640106846e-8,3.67032235715e-8,1.50413512756e-8,2.14407354093e-8,3.22672626396e-8,2.15832862693e-8,3.15195508582e-10],"max":[0.00199463008903,0.124299988151,0.113777637482,0.0828902572393,0.0526940226555,0.0337492339313,0.0132913812995,0.0107831507921,0.00876620505005,0.023083826527,0.00304337544367,0.00512296706438,0.0173684246838,0.0113842142746,0.00494133727625,0.0168031845242,0.0201270207763,0.0136909363791,0.0159775037318,0.00334051181562,0.00341807887889,0.00289614894427,0.00207268353552,0.00316061917692,0.00266358186491,0.00213795248419,0.00025221722899],"mean":[0.0000619660131633,0.0120030241087,0.0110005764291,0.00548217026517,0.00448547955602,0.00230396585539,0.000995655544102,0.000408563122619,0.000244358263444,0.000251557677984,0.0000887699061423,0.000199430854991,0.000359095865861,0.000210645623156,0.000206975964829,0.000465700461064,0.000820311019197,0.000752555439249,0.000664971710648,0.000276268401649,0.000205545278732,0.000160837575095,0.000100794102764,0.00011629225628,0.000117715506349,0.0000754539141781,0.00000501613021697],"median":[0.0000252397312579,0.00854348018765,0.00665845256299,0.00275109731592,0.00293009076267,0.00148832320701,0.000666275038384,0.000182447372936,0.000145661266288,0.0000669412183925,0.0000423178717028,0.0000752541527618,0.0000929885864025,0.0000895292832865,0.000112116984383,0.000156397669343,0.000417079543695,0.000553090823814,0.000440082745627,0.000218961911742,0.000117518960906,0.0000572117496631,0.0000164667053468,0.0000154477966134,0.0000136652824949,0.00000381117888537,1.88899306863e-7],"min":[1.26647940269e-24,3.06911163005e-23,6.06135002706e-24,2.77862748565e-23,6.54863477247e-23,2.95927316196e-23,6.03361714862e-23,7.7684851001e-23,6.92167699713e-23,1.01025793682e-22,8.55898557382e-23,1.55044754418e-22,5.60442128038e-23,1.78684063226e-22,1.36866420423e-22,2.02410071004e-22,3.5035981044e-22,2.55892846137e-22,1.95082297879e-22,4.50264336164e-22,3.85738972483e-22,4.60366703487e-22,5.24104089787e-22,8.50506863489e-22,1.12234616048e-21,1.4401568884e-21,2.32891025293e-21],"var":[1.2696452778e-8,0.000188113044715,0.000166141282534,0.0000627316912869,0.0000261522000073,0.0000066010043156,0.00000127703924591,4.69607073228e-7,1.18401878524e-7,5.09024062012e-7,2.05089882854e-8,1.15719082316e-7,7.08894788204e-7,1.62540601423e-7,8.06637103778e-8,9.48012029767e-7,0.00000124942289403,7.06577850451e-7,7.25099198462e-7,7.81001148198e-8,5.90435753622e-8,5.02464345686e-8,2.59347974207e-8,3.52838931406e-8,4.70240166806e-8,2.63262567302e-8,1.87167628618e-10]},"barkbands_crest":{"dmean":2.93171882629,"dmean2":4.83366441727,"dvar":6.2683339119,"dvar2":17.4071502686,"max":26.2960567474,"mean":11.7870330811,"median":11.282034874,"min":2.46158051491,"var":16.6818180084},"barkbands_flatness_db":{"dmean":0.0249653477222,"dmean2":0.0379499495029,"dvar":0.000567009556107,"dvar2":0.0012519111624,"max":0.576665937901,"mean":0.173724323511,"median":0.16313958168,"min":0.0330861248076,"var":0.00595939951017},"barkbands_kurtosis":{"dmean":6.27476978302,"dmean2":10.0132713318,"dvar":130.913040161,"dvar2":336.957305908,"max":220.483779907,"mean":11.4573955536,"median":4.20303297043,"min":-1.91657233238,"var":395.987335205},"barkbands_skewness":{"dmean":0.732650995255,"dmean2":1.15519535542,"dvar":0.555549681187,"dvar2":1.40460634232,"max":11.5644178391,"mean":2.5970697403,"median":2.22413134575,"min":-1.73720693588,"var":2.79411149025},"barkbands_spread":{"dmean":7.13994407654,"dmean2":11.1575593948,"dvar":81.7382049561,"dvar2":185.143432617,"max":126.012420654,"mean":25.9205303192,"median":22.8595943451,"min":0.420012772083,"var":368.321533203},"dissonance":{"dmean":0.00872934330255,"dmean2":0.0148258581758,"dvar":0.0000780280606705,"dvar2":0.00022161770903,"max":0.500000119209,"mean":0.482696741819,"median":0.486025333405,"min":0.273490488529,"var":0.000200421709451},"dynamic_complexity":4.50144910812,"erbbands":{"dmean":[0.130609974265,2.03533053398,6.61255931854,10.2645120621,6.9900894165,6.48753261566,8.4769859314,9.48445987701,9.69556617737,5.67915439606,4.36777114868,3.55115628242,5.22150850296,2.62926650047,2.91315150261,4.33596229553,8.80159568787,6.23389339447,4.65970849991,6.18525505066,15.8363323212,18.4198246002,15.8328542709,15.7399158478,9.0183172226,4.66296672821,3.62053656578,2.61176371574,2.54721474648,1.43345165253,1.05806493759,1.04625284672,0.687719643116,0.509029746056,0.3961789608,0.182090640068,0.0659191906452,0.0138820428401,0.000314903707476,0.0000182211224455],"dmean2":[0.215716645122,3.43947720528,11.1302700043,16.5051116943,11.5743160248,10.4154996872,13.5112895966,14.9456071854,15.6540784836,9.57830047607,7.25928068161,5.86195039749,8.76845836639,4.39084815979,4.8887090683,7.22449159622,14.8468990326,10.4074697495,7.77253770828,10.2798070908,26.4643535614,30.7289676666,26.4112873077,26.182516098,15.0793209076,7.66772174835,5.86838388443,4.19109964371,4.05134439468,2.19781708717,1.62797725201,1.6290345192,1.03311860561,0.752160727978,0.589158117771,0.265817195177,0.097072571516,0.0207044687122,0.000471270090202,0.000028144713724],"dvar":[0.0418259091675,8.88507270813,78.8804016113,191.244415283,106.112701416,96.3264923096,150.63923645,186.18208313,196.387069702,72.3143463135,62.0395507813,45.8379173279,194.87046814,59.6218605042,31.7306976318,75.3229598999,474.611114502,292.078094482,80.7291412354,172.688552856,1643.64953613,1142.14904785,665.668823242,1032.3059082,182.456161499,51.8357772827,31.5676116943,22.3344898224,25.4369220734,10.2900743484,5.68358755112,5.12248420715,2.6198618412,1.73027837276,1.04264986515,0.230252832174,0.0347622483969,0.00169223558623,8.62418062297e-7,6.86422307883e-10],"dvar2":[0.116625353694,25.1843605042,225.929397583,494.170379639,294.594848633,245.292892456,400.427978516,503.588043213,519.427368164,202.330154419,164.250335693,115.825325012,533.200622559,154.862518311,86.3637084961,199.068054199,1288.00610352,785.134033203,214.881500244,439.880462646,4389.15283203,3026.73608398,1786.56677246,2796.55664063,504.708526611,143.598403931,81.4214172363,55.8200759888,62.3581237793,23.576833725,13.1854372025,12.0794935226,5.88524961472,3.79822993279,2.22986388206,0.483570873737,0.074114702642,0.00367771810852,0.00000188118133337,1.51639578672e-9],"max":[2.69276499748,33.1068458557,94.5151062012,207.883178711,204.656433105,197.428100586,264.789611816,273.950897217,240.107467651,156.435333252,149.536209106,260.01763916,436.417175293,385.582244873,167.221832275,217.706512451,678.718688965,779.312988281,324.765808105,548.895385742,1199.50231934,775.598449707,672.67980957,1097.09228516,655.063049316,196.455917358,121.850990295,124.983459473,139.968444824,87.2253570557,58.6104469299,71.5429611206,53.3342514038,27.0552005768,26.4002895355,9.62668895721,4.08763790131,0.819159209728,0.0177329555154,0.000519697961863],"mean":[0.225616410375,3.18065261841,10.5767755508,19.8515796661,14.3616065979,13.2283964157,17.2834377289,20.0259304047,17.5665245056,9.71385288239,7.52812576294,6.13001251221,8.14581298828,4.39889478683,5.36264467239,8.31088447571,15.7279005051,13.1764163971,10.2465372086,14.0371398926,33.0886192322,44.087677002,41.5810813904,40.3547363281,25.3839130402,13.4292268753,9.78235626221,7.15667963028,6.4137802124,3.6982793808,2.81775665283,2.588337183,1.80687117577,1.23099708557,0.892712950706,0.386072397232,0.125742346048,0.0234443508089,0.000550302211195,0.0000650697838864],"median":[0.159078150988,2.28717947006,7.20785284042,11.3876113892,8.47546386719,8.18182754517,11.2445011139,12.6552219391,11.1193208694,6.71379613876,3.91751909256,3.50648808479,2.90316772461,1.78007936478,2.36527943611,3.32748198509,4.39056682587,5.36471891403,5.5241689682,7.23313760757,11.5730752945,24.1793632507,30.5020465851,25.1807823181,20.478313446,10.5442371368,6.84885692596,3.89784359932,2.34736776352,0.775550246239,0.449170857668,0.380152076483,0.220571830869,0.186853483319,0.0674924403429,0.0221015997231,0.00571975624189,0.00107392005157,0.0000514959901921,0.0000591872158111],"min":[4.11475477475e-22,8.11579129939e-21,1.34627263608e-20,4.07015932929e-20,1.69523790604e-19,1.13793117219e-19,4.45489957913e-19,2.15494663339e-19,3.14664907539e-19,1.54810615311e-18,1.85223771688e-18,1.55789552547e-18,4.3020762032e-18,1.53849958767e-18,4.60072604105e-18,6.20780272721e-18,2.73663978908e-18,8.62128827997e-18,6.23405330395e-18,9.71501626439e-18,1.24326668817e-17,1.76528829592e-17,1.0934814846e-17,1.61281227381e-17,1.12078729564e-17,2.14637454003e-17,1.49968953478e-17,1.78376453295e-17,1.71738361967e-17,1.78275057496e-17,1.40648447772e-17,1.393194994e-17,1.64416341164e-17,1.29266235748e-17,7.45028590991e-18,4.40842185147e-18,3.3884525283e-18,9.18940068096e-19,3.13901600779e-19,3.89252843198e-20],"var":[0.0651799440384,12.9229860306,125.861061096,573.819152832,343.637145996,291.916625977,415.164123535,510.351531982,453.08291626,117.891441345,130.317459106,88.5146865845,339.593383789,119.059417725,71.6655807495,178.091323853,1059.52258301,848.151306152,206.545181274,574.142211914,3947.80078125,3129.19824219,2114.08813477,3004.48779297,641.870483398,198.474563599,115.044670105,79.4858322144,81.7957000732,31.8813877106,20.513425827,17.5054073334,9.07910919189,4.69576692581,3.02132749557,0.628948867321,0.0792646333575,0.00327846920118,0.00000166223787801,2.37298425354e-9]},"erbbands_crest":{"dmean":2.18510532379,"dmean2":3.55447387695,"dvar":4.76565790176,"dvar2":11.7113437653,"max":29.5665512085,"mean":8.14982700348,"median":7.05611848831,"min":2.16857361794,"var":16.0918941498},"erbbands_flatness_db":{"dmean":0.0131738269702,"dmean2":0.0190443340689,"dvar":0.000202122930204,"dvar2":0.000354972202331,"max":0.429743587971,"mean":0.142790690064,"median":0.134501323104,"min":0.0280878581107,"var":0.00254791183397},"erbbands_kurtosis":{"dmean":0.85752171278,"dmean2":1.39128410816,"dvar":4.61355447769,"dvar2":12.9587841034,"max":149.371459961,"mean":0.540644824505,"median":-0.856169998646,"min":-1.90444350243,"var":74.8450546265},"erbbands_skewness":{"dmean":0.322234898806,"dmean2":0.502165913582,"dvar":0.101581498981,"dvar2":0.229473471642,"max":9.42501831055,"mean":-0.0896136984229,"median":-0.273306936026,"min":-3.80473828316,"var":1.18062436581},"erbbands_spread":{"dmean":10.0356693268,"dmean2":15.5804452896,"dvar":121.286514282,"dvar2":259.868835449,"max":195.461975098,"mean":61.2246856689,"median":59.5287780762,"min":1.23348402977,"var":572.374511719},"gfcc":{"cov":[[22444.6445313,1511.6697998,-3225.65991211,-308.361907959,-561.277770996,-617.862792969,287.388549805,-27.3619441986,-884.968444824,672.525878906,436.768341064,-347.660430908,-509.984069824],[1511.6697998,2500.23779297,-947.488952637,29.8865032196,301.34487915,-604.343994141,595.823669434,-245.804595947,-0.206209748983,-259.682769775,299.245758057,-480.615783691,33.8334960938],[-3225.65991211,-947.488952637,1321.26196289,2.70618224144,-4.56128025055,433.395111084,-164.241958618,157.800125122,143.764144897,33.6821517944,-166.058059692,200.828765869,16.1048698425],[-308.361907959,29.8865032196,2.70618224144,184.736022949,39.1356658936,-45.5786972046,-20.6074771881,-34.8030853271,36.4527130127,-25.1916046143,1.48622655869,-10.433889389,22.6957035065],[-561.277770996,301.34487915,-4.56128025055,39.1356658936,219.671676636,-3.71226429939,108.007575989,-26.6732330322,50.6682510376,-58.9523658752,22.4919376373,-42.7877349854,23.6716251373],[-617.862792969,-604.343994141,433.395111084,-45.5786972046,-3.71226429939,406.892700195,-51.6137657166,135.020095825,61.2854347229,81.8997650146,-71.4851608276,148.891708374,3.37711596489],[287.388549805,595.823669434,-164.241958618,-20.6074771881,108.007575989,-51.6137657166,285.41116333,7.4517583847,23.8839435577,-50.7712478638,89.4639663696,-111.607299805,6.11170768738],[-27.3619441986,-245.804595947,157.800125122,-34.8030853271,-26.6732330322,135.020095825,7.4517583847,145.342056274,46.0836334229,60.1798973083,-16.2816295624,60.4183387756,-7.24007463455],[-884.968444824,-0.206209748983,143.764144897,36.4527130127,50.6682510376,61.2854347229,23.8839435577,46.0836334229,125.46509552,0.513869762421,-0.820602476597,15.0536546707,31.6328716278],[672.525878906,-259.682769775,33.6821517944,-25.1916046143,-58.9523658752,81.8997650146,-50.7712478638,60.1798973083,0.513869762421,133.860305786,12.9307632446,58.2201538086,-22.924489975],[436.768341064,299.245758057,-166.058059692,1.48622655869,22.4919376373,-71.4851608276,89.4639663696,-16.2816295624,-0.820602476597,12.9307632446,95.2549209595,-42.7028274536,4.67099571228],[-347.660430908,-480.615783691,200.828765869,-10.433889389,-42.7877349854,148.891708374,-111.607299805,60.4183387756,15.0536546707,58.2201538086,-42.7028274536,150.222137451,19.830160141],[-509.984069824,33.8334960938,16.1048698425,22.6957035065,23.6716251373,3.37711596489,6.11170768738,-7.24007463455,31.6328716278,-22.924489975,4.67099571228,19.830160141,59.9904785156]],"icov":[[0.000202595459996,-0.000412150955526,0.000387378589949,-0.00031337357359,0.000257076026173,-0.000261302397121,0.0000167056896316,-0.00039216451114,0.00107835698873,-0.0012324876152,0.000635260366835,-0.00045499324915,0.00089487148216],[-0.000412150955526,0.00390814011917,-0.00046397355618,0.00147894816473,-0.00150896713603,0.00167328561656,-0.0022847391665,0.00196632463485,-0.00316986581311,0.00425890553743,-0.00519100949168,0.00531330611557,-0.00322472024709],[0.000387378589949,-0.00046397355618,0.00228221085854,-0.00056990160374,0.000444610719569,-0.0014566766331,0.000107777275844,-0.000780174741521,0.000647551554721,-0.00141137023456,0.0018750190502,-0.000997784431092,0.00226220907643],[-0.00031337357359,0.00147894816473,-0.00056990160374,0.00754321040586,-0.0016117754858,0.00147247989662,0.000757145811804,0.00218182965182,-0.00436351355165,0.00254714256153,-0.00245047383942,0.00217025540769,-0.00271196314134],[0.000257076026173,-0.00150896713603,0.000444610719569,-0.0016117754858,0.00794865842909,-0.00171328766737,-0.00204128166661,0.00165251607541,-0.000990765867755,-0.000371901900508,0.00220480980352,-0.0025446517393,0.00194404111244],[-0.000261302397121,0.00167328561656,-0.0014566766331,0.00147247989662,-0.00171328766737,0.00756304664537,-0.00318195205182,-0.000457947695395,-0.00224933261052,-0.000428082887083,0.00136704358738,-0.00244188657962,-0.00108865823131],[0.0000167056896316,-0.0022847391665,0.000107777275844,0.000757145811804,-0.00204128166661,-0.00318195205182,0.0125309117138,-0.00583578087389,0.00149701419286,0.00275392760523,-0.00592613266781,0.00402931682765,-0.000488633464556],[-0.00039216451114,0.00196632463485,-0.000780174741521,0.00218182965182,0.00165251607541,-0.000457947695395,-0.00583578087389,0.016625970602,-0.00801242794842,-0.00113824137952,0.000839169544633,-0.00221879803576,0.00137407938018],[0.00107835698873,-0.00316986581311,0.000647551554721,-0.00436351355165,-0.000990765867755,-0.00224933261052,0.00149701419286,-0.00801242794842,0.0209782905877,-0.0082118101418,0.00332800648175,-0.000166564524989,-0.0025739253033],[-0.0012324876152,0.00425890553743,-0.00141137023456,0.00254714256153,-0.000371901900508,-0.000428082887083,0.00275392760523,-0.00113824137952,-0.0082118101418,0.0251802951097,-0.0158166587353,0.00212563131936,0.000769981415942],[0.000635260366835,-0.00519100949168,0.0018750190502,-0.00245047383942,0.00220480980352,0.00136704358738,-0.00592613266781,0.000839169544633,0.00332800648175,-0.0158166587353,0.0316685661674,-0.00862805079669,0.00109710695688],[-0.00045499324915,0.00531330611557,-0.000997784431092,0.00217025540769,-0.0025446517393,-0.00244188657962,0.00402931682765,-0.00221879803576,-0.000166564524989,0.00212563131936,-0.00862805079669,0.0283572431654,-0.014756177552],[0.00089487148216,-0.00322472024709,0.00226220907643,-0.00271196314134,0.00194404111244,-0.00108865823131,-0.000488633464556,0.00137407938018,-0.0025739253033,0.000769981415942,0.00109710695688,-0.014756177552,0.0324676297605]],"mean":[-25.6963310242,89.7934112549,-90.6609039307,64.7267837524,-37.9152374268,0.438086330891,-42.7011222839,11.7177419662,-23.8363304138,0.68169760704,-13.9792995453,2.32581710815,-14.2167167664]},"hfc":{"dmean":3.85161590576,"dmean2":5.88334274292,"dvar":28.6516551971,"dvar2":63.6501693726,"max":139.078857422,"mean":21.9806270599,"median":19.4774341583,"min":1.14497916873e-16,"var":261.524993896},"melbands":{"dmean":[0.00170110503677,0.0030013921205,0.0015504254261,0.000436791335233,0.000309092138195,0.000212551152799,0.000132691973704,0.000063945830334,0.0000326407098328,0.0000221756108658,0.0000274443300441,0.0000126507375171,0.00000841195924295,0.0000139596686495,0.0000122635237858,0.0000221877398872,0.0000113987125587,0.00000797905158834,0.00000848236322781,0.0000114156428026,0.0000236234100157,0.0000219628254854,0.0000210286580113,0.000013800794477,0.0000147481678141,0.00000887890746526,0.00000494800633533,0.00000314858880301,0.00000269962993116,0.0000020590598524,0.00000158307409492,0.00000165342987657,0.00000119244589314,8.04622686701e-7,6.9003220915e-7,6.17152807081e-7,6.81025369431e-7,5.23115772921e-7,4.96650159221e-7,4.60901219412e-7],"dmean2":[0.00284504215233,0.00505698751658,0.00250777835026,0.000707863306161,0.00048559642164,0.000333096511895,0.000214489817154,0.000108006803202,0.0000541001791134,0.0000366685708286,0.0000460528062831,0.0000211211518035,0.0000141322598211,0.0000232203146879,0.0000207012053579,0.0000371490241378,0.0000190966638911,0.0000133228431878,0.0000142192448038,0.0000189844977285,0.0000397291405534,0.0000366957137885,0.0000353417162842,0.0000230442819884,0.0000246367908403,0.0000149145143951,0.0000083121467469,0.00000520132653037,0.0000044488651838,0.00000337911751558,0.00000256536259258,0.00000267252426056,0.00000189779825632,0.00000125454448607,0.00000108311814984,9.62372382673e-7,0.000001078884452,8.08025674814e-7,7.61638943914e-7,6.98440089764e-7],"dvar":[0.0000066178522502,0.0000158502170962,0.00000409582344219,3.70236421077e-7,1.96972109734e-7,8.91377354151e-8,3.5793849662e-8,1.0305131859e-8,2.96733060345e-9,1.8273821345e-9,5.74739900117e-9,1.79657233534e-9,2.52395854217e-10,9.18047249332e-10,7.50218775991e-10,3.9569525434e-9,9.45596823065e-10,2.70591493656e-10,2.3822396833e-10,8.44288972068e-10,3.82490394912e-9,1.94876426107e-9,1.69336011879e-9,4.0250713873e-10,1.00424502048e-9,1.98481592273e-10,4.55562705615e-11,2.416426087e-11,1.59149256274e-11,1.32918650045e-11,8.32872052575e-12,1.07037260999e-11,6.25623988379e-12,3.00495002145e-12,2.32593154806e-12,1.80415437364e-12,2.20831686271e-12,1.42613058949e-12,1.51039174657e-12,1.42050965175e-12],"dvar2":[0.0000185705321201,0.0000460825140181,0.0000107276273411,9.91693582364e-7,5.00966621075e-7,2.42360727043e-7,9.51546326178e-8,2.87186558978e-8,7.83671261217e-9,4.58155469119e-9,1.56890322955e-8,4.69282035453e-9,6.83923584432e-10,2.42892439495e-9,2.05910244411e-9,1.05397797157e-8,2.53285659113e-9,7.1686517833e-10,6.28343710396e-10,2.15826756467e-9,1.02592574436e-8,5.15568743253e-9,4.58181936835e-9,1.08514697228e-9,2.72278843916e-9,5.47068113033e-10,1.28793989362e-10,6.63863200523e-11,4.22907299458e-11,3.51030836343e-11,2.11771815362e-11,2.71162346049e-11,1.53640954126e-11,7.11798415348e-12,5.55989369128e-12,4.32304842965e-12,5.34854929443e-12,3.34206664079e-12,3.51271572593e-12,3.19540119191e-12],"max":[0.0291727650911,0.0403215140104,0.0290782023221,0.0124462014064,0.00911411549896,0.00545241404325,0.00311315082945,0.0019032972632,0.00110660726205,0.00172400684096,0.00259279552847,0.00212773308158,0.000518799526617,0.000705808517523,0.000779266294558,0.0023646785412,0.00161853630561,0.000561452005059,0.000374989263946,0.000892476877198,0.00186354655307,0.000849154312164,0.00161734246649,0.000377919437597,0.00111226446461,0.000502174312714,0.000236064122873,0.000128133004182,0.0000841171786305,0.0000806359312264,0.0000724749479559,0.000100366538391,0.0000543987735,0.0000489948433824,0.0000329262111336,0.0000460368064523,0.0000437676062575,0.0000381784120691,0.0000453273387393,0.0000244148141064],"mean":[0.00279960571788,0.00535753788427,0.00324046635069,0.000933222821914,0.000652281101793,0.000461189920316,0.000242475653067,0.000102906946267,0.0000563067405892,0.0000368295077351,0.0000415871327277,0.0000195243173948,0.0000144600808198,0.000023966515073,0.0000225131152547,0.0000381760146411,0.0000225622006838,0.0000156824080477,0.0000165067631315,0.0000224105915549,0.0000440141338913,0.0000461312520201,0.0000442140844825,0.000033171610994,0.0000334935539286,0.0000217469569179,0.0000125277465486,0.00000789669957157,0.00000646939406579,0.00000484960901304,0.00000385447083318,0.00000384470422432,0.00000268205121756,0.00000185039209555,0.00000164110690548,0.00000153492908339,0.00000154177610057,0.00000125740984913,0.00000114520469197,0.000001012332973],"median":[0.00203289301135,0.00403560092673,0.0020449643489,0.000591001182329,0.000421280419687,0.000297802267596,0.000157269270858,0.000062471604906,0.0000301383897749,0.0000204111584026,0.0000138719406095,0.00000656972588331,0.00000672916803524,0.00000871363135957,0.00000853081837704,0.00000935800744628,0.00000856622864376,0.00000784662915976,0.00000884516157384,0.00000924821961235,0.0000135720847538,0.0000222166709136,0.000028343672966,0.0000245264036494,0.000019190918465,0.0000157087870321,0.0000102825360955,0.00000587179010836,0.00000476255536341,0.00000247988873525,0.00000204202297027,0.00000146839988702,6.52737071505e-7,3.43382367873e-7,2.56610491078e-7,2.30978642435e-7,2.20858439093e-7,1.45636349203e-7,1.59895677143e-7,1.49792640514e-7],"min":[6.32155500779e-24,8.90898091159e-24,1.25476736233e-23,8.37972703053e-24,1.45230917705e-23,4.73647194181e-24,7.12030586218e-24,1.75949618893e-23,1.30275834658e-23,1.02187534938e-23,2.15079028836e-23,4.76276585907e-24,1.44219140485e-23,1.73204540715e-23,9.59697885033e-24,5.80302056314e-24,1.85852237168e-23,1.10804870029e-23,1.14729342592e-23,1.26717780097e-23,1.44958808024e-23,1.80758341422e-23,1.53849412421e-23,1.05830581373e-23,1.35705800927e-23,7.0192330587e-24,1.07946432539e-23,1.50668094162e-23,1.0233418418e-23,9.46235184825e-24,1.02266602467e-23,9.04758298378e-24,9.92595041389e-24,1.01885085667e-23,7.97459015771e-24,6.40782838626e-24,9.43586111019e-24,1.17127716402e-23,1.13342391014e-23,1.02007248667e-23],"var":[0.00000986935901892,0.0000272724319075,0.0000130679200083,0.00000117757713269,6.41274141344e-7,2.5882249588e-7,8.19412022679e-8,1.73212910681e-8,6.40855324363e-9,3.41035755191e-9,9.80973702269e-9,3.39337424826e-9,5.27706878195e-10,1.8794876766e-9,1.66754388076e-9,9.27031962306e-9,2.65994670734e-9,6.02945582351e-10,5.48343037643e-10,2.29335284097e-9,7.81185516274e-9,4.45273640182e-9,3.34937499957e-9,1.26075416773e-9,2.47395570696e-9,6.13294470764e-10,1.40570721729e-10,8.03079616696e-11,5.06961382596e-11,4.09164230275e-11,2.4148157432e-11,3.0315024796e-11,1.67158335784e-11,8.6704116109e-12,7.30697100049e-12,6.57398788184e-12,6.40565031573e-12,4.51635560547e-12,3.98052207515e-12,3.41127343387e-12]},"melbands_crest":{"dmean":3.20721697807,"dmean2":5.34056615829,"dvar":7.46139144897,"dvar2":21.176820755,"max":39.2126808167,"mean":16.6232910156,"median":16.4855709076,"min":1.90443277359,"var":20.1148071289},"melbands_flatness_db":{"dmean":0.0305611938238,"dmean2":0.0465388484299,"dvar":0.00080937705934,"dvar2":0.0018320895033,"max":0.717442631721,"mean":0.255443751812,"median":0.240234538913,"min":0.00441240007058,"var":0.00832739379257},"melbands_kurtosis":{"dmean":18.2661857605,"dmean2":28.9436950684,"dvar":761.136230469,"dvar2":1741.98937988,"max":722.790466309,"mean":40.9698371887,"median":24.0773620605,"min":-1.53480935097,"var":2304.37548828},"melbands_skewness":{"dmean":1.11478281021,"dmean2":1.75735318661,"dvar":1.3057590723,"dvar2":3.04029583931,"max":22.6458339691,"mean":4.90536260605,"median":4.44635248184,"min":-0.250019073486,"var":5.53107452393},"melbands_spread":{"dmean":7.09283256531,"dmean2":11.231675148,"dvar":127.374572754,"dvar2":284.788970947,"max":222.20274353,"mean":17.9419593811,"median":13.612496376,"min":0.389887928963,"var":312.310272217},"mfcc":{"cov":[[19226.0800781,1232.32556152,-2369.38037109,315.68057251,-1091.2154541,-331.57522583,13.4041175842,-368.850006104,-1021.08746338,667.723266602,47.2145805359,-265.888214111,-267.583618164],[1232.32556152,1877.57250977,-701.385070801,477.869934082,-273.537536621,-80.4071578979,186.651397705,47.7293395996,-148.229660034,189.06362915,26.1579494476,-91.8876724243,-109.513694763],[-2369.38037109,-701.385070801,1038.10888672,-261.094970703,275.546051025,106.01108551,-26.7033367157,79.37109375,203.72328186,-73.8703765869,9.60737705231,81.7111816406,113.499435425],[315.68057251,477.869934082,-261.094970703,364.033966064,-55.7689857483,-52.2843856812,-8.26276302338,-41.3207054138,-80.016998291,22.4059848785,-11.603928566,-49.6995697021,-62.4302711487],[-1091.2154541,-273.537536621,275.546051025,-55.7689857483,241.042694092,79.6787872314,-30.9125957489,26.3447399139,116.384124756,-85.9743041992,6.06915855408,54.1362915039,50.5538482666],[-331.57522583,-80.4071578979,106.01108551,-52.2843856812,79.6787872314,130.098434448,45.0874061584,36.8776893616,54.4866065979,-9.79667377472,7.95494842529,33.1572227478,29.8094024658],[13.4041175842,186.651397705,-26.7033367157,-8.26276302338,-30.9125957489,45.0874061584,126.660301208,71.1583175659,21.4569206238,40.7603759766,31.1296195984,11.1860666275,1.95034682751],[-368.850006104,47.7293395996,79.37109375,-41.3207054138,26.3447399139,36.8776893616,71.1583175659,107.911743164,80.3945007324,4.63410711288,30.6480751038,30.8899650574,19.6392745972],[-1021.08746338,-148.229660034,203.72328186,-80.016998291,116.384124756,54.4866065979,21.4569206238,80.3945007324,170.326721191,-39.1467628479,36.4141426086,58.7735366821,45.9157562256],[667.723266602,189.06362915,-73.8703765869,22.4059848785,-85.9743041992,-9.79667377472,40.7603759766,4.63410711288,-39.1467628479,151.764602661,30.1048221588,-17.2795295715,1.34756481647],[47.2145805359,26.1579494476,9.60737705231,-11.603928566,6.06915855408,7.95494842529,31.1296195984,30.6480751038,36.4141426086,30.1048221588,70.5820541382,36.9418067932,13.9958562851],[-265.888214111,-91.8876724243,81.7111816406,-49.6995697021,54.1362915039,33.1572227478,11.1860666275,30.8899650574,58.7735366821,-17.2795295715,36.9418067932,75.7198410034,45.020942688],[-267.583618164,-109.513694763,113.499435425,-62.4302711487,50.5538482666,29.8094024658,1.95034682751,19.6392745972,45.9157562256,1.34756481647,13.9958562851,45.020942688,70.994758606]],"icov":[[0.000108404470666,0.0000382356556656,0.000181933559361,0.0000950220055529,0.0000715964488336,-0.0000953404305619,0.000179389418918,-0.000161844363902,0.000546596187633,-0.000280239211861,-0.000231810481637,-0.0000706508581061,0.0000314684875775],[0.0000382356556656,0.0013519913191,0.000478625996038,-0.00138341961429,0.000148814724525,0.000464713404654,-0.00153812672943,-0.000745337805711,0.000178362577572,-0.000888348091394,0.000379432574846,0.00005210299787,-0.0000110599949039],[0.000181933559361,0.000478625996038,0.00220100744627,0.000528084638063,-0.00136848422699,0.000116521034215,0.000205314092455,-0.00102663016878,0.000258668093011,-0.00110078940634,0.000200247013709,0.000515908759553,-0.000939483812544],[0.0000950220055529,-0.00138341961429,0.000528084638063,0.0054256436415,-0.00156891555525,0.000359687284799,0.00149177690037,0.00079177779844,0.0011742565548,-0.0000540952351002,-0.000787253025919,0.000300402753055,0.00206343620084],[0.0000715964488336,0.000148814724525,-0.00136848422699,-0.00156891555525,0.0116789806634,-0.00536160869524,0.0036213316489,0.000712350825779,-0.00375218759291,0.00374388461933,-0.00170988438185,0.0000903485561139,-0.00241864612326],[-0.0000953404305619,0.000464713404654,0.000116521034215,0.000359687284799,-0.00536160869524,0.014301776886,-0.00820621009916,0.00193677784409,-0.00114918267354,-0.00176662858576,0.00474604591727,-0.00353918340988,0.0000755051587475],[0.000179389418918,-0.00153812672943,0.000205314092455,0.00149177690037,0.0036213316489,-0.00820621009916,0.0220526643097,-0.0127702914178,0.0038820724003,-0.000713217654265,-0.0055872797966,0.00164551031776,0.000641635444481],[-0.000161844363902,-0.000745337805711,-0.00102663016878,0.00079177779844,0.000712350825779,0.00193677784409,-0.0127702914178,0.0263795573264,-0.011568649672,0.000768936937675,0.00102407857776,-0.00187867705245,0.000767664983869],[0.000546596187633,0.000178362577572,0.000258668093011,0.0011742565548,-0.00375218759291,-0.00114918267354,0.0038820724003,-0.011568649672,0.0197324324399,0.000517741253134,-0.00581853277981,-0.00154089077841,-0.00144522276241],[-0.000280239211861,-0.000888348091394,-0.00110078940634,-0.0000540952351002,0.00374388461933,-0.00176662858576,-0.000713217654265,0.000768936937675,0.000517741253134,0.0131620047614,-0.00789296720177,0.00728374067694,-0.00647919764742],[-0.000231810481637,0.000379432574846,0.000200247013709,-0.000787253025919,-0.00170988438185,0.00474604591727,-0.0055872797966,0.00102407857776,-0.00581853277981,-0.00789296720177,0.0297959446907,-0.0174628607929,0.00690714037046],[-0.0000706508581061,0.00005210299787,0.000515908759553,0.000300402753055,0.0000903485561139,-0.00353918340988,0.00164551031776,-0.00187867705245,-0.00154089077841,0.00728374067694,-0.0174628607929,0.0366122685373,-0.0177668817341],[0.0000314684875775,-0.0000110599949039,-0.000939483812544,0.00206343620084,-0.00241864612326,0.0000755051587475,0.000641635444481,0.000767664983869,-0.00144522276241,-0.00647919764742,0.00690714037046,-0.0177668817341,0.029926918447]],"mean":[-670.220031738,113.46975708,11.5138664246,59.9252510071,24.3609771729,1.74611675739,1.86060345173,4.33119821548,-1.84721744061,-5.78822231293,3.08067131042,4.48310470581,-1.65515697002]},"pitch_salience":{"dmean":0.089786440134,"dmean2":0.148467719555,"dvar":0.00595755083486,"dvar2":0.01665148139,"max":0.863477408886,"mean":0.504884064198,"median":0.517130374908,"min":0.0367840304971,"var":0.0159898400307},"silence_rate_20dB":{"dmean":0,"dmean2":0,"dvar":0,"dvar2":0,"max":1,"mean":1,"median":1,"min":1,"var":0},"silence_rate_30dB":{"dmean":0.00917361024767,"dmean2":0.0183479227126,"dvar":0.009092528373,"dvar2":0.0242907609791,"max":1,"mean":0.992699623108,"median":1,"min":0,"var":0.00724418042228},"silence_rate_60dB":{"dmean":0.000229340264923,"dmean2":0.000458698050352,"dvar":0.000229252589634,"dvar2":0.000458488095319,"max":1,"mean":0.115927070379,"median":0,"min":0,"var":0.102484405041},"spectral_centroid":{"dmean":264.67578125,"dmean2":408.81552124,"dvar":72039.6953125,"dvar2":158374.9375,"max":10706.1835938,"mean":1423.28234863,"median":1436.19921875,"min":139.298553467,"var":460164.84375},"spectral_complexity":{"dmean":3.23759651184,"dmean2":5.23061037064,"dvar":11.5334911346,"dvar2":27.6685409546,"max":55,"mean":21.5681686401,"median":23,"min":0,"var":164.672363281},"spectral_contrast_coeffs":{"dmean":[0.0516151748598,0.0451895259321,0.0324160605669,0.0252370685339,0.019709372893,0.0145394364372],"dmean2":[0.0865333974361,0.0750812739134,0.0549148693681,0.0426850393414,0.0328103527427,0.0235601998866],"dvar":[0.00174813135527,0.00128912576474,0.000679966644384,0.000406455685152,0.000252121535596,0.000180906092282],"dvar2":[0.0049256705679,0.00365891028196,0.00194743671454,0.00115793989971,0.000670622219332,0.000430107291322],"max":[-0.285669922829,-0.433762162924,-0.520808458328,-0.619775593281,-0.585058033466,-0.537067711353],"mean":[-0.626706242561,-0.736257731915,-0.820446670055,-0.820514261723,-0.786320984364,-0.7567512393],"median":[-0.638149857521,-0.741307973862,-0.824866235256,-0.823899030685,-0.792139172554,-0.764495074749],"min":[-0.967656433582,-0.96327316761,-0.966939210892,-0.965430080891,-0.963538050652,-0.961035251617],"var":[0.00843200832605,0.00440901471302,0.00283536640927,0.00183286250103,0.0018370783655,0.00230954308063]},"spectral_contrast_valleys":{"dmean":[0.375295549631,0.325273692608,0.287206321955,0.239007592201,0.195824384689,0.222337216139],"dmean2":[0.633580505848,0.542178809643,0.478472620249,0.388903826475,0.295089691877,0.279442071915],"dvar":[0.0990000218153,0.0745982080698,0.0631862729788,0.0530364848673,0.0482006184757,0.0984334647655],"dvar2":[0.261420488358,0.189791068435,0.156054005027,0.117281444371,0.0843183323741,0.135650426149],"max":[-4.98659086227,-5.00617170334,-5.74430274963,-5.91683626175,-5.51461791992,-7.70778560638],"mean":[-6.95576715469,-7.10052967072,-8.07182312012,-8.07588768005,-7.4245929718,-10.4200210571],"median":[-6.40684747696,-6.58118963242,-7.60175085068,-7.54953765869,-6.74703407288,-10.3243217468],"min":[-27.4864654541,-27.3123149872,-27.0754947662,-26.9863681793,-27.0837974548,-27.2068786621],"var":[2.55970048904,2.85788846016,2.65400695801,2.90425205231,3.18767619133,2.26559567451]},"spectral_decrease":{"dmean":3.30220006894e-9,"dmean2":5.44768763433e-9,"dvar":1.56726936364e-17,"dvar2":4.41479693245e-17,"max":-3.83052810815e-29,"mean":-1.06167794556e-8,"median":-1.02030908167e-8,"min":-4.26298640832e-8,"var":4.25753269265e-17},"spectral_energy":{"dmean":0.0125222038478,"dmean2":0.020663516596,"dvar":0.000225124400458,"dvar2":0.000633604591712,"max":0.162244096398,"mean":0.0420637615025,"median":0.0408474579453,"min":1.05298702573e-20,"var":0.000632449402474},"spectral_energyband_high":{"dmean":0.000260071479715,"dmean2":0.000370845926227,"dvar":2.94158979841e-7,"dvar2":5.98635551796e-7,"max":0.0145308161154,"mean":0.000912630988751,"median":0.000377858697902,"min":7.14022062418e-21,"var":0.00000140723284403},"spectral_energyband_low":{"dmean":0.0122951874509,"dmean2":0.0203695204109,"dvar":0.000233709200984,"dvar2":0.000658621545881,"max":0.156887024641,"mean":0.026974145323,"median":0.0226439964026,"min":4.41144207954e-23,"var":0.000541355460882},"spectral_energyband_middle_high":{"dmean":0.000957053678576,"dmean2":0.00156306894496,"dvar":0.00000193195796783,"dvar2":0.00000510739027959,"max":0.0308719296008,"mean":0.00413743965328,"median":0.00298804976046,"min":1.89934199184e-21,"var":0.0000157951817528},"spectral_energyband_middle_low":{"dmean":0.00448487652466,"dmean2":0.00728722475469,"dvar":0.0000288437549898,"dvar2":0.0000810024430393,"max":0.0876444727182,"mean":0.0140101816505,"median":0.012442487292,"min":4.07599128582e-22,"var":0.000109933520434},"spectral_entropy":{"dmean":0.136988297105,"dmean2":0.197985976934,"dvar":0.0254382546991,"dvar2":0.0471403002739,"max":9.80386734009,"mean":7.5490489006,"median":7.6025891304,"min":3.86960673332,"var":0.308530837297},"spectral_flux":{"dmean":0.0235053170472,"dmean2":0.0389582403004,"dvar":0.000654615345411,"dvar2":0.00173479982186,"max":0.312757074833,"mean":0.0930020958185,"median":0.0925332605839,"min":1.02615159425e-10,"var":0.00258616008796},"spectral_kurtosis":{"dmean":1.46898317337,"dmean2":2.50117444992,"dvar":8.25467967987,"dvar2":21.8829612732,"max":135.384506226,"mean":4.1148686409,"median":3.20461916924,"min":-1.21450018883,"var":49.6865692139},"spectral_rms":{"dmean":0.000876024016179,"dmean2":0.00143109296914,"dvar":8.86141435785e-7,"dvar2":0.00000249203276326,"max":0.0125812133774,"mean":0.00591364782304,"median":0.0063127791509,"min":3.20515901146e-12,"var":0.00000606675621384},"spectral_rolloff":{"dmean":639.018188477,"dmean2":1100.09606934,"dvar":1739602.25,"dvar2":3941519.75,"max":19487.5488281,"mean":1316.67285156,"median":409.130859375,"min":21.533203125,"var":3474366.25},"spectral_skewness":{"dmean":0.183429718018,"dmean2":0.302819609642,"dvar":0.0515909902751,"dvar2":0.132818236947,"max":10.1130189896,"mean":1.27902877331,"median":1.22698390484,"min":-0.151959732175,"var":0.443777054548},"spectral_spread":{"dmean":432903.9375,"dmean2":632385.5625,"dvar":345390415872,"dvar2":625761648640,"max":41312172,"mean":5040979,"median":4414845.5,"min":710398,"var":6153365880830},"spectral_strongpeak":{"dmean":0.253201961517,"dmean2":0.435001045465,"dvar":0.190068930387,"dvar2":0.532976329327,"max":13.6817808151,"mean":0.533428192139,"median":0.410305500031,"min":0,"var":0.245077699423},"zerocrossingrate":{"dmean":0.0113425264135,"dmean2":0.0136748803779,"dvar":0.000225802315981,"dvar2":0.000297664984828,"max":0.49560546875,"mean":0.0585962124169,"median":0.05078125,"min":0,"var":0.00181432208046}},"metadata":{"audio_properties":{"analysis_sample_rate":44100,"bit_rate":192000,"codec":"mp3","downmix":"mix","equal_loudness":0,"length":607.477539063,"lossless":false,"md5_encoded":"8734579bb80b02c3b7a98dbabf83c52e","replay_gain":-13.4305896759,"sample_rate":44100},"tags":{"album":["The Maggot"],"albumartist":["Melvins"],"albumartistsort":["Melvins"],"artist":["Melvins"],"artistsort":["Melvins"],"asin":["B00000IWWL"],"barcode":["689230000228"],"catalognumber":["IPC-002"],"contentgroup":["Rock"],"date":["1999-05-17"],"discnumber":["1/1"],"file_name":"15 - See How Pretty, See How Smart.mp3","genre":["Rock","Grunge","Stoner Rock","Sludge Metal","Experimental","Alternative"],"label":["Ipecac Recordings"],"language":["eng"],"media":["CD"],"musicbrainz album release country":["US"],"musicbrainz album status":["official"],"musicbrainz album type":["album"],"musicbrainz_albumartistid":["9ccfbc94-a4f4-42f7-b6f5-d903ab77cccb"],"musicbrainz_albumid":["9ea06e0c-e354-4911-87ac-4c7747bfc217"],"musicbrainz_artistid":["9ccfbc94-a4f4-42f7-b6f5-d903ab77cccb"],"musicbrainz_recordingid":["ff375f3b-0ff9-4090-ac3f-02c5a7fba16e"],"musicip_puid":["0814554c-06ae-514a-a494-72c76f2a116d"],"script":["Latn"],"title":["See How Pretty, See How Smart"],"tracknumber":["15/16"]},"version":{"essentia":"2.1-beta2","essentia_build_sha":"2d9f1f26377add8aeb1075a9c2973f962c4f09fd","essentia_git_sha":"v2.1_beta2-1-ge3940c0","extractor":"music 1.0"}},"rhythm":{"beats_count":1060,"beats_loudness":{"dmean":0.016986656934,"dmean2":0.0293245520443,"dvar":0.000322294828948,"dvar2":0.000939464312978,"max":0.12923823297,"mean":0.0407275855541,"median":0.0412704572082,"min":3.59875185207e-10,"var":0.000729169521946},"beats_loudness_band_ratio":{"dmean":[0.172130018473,0.0896623209119,0.0348859913647,0.0144641902298,0.0493829362094,0.0672438442707],"dmean2":[0.300010204315,0.153923511505,0.0609534606338,0.0255814343691,0.0836444944143,0.119399137795],"dvar":[0.0189997032285,0.00819