{"lowlevel":{"average_loudness":0.895841062069,"barkbands":{"dmean":[0.00553206866607,0.0149843832478,0.00472624553367,0.00314989150502,0.00317521509714,0.00175994983874,0.00100876716897,0.000506727781612,0.000271365890512,0.000222504662815,0.000126739265397,0.0000473645632155,0.0000406165090681,0.0000296472117043,0.0000257266983681,0.0000241585312324,0.0000219094945351,0.0000210744401556,0.0000160913423315,0.0000136849585033,0.0000140378751894,0.00000924998676055,0.00000536124071004,0.00000432371780335,0.00000408316145695,0.00000488673367727,0.0000312431366183],"dmean2":[0.00967280007899,0.0247221086174,0.00764673296362,0.00514325546101,0.0050881979987,0.0027431040071,0.00154893775471,0.00081602006685,0.000445425161161,0.000351574795786,0.000210084472201,0.000078595658124,0.0000660275181872,0.0000492116960231,0.0000426945662184,0.0000398174597649,0.0000360265294148,0.0000338018980983,0.000025563635063,0.000021603429559,0.0000220295951294,0.0000145140184031,0.00000866271511768,0.00000723350194676,0.00000688913951308,0.00000801290025265,0.0000483470175823],"dvar":[0.000142425458762,0.000498202105518,0.0000719523013686,0.0000473409018014,0.00002866192699,0.0000197746157937,0.00000799090048531,0.0000050439689403,9.07313221887e-7,7.65860875163e-7,1.30523190478e-7,1.12648219641e-8,5.0999368284e-8,5.05106578785e-9,3.84804055287e-9,4.69918548518e-9,6.54978915549e-9,7.30352178735e-9,3.09207637272e-9,2.78006750953e-9,6.30984242633e-9,1.41385747554e-9,1.68342784157e-10,5.45670834906e-11,4.85277790174e-11,6.44790609794e-11,5.35515010114e-9],"dvar2":[0.000441625830717,0.00134348869324,0.000174045024323,0.000118723211926,0.0000722073673387,0.0000389363485738,0.0000170889852598,0.0000115469883895,0.00000219738763008,0.00000171026795215,3.0766111081e-7,2.94158013503e-8,1.21059841263e-7,1.31683624005e-8,9.69263869166e-9,1.16466702949e-8,1.64552336201e-8,1.65242735051e-8,6.56262644227e-9,5.98543392627e-9,1.45600171919e-8,2.6535278419e-9,3.67766733733e-10,1.37113126408e-10,1.25995769373e-10,1.5533717368e-10,1.21663745745e-8],"max":[0.251127511263,0.422552108765,0.189314872026,0.271923154593,0.101634137332,0.178513899446,0.139714702964,0.105375044048,0.0509565398097,0.0419450514019,0.0196994673461,0.00287797581404,0.0158640705049,0.00233662221581,0.0024908776395,0.00239675329067,0.00288926041685,0.00386119564064,0.00311394082382,0.0036799442023,0.00714281946421,0.00281626079232,0.000931456917897,0.000129806387122,0.000117751660582,0.000200027978281,0.00155658682343],"mean":[0.0105519955978,0.0349746197462,0.0082768201828,0.0048275901936,0.0053544123657,0.00296474527568,0.00264362175949,0.000818692380562,0.000440207630163,0.00035972695332,0.000207677439903,0.0000654972245684,0.0000544905597053,0.0000374443588953,0.0000304433287965,0.0000264830632659,0.0000224201485253,0.0000217440883716,0.0000187370205822,0.0000170623588929,0.0000182195653906,0.000011409644685,0.00000590356376051,0.00000447648608315,0.00000411173550674,0.00000555563383386,0.0000465091361548],"median":[0.00368976546451,0.0290078222752,0.00311641488224,0.00213460158557,0.00298576499335,0.0011940037366,0.000785908778198,0.000128984451294,0.000159905030159,0.000125908321934,0.0000605483073741,0.0000276487080555,0.0000197409444809,0.0000112241841634,0.00000938520952332,0.00000662354523229,0.00000469795895697,0.00000418121953771,0.00000498618646816,0.00000544269050806,0.00000362809464605,0.00000258927980212,0.00000193702908291,0.00000162537139659,0.0000015912961544,0.00000236257233155,0.0000130362441269],"min":[1.20385901267e-23,3.72388227415e-23,3.5957567481e-23,2.54282023723e-23,9.26562887115e-23,1.13497987517e-22,1.95014367489e-23,6.6453074676e-24,7.89960324887e-23,1.4127833645e-22,9.75413067116e-23,1.26026979336e-22,2.40636705371e-22,1.3686647091e-22,2.26669904111e-22,1.92669468981e-22,2.70760261493e-22,2.99817934005e-22,1.38262186732e-22,2.89549312669e-22,3.95139341953e-22,5.50469714505e-22,8.25031528255e-22,7.41728876893e-22,1.14769452067e-21,1.37182048089e-21,2.81353065534e-21],"var":[0.00032077281503,0.00104788236786,0.000228763354244,0.0000825377283036,0.0000471799285151,0.0000563763715036,0.0000804070805316,0.0000146755110109,0.00000232292450164,0.00000154464260049,2.55845293395e-7,1.68751270735e-8,6.06243801826e-8,7.87471066133e-9,5.57391732769e-9,5.84190829045e-9,8.06086664085e-9,1.15170113446e-8,5.73565017703e-9,5.27616617063e-9,1.78304198073e-8,3.65308494565e-9,2.82353140868e-10,6.62426224984e-11,5.0433063975e-11,9.09449598963e-11,9.80549508256e-9]},"barkbands_crest":{"dmean":2.52158284187,"dmean2":4.18021249771,"dvar":5.18302059174,"dvar2":14.3407526016,"max":26.1057777405,"mean":14.6731767654,"median":14.5285263062,"min":4.870616436,"var":16.1082305908},"barkbands_flatness_db":{"dmean":0.0506404004991,"dmean2":0.081337928772,"dvar":0.00180783180986,"dvar2":0.00499950023368,"max":0.591115295887,"mean":0.279354184866,"median":0.274196714163,"min":0.0649337098002,"var":0.0053323940374},"barkbands_kurtosis":{"dmean":16.5983734131,"dmean2":26.9132213593,"dvar":389.046813965,"dvar2":984.002685547,"max":464.112854004,"mean":36.2899398804,"median":27.5062923431,"min":-1.98128807545,"var":1161.85473633},"barkbands_skewness":{"dmean":1.11349654198,"dmean2":1.78920710087,"dvar":1.01506340504,"dvar2":2.5917570591,"max":12.9874773026,"mean":3.8393304348,"median":3.70540046692,"min":-17.9752922058,"var":4.29072380066},"barkbands_spread":{"dmean":1.59313058853,"dmean2":2.52267694473,"dvar":7.53036594391,"dvar2":15.9671287537,"max":108.446258545,"mean":4.36598157883,"median":2.9949400425,"min":0.296318739653,"var":53.9844398499},"dissonance":{"dmean":0.0361089669168,"dmean2":0.0604087784886,"dvar":0.00105922867078,"dvar2":0.00290204980411,"max":0.500000059605,"mean":0.430182307959,"median":0.440345108509,"min":0.134647369385,"var":0.00237420247868},"dynamic_complexity":4.52004480362,"erbbands":{"dmean":[0.634510934353,2.83817863464,5.60023164749,7.07664966583,10.5793075562,10.1782922745,17.3403358459,13.5081291199,13.253370285,15.5398769379,6.78462791443,6.66921710968,6.00989484787,5.76072502136,3.85677957535,1.81361210346,1.75040209293,1.66671264172,1.30085456371,1.39132678509,1.27771425247,1.21710383892,1.18246436119,0.955256462097,0.695498466492,0.641091823578,0.586925923824,0.532465040684,0.349144071341,0.220710083842,0.143511012197,0.0984279587865,0.0685534924269,0.0463176332414,0.0288141276687,0.017262050882,0.00929581187665,0.00496859522536,0.00226097903214,0.00345417344943],"dmean2":[1.03016245365,4.72990942001,9.04826164246,11.4565610886,16.8613491058,16.799955368,28.7178878784,20.850353241,20.8522891998,23.854259491,11.0879173279,10.9683980942,9.53936386108,9.27067089081,6.45931386948,3.00659966469,2.83274412155,2.75172948837,2.14408373833,2.28882026672,2.11497306824,1.98930716515,1.88910162449,1.54233276844,1.09035658836,1.01085710526,0.901029765606,0.833461761475,0.54642033577,0.350755155087,0.231696948409,0.16301459074,0.11518663913,0.0781028494239,0.048567302525,0.0288286749274,0.0152236921713,0.00782623514533,0.00351428100839,0.00553151546046],"dvar":[0.935049414635,23.8862171173,100.799324036,220.902435303,311.793121338,352.022918701,1212.21728516,2077.81274414,595.64440918,4904.06103516,590.244689941,627.900146484,630.401123047,395.475067139,85.3617477417,16.2390232086,43.6553230286,49.019733429,8.13582611084,14.2757396698,14.8404436111,18.0668678284,23.2560749054,10.7191410065,5.92346191406,5.63484430313,8.07779979706,8.81932544708,2.22559642792,0.522134184837,0.0933715850115,0.0303791947663,0.0137343239039,0.00623445538804,0.00242393696681,0.000809016637504,0.000238589782384,0.000146981677972,0.000030961655284,0.0000518890337844],"dvar2":[2.43090510368,65.9785003662,255.161392212,546.819213867,755.088195801,911.371520996,3124.7565918,3792.78442383,1408.37988281,9993.3359375,1383.359375,1518.45800781,1465.42810059,762.468383789,225.857971191,42.2339782715,96.5297241211,121.71710968,20.4789733887,35.652557373,38.7172622681,43.9724693298,52.5017814636,23.8001174927,12.3693113327,11.5931482315,16.6843910217,19.9685649872,4.07345676422,1.15652883053,0.19248072803,0.0718127414584,0.0354473479092,0.0162061974406,0.00628408929333,0.00207565305755,0.000561363645829,0.000284542446025,0.0000622991283308,0.000131081411382],"max":[14.4286365509,115.510246277,210.441162109,625.947998047,461.617523193,285.360107422,830.789489746,2159.13305664,680.303649902,3429.86889648,1438.15991211,1407.00952148,1379.87805176,1595.09423828,319.761535645,116.984092712,545.590209961,466.319213867,75.9715652466,138.104049683,165.397537231,141.342193604,219.963729858,155.847747803,132.833343506,157.250915527,243.276977539,223.811080933,107.979957581,61.0241355896,17.1453800201,4.54504585266,1.96296930313,1.33250379562,0.829973042011,0.473764657974,0.430921912193,0.924241662025,0.392167508602,0.120084859431],"mean":[1.62108516693,5.46437931061,9.97106933594,12.5830278397,18.4614009857,15.1477041245,25.2711429596,23.5837631226,28.8029003143,42.9263343811,12.742143631,11.0898017883,9.92002391815,10.9235754013,5.92187690735,2.67554402351,2.5282959938,2.09112977982,1.64417231083,1.67032432556,1.35995471478,1.27438688278,1.23129451275,1.05188632011,0.840306222439,0.811898052692,0.759349942207,0.680392563343,0.44116050005,0.254319041967,0.158212929964,0.104322403669,0.0695799440145,0.0463715754449,0.0292548723519,0.0182953011245,0.0107717188075,0.00673107849434,0.00431316718459,0.0074339392595],"median":[1.22224891186,3.9097328186,4.50542879105,5.85374927521,9.90041637421,7.70251846313,11.2325162888,9.26043796539,12.3091001511,5.06589746475,3.21922016144,4.05105876923,3.69707107544,3.5935292244,2.36106824875,1.18729889393,0.985659718513,0.631493210793,0.558031618595,0.45066973567,0.340740293264,0.267872363329,0.230697110295,0.251978933811,0.242883250117,0.261609107256,0.182861804962,0.128370657563,0.094229221344,0.0745583623648,0.0525116510689,0.0368607603014,0.0256159733981,0.0176294762641,0.0113520873711,0.00756621966138,0.0046270461753,0.00274348002858,0.00175006815698,0.0034452159889],"min":[9.59074116938e-22,8.86397454786e-21,4.76632034893e-20,4.39321116323e-20,2.5231050785e-19,3.03506913159e-19,7.15986858711e-19,7.5459473832e-19,4.54191639463e-19,2.02622505162e-19,2.61273035636e-19,2.15146430641e-18,3.94160371355e-18,4.00130506067e-18,3.94997478135e-18,6.30287349014e-18,1.02111955917e-17,6.77567007594e-18,1.25092009407e-17,9.10991792988e-18,1.05270421009e-17,1.57631375646e-17,1.23841196516e-17,1.33967491944e-17,1.06600353726e-17,1.32997126367e-17,1.32121555689e-17,1.79486943268e-17,1.91224470724e-17,2.43429129584e-17,2.20661926209e-17,1.59731355611e-17,1.2084305557e-17,1.04867517877e-17,9.82761622528e-18,5.25022329494e-18,2.55340087863e-18,1.08045401033e-18,3.25778932098e-19,5.01721650718e-20],"var":[2.77794122696,36.8204498291,268.3565979,455.978179932,714.927124023,480.163818359,1851.57385254,5851.33496094,2320.10131836,52743.609375,2050.578125,1547.10778809,1107.37072754,1193.07653809,120.51210022,27.0753040314,72.3173065186,58.6284484863,12.4235029221,21.2119483948,16.1815795898,24.5788555145,36.9304733276,17.8709583282,11.844877243,11.3432168961,25.7953777313,21.6862030029,6.13894414902,0.900102376938,0.176334768534,0.0440780632198,0.0152563760057,0.00646335538477,0.00253394036554,0.000897808349691,0.000360116362572,0.000359398894943,0.000101349556644,0.000100150471553]},"erbbands_crest":{"dmean":2.68511176109,"dmean2":4.36257314682,"dvar":5.83451080322,"dvar2":14.9485187531,"max":31.99634552,"mean":10.8908309937,"median":9.81763648987,"min":2.55601644516,"var":22.7388362885},"erbbands_flatness_db":{"dmean":0.0402069464326,"dmean2":0.0644728466868,"dvar":0.00119035784155,"dvar2":0.00323480763473,"max":0.425279080868,"mean":0.172297030687,"median":0.166430041194,"min":0.0549188219011,"var":0.00324107031338},"erbbands_kurtosis":{"dmean":2.86079883575,"dmean2":4.66478013992,"dvar":12.9772853851,"dvar2":33.0898780823,"max":107.433616638,"mean":5.36895942688,"median":3.6006269455,"min":-1.91642212868,"var":54.1719894409},"erbbands_skewness":{"dmean":0.510924696922,"dmean2":0.83016204834,"dvar":0.212770685554,"dvar2":0.542663156986,"max":7.78296375275,"mean":1.41027116776,"median":1.38860929012,"min":-7.54518842697,"var":0.933603942394},"erbbands_spread":{"dmean":8.22982406616,"dmean2":13.1386613846,"dvar":82.0360107422,"dvar2":190.120758057,"max":204.582275391,"mean":23.0316677094,"median":18.5974292755,"min":0.862274229527,"var":348.828643799},"gfcc":{"cov":[[12811.0527344,1119.63586426,-1109.90856934,422.553283691,492.664672852,-56.2641334534,834.720458984,-77.6434783936,601.982177734,210.212127686,189.451019287,289.839416504,20.4653072357],[1119.63586426,1093.88635254,217.833694458,-227.963500977,87.0505981445,-74.6958999634,286.13079834,-100.549110413,131.938369751,-26.407087326,120.858146667,1.56414926052,67.701210022],[-1109.90856934,217.833694458,477.956542969,-24.5669384003,10.3759241104,54.3052253723,13.2358980179,30.2171020508,-22.4075126648,-8.47846508026,48.953250885,-7.79565811157,44.3086662292],[422.553283691,-227.963500977,-24.5669384003,398.213775635,129.122909546,95.3731613159,12.2559614182,65.3670883179,49.6967315674,61.3821296692,-5.43729734421,63.7881469727,0.832281649113],[492.664672852,87.0505981445,10.3759241104,129.122909546,222.968521118,60.7110824585,113.078971863,8.77118873596,60.2607078552,11.3045024872,38.4826011658,29.357421875,34.223903656],[-56.2641334534,-74.6958999634,54.3052253723,95.3731613159,60.7110824585,200.752807617,9.44416809082,84.6505584717,2.98493123055,47.6108322144,11.6147603989,31.4232883453,6.57701587677],[834.720458984,286.13079834,13.2358980179,12.2559614182,113.078971863,9.44416809082,256.863342285,15.204126358,104.849494934,19.1615791321,66.1205291748,34.8082427979,34.4205322266],[-77.6434783936,-100.549110413,30.2171020508,65.3670883179,8.77118873596,84.6505584717,15.204126358,133.373519897,44.3069190979,58.9566459656,25.1052207947,35.6029090881,16.5445671082],[601.982177734,131.938369751,-22.4075126648,49.6967315674,60.2607078552,2.98493123055,104.849494934,44.3069190979,117.877670288,57.8953437805,50.4969863892,42.7505302429,23.7599201202],[210.212127686,-26.407087326,-8.47846508026,61.3821296692,11.3045024872,47.6108322144,19.1615791321,58.9566459656,57.8953437805,92.1916732788,39.7855911255,31.5374355316,6.9072728157],[189.451019287,120.858146667,48.953250885,-5.43729734421,38.4826011658,11.6147603989,66.1205291748,25.1052207947,50.4969863892,39.7855911255,76.5645980835,40.3848571777,35.7253799438],[289.839416504,1.56414926052,-7.79565811157,63.7881469727,29.357421875,31.4232883453,34.8082427979,35.6029090881,42.7505302429,31.5374355316,40.3848571777,77.7450942993,40.0924568176],[20.4653072357,67.701210022,44.3086662292,0.832281649113,34.223903656,6.57701587677,34.4205322266,16.5445671082,23.7599201202,6.9072728157,35.7253799438,40.0924568176,68.2671356201]],"icov":[[0.000187059224118,-0.000275101192528,0.000492779596243,-0.000192312872969,-0.0000624023086857,-9.92448008219e-7,-0.00024635263253,0.00010198977543,-0.000114115893666,-0.000182038653293,0.000140432472108,-0.000489210011438,0.000302076601656],[-0.000275101192528,0.00321270432323,-0.00189139333088,0.00140726892278,0.000754477980081,-0.00127701053862,-0.00100513140205,0.00341057148762,-0.00454238383099,0.00221662037075,-0.00223206169903,0.0021013438236,-0.00117747031618],[0.000492779596243,-0.00189139333088,0.00482910871506,-0.00184165290557,0.000696578004863,-0.000828685064334,0.0000467812387797,-0.00171077146661,0.00210472056642,0.00102009891998,-0.00344624300487,0.00201031961478,-0.00147514406126],[-0.000192312872969,0.00140726892278,-0.00184165290557,0.00634064991027,-0.00420367950574,0.000517487642355,0.000185467215488,0.000257762527326,-0.000876323552802,-0.00370266404934,0.00612501474097,-0.00614478578791,0.0027646983508],[-0.0000624023086857,0.000754477980081,0.000696578004863,-0.00420367950574,0.0114044845104,-0.00523324636742,-0.0019393687835,0.00413619633764,-0.00610989378765,0.00715060485527,-0.00760166160762,0.0077975182794,-0.00556639861315],[-9.92448008219e-7,-0.00127701053862,-0.000828685064334,0.000517487642355,-0.00523324636742,0.0116580454633,-0.000932642898988,-0.0075849480927,0.0102021917701,-0.00813909247518,0.0060578295961,-0.00663922308013,0.00360878743231],[-0.00024635263253,-0.00100513140205,0.0000467812387797,0.000185467215488,-0.0019393687835,-0.000932642898988,0.00961606483907,-0.00107028812636,-0.00588537333533,0.00448897387832,-0.00402565347031,0.00138666096609,0.000397556665121],[0.00010198977543,0.00341057148762,-0.00171077146661,0.000257762527326,0.00413619633764,-0.0075849480927,-0.00107028812636,0.0195415597409,-0.0119179934263,-0.000414610258304,-0.00217761495151,0.00193951488473,-0.00365426531062],[-0.000114115893666,-0.00454238383099,0.00210472056642,-0.000876323552802,-0.00610989378765,0.0102021917701,-0.00588537333533,-0.0119179934263,0.0371866263449,-0.0185982044786,0.00535815069452,-0.00939278490841,0.00277090677992],[-0.000182038653293,0.00221662037075,0.00102009891998,-0.00370266404934,0.00715060485527,-0.00813909247518,0.00448897387832,-0.000414610258304,-0.0185982044786,0.0346743986011,-0.0210742428899,0.00920780841261,0.000861381355207],[0.000140432472108,-0.00223206169903,-0.00344624300487,0.00612501474097,-0.00760166160762,0.0060578295961,-0.00402565347031,-0.00217761495151,0.00535815069452,-0.0210742428899,0.0442108772695,-0.0192438215017,-0.00144891242962],[-0.000489210011438,0.0021013438236,0.00201031961478,-0.00614478578791,0.0077975182794,-0.00663922308013,0.00138666096609,0.00193951488473,-0.00939278490841,0.00920780841261,-0.0192438215017,0.0388254709542,-0.0179994367063],[0.000302076601656,-0.00117747031618,-0.00147514406126,0.0027646983508,-0.00556639861315,0.00360878743231,0.000397556665121,-0.00365426531062,0.00277090677992,0.000861381355207,-0.00144891242962,-0.0179994367063,0.0300548132509]],"mean":[-75.6441726685,128.386291504,-28.0679740906,5.9696969986,-30.1291370392,-7.28425121307,-9.64206695557,-6.58211326599,-9.98476886749,-6.04397296906,-3.31537747383,-3.31853795052,0.756487131119]},"hfc":{"dmean":121.222572327,"dmean2":200.545730591,"dvar":70798.4453125,"dvar2":189777.875,"max":4976.05957031,"mean":251.219314575,"median":115.257385254,"min":1.20552031924e-16,"var":119971.671875},"melbands":{"dmean":[0.00479005277157,0.00308283302002,0.00131739920471,0.000694014132023,0.000574430567212,0.000305976049276,0.000191447135876,0.000158255395945,0.0000512350197823,0.0000405731479987,0.0000314014396281,0.000025264256692,0.0000160335457622,0.00000601940109846,0.00000410378561355,0.00000387833006243,0.00000302114676742,0.00000214345391214,0.00000194738413484,0.00000179222138286,0.00000149173922637,0.00000130759656258,0.00000118012110306,9.46640057009e-7,7.84367216511e-7,5.60840305752e-7,4.62610330487e-7,4.34884526612e-7,3.68136682027e-7,3.66484670167e-7,2.9597273965e-7,2.11136338635e-7,1.53585844487e-7,1.11819609572e-7,8.50320276413e-8,6.83543959212e-8,5.7166673173e-8,4.89711595719e-8,4.27588808805e-8,3.78343010254e-8],"dmean2":[0.00786946620792,0.00502303475514,0.00212617311627,0.00109928729944,0.000950766552705,0.000469278777018,0.000300881685689,0.000245683040703,0.0000851531076478,0.0000668417997076,0.0000498205226904,0.0000406099425163,0.0000268784951913,0.00000992020068225,0.00000684970518705,0.00000624511994829,0.00000503341061631,0.00000354226835952,0.00000322309711009,0.00000294975143333,0.00000249160893873,0.00000214261399378,0.00000193319760911,0.00000152526638431,0.00000127769897063,8.77896582097e-7,7.47685248825e-7,6.91445052325e-7,5.80464188715e-7,5.80353230362e-7,4.62609676788e-7,3.33313920464e-7,2.42729271349e-7,1.80337679012e-7,1.3764116602e-7,1.12261048457e-7,9.54827186206e-8,8.23236874226e-8,7.20692270306e-8,6.39291641846e-8],"dvar":[0.0000505103489559,0.0000288302489935,0.00000640421740172,0.00000122817823467,0.0000013620297068,8.60030070271e-7,1.46821335534e-7,4.93519337397e-7,3.12805887859e-8,2.03809893407e-8,1.75945800152e-8,7.37837746456e-9,1.60540603034e-9,1.93171215135e-10,8.00351659946e-11,6.66086630297e-10,1.24732349449e-10,2.28195743551e-11,2.35122771947e-11,2.74115053572e-11,2.62489439906e-11,2.1637067138e-11,2.90468100961e-11,1.51603660181e-11,7.36705314808e-12,4.54780484105e-12,2.988457138e-12,2.87326933079e-12,3.04100473102e-12,7.27574944737e-12,2.73598158018e-12,1.02780761332e-12,3.05228823987e-13,1.2364627822e-13,3.40766674047e-14,1.76620396368e-14,9.86218925806e-15,7.13055543701e-15,5.31034558435e-15,4.18073821073e-15],"dvar2":[0.000133765366627,0.0000761076735216,0.0000158826042025,0.0000029620391615,0.00000354935946234,0.00000158446437126,3.39726540233e-7,0.00000104039543203,7.55073230607e-8,4.90830807109e-8,4.09326403883e-8,1.46050753713e-8,4.17489021132e-9,4.97525853849e-10,2.06423544924e-10,1.51663559489e-9,3.17499415647e-10,5.87451545742e-11,6.01267577394e-11,6.94529017631e-11,7.23236054379e-11,5.44484353437e-11,7.31192051351e-11,3.20386911445e-11,1.71569737584e-11,9.53159513123e-12,7.03786811815e-12,6.07146017489e-12,6.01264437544e-12,1.87125679535e-11,5.87310105063e-12,1.96484582077e-12,6.23157775381e-13,2.93985891403e-13,7.09792738907e-14,3.80869144003e-14,2.42328316566e-14,1.85003532269e-14,1.37185981298e-14,1.08886432653e-14],"max":[0.0965111553669,0.119569674134,0.0991697311401,0.0266286376864,0.0240202210844,0.0423353463411,0.0136348763481,0.0344758369029,0.00938807893544,0.00790311954916,0.00717691145837,0.00620728870854,0.00130599993281,0.000411842484027,0.000306805508444,0.00205115438439,0.000750868872274,0.000118728683447,0.000210186553886,0.000183728916454,0.000251560471952,0.00017150984786,0.000208993282286,0.000231592173805,0.000112348345283,0.00014123650908,0.0000923861589399,0.000111207766167,0.000125823600683,0.000276383740129,0.000135248206789,0.0000686037310516,0.0000460506089439,0.0000282974324364,0.00000948196156969,0.00000464359072794,0.00000200822091756,0.00000156464761858,0.00000123098072891,0.00000108736162474],"mean":[0.0122949983925,0.00588672235608,0.00250137248076,0.0012041751761,0.000838450388983,0.000556319835596,0.000438550225226,0.000408563792007,0.000084515006165,0.000065249754698,0.0000498630142829,0.0000465984048788,0.0000246729905484,0.00000839194490254,0.00000579609513807,0.00000510746031068,0.00000370570592167,0.00000264437358055,0.00000232041065829,0.00000204825232686,0.00000150595235482,0.00000133744322284,0.00000120503557355,9.84509256341e-7,8.45745034894e-7,6.69871155878e-7,5.42715838492e-7,5.4232708635e-7,4.68521790253e-7,4.56516005443e-7,3.72140760874e-7,2.65839361191e-7,1.8063857965e-7,1.24220548514e-7,9.32582082669e-8,7.35622620596e-8,5.9737317315e-8,4.96227130498e-8,4.27518926926e-8,3.76719349049e-8],"median":[0.0102866571397,0.00348303769715,0.00131594133563,0.000650794361718,0.000396428018576,0.000231091456953,0.000171208841493,0.0000399323180318,0.0000249730910582,0.0000233215341723,0.0000178603277163,0.0000152526217789,0.00000855713369674,0.00000347680816049,0.00000247856860369,0.00000174534534381,0.0000010662005252,8.82975427885e-7,6.87582371484e-7,5.05729360611e-7,3.64329736158e-7,2.82230558923e-7,2.22205713385e-7,1.93100362367e-7,2.02548434913e-7,1.85006072684e-7,1.6070067943e-7,1.73546709448e-7,1.20588353525e-7,8.19108123551e-8,6.93378012784e-8,5.28358548024e-8,4.61905145244e-8,3.88082490588e-8,3.07626422114e-8,2.51948133467e-8,2.11376054438e-8,1.80673769279e-8,1.59517430376e-8,1.43070515435e-8],"min":[9.47072639562e-24,2.03404455418e-23,1.5250132802e-23,1.96505219936e-23,2.18231632557e-23,1.84046629219e-23,6.43756134264e-24,2.12048394843e-24,2.90956474863e-24,1.38681084495e-23,1.98073743628e-23,1.59782687724e-23,1.45633520756e-23,1.02438495258e-23,2.80688006566e-23,1.70510628056e-23,1.16776941512e-23,1.85742285735e-23,1.67852734785e-23,1.35663107775e-23,1.10671576201e-23,1.85232918249e-23,9.51290284391e-24,1.41084238802e-23,1.02413874909e-23,6.51149969756e-24,8.94346991037e-24,8.88679419863e-24,7.87191044457e-24,8.84560382647e-24,1.07065180244e-23,1.07539072656e-23,1.07018590119e-23,1.51142199566e-23,1.29837827529e-23,1.179684528e-23,8.89348531683e-24,9.30673956836e-24,7.95922156956e-24,8.58021129643e-24],"var":[0.000134239060571,0.0000596034224145,0.0000141413183883,0.00000259332068708,0.00000190396656308,0.00000251074038715,8.42093868414e-7,0.00000465565972263,8.52391792705e-8,4.81330282298e-8,3.02704243893e-8,2.13983675224e-8,2.53960474872e-9,2.98079311234e-10,1.41146552779e-10,7.87397202995e-10,1.50981990799e-10,3.3869851368e-11,3.43263438507e-11,3.52133461279e-11,2.47508194495e-11,2.69203964676e-11,3.71802658106e-11,2.56503342871e-11,1.10371156659e-11,8.46214591455e-12,5.21713358279e-12,5.09831326462e-12,8.11062068201e-12,1.50853409625e-11,5.98560307222e-12,2.65285666698e-12,6.41688687863e-13,1.73795887078e-13,6.25122173535e-14,3.03952182705e-14,1.29203703739e-14,7.96349375603e-15,5.60037686527e-15,4.2959821254e-15]},"melbands_crest":{"dmean":3.31771278381,"dmean2":5.41700601578,"dvar":10.0296411514,"dvar2":27.1070365906,"max":38.3513526917,"mean":22.8633499146,"median":22.3341884613,"min":2.21057319641,"var":48.3700752258},"melbands_flatness_db":{"dmean":0.0599251873791,"dmean2":0.0961953178048,"dvar":0.00250008376315,"dvar2":0.00689434632659,"max":0.744511723518,"mean":0.414425224066,"median":0.41075605154,"min":0.00741947256029,"var":0.00689875148237},"melbands_kurtosis":{"dmean":18.7627677917,"dmean2":30.0611228943,"dvar":728.704528809,"dvar2":1729.49353027,"max":713.111083984,"mean":38.1831970215,"median":24.5611515045,"min":-1.96875500679,"var":2155.62988281},"melbands_skewness":{"dmean":1.08479321003,"dmean2":1.72114026546,"dvar":1.15987694263,"dvar2":2.83004045486,"max":20.014383316,"mean":3.90615344048,"median":3.58724069595,"min":-10.3238353729,"var":5.19997406006},"melbands_spread":{"dmean":1.26050209999,"dmean2":1.98950791359,"dvar":11.3301897049,"dvar2":22.0330352783,"max":302.676452637,"mean":3.53198766708,"median":2.50474357605,"min":0.168716356158,"var":86.6567306519},"mfcc":{"cov":[[9256.68066406,596.984680176,-782.661071777,320.239715576,-10.0738487244,223.078323364,69.9504623413,152.558074951,248.511306763,309.03894043,214.73651123,171.696517944,135.066802979],[596.984680176,1430.78112793,278.841644287,-112.191078186,-117.950111389,-0.641280353069,112.640068054,27.6654071808,40.6391296387,51.5494918823,15.5390348434,8.44277954102,75.3458251953],[-782.661071777,278.841644287,418.180755615,-12.8620195389,26.1146316528,-6.65863275528,45.1133575439,13.2618169785,-5.1336889267,-4.03482103348,-3.40090680122,6.62875318527,17.6197414398],[320.239715576,-112.191078186,-12.8620195389,249.780471802,74.4090881348,69.3112411499,18.2137908936,40.3505439758,39.7102432251,35.9159812927,19.7606925964,18.0027770996,16.8468170166],[-10.0738487244,-117.950111389,26.1146316528,74.4090881348,174.348968506,71.667427063,32.642036438,32.8011322021,19.5170040131,6.07724428177,17.4658870697,11.657286644,3.32198858261],[223.078323364,-0.641280353069,-6.65863275528,69.3112411499,71.667427063,124.956970215,59.7585601807,39.2189064026,28.8544406891,28.1204662323,18.4428577423,13.1285810471,9.33312702179],[69.9504623413,112.640068054,45.1133575439,18.2137908936,32.642036438,59.7585601807,103.586524963,55.8240852356,31.7204055786,29.8746089935,13.5234146118,15.3943061829,28.3291549683],[152.558074951,27.6654071808,13.2618169785,40.3505439758,32.8011322021,39.2189064026,55.8240852356,88.7860870361,51.6149406433,22.6643466949,21.9788475037,23.0432529449,18.5443382263],[248.511306763,40.6391296387,-5.1336889267,39.7102432251,19.5170040131,28.8544406891,31.7204055786,51.6149406433,65.5224914551,45.0932502747,30.7645568848,23.9172592163,20.8075866699],[309.03894043,51.5494918823,-4.03482103348,35.9159812927,6.07724428177,28.1204662323,29.8746089935,22.6643466949,45.0932502747,71.8266601562,43.7608642578,29.3285083771,28.7477836609],[214.73651123,15.5390348434,-3.40090680122,19.7606925964,17.4658870697,18.4428577423,13.5234146118,21.9788475037,30.7645568848,43.7608642578,59.6995201111,44.4502220154,26.6984920502],[171.696517944,8.44277954102,6.62875318527,18.0027770996,11.657286644,13.1285810471,15.3943061829,23.0432529449,23.9172592163,29.3285083771,44.4502220154,57.8943595886,37.466709137],[135.066802979,75.3458251953,17.6197414398,16.8468170166,3.32198858261,9.33312702179,28.3291549683,18.5443382263,20.8075866699,28.7477836609,26.6984920502,37.466709137,53.3262863159]],"icov":[[0.00018746603746,-0.000187776429811,0.00044825556688,-0.000155780755449,-0.0000537340420124,-0.000128096202388,0.000252479250776,-0.000198591107619,0.0000825847164379,-0.000608605274465,0.000200353184482,-0.000478371192003,0.000183957759873],[-0.000187776429811,0.00130453659222,-0.00114829244558,0.000581757107284,0.00105650711339,-0.000261185370618,-0.00105413212441,0.000755321583711,-0.00121082679834,0.00106792640872,-0.00115763582289,0.0023146122694,-0.00204464583658],[0.00044825556688,-0.00114829244558,0.00419067731127,-0.000623446481768,-0.0014131028438,0.001125424169,-0.00076127628563,-0.00065764709143,0.00154164130799,-0.00160000962205,0.00143665913492,-0.00270121311769,0.0012631554855],[-0.000155780755449,0.000581757107284,-0.000623446481768,0.00606127362698,-0.00127207208425,-0.00266748876311,0.00293408147991,-0.00208132737316,-0.00048170943046,-0.00270591513254,0.00240508140996,0.000878809078131,-0.00259998603724],[-0.0000537340420124,0.00105650711339,-0.0014131028438,-0.00127207208425,0.00960966665298,-0.00441255932674,-0.00136084307451,0.000693133333698,-0.00247989781201,0.00549214007333,-0.00560614280403,0.00298135261983,-0.00111335911788],[-0.000128096202388,-0.000261185370618,0.001125424169,-0.00266748876311,-0.00441255932674,0.0165187809616,-0.00919270887971,0.00123343674932,0.000376288371626,-0.00193381763529,-0.000133070047013,-0.00261325296015,0.00580109469593],[0.000252479250776,-0.00105413212441,-0.00076127628563,0.00293408147991,-0.00136084307451,-0.00919270887971,0.0269236862659,-0.0162746626884,0.00836636964232,-0.0113983536139,0.00762385455891,0.00314000248909,-0.00991811230779],[-0.000198591107619,0.000755321583711,-0.00065764709143,-0.00208132737316,0.000693133333698,0.00123343674932,-0.0162746626884,0.0359002314508,-0.0291386265308,0.0183294881135,-0.00572621636093,-0.00439858995378,0.00365871051326],[0.0000825847164379,-0.00121082679834,0.00154164130799,-0.00048170943046,-0.00247989781201,0.000376288371626,0.00836636964232,-0.0291386265308,0.0544191151857,-0.0298224575818,0.00424217572436,-0.00129524164367,0.000550698081497],[-0.000608605274465,0.00106792640872,-0.00160000962205,-0.00270591513254,0.00549214007333,-0.00193381763529,-0.0113983536139,0.0183294881135,-0.0298224575818,0.0523776002228,-0.0316312611103,0.0139375580475,-0.00946205761284],[0.000200353184482,-0.00115763582289,0.00143665913492,0.00240508140996,-0.00560614280403,-0.000133070047013,0.00762385455891,-0.00572621636093,0.00424217572436,-0.0316312611103,0.0662708953023,-0.0437708571553,0.011178043671],[-0.000478371192003,0.0023146122694,-0.00270121311769,0.000878809078131,0.00298135261983,-0.00261325296015,0.00314000248909,-0.00439858995378,-0.00129524164367,0.0139375580475,-0.0437708571553,0.0689158290625,-0.0348242931068],[0.000183957759873,-0.00204464583658,0.0012631554855,-0.00259998603724,-0.00111335911788,0.00580109469593,-0.00991811230779,0.00365871051326,0.000550698081497,-0.00946205761284,0.011178043671,-0.0348242931068,0.0483870692551]],"mean":[-753.176574707,185.814849854,49.2085838318,33.2168006897,6.05323076248,9.97798442841,7.43935728073,5.19794225693,2.58693909645,1.13953697681,-2.35168719292,-1.06975460052,2.36328601837]},"pitch_salience":{"dmean":0.0783920139074,"dmean2":0.127084314823,"dvar":0.00470288889483,"dvar2":0.0125367287546,"max":0.921635150909,"mean":0.436548918486,"median":0.439796477556,"min":0.066872626543,"var":0.021394720301},"silence_rate_20dB":{"dmean":0.00116221152712,"dmean2":0.00232461607084,"dvar":0.00116069917567,"dvar2":0.00348084419966,"max":1,"mean":0.999418914318,"median":1,"min":0,"var":0.000580782303587},"silence_rate_30dB":{"dmean":0.119541756809,"dmean2":0.239103361964,"dvar":0.105246216059,"dvar2":0.238034397364,"max":1,"mean":0.676018953323,"median":1,"min":0,"var":0.219032824039},"silence_rate_60dB":{"dmean":0.00332060432993,"dmean2":0.00664176000282,"dvar":0.00330998701975,"dvar2":0.00726340524852,"max":1,"mean":0.0618411228061,"median":0,"min":0,"var":0.0580212175846},"spectral_centroid":{"dmean":88.1680755615,"dmean2":136.469818115,"dvar":31554.0195312,"dvar2":52091.4609375,"max":10956.4511719,"mean":395.1824646,"median":311.47555542,"min":120.874557495,"var":361030.875},"spectral_complexity":{"dmean":1.91266810894,"dmean2":3.1136572361,"dvar":4.93550300598,"dvar2":11.2700805664,"max":44,"mean":8.44401073456,"median":8,"min":0,"var":18.6839885712},"spectral_contrast_coeffs":{"dmean":[0.0531737208366,0.0522343553603,0.038638330996,0.0374528840184,0.0296756625175,0.0224733687937],"dmean2":[0.0883114933968,0.086735136807,0.0641717016697,0.0623777993023,0.0494489371777,0.0354567095637],"dvar":[0.00181815959513,0.00175923597999,0.000940707803238,0.000937539851293,0.00069868582068,0.000737463298719],"dvar2":[0.00504013011232,0.00489754509181,0.00255730282515,0.00251244264655,0.00175127456896,0.00154979608487],"max":[-0.289323985577,-0.331633776426,-0.517749071121,-0.616665244102,-0.708625197411,-0.476749926805],"mean":[-0.675846636295,-0.734581053257,-0.812272965908,-0.8874579072,-0.905605971813,-0.839540243149],"median":[-0.686283588409,-0.740414857864,-0.813766896725,-0.886129677296,-0.911512076855,-0.850389838219],"min":[-0.970015525818,-0.987869679928,-0.964223861694,-0.986924827099,-0.975287735462,-0.957267582417],"var":[0.00874543003738,0.00593384122476,0.0033873678185,0.00291837123223,0.00227332743816,0.00230240705423]},"spectral_contrast_valleys":{"dmean":[0.363784015179,0.428534686565,0.450340360403,0.678386449814,0.719394087791,0.695133030415],"dmean2":[0.605499207973,0.697059392929,0.727590799332,1.11219739914,1.18091166019,1.14644527435],"dvar":[0.106892898679,0.160080567002,0.172636732459,0.357221782207,0.404058814049,0.36013507843],"dvar2":[0.249526232481,0.374899208546,0.414194613695,0.940733373165,1.05409288406,0.938908874989],"max":[-4.65232038498,-4.41494703293,-5.4488902092,-5.99400472641,-5.81969928741,-8.64706039429],"mean":[-6.48322343826,-6.79547929764,-7.76401042938,-8.56516838074,-8.66758918762,-11.0541276932],"median":[-6.07558822632,-6.58774900436,-7.57380628586,-8.38414669037,-8.48923492432,-10.9253931046],"min":[-26.8575649261,-27.2781162262,-27.5157146454,-27.0880661011,-27.2627449036,-27.3631305695],"var":[2.17008876801,1.53035068512,1.45776677132,1.56793820858,1.56393420696,1.11116743088]},"spectral_decrease":{"dmean":5.98947336172e-9,"dmean2":9.75807612491e-9,"dvar":6.2288956674e-17,"dvar2":1.66977073965e-16,"max":3.36219727615e-8,"mean":-1.59031809943e-8,"median":-1.39062086291e-8,"min":-1.26303291381e-7,"var":1.74477709532e-16},"spectral_energy":{"dmean":0.0262758228928,"dmean2":0.0424642935395,"dvar":0.00125304132234,"dvar2":0.00329871335998,"max":0.601050913334,"mean":0.0828084051609,"median":0.0757384598255,"min":1.1166720973e-20,"var":0.00334301381372},"spectral_energyband_high":{"dmean":0.0000642610102659,"dmean2":0.000100648787338,"dvar":2.62105022131e-8,"dvar2":4.88257363429e-8,"max":0.0107482383028,"mean":0.0000908357833396,"median":0.0000348085814039,"min":7.75884347803e-21,"var":8.39576799194e-8},"spectral_energyband_low":{"dmean":0.0202728044242,"dmean2":0.0331452377141,"dvar":0.000815479201265,"dvar2":0.00216027325951,"max":0.504916727543,"mean":0.0540426708758,"median":0.0465772636235,"min":8.62148860106e-23,"var":0.00207352358848},"spectral_energyband_middle_high":{"dmean":0.000440719013568,"dmean2":0.000699175172485,"dvar":0.00000119395247111,"dvar2":0.00000275768297797,"max":0.0410977751017,"mean":0.000822438159958,"median":0.000352361937985,"min":1.9854315815e-21,"var":0.00000296427469948},"spectral_energyband_middle_low":{"dmean":0.00678728707135,"dmean2":0.0108009288087,"dvar":0.000121899531223,"dvar2":0.000300327141304,"max":0.293536096811,"mean":0.0171187222004,"median":0.0102297356352,"min":3.93803377611e-22,"var":0.000476232933579},"spectral_entropy":{"dmean":0.491336524487,"dmean2":0.792494237423,"dvar":0.178067550063,"dvar2":0.477403908968,"max":9.79488945007,"mean":6.64634084702,"median":6.64662790298,"min":4.38516712189,"var":0.421383529902},"spectral_flux":{"dmean":0.033443517983,"dmean2":0.055358171463,"dvar":0.00152906193398,"dvar2":0.00377261266112,"max":0.591101109982,"mean":0.114671222866,"median":0.108874492347,"min":1.05672706696e-10,"var":0.00494284881279},"spectral_kurtosis":{"dmean":12.543712616,"dmean2":20.9644603729,"dvar":266.376678467,"dvar2":721.038269043,"max":207.763290405,"mean":21.9420108795,"median":16.866186142,"min":-1.6408598423,"var":309.121490479},"spectral_rms":{"dmean":0.00130845862441,"dmean2":0.00208109873347,"dvar":0.00000216274202103,"dvar2":0.00000559715590498,"max":0.0242155138403,"mean":0.00828494597226,"median":0.00859599746764,"min":3.30066074299e-12,"var":0.000012148562746},"spectral_rolloff":{"dmean":2903.83691406,"dmean2":5747.69091797,"dvar":51148868,"dvar2":133582064,"max":22028.4667969,"mean":8820.80859375,"median":409.130859375,"min":43.06640625,"var":110693064},"spectral_skewness":{"dmean":1.02179563046,"dmean2":1.66365969181,"dvar":1.12264788151,"dvar2":3.04200077057,"max":12.4788169861,"mean":3.55413079262,"median":3.33360695839,"min":-1.32878148556,"var":1.89810276031},"spectral_spread":{"dmean":944537.5625,"dmean2":1532921.75,"dvar":719481077760,"dvar2":1719107846140,"max":41403224,"mean":4098940.25,"median":3961207.5,"min":945618.9375,"var":3845531369470},"spectral_strongpeak":{"dmean":4.85908699036,"dmean2":9.24031257629,"dvar":469.966827393,"dvar2":1349.24047852,"max":309.358551025,"mean":3.61088895798,"median":0.403741180897,"min":0,"var":316.832000732},"zerocrossingrate":{"dmean":0.0390698350966,"dmean2":0.0524898096919,"dvar":0.00130226055626,"dvar2":0.00239982758649,"max":0.83935546875,"mean":0.20960471034,"median":0.18359375,"min":0.00244140625,"var":0.0196468587965}},"metadata":{"audio_properties":{"analysis_sample_rate":44100,"bit_rate":160000,"codec":"mp3","downmix":"mix","equal_loudness":0,"length":279.693054199,"lossless":false,"md5_encoded":"c4372c9d9c5b65abddc0cab4b8cf9766","replay_gain":-7.25584030151,"sample_rate":44100},"tags":{"album":["In Rainbows"],"album artist credit":["Radiohead"],"albumartist":["Radiohead"],"albumartistsort":["Radiohead"],"artist":["Radiohead"],"artist credit":["Radiohead"],"artistsort":["Radiohead"],"bpm":["0"],"catalognumber":["88088-21623-1"],"copyright":["_XURBIA_XENDLESS LIMITED"],"date":["2008-01-01"],"discnumber":["1/1"],"file_name":"10 - Radiohead - Videotape.mp3","genre":["Alternative Pop / Rock"],"isrc":["GB-STK-07-00010"],"label":["RED Distribution, LLC"],"language":["eng"],"media":["12\" Vinyl"],"musicbrainz album release country":["US"],"musicbrainz album type":["album"],"musicbrainz_albumartistid":["a74b1b7f-71a5-4011-9441-d0b5e4122711"],"musicbrainz_albumid":["219e7d7c-806c-44b3-9972-cdb3614b3411"],"musicbrainz_artistid":["a74b1b7f-71a5-4011-9441-d0b5e4122711"],"musicbrainz_recordingid":["ff674644-ca13-45dd-abea-4bbf17128d31"],"musicbrainz_releasegroupid":["6e335887-60ba-38f0-95af-fae7774336bf"],"originaldate":["2007-10-10"],"replaygain_album_gain":["0.00 dB"],"replaygain_album_peak":["0.000000"],"replaygain_track_gain":["0.00 dB"],"replaygain_track_peak":["0.000000"],"script":["Latn"],"title":["Videotape"],"tracknumber":["10/10"]},"version":{"essentia":"2.1-beta1","essentia_build_sha":"5a811adb4c06fd6d02ca903f7349a26d851abfa8","essentia_git_sha":"v2.1_beta1-34-gf95df8b","extractor":"music 1.0"}},"rhythm":{"beats_count":377,"beats_loudness":{"dmean":0.0499474182725,"dmean2":0.0885021165013,"dvar":0.00237833126448,"dvar2":0.00697546172887,"max":0.319936513901,"mean":0.112463906407,"median":0.111051686108,"min":5.43395977104e-8,"var":0.00517402077094},"beats_loudness_band_ratio":{"dmean":[0.164759531617,0.102528057992,0.0623025931418,0.00643748603761,0.002246