{"lowlevel":{"average_loudness":0.89267206192,"barkbands":{"dmean":[0.00128222862259,0.00956436991692,0.00387140549719,0.00166743260343,0.00170289119706,0.000443567492766,0.000607565278187,0.000394596805563,0.000728148850612,0.000506511365529,0.000533457379788,0.000311017880449,0.000253850914305,0.000422342505772,0.000357239652658,0.000407611078117,0.000399376556743,0.000253882870311,0.000226201780606,0.000204750293051,0.000165683231899,0.00011938593525,0.000107439409476,0.0000792076025391,0.0000615759636275,0.0000252195113717,0.00000667393214826],"dmean2":[0.00201272219419,0.0159157626331,0.00660973135382,0.00273710652255,0.00287495623343,0.000725059537217,0.00101259944495,0.000629679707345,0.00118049362209,0.00081343826605,0.000903992797248,0.000518686545547,0.000425597565481,0.000704518693965,0.000589322880842,0.000671070592944,0.000660027202684,0.000424639467383,0.00037396029802,0.000340175552992,0.000281547225313,0.000208373661735,0.000191603510757,0.000135202426463,0.0000943972481764,0.0000370540255972,0.00000988973715721],"dvar":[0.0000058409605117,0.000337280915119,0.0000396952309529,0.00000625742359261,0.00001560750934,7.93148160483e-7,0.00000177826836989,9.73259943748e-7,0.0000031706840673,0.00000147537457451,0.00000194264907805,4.56999600829e-7,3.07657018084e-7,6.46640557989e-7,4.31209315366e-7,3.52625960431e-7,4.51704750049e-7,1.65528632579e-7,1.13545532088e-7,9.48419867086e-8,6.48957794169e-8,6.58621175376e-8,6.73171101084e-8,3.04196028367e-8,1.11067883779e-8,1.82553694383e-9,1.35986819028e-10],"dvar2":[0.0000129966338136,0.000894489174243,0.000110022330773,0.0000157702907018,0.0000411636901845,0.00000195524330593,0.00000459414104625,0.00000211775773096,0.00000779714264354,0.00000342132148035,0.00000555634733246,0.00000121626226246,7.64963715483e-7,0.00000163690742738,0.00000112447162337,8.86110626652e-7,0.00000114192232559,4.54970120245e-7,3.07365240815e-7,2.50567296689e-7,1.80643496606e-7,1.87724040757e-7,1.92420515077e-7,8.70226628535e-8,2.7938634517e-8,4.3006171957e-9,3.10140219062e-10],"max":[0.0279504489154,0.170617967844,0.0827243328094,0.0452534481883,0.0478643216193,0.0177956763655,0.0211542937905,0.0353735685349,0.0539342314005,0.0282842889428,0.0247354041785,0.0175312701613,0.01398483105,0.0169159900397,0.0149519573897,0.0164265930653,0.0170004814863,0.0128199309111,0.00899895187467,0.00836140755564,0.00390381319448,0.00457353051752,0.00319440476596,0.0020751459524,0.00147067464422,0.000736755377147,0.000155329034897],"mean":[0.00148630188778,0.0120299104601,0.00560619868338,0.00270493724383,0.00237702904269,0.000721812131815,0.000895984878298,0.000674364564475,0.0012530151289,0.000805827730801,0.000804338022135,0.00051017163787,0.000402975769248,0.000703067984432,0.000609560695011,0.000776086351834,0.000784672156442,0.000540697423276,0.000506654498167,0.000492572260555,0.00038432556903,0.000235398489167,0.000183914453373,0.000169134465978,0.000170809304109,0.0000696133356541,0.0000205325541174],"median":[0.000511341204401,0.00509641505778,0.00337801873684,0.00168971880339,0.00130394485313,0.000321037543472,0.000310855131829,0.000209924997762,0.00044348067604,0.000300176150631,0.000222583010327,0.000224444171181,0.000177937414264,0.000418856419856,0.000341843726346,0.000562354340218,0.000560030108318,0.000398793723434,0.000404371967306,0.000405757891713,0.000289975636406,0.000115934417408,0.0000988177780528,0.000101099962194,0.0000887878559297,0.0000313345553877,0.00000770629139879],"min":[9.34602957461e-25,3.22577293717e-24,1.40786415707e-25,1.57482817003e-24,7.95239082298e-24,8.58536650244e-24,1.12511602152e-23,7.55796352581e-24,2.55346133975e-23,1.56755970426e-23,2.35703292332e-23,2.82569502934e-23,3.03162874637e-23,4.06459729445e-23,4.23976354291e-23,7.73205361023e-23,8.57510799746e-23,1.1624929454e-22,1.24554056119e-22,2.01483405565e-22,3.39944877494e-22,3.30517623645e-22,4.45393643878e-22,6.26312897148e-22,1.01216816666e-21,1.29987273126e-21,2.02666742361e-21],"var":[0.00000759750673751,0.000393624504795,0.0000500702917634,0.000011446222743,0.0000162000487762,0.00000153261703417,0.00000269541101261,0.00000296136954603,0.0000101837194961,0.00000299944531434,0.00000371217788597,9.02041790596e-7,6.59761894894e-7,0.00000113994451567,8.19613205749e-7,8.40667894408e-7,9.92284185486e-7,4.03205717703e-7,2.3905801072e-7,2.12177056369e-7,1.412246462e-7,9.46422957782e-8,6.54338521144e-8,4.28421493837e-8,4.09205895835e-8,7.43796579883e-9,7.11762593308e-10]},"barkbands_crest":{"dmean":3.03835439682,"dmean2":5.01332473755,"dvar":8.24093818665,"dvar2":21.1733455658,"max":26.9169921875,"mean":10.4739627838,"median":9.12888813019,"min":2.01889395714,"var":28.8410968781},"barkbands_flatness_db":{"dmean":0.024496672675,"dmean2":0.0377903170884,"dvar":0.000840807275381,"dvar2":0.00174040277489,"max":1,"mean":0.110670804977,"median":0.0906017944217,"min":0.0136429220438,"var":0.00611133500934},"barkbands_kurtosis":{"dmean":11.7590761185,"dmean2":19.0832595825,"dvar":5708.71289063,"dvar2":16541.421875,"max":3201.11328125,"mean":15.555729866,"median":0.598478078842,"min":-1.89547228813,"var":10186.2617188},"barkbands_skewness":{"dmean":0.803729176521,"dmean2":1.26699566841,"dvar":2.09103941917,"dvar2":5.44368171692,"max":40.6484489441,"mean":1.91182768345,"median":1.22506690025,"min":-2.62584090233,"var":7.73935222626},"barkbands_spread":{"dmean":7.00005054474,"dmean2":11.1660671234,"dvar":49.2490081787,"dvar2":117.661323547,"max":85.3701248169,"mean":30.602355957,"median":30.9667472839,"min":0.00306499865837,"var":204.583267212},"dissonance":{"dmean":0.00990188866854,"dmean2":0.0169895086437,"dvar":0.000143047102029,"dvar2":0.000397248251829,"max":0.500000119209,"mean":0.483922719955,"median":0.487855225801,"min":0.108481556177,"var":0.000204251584364},"dynamic_complexity":4.38313341141,"erbbands":{"dmean":[0.339297294617,2.09347987175,4.1730389595,4.95145511627,6.0929608345,5.66125249863,3.6913318634,4.08411169052,7.97617292404,9.32898521423,7.80278778076,16.3662719727,16.3421020508,15.9109315872,19.7009773254,12.6579999924,11.1431970596,18.050201416,21.7538986206,15.0294704437,23.9459018707,20.6845798492,13.7584609985,11.4548273087,11.2001132965,9.99434757233,7.02617311478,6.55104780197,4.45566320419,3.35383296013,3.14090466499,2.29818677902,1.0368925333,0.791705489159,0.403171420097,0.162992969155,0.0386932715774,0.00720411399379,0.00111336680129,0.0000770705810282],"dmean2":[0.555521011353,3.64708471298,7.23681497574,8.24465942383,10.0840902328,9.73303318024,6.24167203903,6.77321815491,13.4355106354,15.0064926147,12.4151725769,26.3900756836,26.3591003418,25.8221340179,33.619392395,21.1385288239,18.5712871552,30.2201251984,35.7981071472,25.1116256714,39.1976699829,33.9805450439,23.0064048767,19.0074081421,18.3909492493,16.7055702209,11.6539134979,11.3648757935,7.78349542618,5.86578083038,5.60520553589,4.07808876038,1.67753839493,1.2317109108,0.619189441204,0.2475720644,0.057360406965,0.0105680795386,0.00167601578869,0.00011734002328],"dvar":[0.426587343216,17.6102027893,50.8979110718,56.0891952515,117.58769989,192.987457275,49.6560211182,74.1731796265,362.177764893,375.829193115,330.945404053,1706.54992676,1793.29418945,1396.41589355,2668.96972656,779.438659668,579.432861328,1354.10266113,1665.87011719,692.909790039,1241.87133789,1200.21118164,490.505859375,337.901367188,269.475463867,224.742156982,100.940856934,139.470367432,91.3461608887,49.8140945435,60.7085952759,37.0677490234,2.97420358658,1.61846780777,0.520059466362,0.0834717825055,0.00406460044906,0.000140999094583,0.00000389663637179,1.43994549617e-8],"dvar2":[1.04821062088,49.2264862061,143.575363159,152.210235596,310.957366943,523.165405273,128.136962891,186.187713623,956.777404785,902.567626953,720.797790527,4149.34521484,4334.30664063,3491.9140625,7954.03222656,2077.0637207,1477.93444824,3435.20410156,4230.31787109,1846.98754883,3076.15820313,2981.77539063,1349.17407227,895.50579834,709.979370117,610.541442871,275.066650391,397.077636719,259.754058838,141.117279053,174.036270142,106.768836975,7.87894964218,4.07640457153,1.32143819332,0.206236556172,0.00948997400701,0.000310940871714,0.00000909993923415,3.35528227424e-8],"max":[7.45164680481,42.4549026489,74.6870346069,99.6276702881,137.194244385,193.868087769,121.534584045,176.660308838,311.195831299,413.321685791,701.846191406,1227.46105957,1239.49389648,915.387023926,1039.98840332,870.198425293,604.756591797,852.729309082,802.08001709,531.688964844,1041.6348877,964.604309082,609.03112793,616.118041992,482.08493042,311.680053711,220.117828369,176.41734314,167.209274292,99.6164093018,81.6721801758,72.6346511841,32.792930603,18.2854251862,10.7008314133,4.79616308212,1.88551616669,0.15551148355,0.0238600838929,0.00170047511347],"mean":[0.423719882965,2.40867805481,5.78424358368,8.80988883972,9.00678443909,7.20894622803,5.57904529572,6.40267324448,11.0466623306,15.9462041855,14.7173595428,28.1669712067,28.9600410461,26.3855781555,31.7199687958,21.965681076,19.4774284363,30.8650226593,39.7229003906,28.7238826752,48.1871032715,43.7854881287,30.9773597717,25.9155826569,26.2250137329,23.9842224121,17.3253650665,13.348528862,8.72622776031,6.41092634201,5.26533889771,3.8477036953,2.7549405098,2.15066194534,1.02537047863,0.417127102613,0.107621252537,0.021064620465,0.00328834005632,0.000259316322627],"median":[0.154921203852,0.99996984005,3.49792933464,6.42003965378,5.47450351715,3.6259458065,2.79246163368,2.65273141861,4.05478143692,5.43444824219,5.71086502075,10.830947876,11.0360937119,10.5739984512,10.7229995728,10.3806056976,9.39295387268,18.4103908539,22.8876132965,20.0806102753,35.654586792,32.9714012146,23.456823349,20.6726112366,21.0549583435,19.8615226746,13.8256902695,8.83416748047,4.42999219894,3.18406200409,2.84915113449,2.08920812607,1.66752672195,1.12621772289,0.492533653975,0.189084604383,0.0492300502956,0.00926999375224,0.00128387426957,0.00014454506163],"min":[1.08628342838e-22,8.96910867865e-22,3.40724822378e-21,4.22085023037e-21,6.91251654235e-21,1.99976341457e-20,2.31464263944e-20,7.30729737542e-20,8.58910097628e-20,2.737031304e-19,3.73915286129e-19,6.36878613648e-19,8.62608603092e-19,9.56218306569e-19,1.35357488313e-18,1.56454088771e-18,1.7060597032e-18,2.36429746443e-18,2.41677731801e-18,2.9682245112e-18,4.35367407545e-18,6.05736338921e-18,5.71740415157e-18,8.94514355186e-18,9.05853098868e-18,1.03347863014e-17,1.1623420372e-17,1.35185639473e-17,1.16103988948e-17,1.30038781081e-17,1.35362325252e-17,1.12883129623e-17,1.13170293644e-17,8.7773458287e-18,7.77888423543e-18,4.13920185905e-18,2.51801988229e-18,1.00007966195e-18,2.63394702209e-19,2.86252377946e-20],"var":[0.512933790684,17.8429965973,54.6599617004,88.3837432861,144.193557739,183.510955811,85.34034729,133.260025024,464.237976074,878.797668457,1122.34216309,5261.46777344,4986.81738281,2921.62133789,5132.55126953,1604.22509766,1276.33081055,2119.74511719,3594.07910156,1163.30810547,3274.74047852,2913.50878906,1181.08581543,775.521972656,655.484008789,477.066375732,269.402191162,215.48374939,130.776580811,67.9899978638,55.664981842,32.5101127625,9.60224723816,6.20954847336,1.62765097618,0.280522018671,0.0174729879946,0.000701920827851,0.0000184110449482,7.89570364645e-8]},"erbbands_crest":{"dmean":2.22017836571,"dmean2":3.63074326515,"dvar":5.65535449982,"dvar2":14.0705747604,"max":35.7713661194,"mean":7.42166185379,"median":5.96141576767,"min":2.26236748695,"var":19.7646064758},"erbbands_flatness_db":{"dmean":0.0134486993775,"dmean2":0.0206082351506,"dvar":0.000205336560612,"dvar2":0.000454661698313,"max":0.340042382479,"mean":0.124563828111,"median":0.116861492395,"min":0.0336725376546,"var":0.00180926232133},"erbbands_kurtosis":{"dmean":0.894147455692,"dmean2":1.46092140675,"dvar":32.198135376,"dvar2":63.8774185181,"max":319.86920166,"mean":0.593190014362,"median":-0.235088154674,"min":-1.76055622101,"var":98.6615753174},"erbbands_skewness":{"dmean":0.310494542122,"dmean2":0.492655158043,"dvar":0.172775268555,"dvar2":0.369435459375,"max":16.635892868,"mean":-0.166110217571,"median":-0.251124292612,"min":-3.05706143379,"var":0.848869383335},"erbbands_spread":{"dmean":8.74644756317,"dmean2":13.9349441528,"dvar":90.577583313,"dvar2":217.357391357,"max":143.192367554,"mean":44.2940216064,"median":41.183265686,"min":2.46740651131,"var":368.0105896},"gfcc":{"cov":[[24102.9335938,-369.054931641,-95.3149185181,511.154327393,-527.642150879,363.446166992,-675.359924316,300.928161621,-509.097045898,31.5299930573,-532.526000977,30.6104202271,-143.890075684],[-369.054931641,1242.63439941,-254.748931885,359.83026123,235.694381714,-107.723487854,286.711486816,11.533747673,162.507843018,-27.7704563141,102.802467346,-55.6300773621,114.172080994],[-95.3149185181,-254.748931885,1058.83605957,22.4163227081,263.221343994,140.166732788,46.3481864929,29.5583934784,-15.6065225601,-14.1051959991,-12.5710058212,-9.26995182037,-10.9375495911],[511.154327393,359.83026123,22.4163227081,433.094329834,147.251358032,61.1122283936,123.429039001,15.1432132721,71.3783493042,-14.2837667465,34.6334991455,-32.4812774658,36.5499725342],[-527.642150879,235.694381714,263.221343994,147.251358032,314.471832275,42.6705474854,152.368850708,29.1981258392,64.1195144653,-2.45768284798,39.5720367432,-29.2251014709,43.2180175781],[363.446166992,-107.723487854,140.166732788,61.1122283936,42.6705474854,147.855224609,20.4239711761,20.0491294861,-9.21175765991,-1.7719771862,1.71408843994,6.75512647629,-16.6923427582],[-675.359924316,286.711486816,46.3481864929,123.429039001,152.368850708,20.4239711761,187.758392334,35.2775650024,77.6787261963,-7.81973218918,49.345123291,-13.2926721573,43.6157150269],[300.928161621,11.533747673,29.5583934784,15.1432132721,29.1981258392,20.0491294861,35.2775650024,90.0405960083,30.9519577026,8.63827610016,-2.6404042244,1.1870726347,7.31051683426],[-509.097045898,162.507843018,-15.6065225601,71.3783493042,64.1195144653,-9.21175765991,77.6787261963,30.9519577026,114.914627075,29.922668457,45.454284668,-10.5751476288,21.1594791412],[31.5299930573,-27.7704563141,-14.1051959991,-14.2837667465,-2.45768284798,-1.7719771862,-7.81973218918,8.63827610016,29.922668457,79.3637008667,31.1566257477,15.7152051926,-1.25954222679],[-532.526000977,102.802467346,-12.5710058212,34.6334991455,39.5720367432,1.71408843994,49.345123291,-2.6404042244,45.454284668,31.1566257477,89.5218276978,26.6423606873,17.6892108917],[30.6104202271,-55.6300773621,-9.26995182037,-32.4812774658,-29.2251014709,6.75512647629,-13.2926721573,1.1870726347,-10.5751476288,15.7152051926,26.6423606873,69.4045562744,21.1186466217],[-143.890075684,114.172080994,-10.9375495911,36.5499725342,43.2180175781,-16.6923427582,43.6157150269,7.31051683426,21.1594791412,-1.25954222679,17.6892108917,21.1186466217,64.0079269409]],"icov":[[0.0000824451562949,-0.000140528180054,-0.0000132561708597,-0.00019107942353,0.0000749309183448,-0.000204756870517,0.000386742758565,-0.000436622736743,0.000371396628907,-0.000312972348183,0.00042890952318,-0.000152942549903,0.0000281861557596],[-0.000140528180054,0.00240477081388,0.000512701983098,-0.000741079915315,-0.000566435453948,0.00206475891173,-0.00250790268183,0.00102410872933,-0.00084025633987,0.00124444102403,-0.00180150789674,0.00143771502189,-0.00125593191478],[-0.0000132561708597,0.000512701983098,0.00162286078557,0.000155842484673,-0.00192535389215,-0.000626872002613,0.000194273030502,0.0000581940912525,-0.0000371370515495,0.000459056143882,0.000133238630951,-0.000262932764599,0.000312735151965],[-0.00019107942353,-0.000741079915315,0.000155842484673,0.0044451658614,-0.000764534925111,-0.00226746080443,-0.000442813325208,0.00146999361459,-0.00196893117391,0.00116201175842,-0.000950440648012,0.00152498553507,-0.00112733256537],[0.0000749309183448,-0.000566435453948,-0.00192535389215,-0.000764534925111,0.00831991899759,-0.000765098724514,-0.00366657483391,-0.000497401459143,0.000952740490902,-0.00154319964349,-0.000914561795071,0.00362051441334,-0.00326260901056],[-0.000204756870517,0.00206475891173,-0.000626872002613,-0.00226746080443,-0.000765098724514,0.0118499873206,-0.00395779823884,-0.000656721880659,0.00107672135346,0.000947227992583,-0.00154142640531,-0.00238910201006,0.00430014822632],[0.000386742758565,-0.00250790268183,0.000194273030502,-0.000442813325208,-0.00366657483391,-0.00395779823884,0.0175415705889,-0.00496228598058,-0.00247776065953,0.00249988003634,-0.00193362846039,0.000676171970554,-0.00313433306292],[-0.000436622736743,0.00102410872933,0.0000581940912525,0.00146999361459,-0.000497401459143,-0.000656721880659,-0.00496228598058,0.0167973060161,-0.00662210863084,0.000145415615407,0.00300062145106,-0.00185728690121,-0.0000347241293639],[0.000371396628907,-0.00084025633987,-0.0000371370515495,-0.00196893117391,0.000952740490902,0.00107672135346,-0.00247776065953,-0.00662210863084,0.0200738292187,-0.00722372625023,-0.00416065799072,0.00499281194061,-0.00174170546234],[-0.000312972348183,0.00124444102403,0.000459056143882,0.00116201175842,-0.00154319964349,0.000947227992583,0.00249988003634,0.000145415615407,-0.00722372625023,0.0196079034358,-0.00731947785243,-0.00168590561952,0.00141343253199],[0.00042890952318,-0.00180150789674,0.000133238630951,-0.000950440648012,-0.000914561795071,-0.00154142640531,-0.00193362846039,0.00300062145106,-0.00416065799072,-0.00731947785243,0.0253589134663,-0.0127563858405,0.00436549447477],[-0.000152942549903,0.00143771502189,-0.000262932764599,0.00152498553507,0.00362051441334,-0.00238910201006,0.000676171970554,-0.00185728690121,0.00499281194061,-0.00168590561952,-0.0127563858405,0.0287643689662,-0.0147890420631],[0.0000281861557596,-0.00125593191478,0.000312735151965,-0.00112733256537,-0.00326260901056,0.00430014822632,-0.00313433306292,-0.0000347241293639,-0.00174170546234,0.00141343253199,0.00436549447477,-0.0147890420631,0.0283644851297]],"mean":[7.32642841339,68.2400436401,-112.486274719,43.9865150452,-38.4516906738,16.9010334015,-26.2641716003,13.728345871,-20.0362205505,2.02484154701,-18.3103046417,-3.95318484306,-9.03920078278]},"hfc":{"dmean":6.71717214584,"dmean2":11.2383108139,"dvar":126.422706604,"dvar2":349.264099121,"max":157.69140625,"mean":27.1159858704,"median":24.475938797,"min":1.08755496712e-16,"var":381.587524414},"melbands":{"dmean":[0.00275645568036,0.00230208598077,0.000833603029605,0.000433688372141,0.000148073086166,0.0000925181302591,0.000119529417134,0.0000990853659459,0.0000668146021781,0.000108894673758,0.0000821839639684,0.0000643451785436,0.0000741418189136,0.0000366062777175,0.0000309504430334,0.0000248145825026,0.0000378913355235,0.0000392271867895,0.0000224593823077,0.000024556851713,0.000030986899219,0.0000248196756729,0.0000172097425093,0.0000122025257951,0.0000100226561699,0.00000890314004209,0.00000842305234983,0.00000707251456333,0.00000510416248289,0.00000437819062427,0.00000394997186959,0.00000273443401966,0.0000022588687898,0.00000189929596672,0.0000019450558284,0.00000178060474809,0.00000132863772251,7.61977503316e-7,7.79141544172e-7,6.73932220252e-7],"dmean2":[0.00451780669391,0.00400642957538,0.00137502257712,0.000729349500034,0.000252984988037,0.000152551743668,0.000199683476239,0.000157648144523,0.00010724162712,0.000175848734216,0.000132460074383,0.000104078339064,0.000126783794258,0.0000615208191448,0.0000511101970915,0.0000420617689088,0.0000635115429759,0.0000646729095024,0.0000379129851353,0.0000408330452046,0.0000509069650434,0.0000407208208344,0.000028941902201,0.000020451594537,0.000016663225324,0.0000147898426803,0.0000138480472742,0.0000119549267765,0.0000085625642896,0.00000739457573218,0.00000693133506502,0.00000479275468024,0.00000392417678086,0.00000334947776537,0.00000347352215613,0.0000031811982808,0.00000235457923736,0.00000125857513922,0.00000122713322526,0.00000106411971501],"dvar":[0.0000275858055829,0.0000166107347468,0.0000014311075347,0.00000101526052276,8.52487929137e-8,3.75069006964e-8,7.6175759034e-8,4.60491520471e-8,2.13564419482e-8,7.83911673352e-8,4.44213839046e-8,2.47009790399e-8,4.15580174717e-8,6.89135726262e-9,4.37645830687e-9,3.50267570504e-9,5.75034553307e-9,5.40903899449e-9,1.88367033083e-9,1.53578649797e-9,2.27062901814e-9,1.84503357037e-9,7.10914438429e-10,4.04253186481e-10,2.72122990808e-10,1.66887961783e-10,1.67279731733e-10,1.15514396659e-10,5.12301277789e-11,4.58493278066e-11,5.99864116713e-11,3.61388384496e-11,2.06886782012e-11,1.70173406616e-11,2.09252667277e-11,2.24743505056e-11,1.11712262704e-11,1.68752468596e-12,1.5437740062e-12,1.21590541455e-12],"dvar2":[0.0000696781280567,0.0000470818085887,0.00000384947043131,0.00000268947746918,2.33167199326e-7,9.41040880775e-8,1.98794495532e-7,1.07559763762e-7,4.92332041802e-8,1.91191887211e-7,1.07031155494e-7,6.09773564975e-8,1.22055439533e-7,1.92801881127e-8,1.06162207913e-8,8.72883809677e-9,1.46892018549e-8,1.35226221332e-8,5.12576603384e-9,4.00470412387e-9,5.48968159819e-9,4.51783854771e-9,1.92242510799e-9,1.10045972335e-9,7.17696180264e-10,4.46472164795e-10,4.26027269018e-10,3.22204929404e-10,1.37345551599e-10,1.24061483309e-10,1.7266288399e-10,1.0344364948e-10,5.8189772445e-11,4.87206316957e-11,5.98728566725e-11,6.45631048624e-11,3.21427884309e-11,4.58514953436e-12,3.85487258434e-12,3.13986597139e-12],"max":[0.0542013272643,0.0381065942347,0.0170059688389,0.0121913803741,0.00491271540523,0.0034461421892,0.00484485272318,0.00513226911426,0.00458109239116,0.00767667824402,0.00623350823298,0.00398762850091,0.00395144987851,0.00190777983516,0.00230447365902,0.00167249096557,0.00152290193364,0.00171197229065,0.00113852671348,0.000970088993199,0.00164937064983,0.00142226181924,0.000825301976874,0.00057318614563,0.000545451068319,0.000250865414273,0.000530995544977,0.00019972291193,0.000197738321731,0.000169263614225,0.000134064466693,0.000119509626529,0.000080772471847,0.000062483617512,0.0000556105478609,0.00005131609214,0.0000427488230343,0.0000273449131782,0.0000232554739341,0.000014342209397],"mean":[0.00361475348473,0.00316978059709,0.00158034649212,0.00059217173839,0.000218840606976,0.000145311758388,0.000172959786141,0.000171998486621,0.000120640201203,0.000187066354556,0.000141458469443,0.000102413141576,0.000113772141049,0.0000605002933298,0.0000520579196746,0.0000390568311559,0.0000604938868491,0.0000687677456881,0.0000376582720492,0.0000435694273619,0.0000586459500482,0.0000474671251141,0.0000334537144226,0.0000246293620876,0.0000203121726372,0.0000188481444638,0.0000183836873475,0.0000152577431436,0.0000111024246507,0.00000942931274039,0.00000702708848621,0.00000492575554745,0.00000425761527367,0.00000326321901412,0.0000031160270737,0.00000270279019787,0.00000217928527491,0.00000183851886959,0.00000204709681384,0.00000170216230799],"median":[0.00147878995631,0.00191124121193,0.00121881486848,0.000338652869686,0.000113138463348,0.0000601367137278,0.0000625772008789,0.0000572296412429,0.0000461589297629,0.000065609892772,0.0000517975131515,0.0000383279002563,0.0000322603846143,0.0000272680990747,0.0000208301607927,0.000018394759536,0.0000347483946825,0.0000385911116609,0.0000225987369049,0.0000307696645905,0.0000408013802371,0.0000323186759488,0.0000249007262028,0.000017519121684,0.0000154806202772,0.0000149404213516,0.0000142540411616,0.0000122681540233,0.00000876698140928,0.00000660925661577,0.00000428275870945,0.00000243795216193,0.00000198049701794,0.00000163742231507,0.00000166427764725,0.00000138636903557,0.00000117656270504,0.00000110992630198,0.00000109638642698,8.80036907347e-7],"min":[8.74662249046e-25,1.43115717349e-24,7.25732902926e-25,1.51130504703e-24,6.81240704138e-25,1.43533241705e-24,1.60688994241e-24,2.46002624811e-24,2.85554986472e-24,3.69830338041e-24,3.69805252264e-24,2.98056854098e-24,3.88952050282e-24,3.4483322922e-24,4.19320197462e-24,3.35648797802e-24,3.89984629764e-24,3.8735953733e-24,4.16377194082e-24,4.13687217839e-24,5.17722667336e-24,5.47986251002e-24,4.63815423504e-24,6.13556211672e-24,5.8443805404e-24,3.12264889812e-24,4.98877884715e-24,3.93765442867e-24,7.00881378386e-24,6.25231865829e-24,6.56596226003e-24,5.45678951184e-24,5.89701807316e-24,7.36320560123e-24,6.18221258964e-24,5.08185299549e-24,6.96358523272e-24,6.35633470181e-24,6.58402678033e-24,6.18632610483e-24],"var":[0.0000343303581758,0.0000171346600837,0.00000250897414844,9.83706968327e-7,1.26784428289e-7,6.68603874487e-8,1.05818344309e-7,1.15179837223e-7,6.72530049428e-8,2.57753441701e-7,1.23219280113e-7,5.06586381732e-8,7.63832801454e-8,1.30288624334e-8,1.29603439092e-8,6.41596775708e-9,8.66662741572e-9,1.20462653186e-8,2.66405209004e-9,2.67924238351e-9,5.78149839114e-9,4.33801128352e-9,1.58646107362e-9,8.51176518157e-10,5.56945101149e-10,3.44056561019e-10,3.89844906357e-10,2.05563954747e-10,1.19945567367e-10,1.04981627558e-10,7.25281223968e-11,4.61906173033e-11,3.23438810457e-11,1.94015237903e-11,1.9604342455e-11,1.85792197599e-11,1.0155691392e-11,4.70957994825e-12,5.65055944743e-12,4.05663393502e-12]},"melbands_crest":{"dmean":3.8910009861,"dmean2":6.34677028656,"dvar":12.5396127701,"dvar2":30.4517021179,"max":40,"mean":16.2085342407,"median":15.2850809097,"min":1.08639335632,"var":44.2799682617},"melbands_flatness_db":{"dmean":0.0316645465791,"dmean2":0.0492953397334,"dvar":0.00119841925334,"dvar2":0.00253396178596,"max":1,"mean":0.184636935592,"median":0.162986919284,"min":0.000705384358298,"var":0.00905776582658},"melbands_kurtosis":{"dmean":5337380.5,"dmean2":7832522.5,"dvar":113144823149000000,"dvar2":162143777157000000,"max":25083471872,"mean":16845086,"median":7.41243982315,"min":-1.77228879929,"var":407404173744000000},"melbands_skewness":{"dmean":27.4548797607,"dmean2":40.9540328979,"dvar":3269822.25,"dvar2":4833035.5,"max":129707.5625,"mean":93.0385513306,"median":2.62105512619,"min":-1.89455533028,"var":11518463},"melbands_spread":{"dmean":8.64428901672,"dmean2":13.9125547409,"dvar":78.5724945068,"dvar2":186.936126709,"max":157.229385376,"mean":28.7390823364,"median":27.2709121704,"min":2.42065816281e-8,"var":349.302947998},"mfcc":{"cov":[[15477.4882813,506.878356934,91.3214187622,277.531066895,150.150878906,-46.2583999634,-86.1952056885,-29.6052436829,120.254119873,-120.188919067,-171.983200073,-135.454727173,-140.941436768],[506.878356934,911.305664063,-164.739395142,337.292266846,25.3046150208,51.161907196,78.843963623,61.1682319641,87.6168212891,77.5843276978,10.2404003143,26.7799377441,23.3912811279],[91.3214187622,-164.739395142,579.213134766,-7.4783987999,177.610458374,84.6031036377,85.8461685181,41.7514762878,18.5871086121,-6.71372413635,16.4379482269,-15.5831956863,-0.352354854345],[277.531066895,337.292266846,-7.4783987999,408.655395508,88.5928497314,116.081230164,80.2379226685,78.1223678589,75.4364700317,83.3344116211,16.7846698761,22.3458843231,12.2697191238],[150.150878906,25.3046150208,177.610458374,88.5928497314,174.578384399,75.5332565308,77.0825805664,36.9800834656,39.1961364746,25.4517288208,16.5487003326,3.06580853462,6.0352268219],[-46.2583999634,51.161907196,84.6031036377,116.081230164,75.5332565308,149.98085022,69.3055038452,48.8032836914,15.7837047577,34.9786224365,21.286108017,11.2699174881,6.90723466873],[-86.1952056885,78.843963623,85.8461685181,80.2379226685,77.0825805664,69.3055038452,120.736885071,58.659286499,37.208316803,21.6022624969,10.3233127594,8.30611801147,12.2082300186],[-29.6052436829,61.1682319641,41.7514762878,78.1223678589,36.9800834656,48.8032836914,58.659286499,103.124076843,42.216594696,28.6668643951,8.05702209473,11.9467372894,4.67532920837],[120.254119873,87.6168212891,18.5871086121,75.4364700317,39.1961364746,15.7837047577,37.208316803,42.216594696,88.7598266602,40.7215423584,4.50750398636,2.43618750572,4.70543193817],[-120.188919067,77.5843276978,-6.71372413635,83.3344116211,25.4517288208,34.9786224365,21.6022624969,28.6668643951,40.7215423584,84.5383148193,34.4246139526,18.2574062347,4.33987569809],[-171.983200073,10.2404003143,16.4379482269,16.7846698761,16.5487003326,21.286108017,10.3233127594,8.05702209473,4.50750398636,34.4246139526,63.7243118286,32.7002029419,7.94438791275],[-135.454727173,26.7799377441,-15.5831956863,22.3458843231,3.06580853462,11.2699174881,8.30611801147,11.9467372894,2.43618750572,18.2574062347,32.7002029419,69.7227172852,33.4210128784],[-140.941436768,23.3912811279,-0.352354854345,12.2697191238,6.0352268219,6.90723466873,12.2082300186,4.67532920837,4.70543193817,4.33987569809,7.94438791275,33.4210128784,66.1326293945]],"icov":[[0.0000743751661503,-0.0000471862440463,-0.000016653792045,-0.0000474286607641,-0.00010794915579,-9.72000258059e-9,0.000169755454408,0.0000276967748505,-0.000150019594003,0.000194566324353,0.000119810909382,-0.0000224853774853,0.000155342233484],[-0.0000471862440463,0.00183654821012,0.000491642742418,-0.00140188797377,0.000330143608153,0.000535545637831,-0.00107456301339,0.000262544752331,-0.00047461266513,-0.000164759083418,-0.000162757351063,0.0000502649272676,-0.000354967225576],[-0.000016653792045,0.000491642742418,0.00298600457609,0.000430568732554,-0.00279945507646,-0.000497547152918,-0.000504082359839,-0.000577795493882,-0.0000181991454156,0.000892520474736,-0.000922008533962,0.00100818055216,-0.000288030918455],[-0.0000474286607641,-0.00140188797377,0.000430568732554,0.00543356640264,-0.00137869885657,-0.00270906323567,0.000471198261948,-0.000982573721558,-0.000847575138323,-0.00244906474836,0.00162011745851,-0.000771191436797,0.000196346736629],[-0.00010794915579,0.000330143608153,-0.00279945507646,-0.00137869885657,0.0122951706871,-0.00195835204795,-0.00416325451806,0.0020152584184,-0.002597179031,-0.00012069978402,-0.00119101197924,0.000154012712301,-0.000139435665915],[-9.72000258059e-9,0.000535545637831,-0.000497547152918,-0.00270906323567,-0.00195835204795,0.0126500204206,-0.00396924931556,-0.00216226419434,0.00437414413318,-0.00244942680001,-0.0013524920214,0.000696133472957,-0.000286210997729],[0.000169755454408,-0.00107456301339,-0.000504082359839,0.000471198261948,-0.00416325451806,-0.00396924931556,0.0172619502991,-0.00550037203357,-0.0025409210939,0.00235516764224,-0.000217244058149,0.000509695382789,-0.00155673315749],[0.0000276967748505,0.000262544752331,-0.000577795493882,-0.000982573721558,0.0020152584184,-0.00216226419434,-0.00550037203357,0.016388643533,-0.00506747327745,-0.000779089343268,0.00151994894259,-0.00292437756434,0.00175104651134],[-0.000150019594003,-0.00047461266513,-0.0000181991454156,-0.000847575138323,-0.002597179031,0.00437414413318,-0.0025409210939,-0.00506747327745,0.0204881373793,-0.00892452336848,0.00282851001248,0.00173967599403,-0.00147827528417],[0.000194566324353,-0.000164759083418,0.000892520474736,-0.00244906474836,-0.00012069978402,-0.00244942680001,0.00235516764224,-0.000779089343268,-0.00892452336848,0.0241887718439,-0.0112670538947,0.000471096456749,0.000982272904366],[0.000119810909382,-0.000162757351063,-0.000922008533962,0.00162011745851,-0.00119101197924,-0.0013524920214,-0.000217244058149,0.00151994894259,0.00282851001248,-0.0112670538947,0.0283550433815,-0.0126121668145,0.00369563791901],[-0.0000224853774853,0.0000502649272676,0.00100818055216,-0.000771191436797,0.000154012712301,0.000696133472957,0.000509695382789,-0.00292437756434,0.00173967599403,0.000471096456749,-0.0126121668145,0.0265255346894,-0.0119360135868],[0.000155342233484,-0.000354967225576,-0.000288030918455,0.000196346736629,-0.000139435665915,-0.000286210997729,-0.00155673315749,0.00175104651134,-0.00147827528417,0.000982272904366,0.00369563791901,-0.0119360135868,0.0213747806847]],"mean":[-630.674194336,97.3390579224,-6.22718238831,33.3377761841,12.2083053589,10.5549497604,8.49653053284,8.32893753052,9.32376289368,6.76206493378,-0.160654306412,0.998767793179,-0.966328561306]},"pitch_salience":{"dmean":0.083531036973,"dmean2":0.137049347162,"dvar":0.00599818443879,"dvar2":0.0147151965648,"max":0.988202273846,"mean":0.538307070732,"median":0.555918633938,"min":0.0000163484983204,"var":0.0220118947327},"silence_rate_20dB":{"dmean":0,"dmean2":0,"dvar":0,"dvar2":0,"max":1,"mean":1,"median":1,"min":1,"var":0},"silence_rate_30dB":{"dmean":0.0256818626076,"dmean2":0.0513688400388,"dvar":0.0250196997076,"dvar2":0.0712212622166,"max":1,"mean":0.985070168972,"median":1,"min":0,"var":0.0147066581994},"silence_rate_60dB":{"dmean":0.00617161067203,"dmean2":0.0123444497585,"dvar":0.00613357545808,"dvar2":0.0147806135938,"max":1,"mean":0.0944560542703,"median":0,"min":0,"var":0.0855241045356},"spectral_centroid":{"dmean":287.76663208,"dmean2":454.708007813,"dvar":120549.34375,"dvar2":275099.9375,"max":11740.5732422,"mean":1873.7376709,"median":1876.98522949,"min":71.2878189087,"var":561995.875},"spectral_complexity":{"dmean":4.67190933228,"dmean2":6.96744632721,"dvar":24.1157817841,"dvar2":46.4530334473,"max":64,"mean":27.8633422852,"median":30,"min":0,"var":232.738677979},"spectral_contrast_coeffs":{"dmean":[0.0539117902517,0.044323053211,0.0382527559996,0.0284362621605,0.0192786045372,0.0182823911309],"dmean2":[0.0894685387611,0.074521780014,0.0641821548343,0.0470404885709,0.0320437625051,0.029415840283],"dvar":[0.00186629162636,0.00125516019762,0.00100429705344,0.000516803527717,0.000251761142863,0.000313771917718],"dvar2":[0.00506229512393,0.00344129023142,0.002695213072,0.00138287222944,0.000644058105536,0.000763007672504],"max":[-0.383993148804,-0.497388601303,-0.493637561798,-0.598133027554,-0.659337997437,-0.553277850151],"mean":[-0.678080260754,-0.782308161259,-0.793757498264,-0.800866246223,-0.806934416294,-0.755508065224],"median":[-0.676514208317,-0.790981411934,-0.80333262682,-0.802373230457,-0.807105541229,-0.7559440732],"min":[-0.972804188728,-0.989769220352,-0.991535007954,-0.994987905025,-0.988478958607,-0.96233278513],"var":[0.0062211942859,0.00497655943036,0.00454936455935,0.00222795177251,0.00141387106851,0.00226886663586]},"spectral_contrast_valleys":{"dmean":[0.391924917698,0.377311170101,0.328750640154,0.288797706366,0.233365997672,0.246840819716],"dmean2":[0.656798064709,0.615620315075,0.520314157009,0.452118098736,0.349386811256,0.369133323431],"dvar":[0.143177583814,0.146828114986,0.11573985219,0.111383147538,0.103222645819,0.160152539611],"dvar2":[0.339042067528,0.314125776291,0.228358179331,0.21744595468,0.177613466978,0.329273670912],"max":[-4.96426010132,-4.74786996841,-5.14935684204,-5.32772827148,-5.34168481827,-7.71662759781],"mean":[-7.10767889023,-7.04883146286,-7.28065681458,-7.4338850975,-7.07981491089,-9.89896202087],"median":[-6.6066365242,-6.7054028511,-6.92122888565,-7.0691742897,-6.60503482819,-9.29771518707],"min":[-27.9828052521,-27.8655452728,-27.5891990662,-27.6583805084,-27.427816391,-27.4793758392],"var":[3.66262125969,2.88429450989,2.86948537827,2.85024905205,3.04164624214,3.25551867485]},"spectral_decrease":{"dmean":3.6944725057e-9,"dmean2":6.06783823187e-9,"dvar":3.08946433222e-17,"dvar2":8.09652258326e-17,"max":1.91708992594e-28,"mean":-8.86562467883e-9,"median":-7.6181683184e-9,"min":-5.40059055254e-8,"var":4.72007256973e-17},"spectral_energy":{"dmean":0.0142801543698,"dmean2":0.0234760027379,"dvar":0.000458161230199,"dvar2":0.00120223604608,"max":0.207991600037,"mean":0.0359204486012,"median":0.0314766578376,"min":1.00382769808e-20,"var":0.000715923553798},"spectral_energyband_high":{"dmean":0.000508863828145,"dmean2":0.000858768180478,"dvar":9.23111599604e-7,"dvar2":0.0000026048842301,"max":0.0119773093611,"mean":0.00147483416367,"median":0.00113136915024,"min":7.28986922922e-21,"var":0.00000194858648683},"spectral_energyband_low":{"dmean":0.0123095866293,"dmean2":0.0200809985399,"dvar":0.000431023683632,"dvar2":0.00112167687621,"max":0.1932631284,"mean":0.0204069409519,"median":0.0133199179545,"min":2.06708630874e-23,"var":0.000584323017392},"spectral_energyband_middle_high":{"dmean":0.00201805424877,"dmean2":0.00327992346138,"dvar":0.00000899451242731,"dvar2":0.000024177310479,"max":0.0476605966687,"mean":0.00654585054144,"median":0.00544560095295,"min":1.27796809603e-21,"var":0.0000324828288285},"spectral_energyband_middle_low":{"dmean":0.00392181286588,"dmean2":0.00641562743112,"dvar":0.0000408736123063,"dvar2":0.000106880019302,"max":0.0706080719829,"mean":0.00893303565681,"median":0.00709556881338,"min":1.76852908806e-22,"var":0.000071561364166},"spectral_entropy":{"dmean":0.112846687436,"dmean2":0.172982499003,"dvar":0.0191178992391,"dvar2":0.0410241372883,"max":9.81754398346,"mean":7.91896057129,"median":7.96716976166,"min":4.45096731186,"var":0.128940135241},"spectral_flux":{"dmean":0.0284997094423,"dmean2":0.0456670634449,"dvar":0.00134833867196,"dvar2":0.00295386416838,"max":0.351874649525,"mean":0.100770153105,"median":0.0929889976978,"min":6.47161421674e-11,"var":0.00330906966701},"spectral_kurtosis":{"dmean":0.98301678896,"dmean2":1.66702497005,"dvar":1.75853490829,"dvar2":4.82102966309,"max":38.5699005127,"mean":3.55518507957,"median":3.24878239632,"min":-1.33037948608,"var":4.404545784},"spectral_rms":{"dmean":0.00102163851261,"dmean2":0.00164487375878,"dvar":0.00000159073545092,"dvar2":0.00000403263084081,"max":0.0142449513078,"mean":0.00543587002903,"median":0.00554156443104,"min":3.12944743903e-12,"var":0.00000549567857888},"spectral_rolloff":{"dmean":584.913513184,"dmean2":973.442626953,"dvar":573944.8125,"dvar2":1248796.125,"max":19379.8828125,"mean":1726.49084473,"median":1679.58984375,"min":21.533203125,"var":2304358.25},"spectral_skewness":{"dmean":0.155160292983,"dmean2":0.254522264004,"dvar":0.0314431935549,"dvar2":0.0771472156048,"max":4.93609666824,"mean":1.2936270237,"median":1.29320418835,"min":-0.155132368207,"var":0.138435289264},"spectral_spread":{"dmean":478495.4375,"dmean2":694991.9375,"dvar":974470184960,"dvar2":2055320764420,"max":50296296,"mean":4953902,"median":4701200,"min":1684964.75,"var":6449081614340},"spectral_strongpeak":{"dmean":0.407782584429,"dmean2":0.71117413044,"dvar":0.663799107075,"dvar2":1.74322092533,"max":11.8027210236,"mean":0.621622145176,"median":0.313200116158,"min":0,"var":0.999403119087},"zerocrossingrate":{"dmean":0.010643908754,"dmean2":0.0129939196631,"dvar":0.000146750506246,"dvar2":0.000213287959923,"max":0.521484375,"mean":0.0715747773647,"median":0.0693359375,"min":0,"var":0.00165915559046}},"metadata":{"audio_properties":{"analysis_sample_rate":44100,"bit_rate":0,"codec":"flac","downmix":"mix","equal_loudness":0,"length":233.266662598,"lossless":true,"md5_encoded":"32acf6a00b6a5aaea018ea6f895ae8ba","replay_gain":-12.3987617493,"sample_rate":44100},"tags":{"acoustid_id":["80725ad8-405c-4258-a487-3fa061d3dc44"],"album":["Risk"],"albumartist":["Megadeth"],"albumartistsort":["Megadeth"],"artist":["Megadeth"],"artistsort":["Megadeth"],"asin":["B00001ZTFZ"],"barcode":["4988006773592"],"catalognumber":["TOCP-65272"],"composer":["Lee Jackson"],"composersort":["Jackson, Lee"],"date":["1999-08-18"],"discnumber":["1"],"disctotal":["1"],"file_name":"13 - Duke Nukem Theme.flac","genre":["Metal"],"grouping":["Metal"],"label":["東芝EMI 株式会社"],"media":["CD"],"mood":["Angry"],"musicbrainz_albumartistid":["a9044915-8be3-4c7e-b11f-9e2d2ea0a91e"],"musicbrainz_albumid":["1d78017f-eeca-45ab-9bf2-681b67dfd464"],"musicbrainz_artistid":["a9044915-8be3-4c7e-b11f-9e2d2ea0a91e"],"musicbrainz_recordingid":["ff71b761-cd25-48b5-8b5d-30f67c321684"],"musicbrainz_releasegroupid":["49e5d092-0e76-3d60-a994-160a50bd2b7e"],"musicbrainz_releasetrackid":["e4dd6938-e89f-3e6f-8b10-a4f32f3ac41f"],"musicbrainz_workid":["318148fd-3794-487f-a5bd-e193fb68cf26"],"originaldate":["1999-08-18"],"originalyear":["1999"],"releasecountry":["JP"],"releasestatus":["official"],"releasetype":["album"],"script":["Latn"],"title":["Duke Nukem Theme"],"totaldiscs":["1"],"totaltracks":["13"],"tracknumber":["13"],"tracktotal":["13"],"work":["Grabbag"]},"version":{"essentia":"2.1-beta2","essentia_build_sha":"2d9f1f26377add8aeb1075a9c2973f962c4f09fd","essentia_git_sha":"v2.1_beta2-1-ge3940c0","extractor":"music 1.0"}},"rhythm":{"beats_count":524,"beats_loudness":{"dmean":0.0225289072841,"dmean2":0.0419547483325,"dvar":0.000385454768548,"dvar2":0.00114503910299,"max":0.16093942523,"mean":0.0482400432229,"median":0.0479118451476,"min":2.253462833e-10,"var":0.000732487998903},"beats_loudness_band_ratio":{"