{"lowlevel":{"average_loudness":0.878049373627,"barkbands":{"dmean":[0.000109044805868,0.00275595369749,0.00304983230308,0.00347447139211,0.00131581653841,0.000831583340187,0.000394033966586,0.00030291089206,0.000612735340837,0.000449394923635,0.000298743543681,0.000216009284486,0.000407183397328,0.000390190980397,0.000283016939647,0.00036652572453,0.00017229259538,0.00013198054512,0.000124079277157,0.0000490226666443,0.0000834222737467,0.0000533394995728,0.0000594786142756,0.000121011813462,0.000112778725452,0.000141132317367,0.0000281772390736],"dmean2":[0.00018830911722,0.00471117114648,0.00506430026144,0.00566291576251,0.00220626010559,0.00131453806534,0.0006127046654,0.000470928440336,0.000965774175711,0.000682604615577,0.000440282718046,0.000331123417709,0.000622316554654,0.000583447807003,0.000437430397142,0.00057315651793,0.000261371431407,0.000197949077119,0.000185275057447,0.0000727528895368,0.000121639815916,0.0000773433275754,0.0000885850386112,0.000187388563063,0.000166407669894,0.000225294119446,0.0000430542932008],"dvar":[5.24975973804e-8,0.0000155789275595,0.0000246326526394,0.0000712200271664,0.00000450605330116,0.00000239943369706,9.29943212213e-7,0.00000188497517684,0.00000408799542129,0.00000193387359104,9.52695700107e-7,8.5799115368e-7,0.00000489550984639,0.00000407158358939,8.21242963411e-7,0.00000418453646489,2.28650876011e-7,1.22414505199e-7,2.26301310136e-7,1.80881638556e-8,7.63182725905e-8,9.66188054008e-8,6.74911504461e-8,2.42850717314e-7,1.90642339248e-7,2.95437843079e-7,8.80113226742e-9],"dvar2":[1.5015820054e-7,0.0000432190317952,0.0000672432724969,0.000172291052877,0.0000128380625029,0.00000607834317634,0.00000234191566051,0.00000455543158751,0.0000102757594505,0.00000420094283982,0.00000175094965016,0.0000015953600041,0.000010068726624,0.00000919416015677,0.00000167302368936,0.00000978799107543,5.33721618012e-7,2.70442512829e-7,5.79955042213e-7,3.777277513e-8,1.52820547328e-7,1.88591087635e-7,1.29302080154e-7,5.93261859194e-7,3.94232472445e-7,7.50622859869e-7,1.86888122755e-8],"max":[0.00842078123242,0.0360322408378,0.048118095845,0.116062127054,0.0327212326229,0.0311023294926,0.018354229629,0.0605058073997,0.0595147237182,0.0509650148451,0.0572228431702,0.0462016314268,0.119905926287,0.0957926884294,0.0325311310589,0.0914846509695,0.0176117755473,0.00875445175916,0.0197550002486,0.0044601149857,0.00989340990782,0.0132662896067,0.0132192708552,0.0107840318233,0.0171113405377,0.010942703113,0.00248620845377],"mean":[0.000142374774441,0.00404307385907,0.0045709842816,0.00451149372384,0.00278423214331,0.0017656404525,0.000766033830587,0.000453619752079,0.00108079169877,0.000833481200971,0.000601415813435,0.000396223214921,0.000693498179317,0.000686030020006,0.000530635705218,0.000643575680442,0.00032803582144,0.000265203707386,0.000241499656113,0.000100168610516,0.000193280691747,0.0000882115127752,0.0000970475011854,0.000201674469281,0.000168062106241,0.000204859083169,0.0000333181887981],"median":[0.0000455790905107,0.00267016887665,0.00241688685492,0.00176177127287,0.0015273001045,0.000792760052718,0.000199209040147,0.000153474815306,0.000187327634194,0.000179341426701,0.000103446131106,0.000106190796942,0.000141093652928,0.0000969421089394,0.000141144104418,0.000189958256669,0.0000916775316,0.0000650825240882,0.0000614509553998,0.0000248619289778,0.0000295919999189,0.00000939757410379,0.0000098812924989,0.0000192148290807,0.0000175867389771,0.00000747502235754,0.00000123022186926],"min":[1.44416430653e-24,4.59781938253e-24,2.18904858287e-24,3.86380048187e-24,1.77672286006e-23,1.84956217398e-23,1.25660004398e-23,3.43973134176e-24,1.76617058328e-23,1.87648994098e-23,2.61818295941e-23,2.70531075312e-23,2.96165457526e-23,5.57089153646e-23,4.10493143699e-23,6.54635338673e-23,7.4686403322e-23,1.43642811329e-22,9.10064965687e-23,1.67282284221e-22,2.63228369032e-22,3.67668731365e-22,4.20248569996e-22,6.81474141096e-22,9.98214340586e-22,1.32944130796e-21,2.0695695419e-21],"var":[7.27223721242e-8,0.0000206474433071,0.000034615281038,0.0000901038438315,0.0000122580086099,0.00000735873709345,0.00000209351946978,0.00000224742734645,0.00000800839097792,0.0000051332840485,0.00000414237547375,0.00000230401360568,0.0000112559609988,0.0000122101491797,0.00000238826896748,0.00000725089694242,7.84995108916e-7,4.54454209375e-7,4.37118274021e-7,5.51846781605e-8,3.48429608721e-7,2.30255238876e-7,2.01407630129e-7,4.90620493565e-7,4.44092904672e-7,5.48689456537e-7,1.48980836556e-8]},"barkbands_crest":{"dmean":2.54319119453,"dmean2":4.22484064102,"dvar":5.4972319603,"dvar2":14.5400333405,"max":25.5432071686,"mean":9.91074562073,"median":9.17805194855,"min":2.41015410423,"var":14.4056186676},"barkbands_flatness_db":{"dmean":0.0242197196931,"dmean2":0.0366346873343,"dvar":0.000629575224593,"dvar2":0.00135801767465,"max":0.595509469509,"mean":0.161010444164,"median":0.140900537372,"min":0.0256454572082,"var":0.00772824836895},"barkbands_kurtosis":{"dmean":5.8860783577,"dmean2":9.94768238068,"dvar":859.10736084,"dvar2":2334.57250977,"max":1338.86437988,"mean":9.96697616577,"median":3.07832765579,"min":-1.95194625854,"var":2372.37963867},"barkbands_skewness":{"dmean":0.640125989914,"dmean2":1.01590764523,"dvar":0.69488376379,"dvar2":1.75011885166,"max":31.8295326233,"mean":1.87264597416,"median":1.73083555698,"min":-3.58553528786,"var":3.35827279091},"barkbands_spread":{"dmean":6.53025579453,"dmean2":10.1952505112,"dvar":91.3544311523,"dvar2":211.456420898,"max":133.450256348,"mean":21.9689331055,"median":16.7136077881,"min":0.227433025837,"var":379.780853271},"dissonance":{"dmean":0.0211779363453,"dmean2":0.0358423404396,"dvar":0.000492829713039,"dvar2":0.00139970320743,"max":0.5,"mean":0.44980353117,"median":0.460649698973,"min":0.198634684086,"var":0.00156497373246},"dynamic_complexity":5.08110952377,"erbbands":{"dmean":[0.0605092644691,0.710972547531,2.74124789238,8.60429000854,6.86972761154,4.03339195251,5.16792201996,7.70874929428,6.92855978012,4.69278049469,6.80596113205,14.7596235275,15.5761346817,9.76690101624,12.4289665222,8.16483879089,18.0880031586,17.9674091339,16.7254810333,14.5490312576,16.7132263184,9.89788341522,5.76762914658,8.40678024292,3.12677097321,2.15225887299,3.9594373703,2.4057033062,1.92521846294,2.17007040977,1.64257657528,3.36565279961,1.35856282711,1.22824800014,0.835305869579,0.41775816679,0.336044609547,0.0705055817962,0.00478746555746,0.000110908178613],"dmean2":[0.107177324593,1.20646703243,4.53791046143,13.9801397324,11.47016716,6.59986543655,8.06599903107,12.3086557388,10.7788028717,7.48915529251,10.4460010529,23.2690582275,23.8393363953,14.3289823532,17.7139072418,12.2486228943,26.6451301575,26.6097183228,25.4942512512,22.2823696136,25.8964176178,14.7604942322,8.54215145111,12.2708101273,4.59657430649,3.09194159508,5.64474964142,3.54546093941,2.8512070179,3.3263669014,2.42988181114,5.35034608841,2.01948165894,1.8698028326,1.26330268383,0.630194485188,0.554477930069,0.111061818898,0.0073170363903,0.000168745056726],"dvar":[0.00741907209158,1.0708463192,20.1429691315,335.04397583,199.730895996,66.75390625,102.565589905,250.70930481,255.931655884,672.250732422,726.115966797,2025.26037598,2603.109375,1324.15661621,1424.82946777,1103.61083984,7749.40380859,11536.3652344,2640.3203125,2709.15014648,9383.30957031,847.458679199,217.754806519,1061.59460449,84.2913818359,33.4346809387,200.806991577,62.1152038574,130.7368927,141.90763855,48.7620697021,247.730651855,18.3173236847,23.6711597443,11.8030757904,2.30419421196,2.42539453506,0.0593326091766,0.000268198549747,1.25154372199e-7],"dvar2":[0.0224278755486,2.92201900482,54.934223175,854.094238281,512.714538574,195.268234253,235.582275391,645.270690918,635.538818359,1829.49475098,1427.82653809,5135.22070312,6174.890625,2829.72070312,2534.4675293,1941.62072754,15698.5634766,26242.0292969,5575.09716797,5837.86669922,22894.4726562,1938.04174805,458.366546631,2741.26025391,197.479949951,67.4732284546,375.082885742,143.138885498,288.126098633,307.986602783,91.7527999878,632.314025879,39.9661865234,49.3334503174,26.347038269,4.71724128723,6.75612258911,0.145775690675,0.000573926547077,2.77469752064e-7],"max":[0.800252020359,9.63346767426,42.5995559692,233.447097778,194.260986328,162.801025391,247.594696045,346.421020508,289.517089844,1295.46716309,1486.47668457,983.741088867,1527.01257324,1699.37268066,2067.85009766,1961.03808594,4652.23876953,5375.37988281,1990.37072754,1840.95544434,4202.45263672,1187.79711914,397.734039307,1400.26416016,267.226287842,143.788909912,645.996276855,220.931152344,451.075164795,482.955749512,362.363891602,362.501403809,78.519859314,175.070281982,144.577835083,56.3909721375,37.1294555664,4.68164873123,0.44736212492,0.0087057184428],"mean":[0.0890130549669,1.02502667904,4.23491954803,12.2496204376,10.4306993484,9.33781147003,12.0657749176,15.4242591858,14.2698087692,7.69787883759,11.4215555191,26.5714244843,28.460308075,20.929901123,27.2715606689,16.0850830078,32.6177177429,34.7703933716,34.2672691345,29.8991127014,28.9872779846,20.2087669373,13.4597673416,17.4209156036,6.70547103882,4.88341522217,9.69614219666,4.87051200867,3.16228747368,3.20851826668,2.7762761116,5.29052591324,2.41962838173,1.85794222355,1.1870187521,0.619614005089,0.470653653145,0.0915571153164,0.00578343868256,0.000158067326993],"median":[0.0634754002094,0.648458361626,2.66209816933,5.30839157104,5.22027206421,3.44659852982,4.43386268616,6.66309642792,4.67461872101,2.60051345825,4.2873840332,5.82889080048,7.82787799835,4.22585105896,6.05954742432,4.97752094269,7.97263240814,5.19867706299,8.19730377197,10.8396129608,8.66246414185,5.69193077087,3.45821237564,3.99031543732,2.18117904663,1.28517532349,1.26346290112,0.919213235378,0.408109009266,0.244152396917,0.303623616695,0.432821512222,0.277381122112,0.209525495768,0.110850587487,0.0328161492944,0.0133298970759,0.00350695103407,0.000173320266185,0.0000350091140717],"min":[1.4746665364e-22,7.92717008787e-22,3.21181953392e-21,1.25496902168e-20,3.2553098471e-20,4.49356691235e-20,4.03191256572e-20,1.33841532499e-19,2.22300860516e-19,1.83589273137e-19,3.36244834799e-19,5.1398102962e-19,7.66852314227e-19,7.13756107695e-19,6.79081006609e-19,1.4237487504e-18,1.89341497457e-18,1.95651954952e-18,2.61644155388e-18,4.45548429243e-18,4.70106925321e-18,4.99540948007e-18,6.36994749806e-18,6.02718742687e-18,6.1479644817e-18,8.32233445325e-18,1.04333059939e-17,1.08492579009e-17,1.1830187401e-17,1.14853498657e-17,1.26034408007e-17,1.31603997051e-17,1.19388863782e-17,8.04114515736e-18,7.95270052472e-18,4.48963403042e-18,2.64365062616e-18,8.75947148964e-19,2.49380479024e-19,2.77295530564e-20],"var":[0.00903996173292,1.43764197826,27.4144802094,443.39944458,269.631286621,206.322891235,465.886047363,602.806396484,631.163818359,647.313415527,1433.82556152,4620.26855469,5483.06591797,4067.50317383,6662.71289062,3107.59814453,19846.7128906,34314.2109375,8900.25292969,6718.56591797,14192.3447266,2867.24804688,1107.55712891,2378.6784668,213.387695312,112.711196899,1074.85095215,161.527359009,259.029632568,324.48348999,144.149551392,427.92880249,46.8192024231,54.4059638977,23.6182842255,5.8322892189,3.54877519608,0.0984007641673,0.00044955057092,2.1142139417e-7]},"erbbands_crest":{"dmean":2.43592810631,"dmean2":3.89856433868,"dvar":5.34553289413,"dvar2":12.9175930023,"max":30.8274230957,"mean":9.79166793823,"median":8.70830154419,"min":2.71453809738,"var":21.0013713837},"erbbands_flatness_db":{"dmean":0.0188641119748,"dmean2":0.0262061823159,"dvar":0.000455615867395,"dvar2":0.000847154646181,"max":0.435180842876,"mean":0.157953828573,"median":0.152203962207,"min":0.0299066603184,"var":0.00384341110475},"erbbands_kurtosis":{"dmean":1.35806262493,"dmean2":2.13908720016,"dvar":10.8707942963,"dvar2":24.7059898376,"max":161.113128662,"mean":2.12069582939,"median":-0.0356366634369,"min":-1.71552085876,"var":73.4479217529},"erbbands_skewness":{"dmean":0.374444454908,"dmean2":0.573582351208,"dvar":0.155416622758,"dvar2":0.352865189314,"max":9.02784729004,"mean":0.363479673862,"median":0.22216206789,"min":-3.84762740135,"var":1.34155511856},"erbbands_spread":{"dmean":8.35960960388,"dmean2":12.9205389023,"dvar":114.995643616,"dvar2":279.697174072,"max":165.944396973,"mean":38.8044128418,"median":34.7225723267,"min":1.20941865444,"var":573.365905762},"gfcc":{"cov":[[29319.6523438,-2189.93457031,-3818.1862793,737.687866211,-1194.78833008,1420.02722168,-892.624450684,638.21685791,-637.124633789,132.169342041,-521.830810547,-304.79598999,-88.4992980957],[-2189.93457031,2703.99731445,-123.494308472,-227.662536621,493.346282959,-330.945861816,285.569000244,-103.609619141,82.2363510132,-135.207046509,145.884338379,-206.218002319,143.136947632],[-3818.1862793,-123.494308472,1741.85998535,-67.3776702881,79.2639923096,-10.6121740341,98.8199310303,-167.698257446,141.498199463,-66.1585159302,-38.4542045593,159.825271606,-128.798324585],[737.687866211,-227.662536621,-67.3776702881,437.58404541,43.4889831543,68.2300109863,-39.018447876,48.0042762756,13.9457540512,10.4580135345,-12.5938911438,-10.8743066788,-3.63522219658],[-1194.78833008,493.346282959,79.2639923096,43.4889831543,409.974945068,-95.375541687,97.3014831543,-3.05536174774,42.3906059265,-33.7145004272,29.8008670807,-51.8391075134,19.9782161713],[1420.02722168,-330.945861816,-10.6121740341,68.2300109863,-95.375541687,329.11416626,-23.2651500702,6.1629152298,-41.0656967163,2.94678688049,-49.3133735657,3.54101371765,-24.7474536896],[-892.624450684,285.569000244,98.8199310303,-39.018447876,97.3014831543,-23.2651500702,174.276473999,-16.0611667633,16.623664856,-15.6410951614,28.7303524017,-30.0308952332,14.7313327789],[638.21685791,-103.609619141,-167.698257446,48.0042762756,-3.05536174774,6.1629152298,-16.0611667633,131.889022827,9.49871730804,-0.112953342497,-7.44199132919,-2.70988512039,10.2284040451],[-637.124633789,82.2363510132,141.498199463,13.9457540512,42.3906059265,-41.0656967163,16.623664856,9.49871730804,96.9816513062,0.391234815121,6.45085382462,15.6420097351,-7.6272892952],[132.169342041,-135.207046509,-66.1585159302,10.4580135345,-33.7145004272,2.94678688049,-15.6410951614,-0.112953342497,0.391234815121,93.2738723755,31.5605983734,-1.09998273849,-0.429796397686],[-521.830810547,145.884338379,-38.4542045593,-12.5938911438,29.8008670807,-49.3133735657,28.7303524017,-7.44199132919,6.45085382462,31.5605983734,101.416175842,1.25546145439,12.2750396729],[-304.79598999,-206.218002319,159.825271606,-10.8743066788,-51.8391075134,3.54101371765,-30.0308952332,-2.70988512039,15.6420097351,-1.09998273849,1.25546145439,100.906921387,-12.5470666885],[-88.4992980957,143.136947632,-128.798324585,-3.63522219658,19.9782161713,-24.7474536896,14.7313327789,10.2284040451,-7.6272892952,-0.429796397686,12.2750396729,-12.5470666885,96.6296310425]],"icov":[[0.000101010089566,-0.0000639559802948,0.000159842558787,-0.0000850132346386,0.000143440745887,-0.000301757827401,0.000252599304076,-0.00027503806632,0.000278601015452,-0.000135277412483,0.000373388233129,0.0000472686515423,0.00026086618891],[-0.0000639559802948,0.000952183036134,0.00000861615444592,0.000419054995291,-0.00056334096007,0.000493461440783,-0.000542822002899,0.000916999939363,-0.00106158503331,0.00159470213111,-0.00135027919896,0.001423264388,-0.000933617528062],[0.000159842558787,0.00000861615444592,0.00139306893107,-0.0000857364939293,-0.000032864001696,-0.00051065068692,-0.000395760842366,0.000997808296233,-0.00092936627334,0.000353350013029,0.00107057485729,-0.00149454944767,0.00141611893196],[-0.0000850132346386,0.000419054995291,-0.0000857364939293,0.00286610401236,-0.000890645838808,-0.000337897246936,0.000455420464277,-0.000263097783318,-0.00113687315024,0.000380094075808,-0.000760088150855,0.000850979238749,-0.000530030054506],[0.000143440745887,-0.00056334096007,-0.000032864001696,-0.000890645838808,0.00394485797733,0.000172845175257,-0.000652210670523,-0.000838420819491,-0.0000289682229777,0.000270477699814,0.000328563444782,0.00109567702748,0.000404827995226],[-0.000301757827401,0.000493461440783,-0.00051065068692,-0.000337897246936,0.000172845175257,0.00487316679209,-0.00146302953362,0.000926742388401,0.000459281407529,0.000422840268584,0.00017688794469,0.000268957199296,-0.000312848947942],[0.000252599304076,-0.000542822002899,-0.000395760842366,0.000455420464277,-0.000652210670523,-0.00146302953362,0.00897088460624,-0.00119472621009,0.000511941383593,0.000291405449389,-0.00126601825468,0.00257099070586,-0.000419596413849],[-0.00027503806632,0.000916999939363,0.000997808296233,-0.000263097783318,-0.000838420819491,0.000926742388401,-0.00119472621009,0.0111172413453,-0.00408207578585,0.00222028209828,-0.000821897119749,-0.000562178785913,-0.00115503347479],[0.000278601015452,-0.00106158503331,-0.00092936627334,-0.00113687315024,-0.0000289682229777,0.000459281407529,0.000511941383593,-0.00408207578585,0.0154427690431,-0.00320066255517,0.00209266762249,-0.00221320288256,0.00167531217448],[-0.000135277412483,0.00159470213111,0.000353350013029,0.000380094075808,0.000270477699814,0.000422840268584,0.000291405449389,0.00222028209828,-0.00320066255517,0.016091266647,-0.00731809157878,0.00323301320896,-0.00105955102481],[0.000373388233129,-0.00135027919896,0.00107057485729,-0.000760088150855,0.000328563444782,0.00017688794469,-0.00126601825468,-0.000821897119749,0.00209266762249,-0.00731809157878,0.0163328964263,-0.00406285608187,0.00152817554772],[0.0000472686515423,0.001423264388,-0.00149454944767,0.000850979238749,0.00109567702748,0.000268957199296,0.00257099070586,-0.000562178785913,-0.00221320288256,0.00323301320896,-0.00406285608187,0.0169086381793,-0.00196382519789],[0.00026086618891,-0.000933617528062,0.00141611893196,-0.000530030054506,0.000404827995226,-0.000312848947942,-0.000419596413849,-0.00115503347479,0.00167531217448,-0.00105955102481,0.00152817554772,-0.00196382519789,0.0135390982032]],"mean":[-49.97290802,99.007850647,-86.1430358887,19.8685112,-32.9408531189,10.4878911972,-39.5722007751,9.37972450256,-25.2741947174,1.10092329979,-19.0405540466,-1.49350166321,-8.92040157318]},"hfc":{"dmean":7.89548158646,"dmean2":11.0427436829,"dvar":322.417633057,"dvar2":693.208679199,"max":354.439025879,"mean":22.030626297,"median":10.6976318359,"min":1.08962887435e-16,"var":1064.30358887},"melbands":{"dmean":[0.000653369701467,0.00120351486839,0.00139037740882,0.000339167483617,0.000182870746357,0.000171362422407,0.0000960918114288,0.0000532134399691,0.0000615484459559,0.0000949086024775,0.0000784609728726,0.0000400098360842,0.000044931890443,0.0000220901056309,0.0000274119829555,0.0000459550392407,0.0000343904139299,0.0000292580589303,0.0000210008165595,0.0000255535542237,0.0000183680967893,0.0000117902054626,0.00000749603486838,0.00000529901399204,0.00000791723596194,0.00000298731220028,0.00000161131890763,0.00000150728169501,0.00000266500160251,0.00000213344083022,0.0000012965190308,0.00000114422073239,0.00000110017560928,0.00000131949923343,9.97746383291e-7,9.72972543423e-7,0.00000272271222457,9.20833770124e-7,0.00000101399382402,0.00000105773540326],"dmean2":[0.00114029843826,0.00197730748914,0.00225312332623,0.000565633177757,0.000288451905362,0.000271908182185,0.000149307816173,0.0000853198798723,0.0000944460407482,0.000149567393237,0.000119936012197,0.0000588225520914,0.0000643160674372,0.0000335812910635,0.0000413380257669,0.0000672742753522,0.0000510968166054,0.0000449528597528,0.0000326113731717,0.0000401533943659,0.000028255097277,0.0000180416191142,0.0000115716711662,0.00000788742272562,0.0000116702867672,0.00000450636707683,0.00000244126658799,0.00000222243625103,0.00000381987229048,0.00000309680035571,0.00000201988814297,0.00000173273849668,0.00000163944332598,0.00000207418884202,0.0000015320950979,0.00000142580699958,0.00000445716705144,0.00000138441532727,0.0000015735317902,0.00000162907201684],"dvar":[8.37727611724e-7,0.00000350086156686,0.00000877579805092,3.34487026521e-7,1.19033167323e-7,1.10722879754e-7,4.91047558171e-8,9.12200022185e-8,6.18903897021e-8,9.12795599106e-8,6.74726692296e-8,2.29825669606e-8,2.04237053936e-8,9.3211260932e-9,1.61315121261e-8,7.87532314916e-8,4.21526635819e-8,8.85340067924e-9,4.14415968208e-9,2.01204297667e-8,9.45907796535e-9,1.31482269516e-9,4.15929429787e-10,2.7015817361e-10,1.09158859729e-9,8.20924647704e-11,2.12618100209e-11,1.85413160519e-11,8.76726677368e-11,6.65474828021e-11,1.75315612722e-11,4.21677449902e-11,4.86651517695e-11,5.00746909216e-11,2.18911954536e-11,1.06337872535e-11,2.01164820912e-10,8.76377963255e-12,1.13493754325e-11,2.11747494538e-11],"dvar2":[0.00000242903843173,0.00000939100300457,0.0000217942797462,9.17138777368e-7,2.94204653528e-7,2.8461971624e-7,1.22042706607e-7,2.46007374471e-7,1.20521278291e-7,2.31764346381e-7,1.59846806014e-7,4.87226223811e-8,3.63662167047e-8,2.02890131362e-8,3.45656196998e-8,1.54227876692e-7,9.79694121384e-8,1.91674729422e-8,8.31668245382e-9,4.58881466159e-8,2.31003145501e-8,3.02519032047e-9,9.52067091831e-10,5.65296143229e-10,2.86231371938e-9,1.85827936372e-10,4.93564356052e-11,3.93661596376e-11,1.66470781604e-10,1.39225964091e-10,4.28014776399e-11,9.67097582572e-11,9.94693216683e-11,1.18805590366e-10,4.21360758784e-11,2.19636427101e-11,5.24966736748e-10,1.94433861372e-11,2.69279858828e-11,4.42665279432e-11],"max":[0.00871566776186,0.0182721167803,0.0393815040588,0.00801781471819,0.00661330204457,0.00675071496516,0.00394509499893,0.0155287208036,0.0135808819905,0.00696316268295,0.0077759376727,0.00675307447091,0.00918179936707,0.00583802815527,0.0055089071393,0.0164586696774,0.00973374396563,0.0029592148494,0.00209477730095,0.00625285459682,0.00395531253889,0.00127930543385,0.000770320766605,0.000481724535348,0.00144806306344,0.000282376771793,0.000122905621538,0.00011756530148,0.000361255253665,0.000244417169597,0.000124084122945,0.000237974672928,0.000279185158433,0.000323122163536,0.000252640194958,0.000112542853458,0.00031206998392,0.0000584687913943,0.0000815647217678,0.000176902249223],"mean":[0.000973235932179,0.00200449069962,0.00208800123073,0.000667453336064,0.000433322013123,0.000353250798071,0.000193344094441,0.0000821496578283,0.000104371792986,0.000167372578289,0.000138399394928,0.0000807654796517,0.0000948149317992,0.0000447970451205,0.0000487071883981,0.0000794904481154,0.0000619020793238,0.0000564129732084,0.0000398894371756,0.0000466467863589,0.0000289958516078,0.0000217019478441,0.0000144969026223,0.0000111595536509,0.000015335948774,0.0000057450120039,0.00000305665457745,0.00000308414996653,0.00000620311175226,0.00000464547065349,0.00000224314226216,0.0000017518311779,0.00000170101407093,0.00000182486201084,0.0000015438246237,0.00000165325923263,0.00000405675837101,0.00000163128822805,0.00000142164810768,0.0000015846782162],"median":[0.000684263999574,0.00130849587731,0.00104166870005,0.000339375110343,0.000168165075593,0.000162808952155,0.0000593165568716,0.0000237283820752,0.0000333010757458,0.0000318113379763,0.000033070849895,0.0000136408889375,0.0000183486208698,0.0000126725499285,0.0000139120575113,0.000014408907191,0.00000773668125476,0.0000114488011604,0.000014013479813,0.0000134605770654,0.00000779100901127,0.00000574860678171,0.00000377639889848,0.00000229651823247,0.00000328473174704,0.0000017443529714,9.74181830316e-7,7.35432763577e-7,7.60168518354e-7,6.29782618944e-7,4.28315132694e-7,2.04912623758e-7,1.25800369233e-7,1.22110762391e-7,1.35990191552e-7,2.44260974114e-7,2.55830627793e-7,1.78106262183e-7,1.79234220354e-7,1.7230209437e-7],"min":[2.45064018385e-24,3.00218924624e-24,2.68212668332e-24,2.54187510298e-24,1.58286971949e-24,3.2251749806e-24,3.05616527875e-24,1.89901460195e-24,2.39858128056e-24,2.30960980058e-24,3.78972092084e-24,2.78056981897e-24,2.48421607613e-24,2.74355626809e-24,4.61876876716e-24,4.36513420891e-24,2.79798629004e-24,3.1962123469e-24,3.32346389395e-24,4.89457031684e-24,5.36800992227e-24,4.87040119642e-24,4.80403945606e-24,6.33451323145e-24,4.59460201332e-24,2.67375036101e-24,4.35005749929e-24,4.55693193295e-24,6.50714794638e-24,5.770192511e-24,5.39051888491e-24,7.03777444541e-24,6.56361263782e-24,5.50318005509e-24,6.98480795765e-24,5.67920450533e-24,7.33863495061e-24,8.11714363417e-24,7.70122697709e-24,6.49356731146e-24],"var":[0.00000108650203856,0.00000532262765773,0.0000119576152429,8.01936494099e-7,4.62869678586e-7,2.76375374142e-7,1.1748536366e-7,8.57640074514e-8,1.33183760909e-7,1.94231120076e-7,1.43417707932e-7,6.86501451241e-8,9.25437362298e-8,2.62508610405e-8,3.89930825406e-8,1.69386240145e-7,1.18754563516e-7,2.82222210046e-8,1.02348307607e-8,3.96789161528e-8,1.45897436354e-8,3.64293262223e-9,1.67880565005e-9,9.14055331425e-10,2.16374540507e-9,1.82223319767e-10,4.80481938958e-11,5.36868535739e-11,4.1797043604e-10,2.48060322283e-10,3.62879934435e-11,7.45171493954e-11,1.14917457494e-10,1.01408437203e-10,5.74058856007e-11,2.8638938443e-11,3.2345290335e-10,2.25146498667e-11,1.91798226606e-11,4.89293397465e-11]},"melbands_crest":{"dmean":3.27346253395,"dmean2":5.32702493668,"dvar":8.82827281952,"dvar2":21.9806442261,"max":32.9786872864,"mean":14.3933811188,"median":13.7883930206,"min":1.79020643234,"var":24.3533725739},"melbands_flatness_db":{"dmean":0.0296823624521,"dmean2":0.0447408296168,"dvar":0.000942873943131,"dvar2":0.00198848359287,"max":0.778425574303,"mean":0.256730645895,"median":0.232140183449,"min":0.00441957218572,"var":0.0131792090833},"melbands_kurtosis":{"dmean":8.48237895966,"dmean2":13.8668422699,"dvar":196.615447998,"dvar2":493.644378662,"max":296.163696289,"mean":16.7572574615,"median":10.0620498657,"min":-1.86881744862,"var":480.438720703},"melbands_skewness":{"dmean":0.768712639809,"dmean2":1.2225574255,"dvar":0.661786198616,"dvar2":1.63169002533,"max":12.4522161484,"mean":2.87939476967,"median":2.66376924515,"min":-1.56444311142,"var":3.1695830822},"melbands_spread":{"dmean":6.34214830399,"dmean2":9.78720283508,"dvar":111.259300232,"dvar2":225.559951782,"max":250.03678894,"mean":20.1722812653,"median":13.8730583191,"min":0.233025968075,"var":494.195800781},"mfcc":{"cov":[[17778.5410156,-661.200073242,-1733.72241211,-628.417541504,55.3020172119,-76.083366394,154.334899902,-23.6854076385,124.898536682,99.8988342285,-249.231552124,-23.0114402771,-345.61416626],[-661.200073242,2408.60351562,-280.461212158,113.430465698,126.719955444,-48.5159339905,140.729324341,15.1429195404,55.5284919739,66.9842529297,-43.9576301575,-53.2691078186,10.1743402481],[-1733.72241211,-280.461212158,1232.75561523,35.361492157,-14.2258844376,215.552749634,-123.668815613,113.431350708,-48.6492156982,-54.7623519897,63.8621025085,-62.4577445984,65.5622940063],[-628.417541504,113.430465698,35.361492157,358.021575928,117.675064087,-17.0358409882,24.2131481171,11.7143545151,25.0512924194,2.53635573387,20.3951778412,46.3752098083,29.2270927429],[55.3020172119,126.719955444,-14.2258844376,117.675064087,224.486618042,31.489654541,13.5201749802,40.4509124756,31.1698360443,12.7341003418,6.96425390244,9.06705665588,17.9584331512],[-76.083366394,-48.5159339905,215.552749634,-17.0358409882,31.489654541,220.452972412,30.9499568939,36.2088890076,-5.20945692062,9.68640804291,20.655670166,-49.1203575134,25.6005954742],[154.334899902,140.729324341,-123.668815613,24.2131481171,13.5201749802,30.9499568939,175.161453247,-7.68774318695,20.4209918976,36.6725082397,-12.4286346436,14.8855428696,-20.1519622803],[-23.6854076385,15.1429195404,113.431350708,11.7143545151,40.4509124756,36.2088890076,-7.68774318695,144.604385376,28.185585022,-5.05757379532,7.52122497559,-24.6523323059,37.361946106],[124.898536682,55.5284919739,-48.6492156982,25.0512924194,31.1698360443,-5.20945692062,20.4209918976,28.185585022,99.4963150024,20.8419876099,-5.71324205399,-1.23275542259,-26.868057251],[99.8988342285,66.9842529297,-54.7623519897,2.53635573387,12.7341003418,9.68640804291,36.6725082397,-5.05757379532,20.8419876099,76.5396575928,7.01331138611,-3.40159678459,-7.53172492981],[-249.231552124,-43.9576301575,63.8621025085,20.3951778412,6.96425390244,20.655670166,-12.4286346436,7.52122497559,-5.71324205399,7.01331138611,75.1352081299,16.825717926,13.4257802963],[-23.0114402771,-53.2691078186,-62.4577445984,46.3752098083,9.06705665588,-49.1203575134,14.8855428696,-24.6523323059,-1.23275542259,-3.40159678459,16.825717926,116.6769104,11.2821073532],[-345.61416626,10.1743402481,65.5622940063,29.2270927429,17.9584331512,25.6005954742,-20.1519622803,37.361946106,-26.868057251,-7.53172492981,13.4257802963,11.2821073532,122.317214966]],"icov":[[0.0000795267478679,0.0000329871436406,0.000124437356135,0.000118617776025,-0.0000775521839387,-0.000103983671579,0.0000442817945441,-0.000128638217575,0.0000348678295268,-0.0000618472913629,0.000189771497389,-0.000068118715717,0.000195963439182],[0.0000329871436406,0.000497436907608,0.0000901348030311,-0.0000348527937604,-0.000262471439783,0.000225858238991,-0.00036841983092,-0.00000778318371886,-0.0000730803512852,-0.000212734827073,0.000177366266144,0.000437948532635,-0.000144225283293],[0.000124437356135,0.0000901348030311,0.00148980587255,-0.000243511298322,0.00034816711559,-0.00149439251982,0.00101739901584,-0.00103476515505,0.000540968030691,0.000322241976392,-0.000151495536556,-0.0000569611293031,0.000509649398737],[0.000118617776025,-0.0000348527937604,-0.000243511298322,0.00405785348266,-0.00210107583553,0.000808385491837,-0.000789534125943,0.000444600882474,-0.000830495264381,0.000390808912925,-0.000506610551383,-0.00089918426238,-0.000647434964776],[-0.0000775521839387,-0.000262471439783,0.00034816711559,-0.00210107583553,0.00633480399847,-0.00152037618682,0.000789878191426,-0.00139301025774,-0.000809309771284,-0.00051245954819,0.00011892348266,-0.000672211986966,-0.000098476477433],[-0.000103983671579,0.000225858238991,-0.00149439251982,0.000808385491837,-0.00152037618682,0.00781226158142,-0.00310192187317,0.000572179385927,-0.000132366258185,-0.000175797031261,-0.00214557070285,0.00337339541875,-0.00191799004097],[0.0000442817945441,-0.00036841983092,0.00101739901584,-0.000789534125943,0.000789878191426,-0.00310192187317,0.00841305684298,-0.000812900718302,0.000138101735502,-0.00296100927517,0.00204859534279,-0.0024694444146,0.00181763793807],[-0.000128638217575,-0.00000778318371886,-0.00103476515505,0.000444600882474,-0.00139301025774,0.000572179385927,-0.000812900718302,0.0102525837719,-0.00417815614492,0.00160202407278,-0.00115305313375,0.00241618510336,-0.004010675475],[0.0000348678295268,-0.0000730803512852,0.000540968030691,-0.000830495264381,-0.000809309771284,-0.000132366258185,0.000138101735502,-0.00417815614492,0.0138042708859,-0.00324377976358,0.0011713769054,-0.000827570504043,0.00423883646727],[-0.0000618472913629,-0.000212734827073,0.000322241976392,0.000390808912925,-0.00051245954819,-0.000175797031261,-0.00296100927517,0.00160202407278,-0.00324377976358,0.0163559429348,-0.00325062056072,0.00157688953914,-0.000782355258707],[0.000189771497389,0.000177366266144,-0.000151495536556,-0.000506610551383,0.00011892348266,-0.00214557070285,0.00204859534279,-0.00115305313375,0.0011713769054,-0.00325062056072,0.0164812449366,-0.00367977283895,0.000432562781498],[-0.000068118715717,0.000437948532635,-0.0000569611293031,-0.00089918426238,-0.000672211986966,0.00337339541875,-0.0024694444146,0.00241618510336,-0.000827570504043,0.00157688953914,-0.00367977283895,0.012195693329,-0.00254140840843],[0.000195963439182,-0.000144225283293,0.000509649398737,-0.000647434964776,-0.000098476477433,-0.00191799004097,0.00181763793807,-0.004010675475,0.00423883646727,-0.000782355258707,0.000432562781498,-0.00254140840843,0.0116329621524]],"mean":[-696.729248047,136.727462769,8.80931854248,20.8927249908,23.8815727234,4.06413888931,5.0587439537,0.0684530138969,3.92021489143,1.32972872257,-6.31001424789,-0.170893266797,-5.79066324234]},"pitch_salience":{"dmean":0.0698892101645,"dmean2":0.116032883525,"dvar":0.00402740295976,"dvar2":0.0109446300194,"max":0.988205611706,"mean":0.524845063686,"median":0.522967219353,"min":0.109866179526,"var":0.0109524447471},"silence_rate_20dB":{"dmean":0,"dmean2":0,"dvar":0,"dvar2":0,"max":1,"mean":1,"median":1,"min":1,"var":0},"silence_rate_30dB":{"dmean":0.00558567419648,"dmean2":0.0111731840298,"dvar":0.00555436452851,"dvar2":0.0146631831303,"max":1,"mean":0.995565056801,"median":1,"min":0,"var":0.00441524293274},"silence_rate_60dB":{"dmean":0.0157713163644,"dmean2":0.0315478146076,"dvar":0.0155249452218,"dvar2":0.0348215326667,"max":1,"mean":0.1097240448,"median":0,"min":0,"var":0.0976957380772},"spectral_centroid":{"dmean":212.700302124,"dmean2":318.594055176,"dvar":104896,"dvar2":210842.546875,"max":11774.0488281,"mean":1059.22497559,"median":855.107788086,"min":95.7494277954,"var":852896.625},"spectral_complexity":{"dmean":2.65483808517,"dmean2":3.88728237152,"dvar":9.71288108826,"dvar2":17.4952201843,"max":50,"mean":14.600689888,"median":14,"min":0,"var":74.8461303711},"spectral_contrast_coeffs":{"dmean":[0.0508788153529,0.0441849566996,0.0366392172873,0.0303953606635,0.0220759455115,0.0168261323124],"dmean2":[0.0851934254169,0.0715671852231,0.0581258311868,0.0482310466468,0.034174669534,0.0261950567365],"dvar":[0.00179772370029,0.0013893423602,0.000975335482508,0.000744715973269,0.000406493636547,0.000278604944469],"dvar2":[0.00487016607076,0.00359801598825,0.00229483051226,0.00166174350306,0.000873229233548,0.000588040100411],"max":[-0.357272416353,-0.423968315125,-0.436116039753,-0.407962799072,-0.559774339199,-0.600520253181],"mean":[-0.638556718826,-0.714147984982,-0.739650726318,-0.757314860821,-0.785450220108,-0.803719341755],"median":[-0.636074721813,-0.717244982719,-0.746196627617,-0.759636044502,-0.788585364819,-0.806542754173],"min":[-0.97410774231,-0.997176647186,-0.994190096855,-0.982247292995,-0.968532562256,-0.96351569891],"var":[0.00672985892743,0.006514783483,0.00676774978638,0.00542674353346,0.0040036495775,0.00227492093109]},"spectral_contrast_valleys":{"dmean":[0.379905283451,0.350021183491,0.321375757456,0.297441810369,0.292412668467,0.369212657213],"dmean2":[0.636834621429,0.556523501873,0.49293845892,0.440629631281,0.394301235676,0.441573917866],"dvar":[0.130845934153,0.125766471028,0.121646516025,0.116851694882,0.136160135269,0.236957862973],"dvar2":[0.281873077154,0.231494158506,0.204155758023,0.193078935146,0.215590104461,0.387028604746],"max":[-5.2827091217,-5.213139534,-5.70774126053,-5.85257863998,-5.78273010254,-7.25069046021],"mean":[-7.33795785904,-7.46293878555,-8.18488121033,-8.36051940918,-8.54770469666,-10.8505716324],"median":[-6.93601322174,-7.12644815445,-7.71631813049,-7.86779403687,-8.03628635406,-10.4112758636],"min":[-27.657793045,-27.9819030762,-27.5482559204,-27.6222114563,-27.5417461395,-27.4284877777],"var":[3.20557999611,3.30059027672,3.79901838303,4.04680204391,4.07021617889,4.40799331665]},"spectral_decrease":{"dmean":2.36917130358e-9,"dmean2":3.69459907112e-9,"dvar":1.12891078829e-17,"dvar2":2.70235588238e-17,"max":1.68014511224e-22,"mean":-6.4718248538e-9,"median":-5.24852739048e-9,"min":-4.26313846447e-8,"var":3.02188797751e-17},"spectral_energy":{"dmean":0.00936054717749,"dmean2":0.0144632952288,"dvar":0.000173086227733,"dvar2":0.00040865293704,"max":0.167093932629,"mean":0.0264244861901,"median":0.0215856283903,"min":1.02162532907e-20,"var":0.00049587659305},"spectral_energyband_high":{"dmean":0.00052748323651,"dmean2":0.000741789292078,"dvar":0.00000245602791438,"dvar2":0.0000050821718105,"max":0.0347520671785,"mean":0.00104905525222,"median":0.000150753068738,"min":7.09872588423e-21,"var":0.00000718621004125},"spectral_energyband_low":{"dmean":0.00634742621332,"dmean2":0.0103520564735,"dvar":0.0000886302441359,"dvar2":0.000233165599639,"max":0.097647048533,"mean":0.0114105576649,"median":0.00784230791032,"min":2.41971912406e-23,"var":0.000151522588567},"spectral_energyband_middle_high":{"dmean":0.00169251742773,"dmean2":0.00235822540708,"dvar":0.0000178942536877,"dvar2":0.0000373100374418,"max":0.125474721193,"mean":0.0051342016086,"median":0.00225711613894,"min":1.24401996553e-21,"var":0.000082326165284},"spectral_energyband_middle_low":{"dmean":0.00519641069695,"dmean2":0.00823926366866,"dvar":0.0000926399807213,"dvar2":0.000220672794967,"max":0.135145097971,"mean":0.0117154223844,"median":0.00817438401282,"min":2.03848120258e-22,"var":0.00017685603234},"spectral_entropy":{"dmean":0.206367701292,"dmean2":0.291229903698,"dvar":0.0542536266148,"dvar2":0.106554657221,"max":9.81684112549,"mean":7.21297597885,"median":7.30436944962,"min":3.79684948921,"var":0.593845546246},"spectral_flux":{"dmean":0.0224182214588,"dmean2":0.0357788018882,"dvar":0.000652216200251,"dvar2":0.0015494475374,"max":0.337999641895,"mean":0.0772299841046,"median":0.0715029388666,"min":6.52958034864e-11,"var":0.00226386170834},"spectral_kurtosis":{"dmean":3.47593426704,"dmean2":5.35157680511,"dvar":61.5838508606,"dvar2":131.487701416,"max":245.857025146,"mean":10.930562973,"median":6.22866153717,"min":-1.24840807915,"var":425.063781738},"spectral_rms":{"dmean":0.000816572457552,"dmean2":0.00123655993957,"dvar":8.36536571569e-7,"dvar2":0.00000186260012924,"max":0.0127678690478,"mean":0.00457202689722,"median":0.00458902493119,"min":3.15706770622e-12,"var":0.00000487649822389},"spectral_rolloff":{"dmean":629.714660645,"dmean2":1074.82897949,"dvar":2648155,"dvar2":6433272,"max":19832.0800781,"mean":1580.46166992,"median":753.662109375,"min":64.599609375,"var":6812107.5},"spectral_skewness":{"dmean":0.323252528906,"dmean2":0.48822632432,"dvar":0.216993480921,"dvar2":0.473664849997,"max":13.4211091995,"mean":2.25591826439,"median":1.96148359776,"min":-0.0912645235658,"var":2.03955173492},"spectral_spread":{"dmean":815135.625,"dmean2":1143803.75,"dvar":1789537943550,"dvar2":3528563097600,"max":43882208,"mean":5028929.5,"median":4182441,"min":508275.84375,"var":12038862536700},"spectral_strongpeak":{"dmean":0.527922213078,"dmean2":0.886982321739,"dvar":1.23009586334,"dvar2":2.99537324905,"max":22.4792041779,"mean":0.892836213112,"median":0.415776222944,"min":0,"var":2.6495654583},"zerocrossingrate":{"dmean":0.0127858771011,"dmean2":0.0147884394974,"dvar":0.000361424026778,"dvar2":0.000431672000559,"max":0.5146484375,"mean":0.0633760690689,"median":0.04541015625,"min":0.00244140625,"var":0.00412826891989}},"metadata":{"audio_properties":{"analysis_sample_rate":44100,"bit_rate":191489,"codec":"mp3","downmix":"mix","equal_loudness":0,"length":141.32244873,"lossless":false,"md5_encoded":"7d7473c31e018388def28f0645856b51","replay_gain":-5.36964035034,"sample_rate":44100},"tags":{"acoustid_id":["d11aac17-9904-46a8-b0f5-8c0948703705"],"album":["Let England Shake"],"albumartist":["PJ Harvey"],"albumartistsort":["Harvey, PJ"],"artist":["PJ Harvey"],"artists":["PJ Harvey"],"artistsort":["Harvey, PJ"],"asin":["B004IXJEWK"],"barcode":["602527630250"],"catalognumber":["2763025"],"date":["2011-02-14"],"file_name":"02 - The Last Living Rose.mp3","isrc":["GBUM71027777"],"label":["Island Records"],"language":["eng"],"media":["CD"],"musicbrainz album release country":["GB"],"musicbrainz album status":["official"],"musicbrainz album type":["album"],"musicbrainz release track id":["d1386d34-46c2-3a7a-90b7-01b205db8183"],"musicbrainz_albumartistid":["e795e03d-b5d5-4a5f-834d-162cfb308a2c"],"musicbrainz_albumid":["e1b46785-d51b-3bf9-9252-086f23d9a1f8"],"musicbrainz_artistid":["e795e03d-b5d5-4a5f-834d-162cfb308a2c"],"musicbrainz_recordingid":["ff98a20e-3745-45f4-8131-49c1aa5ddd9e"],"musicbrainz_releasegroupid":["9d504fde-1b02-4c14-b484-bcf94570153a"],"musicbrainz_workid":["f3eb6533-9a78-4f51-9939-9c54022ac250"],"originaldate":["2011"],"performer:drums":["John Parish","Mick Harvey"],"performer:guitar":["John Parish","PJ Harvey"],"performer:organ":["Mick Harvey"],"performer:saxophone":["PJ Harvey"],"performer:trombone":["John Parish"],"performer:vocals":["John Parish","Mick Harvey","PJ Harvey"],"script":["Latn"],"title":["The Last Living Rose"],"tracknumber":["2/12"],"work":["The Last Living Rose"]},"version":{"essentia":"2.1-beta1","essentia_build_sha":"65e368e5454dd45657e4cc002e00185f437e13e1","essentia_git_sha":"v2.1_beta1-28-g21ef5f4","extractor":"music 