{"lowlevel":{"average_loudness":0.636159241199,"barkbands":{"dmean":[0.0000367832144548,0.000741470197681,0.000945260282606,0.00156768318266,0.00143246224616,0.000915756856557,0.000750170263927,0.000948226836044,0.00121405429672,0.000648207205813,0.000555315287784,0.000417683506384,0.000358571356628,0.000247794552706,0.000348064611899,0.000187452911632,0.000200612877961,0.000149278494064,0.00011069572065,0.000079407604062,0.0000669247092446,0.0000778394169174,0.0000595604833507,0.0000935756179388,0.0000590634117543,0.0000119994647321,3.93923272668e-7],"dmean2":[0.0000552858182346,0.00122045562603,0.00157292874064,0.00255878875032,0.00232654553838,0.00152084708679,0.00120759627316,0.00150433066301,0.00192227680236,0.00101769610774,0.000880685285665,0.000669406959787,0.000577979080845,0.000401385041187,0.000571592361666,0.000298952392768,0.000326603185385,0.000234793216805,0.000171375766513,0.000121512413898,0.0000994407018879,0.000113615889859,0.0000836050239741,0.000124475496705,0.0000768743193476,0.0000154217705131,5.96262964336e-7],"dvar":[9.76383951468e-9,0.00000287101147478,0.00000447701631856,0.0000145039784911,0.0000130185590024,0.00000474838134323,0.00000208846267924,0.00000387709860661,0.00000946293403103,0.00000275403999694,0.00000214705642065,0.00000123392442219,0.00000145836406773,5.73143722704e-7,5.39025393209e-7,3.10841528517e-7,3.26937851014e-7,1.73319847363e-7,5.21773131368e-8,3.15037560483e-8,2.67597339842e-8,4.00248865162e-8,1.98356104875e-8,5.45910587846e-8,2.75617750845e-8,1.4009995386e-9,3.5702686467e-12],"dvar2":[1.97459630868e-8,0.00000716998511052,0.0000121507109725,0.0000392077636207,0.0000343033971149,0.0000126050699691,0.00000554004600417,0.000008925815564,0.000019967163098,0.00000676478475725,0.00000538317044629,0.00000303603087559,0.00000303412275571,0.00000133552828174,0.00000136787843985,7.39324605092e-7,7.49532716782e-7,2.98858793712e-7,1.20897212241e-7,7.15922183758e-8,5.90907021092e-8,8.9448498386e-8,4.10606055823e-8,9.91493962488e-8,4.7766750555e-8,2.25289165101e-9,7.47730002915e-12],"max":[0.00225660088472,0.0319050885737,0.036850720644,0.108598008752,0.0735336393118,0.03646158427,0.0323791056871,0.0536456108093,0.112972490489,0.0333223678172,0.0489541962743,0.0268248450011,0.0593266263604,0.043175894767,0.028845416382,0.0288280192763,0.0364536084235,0.0462353751063,0.00632815249264,0.00445649260655,0.00503348559141,0.00825853087008,0.00340195908211,0.00635261740535,0.00661514699459,0.00158480647951,0.000084513463662],"mean":[0.000047948633437,0.00115107174497,0.00160057039466,0.00274121039547,0.00247601605952,0.00131886848249,0.00138978590257,0.00177180627361,0.00200026948005,0.00104029744398,0.00104745675344,0.000659967365209,0.000547392293811,0.000340571452398,0.000613026088104,0.000320137507515,0.000359337864211,0.000326932728058,0.000219708294026,0.000146886173752,0.000130215586978,0.000141020456795,0.0000969801694737,0.000152319087647,0.0000955544601311,0.0000185005646927,4.56821766193e-7],"median":[0.00000499575162394,0.000158276496222,0.000223035822273,0.000416057155235,0.000965901766904,0.000615218188614,0.000593751785345,0.000665131257847,0.000709262385499,0.000335321616149,0.000305846566334,0.000210068072192,0.000229711833526,0.000100107936305,0.000276363454759,0.000137078866828,0.000149576575495,0.000116452931252,0.0000893888645805,0.0000521105539519,0.0000312597585435,0.0000228686185437,0.0000117479621622,0.0000126027525766,0.00000519064087712,7.2839452514e-7,2.8433490229e-8],"min":[3.80738440398e-25,1.66461878346e-24,1.65952155872e-24,9.94413405218e-25,8.88556673106e-24,4.22737621789e-24,9.62208040434e-24,1.1801541369e-23,1.52743129665e-23,7.85902676826e-24,2.21845846126e-23,1.42656769908e-23,1.44491628819e-23,3.02420114763e-23,5.77023858048e-23,6.04615498831e-23,5.58305387835e-23,9.12661895787e-23,1.42967824073e-22,1.69924955631e-22,2.20976095424e-22,2.80865456093e-22,3.87286528253e-22,6.02417202234e-22,8.36709294982e-22,1.19235934549e-21,1.89961078515e-21],"var":[1.65150524367e-8,0.00000507859203935,0.00000970412656898,0.0000357205135515,0.0000172773361555,0.00000500453688801,0.00000619256479695,0.00000954117149377,0.0000284686611849,0.00000424669269705,0.00000408789310313,0.00000186523550383,0.00000218064883484,7.6626901091e-7,9.60982674769e-7,5.58462659228e-7,7.72096143464e-7,0.000002549561259,1.22309927519e-7,6.458824231e-8,6.30466345797e-8,8.8605638382e-8,4.26465511794e-8,1.34603894253e-7,7.10644130208e-8,3.56550056146e-9,5.11269629064e-12]},"barkbands_crest":{"dmean":2.19216036797,"dmean2":3.53813910484,"dvar":4.95769071579,"dvar2":12.1907806396,"max":26.8510017395,"mean":10.2190103531,"median":8.82217311859,"min":2.58261036873,"var":26.5744247437},"barkbands_flatness_db":{"dmean":0.0176577623934,"dmean2":0.026215814054,"dvar":0.000310780247673,"dvar2":0.000657144002616,"max":0.49720326066,"mean":0.159631595016,"median":0.137515708804,"min":0.0318966768682,"var":0.00645185774192},"barkbands_kurtosis":{"dmean":2.29855799675,"dmean2":3.39710426331,"dvar":119.3099823,"dvar2":186.78755188,"max":1079.65551758,"mean":4.73110389709,"median":1.38184440136,"min":-1.75418806076,"var":558.757263184},"barkbands_skewness":{"dmean":0.409294068813,"dmean2":0.629752457142,"dvar":0.264728456736,"dvar2":0.535048365593,"max":31.3791332245,"mean":1.11662709713,"median":1.11152887344,"min":-10.225892067,"var":1.77033245564},"barkbands_spread":{"dmean":3.91613173485,"dmean2":5.85919380188,"dvar":22.5062160492,"dvar2":48.3345947266,"max":94.9832305908,"mean":17.9120979309,"median":15.7390909195,"min":0.178159147501,"var":157.212173462},"dissonance":{"dmean":0.0244735181332,"dmean2":0.0413415767252,"dvar":0.000802589464001,"dvar2":0.00220083468594,"max":0.500000059605,"mean":0.44526168704,"median":0.459679067135,"min":0.119701519608,"var":0.00236808508635},"dynamic_complexity":3.08548402786,"erbbands":{"dmean":[0.021054238081,0.185763150454,0.976055085659,2.78958773613,5.42088270187,5.28058576584,5.73142194748,8.40553379059,9.4616317749,12.1312189102,24.4116859436,29.4552307129,19.5269317627,24.14361763,15.9990301132,18.4317264557,15.4463577271,12.9996557236,16.452047348,13.179810524,9.43211174011,9.96229553223,8.86207675934,5.95517063141,5.17950487137,3.58219718933,2.49999761581,3.15600752831,2.88203859329,2.06949853897,1.61496078968,1.66838717461,1.7253704071,0.86079877615,0.320915937424,0.0957591086626,0.0131914066151,0.00115335464943,0.0000767063465901,0.0000111418157758],"dmean2":[0.0321953333914,0.316513389349,1.64950835705,4.50383615494,8.82827091217,8.67847156525,9.39627552032,14.0700845718,15.6003189087,19.1628684998,38.7362594604,46.1723899841,31.1438865662,37.3354187012,26.0086021423,29.409866333,24.7672996521,20.7545890808,26.9456501007,21.2974147797,15.0310964584,16.0459403992,13.7363758087,9.30209064484,8.04731464386,5.46780872345,3.74689793587,4.6996884346,4.215092659,2.92913794518,2.2684276104,2.27327656746,2.31726288795,1.14881634712,0.413075655699,0.12199486047,0.0167045854032,0.00154821551405,0.000108038701001,0.0000155412835738],"dvar":[0.00341486278921,0.164149671793,4.87464904785,43.0171546936,193.493392944,146.163696289,155.331283569,471.365966797,385.772338867,492.714691162,2860.81713867,6344.30712891,3003.93139648,2754.57958984,2829.43579102,2461.34912109,2809.24902344,1343.36669922,1718.5456543,1019.55651855,778.246948242,931.432189941,710.846801758,139.780776978,110.986328125,69.0155715942,31.4665355682,68.3688430786,61.5874481201,24.9553699493,14.163775444,17.8887901306,19.6533966064,5.95109796524,0.843449175358,0.0854589268565,0.00171595870052,0.0000152445309141,1.03606197399e-7,7.67291508108e-10],"dvar2":[0.00683416845277,0.463003575802,13.9411706924,111.827156067,515.528381348,394.73034668,407.76953125,1266.3314209,1033.56616211,1174.53222656,6433.33447266,13413.9941406,7614.68652344,6315.15576172,7537.10205078,6008.89208984,5837.33154297,3071.0859375,4420.72705078,2491.76074219,1765.73291016,1986.78173828,1076.87402344,329.1612854,262.366912842,156.222320557,71.4735717773,152.578323364,136.342559814,54.0867919922,28.7522659302,33.6299934387,37.84740448,11.3926420212,1.39874470234,0.134457603097,0.00268776807934,0.0000283418903564,1.97386853529e-7,1.4576037044e-9],"max":[1.26358115673,7.95779466629,41.0198440552,214.326553345,230.042999268,271.656768799,224.232452393,353.614624023,397.770782471,519.341430664,1484.24963379,3374.0715332,1067.36328125,1514.80334473,2232.68823242,1029.94470215,2440.50366211,1518.21313477,2059.63305664,1135.57128906,1439.58959961,2268.97290039,3042.76171875,457.224121094,339.974578857,206.682067871,129.200088501,269.367858887,381.932647705,123.873023987,96.2258987427,133.235671997,131.29447937,104.84047699,27.6920108795,11.9418983459,1.81879925728,0.179432362318,0.0150614790618,0.00147005182225],"mean":[0.0318803302944,0.281674832106,1.66525804996,5.36978960037,9.09121608734,8.78044891357,9.29468250275,11.5261878967,16.1434440613,24.4747867584,48.0234146118,49.4897155762,30.3749656677,48.5601348877,26.4556789398,30.6311798096,25.7165870667,20.2396183014,28.5218601227,24.8795604706,17.719997406,19.3289871216,20.1070537567,12.2984447479,10.4679956436,6.73478317261,4.9241232872,5.81227684021,5.18121242523,3.41515207291,2.70056724548,2.73927545547,2.71731281281,1.36929810047,0.509531915188,0.149277627468,0.0206707566977,0.00170302134939,0.000109357337351,0.0000314516400977],"median":[0.00259503698908,0.0493144504726,0.32221019268,1.03619229794,2.01982688904,3.29114747047,4.48106098175,4.95039653778,6.98506402969,12.8217506409,17.6601352692,19.9939460754,10.8145341873,19.7228221893,10.5373401642,10.2224264145,12.0755214691,8.08891773224,12.808927536,11.1774406433,9.57363319397,8.07273674011,7.29762744904,5.25028181076,4.24529504776,2.36885070801,1.42935478687,1.2248647213,0.900458335876,0.451755851507,0.314184129238,0.236426964402,0.211438536644,0.0846558585763,0.0255664102733,0.0058461194858,0.000830918492284,0.0000890405863174,0.0000167357211467,0.0000193270116142],"min":[7.33028548902e-23,5.03433308741e-22,2.27349399865e-21,5.17683312327e-21,7.45627147283e-21,2.1075508645e-20,3.41487977272e-20,4.72856375449e-20,1.19205023924e-19,9.44238559951e-20,2.27001676238e-19,3.21779953276e-19,5.28550678737e-19,6.05510528953e-19,5.76266902565e-19,8.22561842808e-19,1.06453347188e-18,1.57927245744e-18,2.33602629225e-18,2.56532055125e-18,3.42509497507e-18,3.78772909446e-18,4.87022479334e-18,5.99281393652e-18,7.82102329737e-18,7.98423182249e-18,7.00835143276e-18,9.77029922627e-18,1.20032153872e-17,1.11022262758e-17,1.07270370023e-17,1.11689201942e-17,9.19438134223e-18,8.16046099764e-18,5.85001692019e-18,4.0860083554e-18,2.18407610886e-18,9.16386975136e-19,2.410275575e-19,2.51356083595e-20],"var":[0.006355707068,0.260053873062,9.98096466064,130.369979858,291.924255371,206.094711304,214.045013428,455.106414795,834.823669434,1266.72241211,8094.33740234,17206.765625,4395.6328125,6624.23828125,2803.60424805,3943.6628418,4145.85498047,1904.91760254,2643.07446289,1842.68640137,1466.11096191,2777.21435547,10635.3457031,401.242980957,274.260040283,138.447952271,76.7665252686,144.036117554,128.68057251,51.3378334045,33.4559211731,42.6856803894,44.6814918518,13.8595504761,2.20437121391,0.225465655327,0.00435524852946,0.0000309253700834,1.75507864242e-7,1.88189486217e-9]},"erbbands_crest":{"dmean":2.49813437462,"dmean2":3.95720434189,"dvar":7.31876564026,"dvar2":17.0429611206,"max":34.6966552734,"mean":11.2493362427,"median":8.94482898712,"min":1.93720412254,"var":49.3116760254},"erbbands_flatness_db":{"dmean":0.0162874143571,"dmean2":0.0230506882071,"dvar":0.000266556773568,"dvar2":0.000522535468917,"max":0.525276064873,"mean":0.212502762675,"median":0.182642117143,"min":0.0213896427304,"var":0.00906985346228},"erbbands_kurtosis":{"dmean":1.33701789379,"dmean2":2.00127863884,"dvar":14.0538482666,"dvar2":26.6209049225,"max":186.887084961,"mean":2.24447131157,"median":-0.0375769361854,"min":-1.70371186733,"var":99.5763092041},"erbbands_skewness":{"dmean":0.344519883394,"dmean2":0.525154590607,"dvar":0.151162207127,"dvar2":0.325791031122,"max":10.1538419724,"mean":0.533224642277,"median":0.396978110075,"min":-6.05822610855,"var":1.16033637524},"erbbands_spread":{"dmean":5.62673664093,"dmean2":8.48525810242,"dvar":42.6477813721,"dvar2":91.2545089722,"max":137.32208252,"mean":29.6511955261,"median":27.8104496002,"min":0.392058283091,"var":375.81842041},"gfcc":{"cov":[[27853.203125,-97.9863204956,-532.39855957,2918.58618164,-1734.65515137,1629.97363281,-1268.35559082,429.425964355,-687.758239746,-22.8053894043,-560.509094238,-251.146255493,-260.91027832],[-97.9863204956,1385.84362793,-711.517150879,-667.034790039,212.069702148,-517.181396484,70.9209060669,-179.363250732,63.3668556213,-94.8657302856,116.924308777,-39.0125350952,72.3602905273],[-532.39855957,-711.517150879,1392.20214844,733.38293457,-14.2078542709,532.471923828,-107.297744751,165.088226318,-95.3964309692,67.3287734985,-126.249015808,-10.950676918,-95.4872894287],[2918.58618164,-667.034790039,733.38293457,1252.4744873,-171.715805054,594.571166992,-198.534500122,138.164199829,-98.8123550415,6.29525709152,-177.745025635,-96.0502090454,-130.348297119],[-1734.65515137,212.069702148,-14.2078542709,-171.715805054,330.478881836,-113.355331421,97.9636077881,-37.8347892761,34.7930297852,-36.8161735535,29.7164821625,0.127791285515,3.5028963089],[1629.97363281,-517.181396484,532.471923828,594.571166992,-113.355331421,547.75982666,-37.479057312,126.401512146,-103.686447144,17.6708965302,-106.165718079,-2.98525285721,-36.1467132568],[-1268.35559082,70.9209060669,-107.297744751,-198.534500122,97.9636077881,-37.479057312,250.781204224,21.7127685547,47.7920417786,-16.8871936798,30.3110904694,9.41311645508,38.9296760559],[429.425964355,-179.363250732,165.088226318,138.164199829,-37.8347892761,126.401512146,21.7127685547,178.444656372,40.1483039856,31.5342922211,-29.5048522949,-22.7486782074,-25.0485897064],[-687.758239746,63.3668556213,-95.3964309692,-98.8123550415,34.7930297852,-103.686447144,47.7920417786,40.1483039856,151.419998169,46.1303863525,27.8657875061,-36.9513130188,-10.4025917053],[-22.8053894043,-94.8657302856,67.3287734985,6.29525709152,-36.8161735535,17.6708965302,-16.8871936798,31.5342922211,46.1303863525,120.976013184,35.8282241821,-3.29692411423,-25.213640213],[-560.509094238,116.924308777,-126.249015808,-177.745025635,29.7164821625,-106.165718079,30.3110904694,-29.5048522949,27.8657875061,35.8282241821,124.753135681,55.1905250549,26.82213974],[-251.146255493,-39.0125350952,-10.950676918,-96.0502090454,0.127791285515,-2.98525285721,9.41311645508,-22.7486782074,-36.9513130188,-3.29692411423,55.1905250549,139.541259766,76.4098510742],[-260.91027832,72.3602905273,-95.4872894287,-130.348297119,3.5028963089,-36.1467132568,38.9296760559,-25.0485897064,-10.4025917053,-25.213640213,26.82213974,76.4098510742,125.002037048]],"icov":[[0.000280740438029,-0.00058230990544,0.000715038098861,-0.000515871040989,0.000785377749708,-0.000771655992139,0.000831856508739,-0.000929141649976,0.000899251317605,-0.000522763235494,0.000567059963942,-0.000343252409948,0.000298464583466],[-0.00058230990544,0.00269923568703,-0.00121747481171,0.00133464322425,-0.00218685669824,0.00208613323048,-0.00134516321123,0.00216337200254,-0.00158304348588,0.00191744370386,-0.00226141768508,0.00236384873278,-0.00150395091623],[0.000715038098861,-0.00121747481171,0.00330386636779,-0.00161673210096,0.00114870385733,-0.00262844562531,0.00247591920197,-0.00287472223863,0.00277954433113,-0.0022013168782,0.00194416858722,-0.00124829914421,0.00102890748531],[-0.000515871040989,0.00133464322425,-0.00161673210096,0.00341298547573,-0.00127588282339,-0.000801285321359,-0.0000943768318393,0.00196304218844,-0.00247324956581,0.00222065392882,-0.00111932610162,0.00175797112752,0.00010910351557],[0.000785377749708,-0.00218685669824,0.00114870385733,-0.00127588282339,0.00670951372012,-0.00169102021027,0.000680748780724,-0.00167483009864,0.00136894593015,0.00019018103194,0.00122706405818,-0.00161881966051,0.00210611126386],[-0.000771655992139,0.00208613323048,-0.00262844562531,-0.000801285321359,-0.00169102021027,0.00889387726784,-0.00429184501991,0.000444106990471,0.00121292879339,-0.000347081106156,-0.000018226883185,0.000265711074462,-0.00174437824171],[0.000831856508739,-0.00134516321123,0.00247591920197,-0.0000943768318393,0.000680748780724,-0.00429184501991,0.00888833869249,-0.00371810025536,0.000891655799933,0.000254377635429,0.000168565704371,0.000501540023834,-0.000682671321556],[-0.000929141649976,0.00216337200254,-0.00287472223863,0.00196304218844,-0.00167483009864,0.000444106990471,-0.00371810025536,0.012148805894,-0.00713685434312,0.00178941769991,-0.00107356067747,0.000969749933574,-0.000168298967765],[0.000899251317605,-0.00158304348588,0.00277954433113,-0.00247324956581,0.00136894593015,0.00121292879339,0.000891655799933,-0.00713685434312,0.0161240845919,-0.00683126784861,0.000966384483036,0.00276003917679,-0.000988421728835],[-0.000522763235494,0.00191744370386,-0.0022013168782,0.00222065392882,0.00019018103194,-0.000347081106156,0.000254377635429,0.00178941769991,-0.00683126784861,0.0156185925007,-0.0072776498273,0.00172938604373,0.00169297878165],[0.000567059963942,-0.00226141768508,0.00194416858722,-0.00111932610162,0.00122706405818,-0.000018226883185,0.000168565704371,-0.00107356067747,0.000966384483036,-0.0072776498273,0.0176341030747,-0.00878885388374,0.00270433002152],[-0.000343252409948,0.00236384873278,-0.00124829914421,0.00175797112752,-0.00161881966051,0.000265711074462,0.000501540023834,0.000969749933574,0.00276003917679,0.00172938604373,-0.00878885388374,0.0179225187749,-0.00953599903733],[0.000298464583466,-0.00150395091623,0.00102890748531,0.00010910351557,0.00210611126386,-0.00174437824171,-0.000682671321556,-0.000168298967765,-0.000988421728835,0.00169297878165,0.00270433002152,-0.00953599903733,0.015516624786]],"mean":[-58.9802322388,106.930358887,-145.586578369,7.78184175491,-63.1253204346,2.32901620865,-40.2601890564,7.58312702179,-21.7282943726,-3.88976383209,-14.6752023697,-7.23240661621,-7.89928722382]},"hfc":{"dmean":5.80060338974,"dmean2":7.67970752716,"dvar":93.5665740967,"dvar2":158.377578735,"max":233.131637573,"mean":18.312374115,"median":11.8991498947,"min":1.06419651159e-16,"var":384.79296875},"melbands":{"dmean":[0.000185725250049,0.000397248339141,0.000578660925385,0.00035557281808,0.000197732908418,0.00018123711925,0.00015196968161,0.000139872921864,0.00021528833895,0.000180181959877,0.0000958505552262,0.0000976252849796,0.0000588635703025,0.0000445258592663,0.0000456429952465,0.0000355568736268,0.0000244017155637,0.0000267222148977,0.0000260925917246,0.0000151798940351,0.0000116617984531,0.0000114438225864,0.0000096143103292,0.00000721733613318,0.000005077622518,0.00000455091731055,0.00000357117369276,0.00000228527915169,0.00000168149585988,0.00000145529554629,0.00000222339258471,0.00000184983309737,0.00000136482117341,0.00000119376852581,9.91866045297e-7,8.75098010056e-7,0.00000115580894544,0.0000013950743778,9.22896106204e-7,6.83227824538e-7],"dmean2":[0.000296188052744,0.000669461442158,0.000927936809603,0.000579144107178,0.000324135035044,0.000302471307805,0.000247437128564,0.000221240145038,0.000342892570188,0.000283172877971,0.000153641260113,0.000151167580043,0.000094635746791,0.0000721280302969,0.0000729590319679,0.0000566802955291,0.0000393923764932,0.0000435976216977,0.0000427668201155,0.0000245893261308,0.0000188162211998,0.0000185796798178,0.0000153129822138,0.0000114768818094,0.00000802384784038,0.00000718861201676,0.00000561318938708,0.00000354302892447,0.0000025979863949,0.00000221464415517,0.00000337228493663,0.00000280158951682,0.00000201996567739,0.00000174868591785,0.00000144452428685,0.00000123403958696,0.0000016166760588,0.00000193914479496,0.00000124441055505,9.33972216899e-7],"dvar":[2.20676923846e-7,7.65308698192e-7,0.00000178597326794,8.36364449697e-7,1.67749220736e-7,2.09641427773e-7,9.15518256761e-8,6.8103382489e-8,2.37504522715e-7,2.30121329992e-7,7.71299397684e-8,4.61153604192e-8,3.1866921546e-8,1.53556332094e-8,1.43990517287e-8,1.72737060211e-8,5.14637044091e-9,6.06966787942e-9,3.12943426728e-9,2.249222808e-9,1.3597799553e-9,9.4632224279e-10,1.49858536691e-9,3.67316149719e-10,1.05758610203e-10,1.07407034655e-10,6.08188430173e-11,2.86917399561e-11,1.43253412604e-11,1.15017630836e-11,3.76821768233e-11,2.71467692076e-11,1.36294439276e-11,9.13601833075e-12,5.89156935044e-12,4.53673730527e-12,9.21580173285e-12,1.32236799635e-11,6.21459914779e-12,4.07710584044e-12],"dvar2":[4.97421410728e-7,0.00000219955381908,0.00000476470995636,0.00000221853224502,4.39916362893e-7,5.61157605716e-7,2.45796996978e-7,1.59692461921e-7,5.21158540323e-7,4.80195012642e-7,1.95366880007e-7,1.06386927712e-7,8.42551415303e-8,3.89157470693e-8,3.23478950293e-8,3.53653106799e-8,1.18623315615e-8,1.53422590188e-8,7.90538123852e-9,5.80910031189e-9,3.20199844417e-9,2.12936313027e-9,2.94064683715e-9,7.24462267954e-10,2.52047910321e-10,2.65929694931e-10,1.43204295644e-10,6.67184016367e-11,3.38908345832e-11,2.65609166605e-11,8.70824731769e-11,6.22426069019e-11,3.22433225952e-11,2.03657073844e-11,1.29366075144e-11,9.14237088812e-12,1.8197167731e-11,2.71106852245e-11,1.15604626566e-11,8.26946237181e-12],"max":[0.00991952698678,0.0178253408521,0.0354306660593,0.020076835528,0.00685238605365,0.00743932742625,0.00643262360245,0.00696163857356,0.0126269804314,0.0223761927336,0.00549043854699,0.00587949994951,0.00730343535542,0.00366519903764,0.0040100296028,0.00813458207995,0.00370931532234,0.00376988388598,0.00180080637801,0.00218703085557,0.00188116438221,0.00192850315943,0.00353871285915,0.00220158882439,0.000279454834526,0.000438933871919,0.000176979665412,0.0001442378707,0.0000815891471575,0.0000834800521261,0.000207259130548,0.000239756336669,0.000128818064695,0.0000913058756851,0.0000633592062513,0.0000549896831217,0.000091709967819,0.0000866849441081,0.0000916554636206,0.0000890442097443],"mean":[0.00029230187647,0.000682063691784,0.00112443859689,0.000622400955763,0.000343067891663,0.000249572156463,0.000268393865554,0.000275592232356,0.000414548208937,0.000292620825348,0.000140588148497,0.000189780024812,0.00010246365855,0.0000688165528118,0.000074424307968,0.0000537912455911,0.0000342318526236,0.0000420234682679,0.0000449400176876,0.0000261470868281,0.0000194238764379,0.0000200547710847,0.0000202948813239,0.0000147129321704,0.00000929951693251,0.00000838998403196,0.00000631998318568,0.00000392632910007,0.00000308754101752,0.00000267404652732,0.00000378384652322,0.00000316053797178,0.00000224695281759,0.00000178804816642,0.00000155310419814,0.00000144369187183,0.00000179302037395,0.00000210358484765,0.00000146178217619,0.00000104187950001],"median":[0.0000339317994076,0.000130926840939,0.000217995155253,0.000228607328609,0.000174475135282,0.00010998432117,0.000115395581815,0.000143047131132,0.000145136014908,0.000107280960947,0.0000417263509007,0.0000738753151381,0.0000345035405189,0.0000221860282181,0.0000257531592069,0.0000214925694308,0.0000110377977762,0.0000155245397764,0.0000193738960661,0.0000110693017632,0.00000969261509454,0.0000080063518908,0.0000069121042543,0.00000525489031133,0.00000379972129849,0.00000290971956929,0.00000231066746892,0.00000123694212562,8.63846537413e-7,6.73303759413e-7,6.64761103053e-7,5.72316423586e-7,2.59383540424e-7,2.23528545007e-7,1.85605870229e-7,1.2795710802e-7,1.3680667621e-7,1.65522052953e-7,9.6062954924e-8,5.85351287441e-8],"min":[1.32756317056e-24,1.78100337711e-24,1.13229968474e-24,2.70435185325e-24,1.75983508358e-24,9.94923206578e-25,1.66573482442e-24,1.39106312077e-24,1.56765791744e-24,2.20043204294e-24,1.82816325696e-24,1.62598116518e-24,2.43387274809e-24,2.24379710741e-24,2.39769341761e-24,1.9793543659e-24,2.8909182462e-24,2.76614293352e-24,3.73866110989e-24,3.43536065791e-24,2.09877666568e-24,2.91500631115e-24,4.29437496343e-24,3.442687598e-24,3.46557836931e-24,4.72456566417e-24,3.97471195856e-24,4.66859558851e-24,3.11005374769e-24,4.05688326032e-24,5.04904269272e-24,5.82438291645e-24,4.72879908622e-24,5.50188553435e-24,5.61394007049e-24,5.60901600072e-24,5.88173547084e-24,5.8371699573e-24,6.16628706569e-24,5.24618218837e-24],"var":[4.00210808493e-7,0.00000154030112753,0.00000463557489638,0.00000112076645564,2.51410540386e-7,2.05813535104e-7,2.29449113931e-7,1.61081885608e-7,6.95257938332e-7,6.63672551582e-7,1.10016159738e-7,1.03729831835e-7,3.83639253698e-8,2.0733370576e-8,2.54796486132e-8,2.57537049464e-8,6.98453250791e-9,8.56941184679e-9,5.93797278015e-9,3.11594727798e-9,2.20231721748e-9,2.04392547332e-9,1.25710579724e-8,3.98207467001e-9,2.15321746544e-10,2.33786379145e-10,1.17936091448e-10,5.26169906256e-11,3.06866199118e-11,2.6534283451e-11,6.87897516727e-11,5.11119827018e-11,2.70157316656e-11,1.54798535101e-11,1.13287131412e-11,1.10477061527e-11,1.99356781083e-11,2.68124723812e-11,1.50273144622e-11,8.51394735962e-12]},"melbands_crest":{"dmean":3.00013613701,"dmean2":4.8467040062,"dvar":8.45936107635,"dvar2":21.2889862061,"max":38.6306915283,"mean":14.0014238358,"median":12.717663765,"min":1.0020198822,"var":38.5987205505},"melbands_flatness_db":{"dmean":0.0207377951592,"dmean2":0.0311015993357,"dvar":0.000438322778791,"dvar2":0.000972250942141,"max":0.572183549404,"mean":0.212351337075,"median":0.195286974311,"min":-3.27888187712e-7,"var":0.0075877700001},"melbands_kurtosis":{"dmean":3.63196825981,"dmean2":5.62967157364,"dvar":72.3574447632,"dvar2":124.726539612,"max":791.478942871,"mean":8.61933422089,"median":4.74095964432,"min":-1.78795170784,"var":341.53729248},"melbands_skewness":{"dmean":0.518859982491,"dmean2":0.803230106831,"dvar":0.339239627123,"dvar2":0.745300233364,"max":22.9600830078,"mean":1.76474773884,"median":1.73092865944,"min":-7.91845321655,"var":2.26785564423},"melbands_spread":{"dmean":4.80395889282,"dmean2":7.53843641281,"dvar":33.3512840271,"dvar2":78.5676040649,"max":165.349807739,"mean":21.3558540344,"median":18.6287307739,"min":0.312566399574,"var":281.85949707},"mfcc":{"cov":[[14347.1152344,-1716.95178223,2166.27124023,1093.61560059,652.306213379,834.087768555,242.606750488,266.623840332,109.654907227,13.342628479,-85.7147216797,18.8271179199,-112.833930969],[-1716.95178223,2127.50195313,-1079.03588867,-338.785583496,-235.430007935,-390.610809326,-158.145965576,-170.112762451,-153.055603027,-86.113899231,-47.0709190369,-59.1421928406,6.33442878723],[2166.27124023,-1079.03588867,1367.76293945,307.978820801,333.590057373,330.105041504,178.722488403,130.432952881,140.493682861,51.8875999451,12.3378429413,48.1141815186,-3.30188822746],[1093.61560059,-338.785583496,307.978820801,368.502929688,174.978759766,135.205718994,35.193397522,49.6288871765,38.0439834595,37.8556861877,20.0647258759,21.9669399261,-18.2494602203],[652.306213379,-235.430007935,333.590057373,174.978759766,291.987609863,116.654777527,46.7880783081,45.5260047913,26.6561317444,21.9460868835,0.988053500652,20.1319885254,-9.74724388123],[834.087768555,-390.610809326,330.105041504,135.205718994,116.654777527,249.183441162,114.772361755,71.9501113892,48.5301361084,-1.7405949831,-12.8844394684,-1.24853622913,-3.89480257034],[242.606750488,-158.145965576,178.722488403,35.193397522,46.7880783081,114.772361755,171.405731201,88.2604598999,41.5598754883,-2.2755715847,-17.6412220001,-0.709568440914,6.75729465485],[266.623840332,-170.112762451,130.432952881,49.6288871765,45.5260047913,71.9501113892,88.2604598999,152.349838257,74.1775741577,2.9507381916,-15.836810112,-9.94599533081,-10.9846763611],[109.654907227,-153.055603027,140.493682861,38.0439834595,26.6561317444,48.5301361084,41.5598754883,74.1775741577,135.227844238,59.9840240479,8.90635299683,-7.59857702255,-16.2451496124],[13.342628479,-86.113899231,51.8875999451,37.8556861877,21.9460868835,-1.7405949831,-2.2755715847,2.9507381916,59.9840240479,154.493270874,74.5185394287,11.96326828,-29.181055069],[-85.7147216797,-47.0709190369,12.3378429413,20.0647258759,0.988053500652,-12.8844394684,-17.6412220001,-15.836810112,8.90635299683,74.5185394287,127.11504364,53.5248718262,-7.69665813446],[18.8271179199,-59.1421928406,48.1141815186,21.9669399261,20.1319885254,-1.24853622913,-0.709568440914,-9.94599533081,-7.59857702255,11.96326828,53.5248718262,118.931747437,49.6946983337],[-112.833930969,6.33442878723,-3.30188822746,-18.2494602203,-9.74724388123,-3.89480257034,6.75729465485,-10.9846763611,-16.2451496124,-29.181055069,-7.69665813446,49.6946983337,110.716941833]],"icov":[[0.000114474962174,-0.0000393513655581,-0.00015915442782,-0.000219203167944,0.000106296749436,-0.000236087333178,0.000171926410985,-0.000134451649501,0.00020187337941,-0.0000627664703643,0.000146049074829,-0.0000527039373992,0.000102143967524],[-0.0000393513655581,0.000946201151237,0.000643537030555,0.000246192736086,-0.000448159873486,0.000973848917056,-0.000583798391744,0.000616450153757,-0.000200461188797,0.000359338097041,0.0000248875203397,0.000237628089963,0.0000174952874659],[-0.00015915442782,0.000643537030555,0.00197031279095,0.000162743948749,-0.00131545844488,-0.0000892079697223,-0.00098239898216,0.000849147327244,-0.0013058448676,0.00042543237214,-0.000197897781618,-0.000192527411855,-0.0000949893365032],[-0.000219203167944,0.000246192736086,0.000162743948749,0.0048895245418,-0.00197168230079,-0.00108049949631,0.000814542465378,-0.000462063995656,-0.0000414324640587,-0.000522477785125,-0.000378717522835,-0.000422145589255,0.000285529793473],[0.000106296749436,-0.000448159873486,-0.00131545844488,-0.00197168230079,0.00615304568782,-0.00137480930425,0.000767391931731,-0.00112782453652,0.00141553021967,-0.0011043890845,0.00114349392243,-0.00103899394162,0.0005668081576],[-0.000236087333178,0.000973848917056,-0.0000892079697223,-0.00108049949631,-0.00137480930425,0.00989719573408,-0.00502859102562,0.00124710635282,-0.00143797008786,0.00180872355122,-0.000644045881927,0.00125106680207,-0.000159891875228],[0.000171926410985,-0.000583798391744,-0.00098239898216,0.000814542465378,0.000767391931731,-0.00502859102562,0.0117987394333,-0.00580233009532,0.0016058573965,-0.0013970505679,0.00116209348198,-0.000578749401029,-0.000883571512531],[-0.000134451649501,0.000616450153757,0.000849147327244,-0.000462063995656,-0.00112782453652,0.00124710635282,-0.00580233009532,0.0133937373757,-0.00689159054309,0.00294852280058,-0.000166173937032,0.000261936191237,0.00104125030339],[0.00020187337941,-0.000200461188797,-0.0013058448676,-0.0000414324640587,0.00141553021967,-0.00143797008786,0.0016058573965,-0.00689159054309,0.0146238114685,-0.00643301894888,0.00202591530979,0.000282628316199,-0.0000721186661394],[-0.0000627664703643,0.000359338097041,0.00042543237214,-0.000522477785125,-0.0011043890845,0.00180872355122,-0.0013970505679,0.00294852280058,-0.00643301894888,0.012858312577,-0.00709673948586,0.0014195246622,0.00150085322093],[0.000146049074829,0.0000248875203397,-0.000197897781618,-0.000378717522835,0.00114349392243,-0.000644045881927,0.00116209348198,-0.000166173937032,0.00202591530979,-0.00709673948586,0.0154115445912,-0.00736051797867,0.00287158763967],[-0.0000527039373992,0.000237628089963,-0.000192527411855,-0.000422145589255,-0.00103899394162,0.00125106680207,-0.000578749401029,0.000261936191237,0.000282628316199,0.0014195246622,-0.00736051797867,0.0149913914502,-0.00695365807042],[0.000102143967524,0.0000174952874659,-0.0000949893365032,0.000285529793473,0.0005668081576,-0.000159891875228,-0.000883571512531,0.00104125030339,-0.0000721186661394,0.00150085322093,0.00287158763967,-0.00695365807042,0.0130866011605]],"mean":[-685.030273438,136.600753784,-24.7189044952,3.78141689301,-5.09814405441,-10.0634145737,-7.55540657043,-1.99759221077,-2.10848736763,-0.826714575291,-1.60589170456,-4.07246494293,-4.9727602005]},"pitch_salience":{"dmean":0.065299808979,"dmean2":0.105225920677,"dvar":0.00436011096463,"dvar2":0.0110827228054,"max":0.996047198772,"mean":0.554129898548,"median":0.568158507347,"min":0.0484846420586,"var":0.0182396490127},"silence_rate_20dB":{"dmean":0,"dmean2":0,"dvar":0,"dvar2":0,"max":1,"mean":1,"median":1,"min":1,"var":0},"silence_rate_30dB":{"dmean":0.00215231790207,"dmean2":0.00430499203503,"dvar":0.00214768899605,"dvar2":0.00577639974654,"max":1,"mean":0.997682332993,"median":1,"min":0,"var":0.00231241201982},"silence_rate_60dB":{"dmean":0.0225165560842,"dmean2":0.0450368411839,"dvar":0.0220071524382,"dvar2":0.0499526299536,"max":1,"mean":0.0788841992617,"median":0,"min":0,"var":0.0726637467742},"spectral_centroid":{"dmean":173.319625854,"dmean2":270.261383057,"dvar":48096.7265625,"dvar2":104720.4375,"max":11613.9814453,"mean":1293.45239258,"median":1110.77490234,"min":286.274780273,"var":1239522.875},"spectral_complexity":{"dmean":3.09304642677,"dmean2":4.58928728104,"dvar":14.0912380219,"dvar2":26.0079364777,"max":59,"mean":17.5453186035,"median":16,"min":0,"var":113.13394928},"spectral_contrast_coeffs":{"dmean":[0.0468293465674,0.0461500659585,0.0397462211549,0.0327095389366,0.0236508660018,0.0181348994374],"dmean2":[0.0763904005289,0.0755637586117,0.0636650323868,0.0513830855489,0.0370464995503,0.0284701921046],"dvar":[0.00162387592718,0.00158730393741,0.00120788160712,0.000785567681305,0.000423154677264,0.00033643777715],"dvar2":[0.00426148157567,0.00400671036914,0.00299973553047,0.0018235683674,0.000976513838395,0.000807208532933],"max":[-0.256552934647,-0.314743846655,-0.408887684345,-0.487938523293,-0.391090422869,-0.621915221214],"mean":[-0.611940324306,-0.709485888481,-0.716631472111,-0.748123407364,-0.764939188957,-0.780024051666],"median":[-0.609420537949,-0.716581225395,-0.725446164608,-0.754962444305,-0.770186066628,-0.779859602451],"min":[-0.998912215233,-0.999128580093,-0.99893528223,-0.998640775681,-0.994815051556,-0.967818260193],"var":[0.00936553440988,0.00844175089151,0.00761936465278,0.00472356379032,0.00294351554476,0.00245528994128]},"spectral_contrast_valleys":{"dmean":[0.370973587036,0.384077191353,0.375289827585,0.334130555391,0.299338757992,0.296297818422],"dmean2":[0.619802236557,0.610480606556,0.586255908012,0.506391108036,0.432119518518,0.375483542681],"dvar":[0.108684077859,0.144294500351,0.146692633629,0.138564199209,0.130616903305,0.119436122477],"dvar2":[0.270200252533,0.319958597422,0.317666083574,0.289524883032,0.265326857567,0.197592064738],"max":[-5.19160461426,-4.39754152298,-4.64812517166,-5.54308700562,-5.6598110199,-7.34526538849],"mean":[-8.52855491638,-7.10759782791,-7.78475189209,-8.17197036743,-8.43683719635,-11.0875453949],"median":[-7.99554681778,-6.69080591202,-7.41176557541,-7.63757419586,-7.83090114594,-10.6221323013],"min":[-28.6726512909,-28.1567592621,-27.7356910706,-27.6267642975,-27.5088253021,-27.4421920776],"var":[6.38459348679,5.86939334869,5.51350641251,5.60183238983,6.05260467529,5.97879076004]},"spectral_decrease":{"dmean":1.48956058599e-9,"dmean2":2.23167906377e-9,"dvar":5.15300227601e-18,"dvar2":1.13727705844e-17,"max":1.88626529681e-28,"mean":-5.05886577074e-9,"median":-3.66319441447e-9,"min":-3.53666287367e-8,"var":2.10842680224e-17},"spectral_energy":{"dmean":0.00601586420089,"dmean2":0.00890871230513,"dvar":0.00008403006359,"dvar2":0.000180268150871,"max":0.136302635074,"mean":0.0207542981952,"median":0.0151880942285,"min":9.78895715094e-21,"var":0.000352843228029},"spectral_energyband_high":{"dmean":0.00034521589987,"dmean2":0.00043883829494,"dvar":5.92207982208e-7,"dvar2":0.00000100900638245,"max":0.0213748812675,"mean":0.000695891969372,"median":0.000130366490339,"min":6.91635356179e-21,"var":0.00000182776773272},"spectral_energyband_low":{"dmean":0.00180302071385,"dmean2":0.00287649547681,"dvar":0.0000128832825794,"dvar2":0.0000330386756104,"max":0.0706676989794,"mean":0.00387625629082,"median":0.00111879315227,"min":1.20469331196e-23,"var":0.000040516439185},"spectral_energyband_middle_high":{"dmean":0.00198489939794,"dmean2":0.00298659689724,"dvar":0.000013219977518,"dvar2":0.0000299618823192,"max":0.0700416788459,"mean":0.00537999114022,"median":0.00393524579704,"min":1.12007434205e-21,"var":0.0000324003376591},"spectral_energyband_middle_low":{"dmean":0.00446777930483,"dmean2":0.00695221452042,"dvar":0.0000537599698873,"dvar2":0.000127540959511,"max":0.125725701451,"mean":0.0120763797313,"median":0.00809324067086,"min":1.4786434051e-22,"var":0.000164394135936},"spectral_entropy":{"dmean":0.165485367179,"dmean2":0.237325891852,"dvar":0.0371257513762,"dvar2":0.0783346667886,"max":9.82597637177,"mean":7.24204730988,"median":7.42516469955,"min":3.43783950806,"var":0.674131393433},"spectral_flux":{"dmean":0.018831172958,"dmean2":0.0280606243759,"dvar":0.000508847879246,"dvar2":0.00101835920941,"max":0.311322808266,"mean":0.0661092400551,"median":0.0599304661155,"min":6.37499011913e-11,"var":0.00214170012623},"spectral_kurtosis":{"dmean":4.04619693756,"dmean2":7.03282690048,"dvar":35.5385475159,"dvar2":109.553573608,"max":84.0562820435,"mean":10.3675508499,"median":4.92592906952,"min":-1.29035758972,"var":148.890655518},"spectral_rms":{"dmean":0.000585278961807,"dmean2":0.000853830541018,"dvar":5.05307241383e-7,"dvar2":0.00000103386116734,"max":0.0115316165611,"mean":0.00405692262575,"median":0.00384937040508,"min":3.09034004983e-12,"var":0.00000378942877433},"spectral_rolloff":{"dmean":357.144378662,"dmean2":593.095336914,"dvar":412306.21875,"dvar2":917954.8125,"max":19616.7480469,"mean":1601.28881836,"median":1205.859375,"min":21.533203125,"var":4060438.25},"spectral_skewness":{"dmean":0.359490185976,"dmean2":0.609041154385,"dvar":0.188675910234,"dvar2":0.564611375332,"max":7.14006948471,"mean":2.03837656975,"median":1.66246628761,"min":-0.102860145271,"var":1.16315829754},"spectral_spread":{"dmean":509488.4375,"dmean2":709766.4375,"dvar":482296594432,"dvar2":851517374464,"max":42953068,"mean":4182984.75,"median":3545239.75,"min":925429.625,"var":18280221769700},"spectral_strongpeak":{"dmean":0.489574551582,"dmean2":0.807766914368,"dvar":0.554672181606,"dvar2":1.34765923023,"max":25.967710495,"mean":1.1735304594,"median":0.798513650894,"min":0,"var":1.54924297333},"zerocrossingrate":{"dmean":0.0078658554703,"dmean2":0.00926238670945,"dvar":0.0000905422857613,"dvar2":0.000112478104711,"max":0.525390625,"mean":0.0634474605322,"median":0.0517578125,"min":0,"var":0.00289086415432}},"metadata":{"audio_properties":{"analysis_sample_rate":44100,"bit_rate":192000,"codec":"vorbis","downmix":"mix","equal_loudness":0,"length":280.489807129,"lossless":false,"md5_encoded":"9674ad916059c7ac00fdd89a7ddf101d","replay_gain":-7.82937049866,"sample_rate":44100},"tags":{"acoustid_id":["c06f94cb-d508-4ab3-a3de-8dea3e4080a6"],"album":["Through the Past, Darkly (Big Hits, Vol. 2)"],"albumartist":["The Rolling Stones"],"albumartistsort":["Rolling Stones, The"],"artist":["The Rolling Stones"],"artistsort":["Rolling Stones, The"],"barcode":["018771800323"],"catalognumber":["80032","NCD 3"],"date":["1986"],"discnumber":["1"],"disctotal":["1"],"file_name":"03 She's a Rainbow.ogg","genre":["Rock"],"label":["ABKCO"],"media":["CD"],"musicbrainz_albumartistid":["b071f9fa-14b0-4217-8e97-eb41da73f598"],"musicbrainz_albumid":["9c909f0f-46d9-4621-8270-723d5681fb19"],"musicbrainz_artistid":["b071f9fa-14b0-4217-8e97-eb41da73f598"],"musicbrainz_discid":["9INrhJYWkncZuOBc51eMrXSA3C8-"],"musicbrainz_recordingid":["ffac0e4e-10cf-4048-98dd-7d010909b17f"],"musicbrainz_releasegroupid":["049a49d2-56e4-3501-bcba-214134605d4a"],"musicbrainz_releasetrackid":["c9a04ef7-0d96-4acb-a067-24eeeb07c00d"],"originaldate":["1969-09-13"],"originalyear":["1969"],"releasecountry":["US"],"releasestatus":["official"],"releasetype":["album","compilation"],"script":["Latn"],"title":["She's a Rainbow"],"totaldiscs":["1"],"totaltracks":["11"],"tracknumber":["3"],"tracktotal":["11"]},"version":{"essentia":"2.1-beta2","essentia_build_sha":"2d9f1f26377add8aeb1075a9c2973f962c4f09fd","essentia_git_sha":"v2.1_beta2-1-ge3940c0","extractor":"music 1.0"}},"rhythm":{"beats_count":517,"beats_loudness":{"dmean":0.0124487243593,"dmean2":0.0215535052121,"dvar":0.000198901354452,"dvar2":0.00053012749413,"max":0.144702285528,"mean":0.032365437597,"median":0.02