{"lowlevel":{"average_loudness":0.556659638882,"barkbands":{"dmean":[0.00000761706360208,0.0000484070078528,0.000074126990512,0.000261933600996,0.0011404278921,0.00062545936089,0.000721326039638,0.000703699595761,0.000884289853275,0.000456014735391,0.000460362178273,0.000241423418629,0.000141609882121,0.00011066483421,0.0000889255898073,0.0000741661788197,0.0000924010164454,0.000119505493785,0.000116259652714,0.0000380142155336,0.00010612890037,0.000196280423552,0.000145717014675,0.000127991574118,0.0000987571911537,0.0000185673834494,8.96850792742e-7],"dmean2":[0.0000118127809401,0.0000788576726336,0.000108445237856,0.000383119360777,0.00159204739612,0.000851746299304,0.00105825590435,0.00103930500336,0.00127411773428,0.000686935032718,0.000717868737411,0.000379453180358,0.000226620206377,0.000174758082721,0.000142028875416,0.000114334805403,0.000142505130498,0.000185482494999,0.000180308750714,0.0000602637046541,0.000160979107022,0.000287706963718,0.000213426508708,0.000175885230419,0.000127513383632,0.0000250155444519,0.00000129416287109],"dvar":[3.35068062185e-9,7.20680333188e-8,5.40389173409e-8,3.94769330114e-7,0.00000743440114093,0.00000248260107583,0.00000367991560779,0.00000433320383308,0.00000548304296899,0.00000204777825275,0.00000206738195629,4.52797252137e-7,2.11067060718e-7,7.94374344082e-8,8.35817814959e-8,1.55060249085e-7,6.10665651379e-8,8.98058942767e-8,1.05435049136e-7,1.49639021174e-8,9.59628039254e-8,5.82888617373e-7,3.08273854444e-7,4.44086225571e-7,2.84686507257e-7,6.89073020865e-9,8.21454623073e-12],"dvar2":[4.8026200794e-9,2.03197515702e-7,1.18625195e-7,9.28960844249e-7,0.0000143932929859,0.00000533188176632,0.00000789433124737,0.000010496170944,0.0000112287625598,0.00000557955809199,0.00000455953340861,0.0000010588250916,5.37489825092e-7,1.79588084848e-7,1.81757002338e-7,2.89729740643e-7,1.36392458217e-7,2.10468257933e-7,2.45241579933e-7,3.45517285893e-8,1.93166670215e-7,0.0000011639534705,6.31650834748e-7,8.07109699963e-7,4.47483415655e-7,1.15962803804e-8,1.58338949591e-11],"max":[0.00272578303702,0.00916689820588,0.00517610227689,0.0148675665259,0.0560767538846,0.0490655079484,0.0733294934034,0.0650968626142,0.0531762354076,0.0664196386933,0.0461153574288,0.0184230078012,0.0172081626952,0.0130458809435,0.0105313053355,0.0236090011895,0.0099826073274,0.00683560734615,0.00918572954834,0.00248605012894,0.00788042042404,0.0359694473445,0.0190547704697,0.0165540724993,0.0163831245154,0.00230510672554,0.0000834650418255],"mean":[0.0000132898740048,0.000131812412292,0.00018832355272,0.000823826820124,0.00329364929348,0.00191158265807,0.00153314368799,0.00127106439322,0.00177182082552,0.00086507294327,0.000849050760735,0.000412145192968,0.000227025724598,0.000186196542927,0.000149686384248,0.000146033693454,0.000194790205569,0.00028833450051,0.000302386091789,0.0000695798589732,0.000243200236582,0.000438404764282,0.000297415535897,0.000218034925638,0.00018795793585,0.0000340245424013,0.00000235542574956],"median":[0.00000134722517942,9.41386360864e-7,0.00000401886700274,0.0000545980947209,0.000593142816797,0.000579827115871,0.00034182757372,0.000237051426666,0.000325900677126,0.000184150179848,0.000178677073563,0.00011845237168,0.0000405608443543,0.0000366243075405,0.0000244448328885,0.0000154772478709,0.0000293153061648,0.0000353952491423,0.0000478786387248,0.00001711245568,0.0000533365564479,0.0000573358011025,0.0000413500820287,0.0000112390707727,0.000014832634406,0.00000345222065334,0.00000107069922706],"min":[3.23977338013e-11,5.09341624433e-10,1.46631162073e-11,2.46250853042e-10,3.94395405223e-10,2.0298485115e-10,2.75333523342e-11,1.41706146817e-10,1.50038328983e-10,8.99912297458e-11,4.71700907501e-11,3.66986822875e-11,3.42442671442e-11,2.32759211211e-11,4.14284821726e-11,3.03570744931e-11,3.1342751311e-11,5.9967655841e-11,3.53576959378e-11,2.49331857244e-11,8.36149760541e-11,1.07946929173e-10,6.00413121998e-11,8.2635592813e-11,1.35700395365e-10,1.51907958434e-10,1.08145703503e-9],"var":[8.89482087985e-9,2.79715976603e-7,2.38354431303e-7,0.00000265173275693,0.0000399646851292,0.0000138849827636,0.0000117910331028,0.00000990900298348,0.0000167425932887,0.00000670557619742,0.00000676821491652,0.00000105186222754,3.90265256556e-7,2.40182799871e-7,2.50112378808e-7,7.0028340815e-7,2.4968861112e-7,4.35414591493e-7,6.18034505351e-7,3.35284759956e-8,3.23888087905e-7,0.00000132796810703,7.66947721331e-7,0.00000121136793041,9.93905359792e-7,2.20376463744e-8,2.05442381856e-11]},"barkbands_crest":{"dmean":2.18497276306,"dmean2":3.33604502678,"dvar":4.23178672791,"dvar2":9.71221351624,"max":26.9170684814,"mean":10.8685150146,"median":9.80500030518,"min":2.99314212799,"var":21.9364833832},"barkbands_flatness_db":{"dmean":0.0161669887602,"dmean2":0.0234679784626,"dvar":0.000263545953203,"dvar2":0.000546770868823,"max":0.443820536137,"mean":0.155147433281,"median":0.15021777153,"min":0.0303807556629,"var":0.00271914410405},"barkbands_kurtosis":{"dmean":3.36419916153,"dmean2":4.85231876373,"dvar":111.404685974,"dvar2":226.304977417,"max":510.46484375,"mean":7.38263225555,"median":3.1397819519,"min":-1.90262663364,"var":379.208496094},"barkbands_skewness":{"dmean":0.499278366566,"dmean2":0.702683627605,"dvar":0.427300661802,"dvar2":0.749462306499,"max":22.0098705292,"mean":1.75833773613,"median":1.57151412964,"min":-5.72835302353,"var":3.02947616577},"barkbands_spread":{"dmean":4.79945039749,"dmean2":7.22965717316,"dvar":57.0479049683,"dvar2":126.956451416,"max":130.45753479,"mean":21.2552833557,"median":16.1376018524,"min":0.509698390961,"var":304.384033203},"dissonance":{"dmean":0.0246674958616,"dmean2":0.04105232656,"dvar":0.000516733853146,"dvar2":0.00140178389847,"max":0.499250471592,"mean":0.43235912919,"median":0.438980698586,"min":0.25558245182,"var":0.00162143493071},"dynamic_complexity":7.2607216835,"erbbands":{"dmean":[0.00136147334706,0.0120434155688,0.0673380941153,0.481459766626,1.75564110279,5.09957551956,5.71494579315,4.7432217598,8.25927448273,12.656961441,17.8011760712,18.6855049133,14.814745903,15.8763818741,11.2054452896,8.63673496246,7.06905269623,5.4812207222,4.02621459961,4.3227891922,2.74230766296,5.23863744736,5.64889287949,6.63924598694,3.59814667702,1.74578106403,2.83977150917,5.3810005188,6.35319519043,7.11898565292,3.51279473305,1.802760005,2.76193714142,1.47893178463,0.5668861866,0.145397558808,0.0221273992211,0.00180249649566,0.000165582809132,0.0000140571082738],"dmean2":[0.00219865958206,0.0195705723017,0.101346820593,0.709492385387,2.52301764488,7.15949630737,7.84603071213,6.32434606552,12.6499242783,17.9522609711,26.4352645874,27.2363567352,22.2686080933,24.6272373199,17.2651462555,13.465924263,11.295050621,8.60451030731,6.30420875549,6.78693675995,4.14339065552,8.03404521942,8.70746994019,10.145154953,5.70172309875,2.72456359863,4.309445858,8.06836700439,9.60193538666,10.3838233948,5.03447198868,2.4908311367,3.80603671074,1.90101134777,0.758191287518,0.195273995399,0.0290468465537,0.00255789188668,0.000231260652072,0.0000190344489965],"dvar":[0.000108634027129,0.00318051013164,0.0418551042676,1.23188114166,16.7320899963,183.078643799,262.323272705,104.46697998,470.036254883,1569.35058594,2915.55102539,2582.22485352,2054.92382813,2801.37670898,668.598510742,688.493225098,334.166931152,203.904327393,124.699935913,375.982330322,79.6249313354,217.114120483,240.185028076,256.319854736,167.027572632,36.9940986633,80.0487060547,253.255630493,578.644042969,700.552062988,212.348770142,101.365966797,242.707244873,65.3627624512,8.73733234406,0.471555113792,0.00881006941199,0.0000475564120279,2.8788946338e-7,1.74510905726e-9],"dvar2":[0.000290989730274,0.00919793825597,0.0963896512985,2.87893462181,34.2204017639,351.685668945,588.096679688,201.958969116,1149.22741699,3328.81762695,6788.06982422,5612.06835938,5557.68798828,6446.7578125,1495.36181641,1591.77062988,806.11541748,466.112243652,276.276916504,736.786437988,148.357070923,476.341156006,566.178588867,557.84576416,416.02532959,85.9880447388,166.23197937,504.562652588,1134.359375,1476.15637207,409.171844482,208.520736694,453.122283936,102.832061768,16.1671142578,0.792772710323,0.0146125201136,0.0000921809332795,5.22348159393e-7,3.13570791555e-9],"max":[0.368134886026,1.67197620869,4.52984714508,21.1234302521,105.35256958,320.430389404,547.246154785,262.373931885,512.25201416,2127.65722656,1661.87268066,1338.23486328,2016.94311523,1573.42749023,639.563598633,906.13873291,581.102416992,666.481445313,463.71786499,1015.36895752,453.893310547,722.450195313,407.040161133,436.025939941,517.263549805,133.837799072,179.304016113,473.391784668,1023.57366943,1012.06884766,564.37902832,278.205200195,462.474761963,290.399291992,76.3773269653,20.1348838806,2.56046843529,0.234817534685,0.0167075619102,0.00126809696667],"mean":[0.00379286217503,0.0315678827465,0.194065123796,1.64115774632,4.894759655,14.717965126,14.9604301453,14.209312439,18.7470550537,26.7146053314,35.0820655823,37.4953727722,30.0388240814,32.4343261719,21.348361969,15.9122304916,12.382443428,10.1351089478,7.77101516724,8.75851535797,6.56085920334,12.054101944,14.9059915543,18.9455852509,9.19543170929,3.51636624336,6.44266080856,12.5916728973,14.4215974808,14.7861413956,7.1349105835,3.18268704414,4.66874694824,2.74358820915,1.00303995609,0.263325750828,0.0414539575577,0.00375304138288,0.000420278636739,0.0000529318604094],"median":[0.0000841239379952,0.000616817269474,0.011232169345,0.218790709972,1.50711512566,1.80337643623,4.05550098419,4.32772064209,4.65084075928,6.64564228058,7.85127449036,7.18765449524,7.6309595108,6.48330783844,5.33197021484,5.07552337646,3.38112831116,2.67530918121,2.03963685036,1.72243785858,1.29067778587,2.07023048401,1.9859495163,3.01155662537,1.94082665443,0.923033475876,1.677744627,2.33643317223,1.94360613823,2.09473085403,0.887446463108,0.216092586517,0.199664443731,0.166907042265,0.101350195706,0.0278334524482,0.00397898862138,0.000824720016681,0.000171818246599,0.0000309241113428],"min":[1.50094230378e-8,1.10866423597e-7,1.29582730324e-7,5.15318390626e-7,0.00000115234502118,9.32698128508e-7,0.00000283941130874,9.07001492578e-7,1.93933146875e-7,0.00000203861804948,0.00000252322320193,0.00000360921353604,0.00000188779608834,0.00000333340403813,0.00000284564430331,0.00000187142688901,0.00000156910766691,9.7892325357e-7,0.00000134383697059,0.00000236562232203,0.00000195723669094,0.00000220106107918,0.00000396602126784,0.00000196280484488,0.00000127887540202,9.58966779763e-7,0.00000322140226672,0.00000332035324391,0.00000478394622405,0.00000197883082365,0.00000191396861737,0.00000131846536533,0.00000151927247316,0.00000148206822814,0.00000101020123111,4.80644928302e-7,3.12559535587e-7,1.55685754066e-7,5.656969293e-8,2.93896817993e-8],"var":[0.000378083641408,0.0117978462949,0.209850236773,9.5480222702,71.4473114014,988.08984375,966.959960938,634.691833496,1443.76904297,4988.57470703,6548.84326172,7130.1015625,7532.87255859,10298.2050781,2148.79614258,1612.30126953,794.276062012,669.139648438,418.817810059,1492.77111816,469.239837646,1030.87194824,1276.08325195,1660.24597168,879.20513916,83.096862793,249.710159302,845.106811523,1398.01745605,1549.08129883,533.77722168,250.29359436,642.221496582,228.278594971,24.4971218109,1.46465063095,0.0310039669275,0.000154560897499,8.04772128049e-7,6.01175065285e-9]},"erbbands_crest":{"dmean":2.46014523506,"dmean2":3.90207147598,"dvar":5.11625385284,"dvar2":12.4294624329,"max":30.5484428406,"mean":9.92440509796,"median":9.03564453125,"min":2.70882248878,"var":17.6061019897},"erbbands_flatness_db":{"dmean":0.0136845232919,"dmean2":0.0198291242123,"dvar":0.000173533815541,"dvar2":0.000360257865395,"max":0.32414868474,"mean":0.181509390473,"median":0.184410616755,"min":0.0312450435013,"var":0.00160054326989},"erbbands_kurtosis":{"dmean":1.31385934353,"dmean2":2.00970172882,"dvar":4.25046396255,"dvar2":9.00550937653,"max":58.2784690857,"mean":1.70430648327,"median":0.670888900757,"min":-1.79178488255,"var":14.1517934799},"erbbands_skewness":{"dmean":0.365257173777,"dmean2":0.540156722069,"dvar":0.156771793962,"dvar2":0.29437738657,"max":7.39791154861,"mean":0.738411962986,"median":0.788572967052,"min":-3.82971644402,"var":1.21419024467},"erbbands_spread":{"dmean":7.41604804993,"dmean2":11.1326951981,"dvar":83.2599411011,"dvar2":183.209686279,"max":142.797241211,"mean":39.4164924622,"median":32.9199409485,"min":4.43588161469,"var":550.097595215},"gfcc":{"cov":[[16333.2001953,511.072601318,-2096.30957031,-7.10151863098,-2182.56860352,106.250015259,-765.948547363,175.481384277,-475.473999023,-367.518463135,-550.614868164,232.984710693,-474.760223389],[511.072601318,1765.06311035,-23.7615470886,-418.915039063,1.95232737064,-157.260925293,96.2236175537,-26.0890274048,-40.5430412292,-99.0426177979,39.885635376,-105.083175659,-77.6412124634],[-2096.30957031,-23.7615470886,1279.72619629,557.128356934,265.7840271,9.47545719147,13.5745506287,43.3203849792,30.4435863495,78.5475006104,-8.40982627869,4.12112760544,-9.2263250351],[-7.10151863098,-418.915039063,557.128356934,928.43762207,150.12437439,56.046710968,-208.252990723,-0.430652022362,14.2818365097,-10.3306064606,-83.1170272827,22.9999694824,-10.7908172607],[-2182.56860352,1.95232737064,265.7840271,150.12437439,698.052001953,127.72782135,123.268699646,-26.1676254272,86.2828063965,69.7758712769,51.4928970337,-59.6103782654,75.315574646],[106.250015259,-157.260925293,9.47545719147,56.046710968,127.72782135,319.931152344,137.764678955,63.2189369202,39.1483268738,59.7427406311,12.6584615707,3.77667307854,23.9911689758],[-765.948547363,96.2236175537,13.5745506287,-208.252990723,123.268699646,137.764678955,370.845428467,99.9234161377,32.9589309692,17.516002655,41.4090538025,8.75499916077,-25.0888767242],[175.481384277,-26.0890274048,43.3203849792,-0.430652022362,-26.1676254272,63.2189369202,99.9234161377,149.539459229,37.5390510559,12.3980808258,6.90223932266,23.569108963,-24.616973877],[-475.473999023,-40.5430412292,30.4435863495,14.2818365097,86.2828063965,39.1483268738,32.9589309692,37.5390510559,171.178146362,83.543800354,45.3420639038,23.5575084686,41.9967918396],[-367.518463135,-99.0426177979,78.5475006104,-10.3306064606,69.7758712769,59.7427406311,17.516002655,12.3980808258,83.543800354,180.28326416,78.8166885376,-2.12924337387,57.9405555725],[-550.614868164,39.885635376,-8.40982627869,-83.1170272827,51.4928970337,12.6584615707,41.4090538025,6.90223932266,45.3420639038,78.8166885376,150.52180481,21.9759159088,54.1022224426],[232.984710693,-105.083175659,4.12112760544,22.9999694824,-59.6103782654,3.77667307854,8.75499916077,23.569108963,23.5575084686,-2.12924337387,21.9759159088,143.439224243,0.223491773009],[-474.760223389,-77.6412124634,-9.2263250351,-10.7908172607,75.315574646,23.9911689758,-25.0888767242,-24.616973877,41.9967918396,57.9405555725,54.1022224426,0.223491773009,167.352432251]],"icov":[[0.000380476994906,-0.000399122829549,0.000697227602359,-0.000408979394706,0.000790265621617,-0.00076864019502,0.000751949846745,-0.000755375542212,0.000788218341768,-0.000822404283099,0.00109231378883,-0.000747599231545,0.000397226191126],[-0.000399122829549,0.00120081217028,-0.000945074716583,0.000868515460752,-0.000872022006661,0.000987623585388,-0.000757619913202,0.000878854538314,-0.00107495125849,0.00158685271163,-0.00165926164482,0.00138370902278,-0.0000497831279063],[0.000697227602359,-0.000945074716583,0.00264591118321,-0.0017934651114,0.00114876241423,-0.000760613882449,0.000729669060092,-0.00173078209627,0.00195963447914,-0.00264987815171,0.00228326767683,-0.00158809358254,0.000706226215698],[-0.000408979394706,0.000868515460752,-0.0017934651114,0.00299948384054,-0.00136260897852,-0.000131712498842,0.00120449310634,0.000298501137877,-0.00128062721342,0.00194153562188,-0.000782572489697,0.000544657639693,0.0000952731788857],[0.000790265621617,-0.000872022006661,0.00114876241423,-0.00136260897852,0.00396199896932,-0.00209972239099,0.00038820100599,-0.000111114204628,0.000571320357267,-0.00138125312515,0.00170933909249,-0.000417050672695,0.000155402245582],[-0.00076864019502,0.000987623585388,-0.000760613882449,-0.000131712498842,-0.00209972239099,0.00653184810653,-0.003628161503,0.000429828709457,-0.000973366375547,-0.000200340771698,-0.00131780689117,0.00148235855158,-0.00150722428225],[0.000751949846745,-0.000757619913202,0.000729669060092,0.00120449310634,0.00038820100599,-0.003628161503,0.00740826642141,-0.00431232620031,0.00145474006422,-0.000446608522907,0.00131588510703,-0.00192764715757,0.00208804104477],[-0.000755375542212,0.000878854538314,-0.00173078209627,0.000298501137877,-0.000111114204628,0.000429828709457,-0.00431232620031,0.0117181874812,-0.00399246811867,0.00205493625253,-0.00244782119989,0.00121359946206,0.000334413169185],[0.000788218341768,-0.00107495125849,0.00195963447914,-0.00128062721342,0.000571320357267,-0.000973366375547,0.00145474006422,-0.00399246811867,0.0106914620847,-0.00572013156489,0.00259364722297,-0.00332622788846,-0.000260555534624],[-0.000822404283099,0.00158685271163,-0.00264987815171,0.00194153562188,-0.00138125312515,-0.000200340771698,-0.000446608522907,0.00205493625253,-0.00572013156489,0.0126932412386,-0.00690568285063,0.0035721459426,-0.00146356818732],[0.00109231378883,-0.00165926164482,0.00228326767683,-0.000782572489697,0.00170933909249,-0.00131780689117,0.00131588510703,-0.00244782119989,0.00259364722297,-0.00690568285063,0.0139413969591,-0.00452562840655,-0.00109972245991],[-0.000747599231545,0.00138370902278,-0.00158809358254,0.000544657639693,-0.000417050672695,0.00148235855158,-0.00192764715757,0.00121359946206,-0.00332622788846,0.0035721459426,-0.00452562840655,0.0101574193686,-0.000619158672635],[0.000397226191126,-0.0000497831279063,0.000706226215698,0.0000952731788857,0.000155402245582,-0.00150722428225,0.00208804104477,0.000334413169185,-0.000260555534624,-0.00146356818732,-0.00109972245991,-0.000619158672635,0.00856108777225]],"mean":[-77.7771530151,53.8397636414,-120.99987793,5.86916923523,-88.7159729004,-9.20596122742,-45.1844825745,-8.02433300018,-31.3013286591,-9.03746128082,-20.9021854401,0.465672791004,-13.5632648468]},"hfc":{"dmean":5.76875019073,"dmean2":7.55892324448,"dvar":276.772766113,"dvar2":438.075744629,"max":394.428283691,"mean":20.1442661285,"median":7.47750759125,"min":0.0000285559144686,"var":1226.78173828},"melbands":{"dmean":[0.0000122827250379,0.0000274594149232,0.00010584598931,0.000247710297117,0.000208070821827,0.00011327129323,0.000131534630782,0.000139150026371,0.000166698810062,0.000113233370939,0.0000745639845263,0.0000632299706922,0.0000447971688118,0.0000222140897677,0.000026103336495,0.0000143117858897,0.0000112611769509,0.00000663664650347,0.00000856266524352,0.00000655970370644,0.00000289151648758,0.00000609302605881,0.00000515168630955,0.00000542014231542,0.00000602713043918,0.00000403781496061,0.00000144555326642,0.00000125045812638,0.0000015875355075,0.00000266737015409,0.00000356279156222,0.00000365186974705,0.00000456586576547,0.00000399148211727,0.00000228558496929,0.00000143152931287,9.60955958362e-7,0.0000019273277303,0.00000194082849703,0.00000110057249003],"dmean2":[0.000019905541194,0.0000419384559791,0.000155458343215,0.000351857073838,0.000284792855382,0.000154431079864,0.000197795510758,0.000198993948288,0.000244610826485,0.000164909521118,0.000112297602755,0.0000977763702394,0.0000685890481691,0.000034112315916,0.0000411441214965,0.000022977237677,0.0000177685651579,0.0000103750835478,0.0000137276801979,0.0000102548947325,0.00000448555647381,0.00000946805266722,0.00000805077888799,0.00000832468867884,0.00000925942458707,0.00000655405210637,0.00000230697742154,0.00000195770962819,0.00000249031404564,0.00000408861706092,0.00000532684407517,0.00000563372577744,0.00000675256023897,0.00000593688764639,0.00000336989501193,0.00000211288488572,0.00000130958335376,0.00000275102820524,0.0000025698866466,0.00000144582486428],"dvar":[6.28310159456e-9,7.411548264e-9,5.25282857211e-8,3.76172920369e-7,2.82860327161e-7,5.98631615389e-8,1.08211111183e-7,1.69190585098e-7,2.35811398852e-7,9.65113571283e-8,5.50989049941e-8,4.13839167379e-8,1.48794638832e-8,4.1715160215e-9,7.39659800075e-9,1.71103586855e-9,9.89766935078e-10,3.32985111706e-10,7.36505467724e-10,1.62806912396e-9,8.59922619223e-11,3.02079306014e-10,2.57416588045e-10,1.93971103069e-10,2.28271124225e-10,2.03259534204e-10,2.20883155516e-11,2.18356756287e-11,3.11385049689e-11,5.57847101845e-11,1.08480641137e-10,1.60071969568e-10,4.79469131065e-10,1.8291794468e-10,7.26810625573e-11,1.07122845316e-10,3.03311230299e-11,1.23994245427e-10,1.2344637812e-10,3.63088760447e-11],"dvar2":[1.70126455146e-8,1.86209021535e-8,1.22717437989e-7,7.53085316774e-7,5.86588726037e-7,1.22093354094e-7,2.55220243162e-7,3.74139801806e-7,5.17376633979e-7,2.099503007e-7,1.50306263436e-7,9.52977003976e-8,3.2718070031e-8,9.99724836248e-9,1.57230655162e-8,4.32047686516e-9,2.28287877491e-9,7.37186145461e-10,1.61096092022e-9,3.24408611085e-9,1.93308605234e-10,6.90564327943e-10,5.76295233756e-10,4.61622545744e-10,4.94920604499e-10,5.20685994321e-10,5.19803297627e-11,5.15670769974e-11,6.98510485564e-11,1.17689885615e-10,2.22046561693e-10,3.46018769193e-10,1.06794340038e-9,3.93315352509e-10,1.39941766508e-10,2.61137750313e-10,5.84426881889e-11,2.52460274908e-10,2.12562981106e-10,5.98195451507e-11],"max":[0.00286034028977,0.00168284669053,0.00601092353463,0.0152265541255,0.0144142406061,0.00602318765596,0.0066910693422,0.0199149847031,0.0115959616378,0.00843812990934,0.0106715448201,0.00576973520219,0.00345486821607,0.00160456867889,0.00304567767307,0.000981392222457,0.00152180669829,0.000571536307689,0.000801908434369,0.00229275692254,0.000305569381453,0.000847848423291,0.000474235130241,0.000326112058247,0.000419688265538,0.000494138745125,0.000109714434075,0.00010370677046,0.000131225504447,0.000165139979799,0.00030087918276,0.000470597966341,0.00108520768117,0.000364346662536,0.000252442026976,0.000498496054206,0.000137447481393,0.000347636378137,0.000367219385225,0.000219119974645],"mean":[0.0000349781294062,0.0000740882096579,0.000342126149917,0.000718681782018,0.000568129995372,0.000340258877259,0.000297845661407,0.000282891531242,0.00032420255593,0.000225149211474,0.00014410194126,0.000126368715428,0.0000840120992507,0.0000401597026212,0.0000438992356067,0.0000223727420234,0.0000192041570699,0.0000115306866064,0.0000141105656439,0.0000120417525977,0.00000622052402832,0.000012405198504,0.0000126927543533,0.0000133347903102,0.0000161016687343,0.0000100556080724,0.00000257152396443,0.00000219674188884,0.00000316184127769,0.00000588720604355,0.00000787187491369,0.00000810161054687,0.00000875069417816,0.00000794969673734,0.00000451373807664,0.00000234719368564,0.00000159928345056,0.00000301774321088,0.00000349186348103,0.0000019340916424],"median":[4.66270194011e-7,0.00000134188269385,0.0000561268097954,0.000139738302096,0.000156119087478,0.000106051549665,0.0000701711251168,0.0000627227054792,0.0000600896746619,0.0000417675764766,0.0000318839302054,0.0000233549944824,0.000019857643565,0.0000119759315567,0.00000989220188785,0.00000284569023279,0.00000379884204449,0.00000256693738265,0.0000022824624466,0.00000113848386718,0.00000106910965769,0.00000175589048013,0.00000161261516496,0.00000154672193275,0.00000238933193941,0.00000152556935973,6.24788754067e-7,4.08538710417e-7,7.32382318347e-7,0.00000111998087959,0.0000013656659803,0.0000010455063375,0.00000105273807094,0.00000114522822514,5.18460694821e-7,1.64196961805e-7,7.19334423138e-8,1.11690852123e-7,1.45465975265e-7,1.16763004598e-7],"min":[1.40085373856e-10,1.28006411027e-10,1.13968674775e-10,7.78456882289e-11,8.54130238759e-11,2.37410976295e-11,3.01514282292e-12,2.69935011843e-11,1.98879142321e-11,2.26658466301e-11,9.25688779102e-12,1.31740035547e-11,7.96098603706e-12,4.8169619335e-12,5.78562024678e-12,1.90731415037e-12,1.9002622826e-12,1.95338970693e-12,3.75010396e-12,2.0737957792e-12,2.26117410386e-12,2.05710123415e-12,3.59962754048e-12,2.01767552319e-12,1.50646238106e-12,1.25944350435e-12,5.88387249079e-13,5.89401466002e-13,1.97496988381e-12,1.88095827976e-12,1.8506964624e-12,2.60908092006e-12,1.39794220037e-12,9.57103103369e-13,1.08932220882e-12,9.97291550557e-13,6.55229993526e-13,9.90039647486e-13,1.17223678681e-12,1.29310071765e-12],"var":[2.40966411269e-8,3.53091671457e-8,3.40427988021e-7,0.00000191827484741,0.00000122918197576,3.64056120361e-7,3.58966730118e-7,5.58652516247e-7,6.23723622084e-7,2.73762765346e-7,1.94145400201e-7,1.52664171083e-7,4.74150745333e-8,9.07301789255e-9,1.95973672845e-8,3.60631724483e-9,2.99187674635e-9,9.2791224704e-10,2.0599855155e-9,6.14702999613e-9,2.9711400007e-10,1.22423726712e-9,1.25460231093e-9,1.00746189169e-9,1.32061950264e-9,1.07065289967e-9,4.90731899561e-11,4.68232883022e-11,7.26562768283e-11,2.06120537305e-10,3.38714029047e-10,4.04022953981e-10,7.82445552794e-10,4.32000490935e-10,1.95756952315e-10,1.60467861221e-10,7.9117289109e-11,2.90173524098e-10,3.68757413494e-10,1.21240906203e-10]},"melbands_crest":{"dmean":2.77141928673,"dmean2":4.24742412567,"dvar":7.12443447113,"dvar2":17.0993862152,"max":36.0686683655,"mean":14.9259157181,"median":13.4438457489,"min":3.27130556107,"var":38.4080123901},"melbands_flatness_db":{"dmean":0.0177117548883,"dmean2":0.0249339770526,"dvar":0.000361301208613,"dvar2":0.000701094046235,"max":0.496324121952,"mean":0.203625649214,"median":0.197459980845,"min":0.0433765724301,"var":0.00427442509681},"melbands_kurtosis":{"dmean":7.60402679443,"dmean2":10.9956054688,"dvar":618.095397949,"dvar2":1285.15856934,"max":865.746459961,"mean":19.182674408,"median":8.08201408386,"min":-1.8771058321,"var":2229.32983398},"melbands_skewness":{"dmean":0.636569917202,"dmean2":0.924975931644,"dvar":0.736392080784,"dvar2":1.47992372513,"max":22.8813018799,"mean":2.71357774734,"median":2.19231176376,"min":-3.04460763931,"var":5.26823616028},"melbands_spread":{"dmean":7.48900938034,"dmean2":10.8641090393,"dvar":269.941467285,"dvar2":516.357177734,"max":254.546768188,"mean":26.0940570831,"median":16.9268760681,"min":0.392703086138,"var":961.071838379},"mfcc":{"cov":[[16857.5136719,-151.432937622,-809.837646484,-800.231933594,-1583.81860352,-589.508605957,-1020.66802979,168.245178223,-360.11605835,-758.045410156,226.714416504,-428.725219727,-466.241882324],[-151.432937622,2049.37646484,-183.690002441,-265.647766113,-204.362472534,-142.728240967,145.798706055,-8.26041030884,-55.7760276794,27.4591445923,5.60916948318,25.7034091949,21.5448474884],[-809.837646484,-183.690002441,974.054077148,430.141418457,191.031997681,53.6094818115,18.3850269318,-5.23247146606,54.4776573181,-9.16344547272,21.250875473,-4.04553222656,108.210105896],[-800.231933594,-265.647766113,430.141418457,602.347290039,356.799804688,95.888420105,-30.1363372803,-4.93225002289,24.5940704346,-40.9480667114,-10.0066356659,-56.2803955078,37.3352661133],[-1583.81860352,-204.362472534,191.031997681,356.799804688,610.99407959,232.271087646,80.0933532715,-64.2736358643,100.270500183,79.9287643433,-37.853187561,9.11613559723,74.2388305664],[-589.508605957,-142.728240967,53.6094818115,95.888420105,232.271087646,291.07611084,144.681289673,41.5357398987,106.120162964,81.3369827271,11.2606678009,62.7838096619,35.3467521667],[-1020.66802979,145.798706055,18.3850269318,-30.1363372803,80.0933532715,144.681289673,347.110107422,84.6263198853,85.7819900513,130.251602173,-5.18415594101,92.1723098755,25.6807041168],[168.245178223,-8.26041030884,-5.23247146606,-4.93225002289,-64.2736358643,41.5357398987,84.6263198853,281.125976563,53.6413536072,-13.1541147232,71.2844238281,52.1247558594,-50.4667930603],[-360.11605835,-55.7760276794,54.4776573181,24.5940704346,100.270500183,106.120162964,85.7819900513,53.6413536072,173.295379639,88.3401184082,2.86558055878,53.8061485291,34.4812927246],[-758.045410156,27.4591445923,-9.16344547272,-40.9480667114,79.9287643433,81.3369827271,130.251602173,-13.1541147232,88.3401184082,212.136230469,26.8641929626,65.9095687866,51.2919540405],[226.714416504,5.60916948318,21.250875473,-10.0066356659,-37.853187561,11.2606678009,-5.18415594101,71.2844238281,2.86558055878,26.8641929626,164.839080811,40.6459884644,1.75500071049],[-428.725219727,25.7034091949,-4.04553222656,-56.2803955078,9.11613559723,62.7838096619,92.1723098755,52.1247558594,53.8061485291,65.9095687866,40.6459884644,209.278427124,42.0958557129],[-466.241882324,21.5448474884,108.210105896,37.3352661133,74.2388305664,35.3467521667,25.6807041168,-50.4667930603,34.4812927246,51.2919540405,1.75500071049,42.0958557129,163.653274536]],"icov":[[0.000111362416646,0.00000502589773532,0.0000356212913175,0.0000345774351445,0.000263184396317,-0.000170673971297,0.000227359429118,0.0000176573757926,-0.000131822365802,0.000242129928665,-0.000157600792591,0.000143014403875,0.0000891946256161],[0.00000502589773532,0.000578361796215,0.0000524766473973,0.000157769958605,-0.00000393201707993,0.000414881971665,-0.000480546645122,0.0000843128436827,0.0000721838223399,0.000135232578032,-0.000138912306284,0.0000528302443854,-0.000188623438589],[0.0000356212913175,0.0000524766473973,0.00173268630169,-0.00142766477074,0.000530369579792,0.000189812752069,-0.000338627927704,0.000268194125965,-0.000610500515904,0.00038480272633,-0.000423947785748,0.00000969673146756,-0.000861071515828],[0.0000345774351445,0.000157769958605,-0.00142766477074,0.00428765872493,-0.00235381093808,0.00012287190475,0.000489028985612,-0.000820771092549,0.000541003711987,0.000856648897752,-0.000139364521601,0.000816863554064,0.000163847958902],[0.000263184396317,-0.00000393201707993,0.000530369579792,-0.00235381093808,0.0048368810676,-0.00270504294895,0.000505396979861,0.00121851591393,-0.00104144017678,-0.000149434898049,0.000179353548447,0.000310300412821,-0.000192329112906],[-0.000170673971297,0.000414881971665,0.000189812752069,0.00012287190475,-0.00270504294895,0.00749327335507,-0.00255474611185,-0.000199655958568,-0.0018145670183,0.000202091585379,-0.000743611832149,-0.000724960293155,-0.000232975420658],[0.000227359429118,-0.000480546645122,-0.000338627927704,0.000489028985612,0.000505396979861,-0.00255474611185,0.0062221121043,-0.00200130208395,0.000545702001546,-0.00254754489288,0.00167476653587,-0.0005851216265,0.00036834666389],[0.0000176573757926,0.0000843128436827,0.000268194125965,-0.000820771092549,0.00121851591393,-0.000199655958568,-0.00200130208395,0.00625831168145,-0.00275750178844,0.0024292410817,-0.00277109676972,-0.00074510340346,0.00182444870006],[-0.000131822365802,0.0000721838223399,-0.000610500515904,0.000541003711987,-0.00104144017678,-0.0018145670183,0.000545702001546,-0.00275750178844,0.010310286656,-0.00391326518729,0.0020335407462,-0.000729988620151,-0.000956331496127],[0.000242129928665,0.000135232578032,0.00038480272633,0.000856648897752,-0.000149434898049,0.000202091585379,-0.00254754489288,0.0024292410817,-0.00391326518729,0.00966439023614,-0.00298131280579,-0.000128760293592,-0.000744222255889],[-0.000157600792591,-0.000138912306284,-0.000423947785748,-0.000139364521601,0.000179353548447,-0.000743611832149,0.00167476653587,-0.00277109676972,0.0020335407462,-0.00298131280579,0.00846001412719,-0.00133030978031,-0.000399292010115],[0.000143014403875,0.0000528302443854,0.00000969673146756,0.000816863554064,0.000310300412821,-0.000724960293155,-0.0005851216265,-0.00074510340346,-0.000729988620151,-0.000128760293592,-0.00133030978031,0.00670639239252,-0.00143104570452],[0.0000891946256161,-0.000188623438589,-0.000861071515828,0.000163847958902,-0.000192329112906,-0.000232975420658,0.00036834666389,0.00182444870006,-0.000956331496127,-0.000744222255889,-0.000399292010115,-0.00143104570452,0.00837091356516]],"mean":[-724.955383301,94.0076675415,1.79303634167,3.12758898735,-27.2969207764,-11.6631908417,-19.211359024,-5.91933059692,-13.562746048,-19.5011024475,-2.64923429489,-14.7614011765,-9.0193157196]},"pitch_salience":{"dmean":0.0592352114618,"dmean2":0.0906433016062,"dvar":0.00296348775737,"dvar2":0.00670408364385,"max":0.86898702383,"mean":0.556824743748,"median":0.569862484932,"min":0.023461477831,"var":0.0162757672369},"silence_rate_20dB":{"dmean":0,"dmean2":0,"dvar":0,"dvar2":0,"max":1,"mean":1,"median":1,"min":1,"var":0},"silence_rate_30dB":{"dmean":0.0013247957686,"dmean2":0.0026501766406,"dvar":0.00132307386957,"dvar2":0.0035264682956,"max":1,"mean":0.99801325798,"median":1,"min":0,"var":0.00198277505115},"silence_rate_60dB":{"dmean":0.0370942801237,"dmean2":0.0742049440742,"dvar":0.0357160307467,"dvar2":0.0797335878015,"max":1,"mean":0.273730695248,"median":0,"min":0,"var":0.198810845613},"spectral_centroid":{"dmean":214.263626099,"dmean2":307.603179932,"dvar":129425.351563,"dvar2":202947.984375,"max":11196.2744141,"mean":1345.32727051,"median":1121.21313477,"min":187.676620483,"var":793641.5625},"spectral_complexity":{"dmean":1.6776330471,"dmean2":2.72217321396,"dvar":3.73087143898,"dvar2":8.23653125763,"max":40,"mean":10.9832229614,"median":11,"min":0,"var":55.4060173035},"spectral_contrast_coeffs":{"dmean":[0.0412631332874,0.0395357310772,0.0360452830791,0.0289317127317,0.0205797329545,0.015483182855],"dmean2":[0.065892405808,0.0616306327283,0.057217977941,0.0470494739711,0.0330400876701,0.0242630653083],"dvar":[0.00136975932401,0.0011213599937,0.000789670273662,0.000535196508281,0.000308268849039,0.00020327042148],"dvar2":[0.00315085332841,0.00263744336553,0.00201496225782,0.00131423550192,0.000720343086869,0.000437253416749],"max":[-0.18655718863,-0.347192317247,-0.482599973679,-0.529325067997,-0.538303315639,-0.54719555378],"mean":[-0.495156139135,-0.672973394394,-0.724834144115,-0.733164489269,-0.76468360424,-0.743625044823],"median":[-0.483020395041,-0.675317406654,-0.719569325447,-0.730004251003,-0.771149039268,-0.744942843914],"min":[-0.945017278194,-0.963701605797,-0.967257976532,-0.960838496685,-0.964725255966,-0.960238277912],"var":[0.0223202761263,0.00884129106998,0.00636167405173,0.00460731517524,0.00407315883785,0.00382555276155]},"spectral_contrast_valleys":{"dmean":[0.427932024002,0.313977360725,0.267277568579,0.211382582784,0.1647362113,0.158032849431],"dmean2":[0.720091760159,0.508161425591,0.434967309237,0.341687500477,0.256799757481,0.21542827785],"dvar":[0.164366140962,0.10791400075,0.0852235034108,0.0656692758203,0.059743527323,0.0736084580421],"dvar2":[0.3866764009,0.209220677614,0.151630491018,0.108236439526,0.0827224701643,0.0899947360158],"max":[-6.41282606125,-4.58038806915,-5.1942782402,-6.11758708954,-6.02264022827,-6.97459554672],"mean":[-10.0805139542,-7.69426202774,-8.45653533936,-9.17273330688,-8.66334342957,-10.6410541534],"median":[-10.3464298248,-7.36881303787,-8.17693710327,-8.94396114349,-8.43559551239,-10.5169038773],"min":[-27.6545372009,-27.5386180878,-27.1202125549,-27.2055416107,-27.0363235474,-27.2265586853],"var":[1.59351086617,2.57491898537,2.25447845459,1.51756882668,1.45183432102,1.76383531094]},"spectral_decrease":{"dmean":8.30703950072e-10,"dmean2":1.18302578844e-9,"dvar":1.83675144825e-18,"dvar2":3.73773677978e-18,"max":-4.18284748159e-16,"mean":-3.76847308914e-9,"median":-2.28992735885e-9,"min":-3.06764142977e-8,"var":1.61185936174e-17},"spectral_energy":{"dmean":0.00350147858262,"dmean2":0.00498684216291,"dvar":0.0000313312957587,"dvar2":0.0000641406368231,"max":0.125038057566,"mean":0.0160502437502,"median":0.00996959768236,"min":4.16881240639e-9,"var":0.000281647051452},"spectral_energyband_high":{"dmean":0.000585554458667,"dmean2":0.000747002137359,"dvar":0.00000450417473985,"dvar2":0.00000692281173542,"max":0.0525758080184,"mean":0.00146375165787,"median":0.000257486710325,"min":1.67168900944e-9,"var":0.0000166148911376},"spectral_energyband_low":{"dmean":0.000215123800444,"dmean2":0.000324364722474,"dvar":2.56457781234e-7,"dvar2":6.30162332982e-7,"max":0.010710532777,"mean":0.000723376113456,"median":0.0000405577266065,"min":8.1528389595e-10,"var":0.00000169949601059},"spectral_energyband_middle_high":{"dmean":0.0010516596958,"dmean2":0.00156121572945,"dvar":0.00000566300877836,"dvar2":0.0000132258537633,"max":0.0761839002371,"mean":0.00345675996505,"median":0.00168616021983,"min":4.71546357517e-10,"var":0.0000315461511491},"spectral_energyband_middle_low":{"dmean":0.00283795199357,"dmean2":0.00397575413808,"dvar":0.0000224242066906,"dvar2":0.0000457816749986,"max":0.10246284306,"mean":0.0109928054735,"median":0.0063533266075,"min":1.21487309102e-9,"var":0.000149567145854},"spectral_entropy":{"dmean":0.126801401377,"dmean2":0.175802603364,"dvar":0.0192663967609,"dvar2":0.0330219119787,"max":9.81748580933,"mean":7.37878799438,"median":7.35820198059,"min":5.01301383972,"var":0.239618614316},"spectral_flux":{"dmean":0.01173369959,"dmean2":0.0188102629036,"dvar":0.000228344302741,"dvar2":0.000535093829967,"max":0.230945855379,"mean":0.0486502200365,"median":0.0386107861996,"min":0.0000451376290584,"var":0.00142255460378},"spectral_kurtosis":{"dmean":0.884543180466,"dmean2":1.48307287693,"dvar":0.904209852219,"dvar2":2.5417277813,"max":23.8745288849,"mean":3.73783016205,"median":3.05971360207,"min":-1.17533922195,"var":8.18674659729},"spectral_rms":{"dmean":0.000383615202736,"dmean2":0.000529968179762,"dvar":2.24902990453e-7,"dvar2":4.08174088307e-7,"max":0.0110448338091,"mean":0.00333395018242,"median":0.00311872293241,"min":0.00000201671377908,"var":0.00000454357405033},"spectral_rolloff":{"dmean":539.028625488,"dmean2":854.82598877,"dvar":1560023.625,"dvar2":3018376,"max":19078.4179688,"mean":2078.7722168,"median":1076.66015625,"min":21.533203125,"var":7038565},"spectral_skewness":{"dmean":0.152730032802,"dmean2":0.23877543211,"dvar":0.0213499348611,"dvar2":0.046843085438,"max":3.84982943535,"mean":1.48233377934,"median":1.47031903267,"min":0.00348924379796,"var":0.324486106634},"spectral_spread":{"dmean":377997.15625,"dmean2":562910.1875,"dvar":416548749312,"dvar2":602350813184,"max":39992192,"mean":5404139,"median":5057468.5,"min":2616855.75,"var":2496116555780},"spectral_strongpeak":{"dmean":0.421532034874,"dmean2":0.685818970203,"dvar":0.745410561562,"dvar2":1.8161444664,"max":17.929725647,"mean":1.07009601593,"median":0.742155075073,"min":0,"var":1.46350324154},"zerocrossingrate":{"dmean":0.0124338679016,"dmean2":0.0130575336516,"dvar":0.000392861344153,"dvar2":0.000315332581522,"max":0.54931640625,"mean":0.0796269252896,"median":0.06298828125,"min":0.0068359375,"var":0.00421928567812}},"metadata":{"audio_properties":{"analysis_sample_rate":44100,"bit_rate":0,"codec":"flac","downmix":"mix","equal_loudness":0,"length":105.160003662,"lossless":true,"md5_encoded":"a8c6a3c139c43083feeb8c9cec4683e4","replay_gain":-3.10763931274,"sample_rate":44100},"tags":{"album":["In the Hot Seat"],"albumartist":["Emerson, Lake & Palmer"],"albumartistsort":["Emerson, Lake & Palmer"],"artist":["Emerson, Lake & Palmer"],"artistsort":["Emerson, Lake & Palmer"],"asin":["B000F3T88W"],"barcode":["042282855428"],"catalognumber":["828 554-2"],"date":["1994-09-27"],"discnumber":["1"],"disctotal":["1"],"file_name":"13 - Pictures at an Exhibition_ C. Promenade.flac","genre":["Progressive Rock;Classic Rock;Symphonic Rock"],"label":["Victory Music"],"language":["eng"],"musicbrainz_albumartistid":["ad996aef-cc1c-42ac-af5c-619c370f4b8a"],"musicbrainz_albumid":["4f28736e-df08-4f82-b3da-416403be5498"],"musicbrainz_artistid":["ad996aef-cc1c-42ac-af5c-619c370f4b8a"],"musicbrainz_recordingid":["ffb7a426-b327-4047-8b44-d3edb73fe9f4"],"musicbrainz_releasegroupid":["37350bff-31b4-3cdc-8344-4acd6ce4868e"],"musicbrainz_releasetrackid":["6bb2d1b7-4641-3636-b1d2-dc0d85b214b8"],"musicip_puid":["1b07281a-19dd-dd27-cdd8-7bf371171ca3"],"originaldate":["1994-09-27"],"originalyear":["1994"],"producer":["Keith Olsen"],"releasecountry":["GB"],"releasestatus":["official"],"releasetype":["album"],"script":["Latn"],"title":["Pictures at an Exhibition: C. Promenade"],"totaldiscs":["1"],"totaltracks":["16"],"tracknumber":["13"],"tracktotal":["16"]},"version":{"essentia":"2.1-beta2","essentia_build_sha":"2d9f1f26377add8aeb1075a9c2973f962c4f09fd","essentia_git_sha":"v2.1_beta2-1-ge3940c0","extractor":"music 1.0"}},"rhythm":{"beats_count":216